<system>Protocol: Active. Attitude: Sassy.</system>
8.165616542100906372e-03
8.114105090498924255e-03
7.638435810804367065e-03
8.440598845481872559e-03
8.199813775718212128e-03
8.183615282177925110e-03
7.783699780702590942e-03
8.120989426970481873e-03
7.854642346501350403e-03
8.162267506122589111e-03
8.206303231418132782e-03
8.073973469436168671e-03
7.977423258125782013e-03
8.241245523095130920e-03
7.959863170981407166e-03
8.170184679329395294e-03
8.354365825653076172e-03
7.928464561700820923e-03
7.989453151822090149e-03
8.188819512724876404e-03
8.322290144860744476e-03
8.062941953539848328e-03
8.004963397979736328e-03
7.949821650981903076e-03
8.218612521886825562e-03
8.030848577618598938e-03
8.699462749063968658e-03
4.950991831719875336e-03
8.004985749721527100e-03
7.920935750007629395e-03
8.140695281326770782e-03
7.720291614532470703e-03
8.064160123467445374e-03
8.312530815601348877e-03
8.169573731720447540e-03
8.161026053130626678e-03
8.019903674721717834e-03
8.111667819321155548e-03
8.034854196012020111e-03
7.970967330038547516e-03
8.026527240872383118e-03
8.146663196384906769e-03
8.127074688673019409e-03
8.150376379489898682e-03
8.187551051378250122e-03
8.232131600379943848e-03
8.228033781051635742e-03
8.014878258109092712e-03
8.536064997315406799e-03
8.148651570081710815e-03
7.932990789413452148e-03
7.957975380122661591e-03
8.004883304238319397e-03
7.962685078382492065e-03
8.221035823225975037e-03
8.099796250462532043e-03
8.215013891458511353e-03
7.952920161187648773e-03
8.278343826532363892e-03
8.246429264545440674e-03
8.194134570658206940e-03
7.753031328320503235e-03
8.151752874255180359e-03
8.477481082081794739e-03
7.065034937113523483e-03
7.452919613569974899e-03
7.519633043557405472e-03
7.473709993064403534e-03
7.523098960518836975e-03
7.108616642653942108e-03
7.441106718033552170e-03
7.355575915426015854e-03
7.149057928472757339e-03
7.363014854490756989e-03
7.544583640992641449e-03
7.406682707369327545e-03
7.421911694109439850e-03
7.535243406891822815e-03
4.705961793661117554e-03
7.446516770869493484e-03
8.722609840333461761e-03
7.316849660128355026e-03
7.462095469236373901e-03
7.121878676116466522e-03
6.234419532120227814e-03
7.380967028439044952e-03
7.185375317931175232e-03
7.903159596025943756e-03
7.345296908169984818e-03
7.214974611997604370e-03
7.272081449627876282e-03
7.359754759818315506e-03
7.344091311097145081e-03
7.420945446938276291e-03
7.186424918472766876e-03
7.496470585465431213e-03
7.279708050191402435e-03
7.287396118044853210e-03
7.433921098709106445e-03
6.830256897956132889e-03
7.241125218570232391e-03
7.284383755177259445e-03
7.132311351597309113e-03
7.296571508049964905e-03
6.758021190762519836e-03
7.337052375078201294e-03
6.960553582757711411e-03
7.148995064198970795e-03
7.101099006831645966e-03
7.847223430871963501e-03
7.224753033369779587e-03
7.227852474898099899e-03
7.415249478071928024e-03
7.287581451237201691e-03
7.324816659092903137e-03
7.381130009889602661e-03
7.322740275412797928e-03
7.138134445995092392e-03
7.182141300290822983e-03
7.084865123033523560e-03
7.779327221214771271e-03
7.644154131412506104e-03
7.610233500599861145e-03
7.549481466412544250e-03
7.136248052120208740e-03
6.720358505845069885e-03
7.327693048864603043e-03
7.350022904574871063e-03
1.095096208155155182e-02
1.129728369414806366e-02
1.108474843204021454e-02
1.092625781893730164e-02
1.107744779437780380e-02
1.096190232783555984e-02
1.115505490452051163e-02
1.122584287077188492e-02
1.128602214157581329e-02
1.127503067255020142e-02
1.126931048929691315e-02
1.109262276440858841e-02
1.137684658169746399e-02
1.102804392576217651e-02
1.126424688845872879e-02
1.080826483666896820e-02
7.230111397802829742e-03
1.119648106396198273e-02
1.107902545481920242e-02
1.144820731133222580e-02
1.099720038473606110e-02
1.124757342040538788e-02
1.129286363720893860e-02
1.108237914741039276e-02
1.123659685254096985e-02
1.153642497956752777e-02
1.123736426234245300e-02
1.115568261593580246e-02
1.131366658955812454e-02
1.116530224680900574e-02
1.112248376011848450e-02
1.151332538574934006e-02
1.131081487983465195e-02
1.099269837141036987e-02
1.122892461717128754e-02
1.331095770001411438e-02
1.114759221673011780e-02
1.129976939409971237e-02
1.090767793357372284e-02
1.094404049217700958e-02
1.115898787975311279e-02
1.115966774523258209e-02
1.122181490063667297e-02
1.120976917445659637e-02
1.124875433743000031e-02
1.118621882051229477e-02
1.130907237529754639e-02
1.121281459927558899e-02
1.108087413012981415e-02
1.119828224182128906e-02
1.116251293569803238e-02
1.147404219955205917e-02
1.106646936386823654e-02
1.123027876019477844e-02
1.097304280847311020e-02
1.113475020974874496e-02
1.150834839791059494e-02
1.179212704300880432e-02
6.172881461679935455e-03
1.119088102132081985e-02
1.098292507231235504e-02
1.065169461071491241e-02
1.119738817214965820e-02
1.129673048853874207e-02
1.137143280357122421e-02
9.492273442447185516e-03
1.090158615261316299e-02
1.095726713538169861e-02
1.098579727113246918e-02
1.100448332726955414e-02
1.129370555281639099e-02
1.144222170114517212e-02
1.136946491897106171e-02
1.106227003037929535e-02
1.135800313204526901e-02
1.121422834694385529e-02
1.130368467420339584e-02
1.145060919225215912e-02
1.079451292753219604e-02
1.168547570705413818e-02
1.116267498582601547e-02
1.133324019610881805e-02
1.125467196106910706e-02
1.166811771690845490e-02
1.125297509133815765e-02
1.121007464826107025e-02
1.151935011148452759e-02
1.084981672465801239e-02
1.159017626196146011e-02
1.112029328942298889e-02
1.110767759382724762e-02
1.117714494466781616e-02
1.129481941461563110e-02
1.156219840049743652e-02
1.130026020109653473e-02
1.118959113955497742e-02
1.141657959669828415e-02
1.134097948670387268e-02
1.100440323352813721e-02
1.046567317098379135e-02
1.125189289450645447e-02
1.141483895480632782e-02
1.103508751839399338e-02
1.112951710820198059e-02
1.121856085956096649e-02
1.146409101784229279e-02
1.119597814977169037e-02
1.127611566334962845e-02
8.061599917709827423e-03
1.116893719881772995e-02
1.103981025516986847e-02
1.135725993663072586e-02
1.143005304038524628e-02
1.099752169102430344e-02
1.169728301465511322e-02
1.125760003924369812e-02
1.126574631780385971e-02
1.108639873564243317e-02
1.135986670851707458e-02
1.099995337426662445e-02
1.126942783594131470e-02
1.114098634570837021e-02
1.133247092366218567e-02
1.111475005745887756e-02
1.111411210149526596e-02
1.077797822654247284e-02
1.087940391153097153e-02
1.153502520173788071e-02
