<system>Protocol: Active. Attitude: Sassy.</system>
2.259999141097068787e-02
1.679496280848979950e-02
1.901273056864738464e-02
1.971015892922878265e-02
1.808771677315235138e-02
2.068747393786907196e-02
1.729858666658401489e-02
1.430108305066823959e-02
2.028161473572254181e-02
1.644697971642017365e-02
2.377302758395671844e-02
1.558602415025234222e-02
2.079301886260509491e-02
1.624525152146816254e-02
1.948902755975723267e-02
2.161248214542865753e-02
2.201513014733791351e-02
1.887937448918819427e-02
1.893641799688339233e-02
2.055058255791664124e-02
1.519951317459344864e-02
1.613395474851131439e-02
1.395581103861331940e-02
2.205854281783103943e-02
1.664553955197334290e-02
1.614520698785781860e-02
1.795468665659427643e-02
1.931804418563842773e-02
1.991829648613929749e-02
2.445579320192337036e-02
1.932469382882118225e-02
1.855030283331871033e-02
1.696351356804370880e-02
2.202360518276691437e-02
1.515578385442495346e-02
1.517238933593034744e-02
1.633738353848457336e-02
2.373584359884262085e-02
1.837159134447574615e-02
1.357991714030504227e-02
1.440670713782310486e-02
1.749338209629058838e-02
3.086086548864841461e-02
1.835464499890804291e-02
1.770477741956710815e-02
2.440981008112430573e-02
1.837012730538845062e-02
2.207232452929019928e-02
2.275075949728488922e-02
2.035738900303840637e-02
1.963199861347675323e-02
1.596586965024471283e-02
1.819187588989734650e-02
1.460516732186079025e-02
1.753388904035091400e-02
2.405185252428054810e-02
1.718547753989696503e-02
1.615830697119235992e-02
1.907829008996486664e-02
1.748905144631862640e-02
1.777522079646587372e-02
2.289882116019725800e-02
1.822952553629875183e-02
1.671949215233325958e-02
1.723127998411655426e-02
2.066185697913169861e-02
1.785624958574771881e-02
2.165438607335090637e-02
1.841081120073795319e-02
1.988510601222515106e-02
1.723740994930267334e-02
1.975669525563716888e-02
1.527066435664892197e-02
1.746381819248199463e-02
1.837224140763282776e-02
1.428537350147962570e-02
1.478423085063695908e-02
2.047993615269660950e-02
1.887488178908824921e-02
1.662705279886722565e-02
2.577024884521961212e-02
1.761564426124095917e-02
1.682507619261741638e-02
1.687210053205490112e-02
1.846882887184619904e-02
2.131894975900650024e-02
1.991897076368331909e-02
2.511945180594921112e-02
1.707205176353454590e-02
2.312289737164974213e-02
1.889594458043575287e-02
1.793173328042030334e-02
1.772847399115562439e-02
1.559182908385992050e-02
2.038116380572319031e-02
2.110752277076244354e-02
1.811421290040016174e-02
2.028831839561462402e-02
2.373279631137847900e-02
1.805577240884304047e-02
1.818541064858436584e-02
2.158423885703086853e-02
1.946383155882358551e-02
2.224601618945598602e-02
1.864440739154815674e-02
2.522960118949413300e-02
2.279569767415523529e-02
1.909351535141468048e-02
1.730545610189437866e-02
2.402292378246784210e-02
1.762847602367401123e-02
1.893837563693523407e-02
1.803504675626754761e-02
2.006797119975090027e-02
1.834406331181526184e-02
2.103625796735286713e-02
2.124705910682678223e-02
1.918055303394794464e-02
1.805159263312816620e-02
2.225700579583644867e-02
1.788817904889583588e-02
1.533743087202310562e-02
2.208994515240192413e-02
2.803955599665641785e-02
1.658946461975574493e-02
1.283352915197610855e-02
1.806659251451492310e-02
2.052545174956321716e-02
