<system>Protocol: Active. Attitude: Sassy.</system>
1.238363608717918396e-02
1.128384284675121307e-02
1.158622931689023972e-02
1.202892232686281204e-02
1.179554127156734467e-02
1.154268719255924225e-02
1.195717044174671173e-02
1.087887026369571686e-02
1.158261392265558243e-02
1.181040704250335693e-02
1.128445845097303391e-02
1.207388378679752350e-02
1.151510700583457947e-02
1.185877434909343719e-02
1.176866516470909119e-02
1.222269050776958466e-02
1.112842466682195663e-02
1.245471183210611343e-02
1.107554510235786438e-02
1.199503615498542786e-02
1.177551224827766418e-02
1.176938693970441818e-02
1.232116296887397766e-02
1.212764997035264969e-02
1.232812367379665375e-02
1.191724929958581924e-02
1.230134069919586182e-02
1.236704178154468536e-02
1.165735907852649689e-02
1.174683496356010437e-02
1.284275297075510025e-02
1.184573955833911896e-02
1.109162531793117523e-02
1.163360662758350372e-02
1.184656843543052673e-02
7.062056101858615875e-03
1.171092968434095383e-02
1.153920218348503113e-02
1.186556555330753326e-02
1.114671491086483002e-02
1.167890615761280060e-02
1.157674938440322876e-02
1.168833859264850616e-02
1.166373770684003830e-02
1.109225489199161530e-02
1.162844989448785782e-02
1.135065965354442596e-02
9.203495457768440247e-03
1.141410320997238159e-02
1.195488125085830688e-02
1.167983841150999069e-02
1.198925543576478958e-02
1.129808742552995682e-02
1.147663127630949020e-02
1.143469195812940598e-02
1.138621289283037186e-02
1.154182106256484985e-02
1.173737458884716034e-02
1.155286468565464020e-02
1.122997701168060303e-02
1.215091813355684280e-02
1.135015487670898438e-02
1.168904826045036316e-02
1.158104930073022842e-02
1.218287553638219833e-02
1.201272569596767426e-02
1.117273606359958649e-02
1.197239011526107788e-02
1.149778906255960464e-02
1.205720007419586182e-02
1.185882091522216797e-02
8.977507241070270538e-03
1.194610074162483215e-02
1.156033389270305634e-02
1.164035312831401825e-02
1.176861301064491272e-02
1.156377792358398438e-02
1.201157458126544952e-02
1.163516938686370850e-02
8.949739858508110046e-03
1.181024871766567230e-02
1.333344448357820511e-02
1.180721446871757507e-02
1.129286549985408783e-02
1.235277019441127777e-02
1.246146950870752335e-02
1.201776694506406784e-02
1.166885159909725189e-02
1.205438375473022461e-02
1.070505380630493164e-02
1.178457867354154587e-02
1.233651675283908844e-02
1.166009716689586639e-02
1.208840776234865189e-02
1.167351659387350082e-02
1.260765921324491501e-02
1.248706039041280746e-02
1.155493874102830887e-02
1.292732916772365570e-02
1.117937266826629639e-02
1.113339327275753021e-02
1.160926185548305511e-02
1.195417344570159912e-02
1.217964570969343185e-02
1.240109000355005264e-02
1.194806396961212158e-02
1.171058136969804764e-02
1.125364936888217926e-02
1.169818826019763947e-02
1.192169450223445892e-02
1.193632837384939194e-02
1.094744261354207993e-02
1.200992055237293243e-02
1.167502067983150482e-02
1.077451836317777634e-02
1.206544134765863419e-02
1.191977970302104950e-02
1.227501686662435532e-02
1.195862144231796265e-02
1.181561779230833054e-02
1.181990932673215866e-02
1.223311666399240494e-02
1.178710814565420151e-02
1.112226583063602448e-02
1.191328093409538269e-02
1.152741722762584686e-02
1.274236850440502167e-02
1.196994353085756302e-02
1.193536259233951569e-02
1.165601424872875214e-02
1.258295681327581406e-02
1.194004993885755539e-02
1.158444117754697800e-02
1.193350180983543396e-02
1.131984312087297440e-02
1.135550066828727722e-02
1.179605815559625626e-02
1.163456588983535767e-02
1.179656013846397400e-02
1.129380054771900177e-02
1.164612732827663422e-02
1.180911809206008911e-02
1.249441131949424744e-02
1.133098267018795013e-02
1.203066855669021606e-02
1.207972597330808640e-02
1.112771965563297272e-02
1.057707052677869797e-02
1.222844608128070831e-02
1.088571548461914062e-02
1.129660382866859436e-02
1.131072640419006348e-02
1.182239502668380737e-02
1.124859880656003952e-02
1.135431788861751556e-02
1.128255855292081833e-02
1.063160412013530731e-02
1.206524390727281570e-02
1.268529333174228668e-02
1.087317895144224167e-02
1.233463548123836517e-02
1.234403811395168304e-02
1.182100921869277954e-02
1.130884792655706406e-02
1.239624619483947754e-02
1.213190797716379166e-02
1.210257317870855331e-02
1.197817176580429077e-02
1.198358833789825439e-02
1.154085155576467514e-02
1.148573774844408035e-02
1.161529589444398880e-02
1.233294419944286346e-02
1.170697249472141266e-02
1.146008446812629700e-02
1.180337369441986084e-02
1.106865331530570984e-02
1.241642422974109650e-02
1.169529929757118225e-02
1.265337038785219193e-02
1.236360892653465271e-02
1.158188935369253159e-02
1.180533878505229950e-02
1.175438612699508667e-02
1.392380148172378540e-02
1.201518438756465912e-02
1.224528811872005463e-02
1.143299601972103119e-02
1.161215733736753464e-02
1.035986840724945068e-02
1.164147909730672836e-02
1.107551623135805130e-02
1.133714057505130768e-02
1.148435939103364944e-02
1.222719158977270126e-02
1.205455791205167770e-02
1.162113249301910400e-02
1.150204334408044815e-02
1.171692833304405212e-02
1.122845802456140518e-02
1.220621261745691299e-02
1.218532584607601166e-02
1.045917533338069916e-02
1.193561311811208725e-02
1.163551863282918930e-02
1.237490028142929077e-02
1.139041967689990997e-02
1.184528227895498276e-02
1.174664124846458435e-02
1.177620794624090195e-02
1.188773475587368011e-02
1.153219025582075119e-02
1.144602335989475250e-02
1.233364362269639969e-02
1.181075256317853928e-02
1.183788478374481201e-02
1.171553693711757660e-02
1.076908223330974579e-02
1.256949827075004578e-02
1.029277965426445007e-02
9.618850424885749817e-03
1.194442436099052429e-02
1.177445240318775177e-02
8.689348585903644562e-03
1.196765247732400894e-02
1.183645613491535187e-02
1.200770027935504913e-02
1.233177445828914642e-02
1.193086151033639908e-02
1.269285753369331360e-02
1.198446564376354218e-02
1.146390102803707123e-02
1.142382808029651642e-02
1.107628270983695984e-02
1.194784417748451233e-02
1.166320405900478363e-02
1.199667900800704956e-02
1.173056662082672119e-02
1.093758642673492432e-02
1.093154959380626678e-02
1.187487319111824036e-02
1.140698231756687164e-02
1.179532706737518311e-02
1.184777356684207916e-02
1.119526475667953491e-02
1.105497963726520538e-02
1.166375260800123215e-02
1.176680065691471100e-02
1.243725419044494629e-02
1.228751614689826965e-02
1.192623749375343323e-02
1.120263431221246719e-02
1.104004681110382080e-02
1.151873730123043060e-02
1.222438178956508636e-02
1.142671145498752594e-02
1.202667132019996643e-02
1.109746471047401428e-02
1.231930777430534363e-02
1.206290163099765778e-02
1.150184031575918198e-02
1.222174614667892456e-02
1.197106763720512390e-02
1.161345280706882477e-02
1.214373670518398285e-02
1.167834550142288208e-02
1.198974158614873886e-02
1.213422138243913651e-02
1.243097521364688873e-02
1.208545081317424774e-02
1.118844095617532730e-02
1.185435988008975983e-02
1.155486516654491425e-02
1.147569343447685242e-02
1.170863024890422821e-02
7.748667150735855103e-03
1.172450184822082520e-02
1.245083939284086227e-02
1.197693403810262680e-02
1.165999565273523331e-02
1.190682873129844666e-02
1.304026134312152863e-02
1.163050346076488495e-02
1.224087923765182495e-02
1.185087766498327255e-02
1.189925987273454666e-02
1.181943807750940323e-02
1.171291433274745941e-02
1.193189527839422226e-02
1.173434406518936157e-02
1.162873487919569016e-02
1.129678916186094284e-02
1.157999411225318909e-02
1.233658846467733383e-02
1.038443949073553085e-02
1.158929243683815002e-02
1.197801902890205383e-02
1.197621598839759827e-02
1.191644556820392609e-02
1.102505251765251160e-02
1.131843216717243195e-02
1.208693254739046097e-02
1.233805902302265167e-02
1.220574416220188141e-02
1.235296018421649933e-02
1.124751660972833633e-02
1.182364858686923981e-02
1.186133828014135361e-02
1.151524111628532410e-02
1.170981675386428833e-02
1.219540275633335114e-02
1.164599135518074036e-02
1.187185104936361313e-02
1.126083079725503922e-02
1.134682353585958481e-02
1.141183730214834213e-02
1.145441178232431412e-02
1.202486641705036163e-02
1.158956810832023621e-02
1.181361824274063110e-02
1.158321555703878403e-02
1.150132250040769577e-02
1.166001334786415100e-02
1.180407125502824783e-02
1.184634119272232056e-02
1.181608811020851135e-02
1.138019375503063202e-02
1.137766428291797638e-02
1.167922094464302063e-02
1.204346120357513428e-02
1.213586144149303436e-02
1.163109205663204193e-02
1.224780920892953873e-02
1.091222651302814484e-02
1.170274429023265839e-02
1.135266944766044617e-02
1.084580924361944199e-02
1.121389493346214294e-02
1.192357577383518219e-02
1.178638078272342682e-02
1.121050119400024414e-02
1.051700115203857422e-02
1.207696925848722458e-02
1.183829270303249359e-02
1.148382574319839478e-02
1.158858276903629303e-02
1.175066921859979630e-02
1.120843924582004547e-02
1.192916929721832275e-02
1.200344692915678024e-02
1.156438048928976059e-02
1.146488264203071594e-02
1.213744562119245529e-02
1.143060903996229172e-02
1.089080236852169037e-02
1.226843520998954773e-02
1.206229068338871002e-02
1.215979829430580139e-02
1.199170947074890137e-02
1.162770390510559082e-02
1.172221545130014420e-02
1.176189817488193512e-02
1.210490614175796509e-02
1.154373586177825928e-02
1.176915410906076431e-02
1.237134449183940887e-02
1.163162477314472198e-02
1.193165034055709839e-02
1.214981265366077423e-02
1.025791093707084656e-02
1.203753706067800522e-02
1.256421487778425217e-02
1.164352148771286011e-02
1.218898594379425049e-02
1.174591761082410812e-02
1.171453669667243958e-02
1.137381792068481445e-02
1.174534671008586884e-02
1.261585205793380737e-02
1.214971486479043961e-02
1.054020598530769348e-02
1.188984978944063187e-02
1.165004447102546692e-02
1.146440114825963974e-02
1.252375170588493347e-02
1.150423847138881683e-02
1.167763769626617432e-02
9.946636855602264404e-03
1.145336776971817017e-02
1.158508379012346268e-02
1.204900443553924561e-02
1.162078231573104858e-02
1.188779808580875397e-02
1.183825265616178513e-02
1.233111228793859482e-02
1.205657795071601868e-02
1.228795014321804047e-02
1.129226945340633392e-02
1.154374703764915466e-02
1.245894841849803925e-02
1.159151364117860794e-02
1.182719506323337555e-02
1.214110292494297028e-02
1.193927600979804993e-02
1.137132756412029266e-02
1.151481457054615021e-02
1.192584261298179626e-02
1.200602017343044281e-02
1.146686635911464691e-02
1.144262589514255524e-02
1.082963868975639343e-02
4.342591762542724609e-02
1.245228014886379242e-02
9.182516485452651978e-03
1.173369027674198151e-02
1.192107424139976501e-02
1.113289967179298401e-02
1.179606001824140549e-02
1.176884490996599197e-02
1.064218580722808838e-02
1.172270160168409348e-02
1.179622113704681396e-02
1.137472782284021378e-02
1.164872292429208755e-02
1.576370745897293091e-02
1.154630538076162338e-02
8.273432962596416473e-03
1.188861764967441559e-02
1.182021759450435638e-02
1.047055330127477646e-02
1.124969869852066040e-02
1.174421049654483795e-02
1.151354424655437469e-02
1.173213403671979904e-02
1.165114901959896088e-02
1.174066867679357529e-02
1.204302627593278885e-02
1.279971934854984283e-02
9.399171918630599976e-03
1.129789557307958603e-02
1.190395466983318329e-02
1.121747866272926331e-02
1.190460193902254105e-02
1.145257242023944855e-02
9.165380150079727173e-03
7.510674186050891876e-03
1.164666190743446350e-02
1.136179268360137939e-02
1.238225121051073074e-02
1.104235090315341949e-02
1.207848265767097473e-02
1.200909819453954697e-02
1.269587967544794083e-02
1.249364204704761505e-02
1.134466100484132767e-02
1.116355508565902710e-02
1.046309247612953186e-02
1.238479092717170715e-02
1.147474721074104309e-02
1.137460954487323761e-02
1.146499626338481903e-02
1.185244508087635040e-02
1.040597632527351379e-02
8.024218492209911346e-03
1.176922675222158432e-02
1.158195268362760544e-02
9.201458655297756195e-03
1.074488833546638489e-02
1.188061200082302094e-02
8.597666397690773010e-03
1.145501248538494110e-02
1.190517377108335495e-02
1.128280349075794220e-02
1.108738593757152557e-02
1.192767359316349030e-02
1.192271057516336441e-02
1.147629227489233017e-02
8.690379559993743896e-03
1.195853948593139648e-02
1.221081521362066269e-02
1.133579388260841370e-02
1.130630820989608765e-02
1.099477149546146393e-02
1.184621825814247131e-02
1.130281947553157806e-02
1.303257234394550323e-02
1.297407876700162888e-02
1.112694106996059418e-02
1.135218143463134766e-02
1.251706667244434357e-02
1.271355524659156799e-02
1.252027414739131927e-02
1.130808051675558090e-02
1.180197019129991531e-02
1.253965497016906738e-02
1.195925474166870117e-02
1.359221152961254120e-02
1.120170857757329941e-02
1.230267435312271118e-02
1.139341387897729874e-02
1.136782579123973846e-02
7.806659676134586334e-03
1.144449505954980850e-02
1.162840798497200012e-02
1.140632387250661850e-02
1.199681032449007034e-02
1.136478967964649200e-02
1.150610856711864471e-02
1.190705783665180206e-02
1.185831986367702484e-02
1.193139888346195221e-02
1.212523318827152252e-02
9.926812723278999329e-03
1.020664628595113754e-02
1.199872884899377823e-02
1.206576358526945114e-02
1.172643341124057770e-02
1.107365079224109650e-02
1.146401651203632355e-02
1.143985986709594727e-02
1.182142365723848343e-02
1.190187688916921616e-02
1.211670506745576859e-02
1.141529157757759094e-02
1.149274781346321106e-02
8.429527282714843750e-03
1.166325248777866364e-02
1.169261522591114044e-02
1.162576116621494293e-02
1.201698556542396545e-02
1.157228555530309677e-02
1.206965744495391846e-02
1.210903748869895935e-02
1.231151539832353592e-02
1.142232585698366165e-02
1.203549839556217194e-02
1.152846775949001312e-02
1.182182691991329193e-02
1.152730360627174377e-02
1.195507869124412537e-02
1.195530407130718231e-02
1.089654490351676941e-02
1.124277897179126740e-02
1.222965214401483536e-02
1.107858121395111084e-02
1.234596036374568939e-02
1.109084300696849823e-02
1.072645746171474457e-02
1.180172245949506760e-02
1.191648002713918686e-02
1.139831915497779846e-02
1.212350465357303619e-02
1.177738048136234283e-02
1.139562670141458511e-02
1.200247462838888168e-02
1.214753463864326477e-02
1.187263801693916321e-02
1.138691976666450500e-02
1.226267497986555099e-02
1.168085075914859772e-02
1.168052479624748230e-02
1.139057427644729614e-02
1.181164942681789398e-02
1.241389568895101547e-02
1.171716861426830292e-02
1.126051787286996841e-02
1.448094192892313004e-02
1.208183169364929199e-02
1.189050544053316116e-02
1.188837550580501556e-02
1.206136867403984070e-02
1.160544715821743011e-02
1.135347504168748856e-02
1.196714770048856735e-02
1.204532850533723831e-02
1.246301457285881042e-02
1.218236610293388367e-02
1.112771872431039810e-02
1.267665065824985504e-02
1.109723839908838272e-02
1.157335098832845688e-02
1.151761412620544434e-02
1.157781668007373810e-02
1.139084529131650925e-02
1.202419959008693695e-02
1.171557977795600891e-02
1.150464545935392380e-02
1.094694528728723526e-02
1.193185523152351379e-02
1.165493484586477280e-02
1.160941086709499359e-02
1.170251984149217606e-02
1.117979921400547028e-02
1.182411424815654755e-02
1.170860789716243744e-02
1.154890004545450211e-02
1.169782970100641251e-02
1.200314611196517944e-02
1.217095740139484406e-02
1.130324602127075195e-02
1.236351672559976578e-02
1.155538856983184814e-02
1.178469322621822357e-02
1.196181401610374451e-02
1.136019453406333923e-02
1.124234031885862350e-02
1.157627161592245102e-02
1.183434482663869858e-02
1.190292462706565857e-02
1.190242171287536621e-02
1.121261622756719589e-02
1.150227896869182587e-02
1.189435645937919617e-02
1.225993409752845764e-02
1.155191194266080856e-02
1.234134845435619354e-02
1.169299706816673279e-02
1.089853141456842422e-02
1.120757125318050385e-02
1.149041205644607544e-02
1.155882701277732849e-02
1.164753735065460205e-02
1.134493760764598846e-02
1.207863539457321167e-02
1.381816715002059937e-02
1.167917344719171524e-02
1.105735450983047485e-02
1.141616143286228180e-02
1.194172538816928864e-02
1.125530898571014404e-02
1.144076976925134659e-02
1.203293912112712860e-02
1.218282151967287064e-02
1.203107088804244995e-02
1.149568706750869751e-02
1.224885880947113037e-02
1.239519659429788589e-02
1.146868709474802017e-02
1.065952796489000320e-02
1.202050782740116119e-02
1.257827039808034897e-02
1.132567785680294037e-02
1.185524929314851761e-02
1.007100194692611694e-02
1.255787350237369537e-02
9.668858721852302551e-03
1.112001761794090271e-02
1.216588355600833893e-02
1.133834570646286011e-02
1.130222715437412262e-02
1.100564189255237579e-02
1.026170887053012848e-02
1.276451535522937775e-02
1.217823475599288940e-02
1.155416853725910187e-02
1.194194052368402481e-02
1.172661967575550079e-02
1.140459068119525909e-02
1.138555537909269333e-02
1.141091715544462204e-02
1.131339091807603836e-02
8.515363559126853943e-03
1.162206009030342102e-02
9.148901328444480896e-03
1.145639922469854355e-02
1.195089425891637802e-02
1.191780157387256622e-02
1.187844574451446533e-02
1.047359220683574677e-02
1.325527578592300415e-02
1.141468528658151627e-02
1.190040819346904755e-02
1.162919215857982635e-02
1.092182099819183350e-02
1.272981893271207809e-02
1.158797927200794220e-02
1.174635160714387894e-02
1.173244044184684753e-02
1.165451854467391968e-02
1.155172102153301239e-02
1.158264465630054474e-02
1.206109486520290375e-02
1.149540301412343979e-02
1.093277614563703537e-02
1.203346438705921173e-02
1.094385236501693726e-02
1.124567352235317230e-02
1.084526441991329193e-02
1.091698557138442993e-02
1.203145086765289307e-02
1.079290546476840973e-02
1.209320500493049622e-02
1.181514188647270203e-02
1.265841722488403320e-02
1.213151030242443085e-02
1.170716062188148499e-02
1.201978139579296112e-02
1.187651604413986206e-02
1.217145286500453949e-02
1.198511384427547455e-02
1.170225813984870911e-02
1.208970695734024048e-02
1.290283259004354477e-02
1.030066050589084625e-02
1.153781823813915253e-02
1.141903176903724670e-02
1.122261863201856613e-02
1.130127441138029099e-02
9.907595813274383545e-03
8.271306753158569336e-03
1.152496598660945892e-02
1.230082288384437561e-02
1.177341397851705551e-02
1.215992122888565063e-02
1.148870959877967834e-02
1.244985032826662064e-02
1.048097386956214905e-02
1.170162577182054520e-02
1.230627298355102539e-02
1.171995047479867935e-02
1.134755648672580719e-02
1.186961960047483444e-02
1.207258366048336029e-02
1.169700827449560165e-02
1.193260494619607925e-02
1.119478419423103333e-02
1.099749840795993805e-02
1.189559418708086014e-02
1.169835310429334641e-02
1.096884906291961670e-02
1.213493756949901581e-02
1.133653335273265839e-02
1.152507122606039047e-02
1.162166427820920944e-02
1.108917035162448883e-02
7.729520555585622787e-03
1.169224083423614502e-02
1.159578748047351837e-02
8.043127134442329407e-03
1.206457521766424179e-02
1.175503898411989212e-02
1.157907582819461823e-02
1.183851901441812515e-02
1.204842887818813324e-02
9.433248080313205719e-03
1.143169775605201721e-02
1.084882859140634537e-02
1.173066440969705582e-02
1.077474094927310944e-02
1.129174232482910156e-02
1.184818334877490997e-02
1.213369611650705338e-02
1.139918342232704163e-02
1.243496499955654144e-02
1.185658201575279236e-02
1.219772454351186752e-02
9.145617485046386719e-03
1.105218939483165741e-02
1.302658487111330032e-02
1.135272998362779617e-02
1.057912502437829971e-02
1.166383549571037292e-02
1.130363997071981430e-02
1.168417371809482574e-02
1.052307151257991791e-02
1.126393675804138184e-02
1.136679016053676605e-02
1.201799698173999786e-02
1.134480629116296768e-02
1.133958622813224792e-02
1.189771015197038651e-02
1.205475348979234695e-02
1.103692501783370972e-02
1.166063360869884491e-02
8.522856980562210083e-03
1.204072032123804092e-02
1.148687861859798431e-02
1.151701062917709351e-02
1.069743465632200241e-02
1.052767410874366760e-02
1.173815596848726273e-02
1.132169086486101151e-02
1.230718847364187241e-02
1.193633489310741425e-02
1.233297586441040039e-02
1.159715466201305389e-02
1.219704654067754745e-02
1.191427372395992279e-02
1.153241842985153198e-02
1.017856970429420471e-02
1.147969253361225128e-02
1.161727495491504669e-02
1.157385017722845078e-02
1.192023418843746185e-02
1.117941457778215408e-02
1.186380069702863693e-02
1.189575530588626862e-02
1.196012645959854126e-02
1.198037434369325638e-02
1.121988147497177124e-02
1.138874515891075134e-02
1.104089990258216858e-02
1.256186701357364655e-02
1.202264428138732910e-02
1.132624316960573196e-02
1.205232273787260056e-02
1.124374754726886749e-02
1.162564940750598907e-02
1.158467400819063187e-02
1.192276366055011749e-02
1.240937411785125732e-02
1.170022971928119659e-02
1.161938905715942383e-02
1.191582344472408295e-02
1.124316081404685974e-02
1.176060363650321960e-02
1.224947534501552582e-02
1.189328730106353760e-02
1.239635050296783447e-02
1.245950069278478622e-02
1.111191697418689728e-02
8.628288283944129944e-03
1.208469457924365997e-02
1.119518838822841644e-02
1.143153943121433258e-02
1.179598644375801086e-02
1.189550478011369705e-02
1.153856702148914337e-02
1.161430217325687408e-02
1.152392290532588959e-02
1.198285818099975586e-02
1.133957132697105408e-02
1.139423530548810959e-02
1.087796222418546677e-02
9.250647388398647308e-03
1.170567236840724945e-02
1.080818846821784973e-02
1.150833442807197571e-02
1.146302931010723114e-02
1.184043474495410919e-02
1.184779126197099686e-02
1.146858558058738708e-02
1.113883499056100845e-02
1.371612865477800369e-02
1.159237138926982880e-02
1.271166745573282242e-02
1.218637451529502869e-02
1.098130084574222565e-02
1.164377294480800629e-02
1.211989950388669968e-02
1.177286729216575623e-02
1.172486133873462677e-02
1.165282912552356720e-02
1.266696862876415253e-02
1.206520199775695801e-02
1.171403750777244568e-02
1.161572337150573730e-02
1.214005518704652786e-02
1.137383095920085907e-02
1.239749230444431305e-02
1.135406456887722015e-02
1.188686210662126541e-02
1.200387068092823029e-02
1.216983795166015625e-02
1.035787351429462433e-02
1.075768657028675079e-02
1.129098422825336456e-02
1.245669089257717133e-02
1.151947677135467529e-02
1.161159574985504150e-02
1.127105485647916794e-02
1.190947182476520538e-02
1.126735471189022064e-02
1.223222166299819946e-02
1.197126507759094238e-02
1.103197969496250153e-02
1.175059005618095398e-02
1.197098940610885620e-02
1.165758073329925537e-02
1.159696839749813080e-02
1.122022047638893127e-02
1.204524934291839600e-02
1.213919464498758316e-02
1.127033028751611710e-02
1.078379433602094650e-02
1.225121133029460907e-02
1.181289646774530411e-02
1.205840148031711578e-02
1.156458631157875061e-02
1.161275058984756470e-02
9.767823852598667145e-03
1.194585487246513367e-02
1.210685074329376221e-02
1.177398115396499634e-02
1.164217758923768997e-02
1.170852594077587128e-02
1.212335657328367233e-02
1.199332065880298615e-02
1.145807839930057526e-02
1.110740844160318375e-02
1.175621617585420609e-02
1.160982623696327209e-02
1.209574565291404724e-02
1.160477288067340851e-02
1.182188931852579117e-02
1.136689819395542145e-02
1.152012124657630920e-02
1.175897754728794098e-02
1.003266219049692154e-02
1.137669384479522705e-02
1.210531964898109436e-02
1.228215545415878296e-02
1.159466896206140518e-02
1.161597296595573425e-02
1.190877333283424377e-02
1.187240052968263626e-02
1.169611793011426926e-02
1.093021221458911896e-02
1.082981098443269730e-02
1.225266885012388229e-02
1.111498475074768066e-02
1.160226017236709595e-02
1.215942576527595520e-02
1.175123639404773712e-02
1.258771307766437531e-02
1.136014424264431000e-02
1.115514151751995087e-02
1.151602342724800110e-02
6.218954920768737793e-03
1.180367730557918549e-02
1.152998581528663635e-02
1.206386368721723557e-02
1.157854869961738586e-02
1.156035996973514557e-02
1.173097174614667892e-02
1.149484794586896896e-02
1.212149672210216522e-02
1.144471112638711929e-02
1.187356561422348022e-02
1.170882582664489746e-02
1.231682114303112030e-02
1.127913966774940491e-02
7.917031645774841309e-03
1.263040304183959961e-02
1.201800815761089325e-02
1.198595389723777771e-02
1.117273978888988495e-02
8.927422575652599335e-03
1.178793795406818390e-02
1.180333644151687622e-02
1.226002350449562073e-02
1.082076132297515869e-02
1.201669964939355850e-02
1.378634199500083923e-02
1.220860984176397324e-02
1.001023314893245697e-02
1.279256027191877365e-02
1.178592909127473831e-02
1.173554267734289169e-02
1.182421483099460602e-02
1.200982183218002319e-02
1.172976009547710419e-02
1.188981905579566956e-02
1.175174023956060410e-02
1.085648965090513229e-02
1.184479333460330963e-02
1.147191040217876434e-02
1.152895949780941010e-02
1.213746890425682068e-02
1.155167166143655777e-02
1.187627576291561127e-02
1.159771624952554703e-02
1.215554587543010712e-02
1.198038179427385330e-02
1.106104627251625061e-02
1.163628324866294861e-02
1.211796514689922333e-02
1.195984892547130585e-02
1.280499808490276337e-02
1.228558085858821869e-02
1.235101465135812759e-02
1.178481988608837128e-02
1.186126936227083206e-02
1.178515050560235977e-02
1.177048590034246445e-02
1.177979074418544769e-02
1.193758472800254822e-02
1.213431730866432190e-02
1.175337284803390503e-02
1.131115108728408813e-02
1.213591452687978745e-02
1.258747838437557220e-02
1.055022142827510834e-02
1.204426214098930359e-02
1.044124551117420197e-02
1.109017152339220047e-02
1.172945089638233185e-02
1.174305379390716553e-02
1.216209866106510162e-02
1.153903454542160034e-02
1.228273566812276840e-02
1.137533597648143768e-02
1.196555793285369873e-02
1.228722371160984039e-02
1.211607828736305237e-02
1.179579459130764008e-02
1.153630111366510391e-02
1.183994580060243607e-02
1.187578309327363968e-02
1.226128824055194855e-02
1.197520457208156586e-02
1.153047941625118256e-02
1.196754537522792816e-02
1.110299769788980484e-02
1.166194118559360504e-02
1.130177639424800873e-02
1.180244982242584229e-02
1.210334338247776031e-02
1.161240786314010620e-02
1.163106784224510193e-02
1.122361887246370316e-02
1.150646992027759552e-02
1.191967353224754333e-02
1.004392188042402267e-02
1.246421225368976593e-02
1.186591945588588715e-02
1.140221115201711655e-02
1.090933196246623993e-02
1.138523593544960022e-02
1.150321960449218750e-02
1.175357960164546967e-02
1.198633201420307159e-02
1.182447746396064758e-02
1.201917417347431183e-02
1.241729222238063812e-02
1.178443618118762970e-02
1.161969080567359924e-02
1.139789447188377380e-02
1.157996524125337601e-02
1.160130184143781662e-02
1.137536205351352692e-02
1.140417996793985367e-02
1.180183142423629761e-02
1.188397966325283051e-02
1.104655675590038300e-02
1.040556747466325760e-02
1.218725740909576416e-02
1.235175784677267075e-02
1.154930423945188522e-02
1.057662721723318100e-02
1.181984785944223404e-02
1.160274539142847061e-02
1.287832856178283691e-02
8.178989402949810028e-03
1.187407039105892181e-02
1.116040814667940140e-02
1.183131523430347443e-02
1.157062314450740814e-02
1.207827404141426086e-02
1.212963461875915527e-02
1.174191199243068695e-02
1.229058951139450073e-02
1.205956283956766129e-02
8.212367072701454163e-03
1.093525253236293793e-02
1.217384636402130127e-02
1.288200169801712036e-02
1.138200517743825912e-02
1.140072010457515717e-02
1.146375294774770737e-02
1.387152913957834244e-02
1.180157531052827835e-02
1.372069306671619415e-02
1.349693350493907928e-02
1.103635970503091812e-02
1.124781370162963867e-02
1.177860889583826065e-02
1.171370968222618103e-02
1.147408410906791687e-02
1.148061640560626984e-02
1.244869083166122437e-02
1.169033162295818329e-02
1.159463543444871902e-02
1.210267748683691025e-02
1.151611562818288803e-02
1.269058138132095337e-02
1.078594475984573364e-02
1.213639695197343826e-02
1.164905633777379990e-02
1.201641932129859924e-02
1.216108910739421844e-02
1.114272512495517731e-02
1.200242340564727783e-02
1.151739619672298431e-02
1.145071350038051605e-02
1.143424212932586670e-02
1.167063601315021515e-02
1.154387183487415314e-02
1.111391559243202209e-02
1.176183298230171204e-02
1.170480623841285706e-02
1.111390255391597748e-02
1.049315463751554489e-02
1.168069057166576385e-02
1.162003818899393082e-02
1.148631423711776733e-02
1.178333349525928497e-02
1.272224448621273041e-02
1.187493558973073959e-02
1.178120821714401245e-02
1.510786172002553940e-02
1.181303523480892181e-02
1.167799159884452820e-02
1.175626739859580994e-02
1.172618381679058075e-02
1.118144206702709198e-02
1.220065820962190628e-02
1.134966127574443817e-02
1.161673199385404587e-02
1.173575501888990402e-02
1.209197007119655609e-02
1.271849218755960464e-02
1.156439073383808136e-02
1.159646082669496536e-02
1.165458653122186661e-02
1.107706967741250992e-02
1.190567482262849808e-02
1.174055598676204681e-02
1.190042123198509216e-02
1.220235042273998260e-02
1.190819963812828064e-02
1.195125840604305267e-02
1.201721001416444778e-02
1.065918337553739548e-02
1.223705522716045380e-02
1.156329363584518433e-02
1.062943413853645325e-02
1.156470552086830139e-02
1.201648823916912079e-02
1.157784927636384964e-02
1.171640958636999130e-02
1.160764042288064957e-02
1.211123540997505188e-02
1.225100271403789520e-02
1.166278123855590820e-02
1.143095828592777252e-02
1.127949170768260956e-02
1.174644194543361664e-02
1.181186456233263016e-02
1.176858879625797272e-02
1.332629751414060593e-02
1.174602657556533813e-02
1.134380884468555450e-02
1.154100149869918823e-02
1.138230040669441223e-02
1.203070208430290222e-02
1.228518784046173096e-02
1.181943528354167938e-02
1.140248961746692657e-02
1.141157187521457672e-02
1.217962335795164108e-02
1.174799911677837372e-02
1.185870915651321411e-02
1.163250394165515900e-02
1.195948757231235504e-02
1.158930361270904541e-02
9.845783933997154236e-03
1.143644284456968307e-02
1.141747739166021347e-02
1.206604856997728348e-02
1.191323995590209961e-02
1.160261221230030060e-02
1.194114517420530319e-02
1.183240115642547607e-02
1.200222689658403397e-02
1.168675627559423447e-02
1.147220097482204437e-02
1.099359802901744843e-02
1.200282387435436249e-02
1.166551932692527771e-02
1.123647391796112061e-02
1.142370887100696564e-02
1.186758279800415039e-02
1.233493164181709290e-02
1.179866120219230652e-02
1.047146692872047424e-02
1.170188747346401215e-02
1.137021742761135101e-02
1.111325435340404510e-02
1.241174899041652679e-02
1.162372156977653503e-02
1.179094705730676651e-02
1.223418768495321274e-02
1.135940663516521454e-02
1.245942059904336929e-02
1.183976419270038605e-02
1.154534518718719482e-02
1.156223565340042114e-02
1.143944077193737030e-02
1.395183708518743515e-02
1.174551062285900116e-02
1.215763948857784271e-02
1.150940358638763428e-02
1.176839880645275116e-02
1.182129420340061188e-02
1.190872676670551300e-02
1.134450919926166534e-02
1.162735000252723694e-02
1.176038943231105804e-02
1.117235422134399414e-02
1.158786378800868988e-02
1.212338637560606003e-02
1.129939034581184387e-02
1.173106394708156586e-02
1.202633325010538101e-02
1.263154111802577972e-02
1.171652227640151978e-02
1.128672342747449875e-02
1.112339831888675690e-02
1.220343634486198425e-02
1.161834038794040680e-02
1.209162734448909760e-02
1.150177139788866043e-02
1.143548637628555298e-02
1.151071768254041672e-02
1.184229739010334015e-02
1.119091175496578217e-02
1.110088732093572617e-02
1.170334685593843460e-02
1.182193681597709656e-02
1.192211918532848358e-02
1.154866721481084824e-02
1.239136420190334320e-02
1.175061240792274475e-02
1.217216718941926956e-02
1.211527548730373383e-02
1.212207600474357605e-02
1.223494485020637512e-02
1.193257607519626617e-02
1.150738541036844254e-02
1.178456842899322510e-02
1.198408473283052444e-02
1.216479577124118805e-02
1.174094248563051224e-02
1.100896671414375305e-02
1.127196103334426880e-02
1.187032833695411682e-02
1.090511120855808258e-02
1.085115130990743637e-02
1.282190345227718353e-02
1.097806915640830994e-02
1.138082705438137054e-02
1.176720857620239258e-02
1.173295080661773682e-02
7.892351597547531128e-03
1.100250985473394394e-02
1.177037507295608521e-02
1.017633359879255295e-02
1.151453983038663864e-02
1.111402548849582672e-02
1.205210387706756592e-02
1.169744227081537247e-02
1.180483866482973099e-02
1.118793897330760956e-02
1.163614075630903244e-02
1.138715445995330811e-02
1.222067791968584061e-02
1.154208555817604065e-02
1.128577720373868942e-02
1.146536599844694138e-02
1.186112314462661743e-02
1.137577556073665619e-02
1.157726719975471497e-02
1.192093919962644577e-02
1.128577999770641327e-02
1.145297288894653320e-02
1.243669539690017700e-02
1.160830911248922348e-02
1.425042003393173218e-02
1.205612253397703171e-02
1.214960217475891113e-02
1.195704471319913864e-02
1.178602501749992371e-02
1.238122209906578064e-02
1.097543351352214813e-02
1.130759343504905701e-02
1.199963875114917755e-02
1.143519766628742218e-02
1.198150124400854111e-02
1.149851828813552856e-02
1.047540642321109772e-02
1.185527630150318146e-02
1.242725830525159836e-02
1.182623580098152161e-02
1.171130128204822540e-02
1.184356585144996643e-02
1.196304429322481155e-02
1.147360168397426605e-02
1.195071078836917877e-02
1.185761950910091400e-02
1.141328271478414536e-02
1.322919316589832306e-02
1.160584576427936554e-02
1.164785400032997131e-02
7.444250397384166718e-03
1.143050938844680786e-02
1.142071001231670380e-02
1.211289595812559128e-02
9.326897561550140381e-03
1.139288023114204407e-02
1.157153770327568054e-02
1.115213893353939056e-02
1.206053607165813446e-02
1.179927214980125427e-02
1.150015369057655334e-02
1.184766460210084915e-02
1.119874976575374603e-02
1.198945939540863037e-02
1.173757389187812805e-02
1.131015457212924957e-02
1.156336907297372818e-02
1.180531457066535950e-02
1.259796880185604095e-02
1.168817840516567230e-02
1.104996167123317719e-02
1.244794297963380814e-02
1.068154163658618927e-02
1.132989116013050079e-02
1.153425686061382294e-02
5.833674222230911255e-03
1.141439191997051239e-02
1.211281120777130127e-02
1.207902655005455017e-02
1.146022789180278778e-02
1.143188588321208954e-02
1.286138407886028290e-02
1.172093022614717484e-02
1.197499502450227737e-02
1.162062585353851318e-02
1.158886495977640152e-02
1.097867451608181000e-02
1.227368321269750595e-02
1.179394498467445374e-02
1.217381935566663742e-02
1.116724032908678055e-02
1.170201320201158524e-02
6.883526220917701721e-03
1.188220735639333725e-02
1.106152869760990143e-02
1.107489503920078278e-02
1.176765188574790955e-02
1.151515450328588486e-02
1.181898079812526703e-02
1.173549611121416092e-02
1.227284781634807587e-02
1.210735179483890533e-02
1.227920129895210266e-02
1.163359545171260834e-02
1.381129864603281021e-02
1.239213254302740097e-02
1.126373186707496643e-02
1.127162761986255646e-02
1.078617013990879059e-02
1.125513669103384018e-02
1.212174165993928909e-02
1.136607211083173752e-02
1.173827052116394043e-02
1.168061420321464539e-02
1.142124831676483154e-02
1.149133220314979553e-02
1.086946297436952591e-02
1.189773622900247574e-02
1.139687467366456985e-02
1.094582583755254745e-02
1.122237741947174072e-02
1.175880618393421173e-02
1.182698085904121399e-02
1.151115074753761292e-02
1.125301141291856766e-02
1.209316216409206390e-02
1.214372646063566208e-02
1.215140800923109055e-02
1.087138615548610687e-02
1.181903854012489319e-02
1.141392067074775696e-02
1.167803071439266205e-02
1.149917114526033401e-02
1.144059188663959503e-02
1.231539901345968246e-02
1.162593998014926910e-02
1.168159581720829010e-02
1.127172634005546570e-02
1.236223615705966949e-02
1.174947060644626617e-02
1.143779978156089783e-02
1.125268265604972839e-02
1.121644023805856705e-02
1.232826523482799530e-02
1.161406934261322021e-02
1.156233437359333038e-02
1.173529960215091705e-02
1.158375293016433716e-02
1.193090341985225677e-02
1.111844368278980255e-02
1.125954929739236832e-02
1.166214514523744583e-02
1.227810140699148178e-02
1.179098151624202728e-02
1.173187047243118286e-02
1.193449646234512329e-02
1.210520695894956589e-02
1.224995870143175125e-02
1.153708994388580322e-02
1.081256940960884094e-02
1.185919810086488724e-02
1.129488088190555573e-02
1.204427052289247513e-02
1.219494640827178955e-02
1.183846965432167053e-02
1.209561806172132492e-02
1.174784544855356216e-02
1.225811336189508438e-02
1.196679100394248962e-02
1.107380725443363190e-02
1.097989641129970551e-02
1.186959631741046906e-02
1.204003021121025085e-02
1.226983033120632172e-02
1.131809875369071960e-02
1.128412224352359772e-02
1.176918577402830124e-02
1.180064119398593903e-02
1.211028080433607101e-02
1.160736009478569031e-02
1.226652041077613831e-02
1.108308229595422745e-02
1.331836171448230743e-02
1.157477963715791702e-02
1.199189387261867523e-02
1.224645320326089859e-02
1.157988980412483215e-02
1.204820256680250168e-02
1.150164846330881119e-02
1.191191375255584717e-02
1.203689631074666977e-02
1.187252998352050781e-02
1.191298849880695343e-02
1.274614408612251282e-02
1.096865255385637283e-02
1.205181889235973358e-02
1.243748608976602554e-02
1.137820445001125336e-02
1.164505630731582642e-02
1.154279895126819611e-02
1.258147507905960083e-02
1.193457469344139099e-02
8.837201632559299469e-03
1.184612698853015900e-02
1.152010448276996613e-02
1.098139397799968719e-02
1.116713136434555054e-02
1.144038885831832886e-02
1.139883045107126236e-02
1.200255006551742554e-02
1.138820685446262360e-02
1.221806555986404419e-02
7.667063735425472260e-03
1.140594482421875000e-02
9.614044800400733948e-03
1.350065879523754120e-02
1.167997159063816071e-02
1.216226816177368164e-02
1.259739976376295090e-02
1.158008351922035217e-02
7.411521859467029572e-03
1.209131442010402679e-02
1.198132149875164032e-02
1.134387589991092682e-02
1.171314436942338943e-02
1.144860498607158661e-02
1.208688225597143173e-02
1.163569465279579163e-02
1.115290820598602295e-02
1.159232947975397110e-02
1.163762062788009644e-02
1.115116011351346970e-02
1.205486245453357697e-02
1.169786602258682251e-02
1.238961890339851379e-02
1.207980606704950333e-02
1.169846020638942719e-02
1.110402494668960571e-02
1.166149973869323730e-02
1.182525418698787689e-02
1.162242237478494644e-02
1.218449231237173080e-02
1.397048123180866241e-02
1.161824725568294525e-02
1.132387481629848480e-02
1.149302907288074493e-02
1.127428188920021057e-02
1.164129469543695450e-02
1.247116923332214355e-02
1.208163984119892120e-02
1.191632635891437531e-02
1.257890556007623672e-02
1.198268122971057892e-02
1.250956580042839050e-02
6.546825170516967773e-03
1.118328887969255447e-02
1.199846621602773666e-02
1.124133728444576263e-02
1.200725603848695755e-02
1.185181178152561188e-02
1.066731289029121399e-02
1.176579017192125320e-02
1.122948713600635529e-02
1.177071034908294678e-02
1.197509281337261200e-02
1.191630400717258453e-02
1.214078720659017563e-02
1.128834020346403122e-02
1.181297749280929565e-02
1.232753135263919830e-02
1.187832094728946686e-02
1.127280294895172119e-02
1.145755499601364136e-02
1.139871217310428619e-02
1.107195578515529633e-02
1.108853891491889954e-02
1.220650225877761841e-02
1.205485593527555466e-02
1.173077896237373352e-02
1.153559796512126923e-02
1.168299373239278793e-02
1.183213386684656143e-02
1.278765127062797546e-02
1.183582097291946411e-02
1.185307279229164124e-02
1.243198476731777191e-02
9.748321026563644409e-03
1.299231406301259995e-02
1.156802382320165634e-02
1.160470861941576004e-02
1.182673871517181396e-02
1.158424839377403259e-02
1.236901991069316864e-02
1.176851987838745117e-02
1.130315102636814117e-02
1.082602515816688538e-02
1.176691986620426178e-02
1.175080239772796631e-02
1.195478625595569611e-02
1.159894559532403946e-02
1.178332325071096420e-02
1.212171092629432678e-02
1.153984479606151581e-02
1.179908588528633118e-02
1.255148276686668396e-02
1.158174313604831696e-02
1.140244770795106888e-02
1.172460615634918213e-02
1.234075799584388733e-02
1.148048974573612213e-02
9.254255332052707672e-03
1.148727908730506897e-02
1.181415282189846039e-02
1.215645670890808105e-02
1.145093794912099838e-02
1.342845894396305084e-02
1.009360980242490768e-02
1.175280194729566574e-02
1.193858496844768524e-02
1.435505226254463196e-02
1.163462363183498383e-02
1.268672570586204529e-02
1.102344971150159836e-02
9.692644700407981873e-03
1.169481314718723297e-02
1.221258938312530518e-02
1.194291561841964722e-02
1.130497641861438751e-02
1.131778582930564880e-02
1.101904548704624176e-02
1.227125339210033417e-02
1.167052239179611206e-02
1.192513760179281235e-02
1.141085475683212280e-02
1.192925125360488892e-02
1.117269042879343033e-02
1.223042607307434082e-02
1.170603744685649872e-02
1.198300253599882126e-02
1.366556063294410706e-02
8.883358910679817200e-03
1.036310754716396332e-02
1.177775487303733826e-02
1.182262971997261047e-02
1.197313144803047180e-02
1.163743436336517334e-02
1.225767843425273895e-02
1.127005554735660553e-02
1.053593680262565613e-02
1.141210272908210754e-02
1.139698922634124756e-02
1.169664599001407623e-02
1.161328703165054321e-02
1.108296494930982590e-02
1.189251616597175598e-02
1.191261503845453262e-02
1.204720698297023773e-02
1.251246780157089233e-02
8.145682513713836670e-03
1.187020912766456604e-02
1.216447167098522186e-02
1.131892763078212738e-02
1.193544175475835800e-02
1.127799600362777710e-02
1.149637997150421143e-02
1.228922978043556213e-02
1.179555803537368774e-02
1.132266316562891006e-02
1.253448426723480225e-02
8.476281538605690002e-03
1.181781105697154999e-02
1.216663978993892670e-02
1.149007119238376617e-02
1.144909858703613281e-02
1.143817603588104248e-02
1.165674068033695221e-02
1.201829127967357635e-02
1.149791106581687927e-02
1.242914702743291855e-02
1.094906777143478394e-02
1.040652673691511154e-02
1.174481771886348724e-02
1.205029059201478958e-02
1.183720771223306656e-02
1.202776934951543808e-02
1.181318797171115875e-02
1.178291626274585724e-02
1.191207394003868103e-02
1.171166170388460159e-02
1.241419371217489243e-02
1.207679882645606995e-02
1.218853704631328583e-02
1.090102642774581909e-02
1.108036935329437256e-02
1.102878339588642120e-02
1.262327376753091812e-02
1.201392058283090591e-02
1.154298335313796997e-02
1.211200654506683350e-02
1.133315823972225189e-02
1.103958487510681152e-02
1.173575595021247864e-02
1.199951954185962677e-02
1.238072104752063751e-02
1.184845715761184692e-02
1.258394308388233185e-02
1.166502665728330612e-02
1.345710828900337219e-02
1.181687042117118835e-02
1.149401534348726273e-02
1.207992248237133026e-02
1.123538799583911896e-02
1.216573826968669891e-02
1.196701079607009888e-02
1.176609937101602554e-02
1.190136466175317764e-02
1.158875413239002228e-02
1.194293424487113953e-02
1.122588105499744415e-02
1.174352131783962250e-02
1.193965598940849304e-02
1.126060541719198227e-02
1.086539309471845627e-02
1.080296281725168228e-02
1.192709058523178101e-02
1.165279559791088104e-02
1.168091036379337311e-02
1.150900311768054962e-02
1.133246161043643951e-02
1.165774278342723846e-02
1.196354813873767853e-02
1.196526549756526947e-02
1.205489598214626312e-02
1.186439208686351776e-02
1.157785765826702118e-02
1.133590750396251678e-02
1.195283886045217514e-02
1.182621531188488007e-02
1.218717079609632492e-02
1.202766783535480499e-02
1.198502443730831146e-02
1.148738432675600052e-02
1.187110692262649536e-02
1.210882142186164856e-02
1.245230436325073242e-02
1.164443604648113251e-02
1.123801898211240768e-02
1.200282946228981018e-02
1.150647178292274475e-02
1.153852231800556183e-02
7.749034091830253601e-03
1.174254249781370163e-02
1.147108152508735657e-02
1.142341084778308868e-02
9.419998154044151306e-03
1.034701336175203323e-02
1.179134007543325424e-02
1.162123586982488632e-02
1.152008399367332458e-02
1.200525090098381042e-02
1.138008199632167816e-02
1.036378461867570877e-02
1.316646113991737366e-02
1.169491745531558990e-02
1.127192750573158264e-02
1.090636849403381348e-02
1.112162880599498749e-02
1.165628433227539062e-02
1.136890053749084473e-02
1.163454260677099228e-02
1.335178129374980927e-02
1.232529804110527039e-02
1.169808208942413330e-02
1.137654017657041550e-02
1.147721521556377411e-02
1.226965431123971939e-02
9.687740355730056763e-03
1.136237755417823792e-02
1.006951741874217987e-02
1.228433847427368164e-02
1.187551021575927734e-02
1.208698377013206482e-02
1.187787391245365143e-02
1.249273121356964111e-02
1.158098503947257996e-02
1.250137202441692352e-02
1.202045753598213196e-02
1.206555310636758804e-02
1.200607791543006897e-02
1.242613233625888824e-02
1.158209983259439468e-02
9.025699459016323090e-03
1.183855067938566208e-02
1.194044947624206543e-02
1.208550855517387390e-02
1.202358864247798920e-02
1.178097259253263474e-02
1.199702546000480652e-02
1.144241727888584137e-02
1.135347504168748856e-02
1.135172881186008453e-02
1.095553301274776459e-02
1.158919744193553925e-02
1.135119982063770294e-02
1.164910849183797836e-02
1.300446502864360809e-02
9.153913706541061401e-03
1.139802858233451843e-02
1.169090345501899719e-02
1.190102193504571915e-02
1.212334912270307541e-02
1.180673670023679733e-02
1.171275973320007324e-02
1.185315288603305817e-02
1.184243429452180862e-02
1.180043071508407593e-02
1.163702458143234253e-02
1.225313544273376465e-02
1.248285174369812012e-02
1.039392314851284027e-02
1.168697886168956757e-02
1.189354155212640762e-02
1.114712376147508621e-02
8.438443765044212341e-03
1.078952103853225708e-02
1.188309211283922195e-02
1.117987185716629028e-02
1.207255478948354721e-02
1.166245713829994202e-02
1.181805320084095001e-02
1.166961621493101120e-02
1.108704507350921631e-02
1.093942299485206604e-02
1.140610314905643463e-02
1.143986918032169342e-02
1.212078705430030823e-02
1.180388964712619781e-02
1.110594160854816437e-02
1.101673766970634460e-02
1.117367669939994812e-02
7.954715751111507416e-03
1.220460608601570129e-02
1.184888649731874466e-02
1.221245713531970978e-02
1.190182100981473923e-02
1.130966283380985260e-02
1.151117496192455292e-02
1.372740138322114944e-02
1.108804345130920410e-02
1.221967674791812897e-02
1.177307218313217163e-02
1.101203821599483490e-02
1.168224308639764786e-02
1.118845585733652115e-02
1.169646065682172775e-02
1.175509113818407059e-02
1.033710502088069916e-02
1.110844686627388000e-02
1.214153412729501724e-02
1.195030845701694489e-02
1.216279342770576477e-02
1.202503219246864319e-02
8.858272805809974670e-03
1.217452064156532288e-02
1.088742073625326157e-02
1.182923372834920883e-02
1.150348316878080368e-02
1.201353687793016434e-02
1.142160780727863312e-02
1.208518911153078079e-02
1.201039552688598633e-02
1.205914374440908432e-02
1.146835088729858398e-02
1.156986877322196960e-02
1.169957220554351807e-02
1.149429008364677429e-02
1.166507042944431305e-02
1.138814818114042282e-02
8.766240440309047699e-03
1.146230660378932953e-02
1.165369246155023575e-02
1.223973184823989868e-02
1.208581496030092239e-02
1.179530844092369080e-02
1.169171463698148727e-02
1.116350200027227402e-02
1.189596205949783325e-02
1.179890986531972885e-02
1.188157964497804642e-02
1.204265933483839035e-02
1.156881451606750488e-02
1.227122172713279724e-02
1.185702532529830933e-02
1.110610738396644592e-02
1.163072232156991959e-02
1.170659065246582031e-02
1.131067890673875809e-02
1.228000689297914505e-02
1.101925037801265717e-02
1.161312311887741089e-02
1.183577906340360641e-02
1.183638907968997955e-02
1.165602542459964752e-02
1.094498299062252045e-02
1.179508585482835770e-02
1.129212696105241776e-02
1.149543933570384979e-02
1.212265063077211380e-02
1.139997038990259171e-02
1.194279640913009644e-02
1.202259957790374756e-02
1.226038485765457153e-02
1.111833192408084869e-02
1.145891379565000534e-02
1.157813332974910736e-02
1.190519332885742188e-02
1.183498091995716095e-02
1.218094117939472198e-02
1.123444363474845886e-02
1.153829880058765411e-02
1.113820821046829224e-02
1.142344810068607330e-02
1.122415345162153244e-02
1.182844769209623337e-02
1.144021563231945038e-02
1.232190802693367004e-02
1.251693535596132278e-02
1.081448793411254883e-02
1.184571720659732819e-02
1.145425625145435333e-02
1.109075360000133514e-02
1.124393567442893982e-02
8.098501712083816528e-03
1.124113425612449646e-02
1.175677217543125153e-02
1.209360733628273010e-02
1.168830506503582001e-02
1.141605712473392487e-02
1.103936322033405304e-02
1.125777885317802429e-02
1.157353259623050690e-02
1.143071055412292480e-02
1.195401605218648911e-02
1.140469312667846680e-02
1.099300198256969452e-02
1.141345500946044922e-02
1.149040181189775467e-02
1.168663892894983292e-02
1.224763318896293640e-02
1.149170100688934326e-02
1.221398543566465378e-02
1.162371877580881119e-02
1.188938692212104797e-02
9.497176855802536011e-03
1.203875057399272919e-02
1.153800450265407562e-02
1.127729751169681549e-02
1.152155734598636627e-02
1.123784668743610382e-02
1.187110133469104767e-02
1.186585146933794022e-02
1.172780152410268784e-02
1.251102238893508911e-02
9.075696580111980438e-03
1.173686794936656952e-02
1.163615286350250244e-02
1.144798751920461655e-02
1.160627976059913635e-02
1.100534573197364807e-02
1.152863353490829468e-02
1.159112714231014252e-02
1.206486206501722336e-02
1.238858792930841446e-02
1.182804349809885025e-02
1.130170933902263641e-02
1.183564774692058563e-02
1.201473828405141830e-02
1.207740698009729385e-02
1.143990084528923035e-02
1.218204107135534286e-02
1.213207747787237167e-02
1.144165731966495514e-02
1.201252453029155731e-02
1.198169775307178497e-02
1.164431683719158173e-02
1.170854084193706512e-02
1.103376224637031555e-02
1.036944985389709473e-02
1.102435868233442307e-02
1.175308600068092346e-02
1.194802578538656235e-02
1.123015023767948151e-02
1.199698261916637421e-02
1.059983856976032257e-02
1.190613768994808197e-02
1.146016456186771393e-02
1.160313282161951065e-02
1.200616918504238129e-02
1.214406453073024750e-02
1.208348944783210754e-02
1.207987777888774872e-02
1.187817752361297607e-02
1.210850104689598083e-02
1.177618838846683502e-02
1.184684969484806061e-02
1.172813773155212402e-02
1.178084500133991241e-02
1.153054088354110718e-02
1.072228327393531799e-02
1.217383332550525665e-02
1.121146976947784424e-02
1.140670850872993469e-02
1.173484884202480316e-02
1.211176067590713501e-02
1.119318418204784393e-02
1.146632060408592224e-02
1.221916638314723969e-02
1.197130978107452393e-02
1.105134561657905579e-02
1.180193386971950531e-02
1.127909123897552490e-02
1.123340986669063568e-02
1.151237264275550842e-02
1.112630404531955719e-02
7.947366684675216675e-03
1.149549148976802826e-02
1.219356991350650787e-02
1.167319156229496002e-02
1.150152459740638733e-02
1.178064383566379547e-02
1.150062493979930878e-02
1.187508367002010345e-02
1.037417538464069366e-02
1.179527677595615387e-02
1.313610002398490906e-02
1.186242885887622833e-02
1.198199763894081116e-02
1.144507527351379395e-02
1.193392090499401093e-02
1.113175973296165466e-02
1.075716689229011536e-02
1.163542550057172775e-02
1.230296399444341660e-02
1.096064224839210510e-02
1.161412522196769714e-02
1.164201647043228149e-02
1.153126545250415802e-02
1.166524365544319153e-02
1.183174550533294678e-02
1.161357667297124863e-02
1.058726105839014053e-02
1.247645448893308640e-02
1.223184261471033096e-02
1.203852239996194839e-02
1.207554433494806290e-02
1.122199557721614838e-02
1.171591598540544510e-02
1.202495675534009933e-02
1.117902249097824097e-02
1.170165929943323135e-02
1.057632826268672943e-02
1.194798573851585388e-02
1.205660402774810791e-02
1.197252329438924789e-02
1.283685490489006042e-02
1.184717938303947449e-02
1.185392867773771286e-02
9.190637618303298950e-03
1.258331071585416794e-02
1.100970245897769928e-02
1.097072847187519073e-02
1.274065673351287842e-02
1.122197136282920837e-02
1.232473738491535187e-02
1.210532989352941513e-02
1.151245832443237305e-02
1.205991208553314209e-02
1.107283867895603180e-02
1.176869496703147888e-02
1.128438580781221390e-02
1.186552830040454865e-02
1.157005783170461655e-02
1.166255492717027664e-02
1.165843941271305084e-02
1.188753545284271240e-02
1.174056064337491989e-02
1.153351180255413055e-02
1.214911788702011108e-02
1.151759549975395203e-02
1.161946542561054230e-02
9.388871490955352783e-03
1.307684928178787231e-02
1.186001114547252655e-02
1.078523509204387665e-02
