<system>Protocol: Active. Attitude: Sassy.</system>
1.176804304122924805e-02
1.118000410497188568e-02
1.158068701624870300e-02
1.112332567572593689e-02
1.145886350423097610e-02
1.173955667763948441e-02
1.147007569670677185e-02
1.157407555729150772e-02
1.145159080624580383e-02
1.194629259407520294e-02
1.130566745996475220e-02
1.152329426258802414e-02
1.198246888816356659e-02
1.161132194101810455e-02
1.138064265251159668e-02
1.178594119846820831e-02
1.183608546853065491e-02
1.151699759066104889e-02
1.172496750950813293e-02
1.154964044690132141e-02
1.130789890885353088e-02
1.152076106518507004e-02
1.146565005183219910e-02
1.204114407300949097e-02
1.149613782763481140e-02
1.163751166313886642e-02
1.189403980970382690e-02
1.182748004794120789e-02
1.139568351209163666e-02
1.124600693583488464e-02
1.084067486226558685e-02
1.128635555505752563e-02
1.098744012415409088e-02
1.140371803194284439e-02
1.150478795170783997e-02
8.319558575749397278e-03
1.133175473660230637e-02
1.213313080370426178e-02
1.153383124619722366e-02
1.160478312522172928e-02
1.140532270073890686e-02
1.153966598212718964e-02
1.148294843733310699e-02
1.131299510598182678e-02
1.116948295384645462e-02
1.181279867887496948e-02
1.161693781614303589e-02
1.038860995322465897e-02
1.130930148065090179e-02
1.159674488008022308e-02
1.132704317569732666e-02
1.153302937746047974e-02
1.154373213648796082e-02
1.141647156327962875e-02
1.152582652866840363e-02
1.170606724917888641e-02
1.129946671426296234e-02
1.171565614640712738e-02
1.163538265973329544e-02
1.121962442994117737e-02
1.163374353200197220e-02
1.141735818237066269e-02
1.109579950571060181e-02
1.152933202683925629e-02
1.157247275114059448e-02
1.139373984187841415e-02
1.183257997035980225e-02
1.160502247512340546e-02
1.146819628775119781e-02
1.157048624008893967e-02
1.165660377591848373e-02
9.669309481978416443e-03
1.168924383819103241e-02
1.173934899270534515e-02
1.159629132598638535e-02
1.143927033990621567e-02
1.130176708102226257e-02
1.161620765924453735e-02
1.150925457477569580e-02
9.772693738341331482e-03
1.165870949625968933e-02
1.216246467083692551e-02
1.162083633244037628e-02
1.144329179078340530e-02
1.159418746829032898e-02
1.323688589036464691e-02
1.152991503477096558e-02
1.163862086832523346e-02
1.184792444109916687e-02
1.141656935214996338e-02
1.151206530630588531e-02
1.137519627809524536e-02
1.199646666646003723e-02
1.103806216269731522e-02
1.162553019821643829e-02
1.228920742869377136e-02
1.146059948951005936e-02
1.139700599014759064e-02
1.150520797818899155e-02
1.171172969043254852e-02
1.171364448964595795e-02
1.125685498118400574e-02
1.167698018252849579e-02
1.117731072008609772e-02
1.167129166424274445e-02
1.179403252899646759e-02
1.166418753564357758e-02
1.138526573777198792e-02
1.169568020850419998e-02
1.126298494637012482e-02
1.166117470711469650e-02
1.124969683587551117e-02
1.139378920197486877e-02
1.135701127350330353e-02
1.116514392197132111e-02
1.185738947242498398e-02
1.154779270291328430e-02
1.270229183137416840e-02
1.160030160099267960e-02
1.133672893047332764e-02
1.160579733550548553e-02
1.170503348112106323e-02
1.109370216727256775e-02
1.100927032530307770e-02
1.129413023591041565e-02
1.129067316651344299e-02
1.163629721850156784e-02
1.173667423427104950e-02
1.110144145786762238e-02
1.150334067642688751e-02
1.211916282773017883e-02
1.152565516531467438e-02
1.162656955420970917e-02
1.144489832222461700e-02
1.138260588049888611e-02
1.140793412923812866e-02
1.177893392741680145e-02
1.175455097109079361e-02
1.136203203350305557e-02
1.162745244801044464e-02
1.140094734728336334e-02
1.148460060358047485e-02
1.152228470891714096e-02
1.140880770981311798e-02
1.161648426204919815e-02
1.206255331635475159e-02
1.103248447179794312e-02
1.104420796036720276e-02
1.134064793586730957e-02
1.107527129352092743e-02
1.192868687212467194e-02
1.202659960836172104e-02
1.148829795420169830e-02
1.127452589571475983e-02
1.109645236283540726e-02
1.168372668325901031e-02
1.108555588871240616e-02
1.142127066850662231e-02
1.195038761943578720e-02
1.119354367256164551e-02
1.164289563894271851e-02
1.160410605370998383e-02
1.153546571731567383e-02
1.128056086599826813e-02
1.183365657925605774e-02
1.158801466226577759e-02
1.199125312268733978e-02
1.145391445606946945e-02
1.172080263495445251e-02
1.149907521903514862e-02
1.170576922595500946e-02
1.151753962039947510e-02
1.152577809989452362e-02
1.156082935631275177e-02
1.168879866600036621e-02
1.149736903607845306e-02
1.183125656098127365e-02
1.151442714035511017e-02
1.148249953985214233e-02
1.204651035368442535e-02
1.134352572262287140e-02
1.139352656900882721e-02
1.188734639436006546e-02
1.157504506409168243e-02
1.222251541912555695e-02
1.186445076018571854e-02
1.181208435446023941e-02
1.139760017395019531e-02
1.140231080353260040e-02
1.116860285401344299e-02
1.132121030241250992e-02
1.100834645330905914e-02
1.165136881172657013e-02
1.099609024822711945e-02
1.259864307940006256e-02
1.150386780500411987e-02
1.203475892543792725e-02
1.136395893990993500e-02
1.193693093955516815e-02
1.123722083866596222e-02
1.136331260204315186e-02
1.147902850061655045e-02
1.072643604129552841e-02
1.194324996322393417e-02
1.184681989252567291e-02
1.167812012135982513e-02
1.071330159902572632e-02
1.141531765460968018e-02
1.181100495159626007e-02
1.170112751424312592e-02
1.112261787056922913e-02
1.151882950216531754e-02
1.205479539930820465e-02
1.163658499717712402e-02
1.108585484325885773e-02
1.138671301305294037e-02
1.173198409378528595e-02
1.106403768062591553e-02
1.190830022096633911e-02
1.055885106325149536e-02
1.126579940319061279e-02
1.188380271196365356e-02
1.106115896254777908e-02
1.029617153108119965e-02
1.143718324601650238e-02
1.176782697439193726e-02
1.154928281903266907e-02
1.193735376000404358e-02
1.193367876112461090e-02
1.113769225776195526e-02
1.106078922748565674e-02
1.125209406018257141e-02
1.160909235477447510e-02
1.157180778682231903e-02
1.167900580912828445e-02
1.160973310470581055e-02
1.133483275771141052e-02
1.134259067475795746e-02
1.127804815769195557e-02
1.131547894328832626e-02
1.144072134047746658e-02
1.168676093220710754e-02
1.169343106448650360e-02
1.107815280556678772e-02
1.137883495539426804e-02
1.130393985658884048e-02
1.171292550861835480e-02
1.180468685925006866e-02
1.161459460854530334e-02
1.157089695334434509e-02
1.131723076105117798e-02
1.166480127722024918e-02
1.150603406131267548e-02
1.150229666382074356e-02
1.163664553314447403e-02
1.167143601924180984e-02
1.160692330449819565e-02
1.175750698894262314e-02
1.144239492714405060e-02
1.165055762976408005e-02
1.155582815408706665e-02
1.163696870207786560e-02
1.138054579496383667e-02
1.130307093262672424e-02
1.072917319834232330e-02
1.137366145849227905e-02
1.141555979847908020e-02
1.192087586969137192e-02
1.192456763237714767e-02
1.154334098100662231e-02
1.164585165679454803e-02
1.160300150513648987e-02
1.136455871164798737e-02
1.129333488643169403e-02
1.174832321703433990e-02
7.291419431567192078e-03
1.141978241503238678e-02
1.130641438066959381e-02
1.160157285630702972e-02
1.163444109261035919e-02
1.137426868081092834e-02
1.170074380934238434e-02
1.128433272242546082e-02
1.170951407402753830e-02
1.164127141237258911e-02
1.142247766256332397e-02
1.144629158079624176e-02
1.216434035450220108e-02
1.176359690725803375e-02
1.157765649259090424e-02
1.195366960018873215e-02
1.146609522402286530e-02
1.183385588228702545e-02
1.170567981898784637e-02
1.215448975563049316e-02
1.138959452509880066e-02
1.164916157722473145e-02
1.240793894976377487e-02
1.152375340461730957e-02
1.088713295757770538e-02
1.129774935543537140e-02
1.164522767066955566e-02
1.133778225630521774e-02
1.152240764349699020e-02
1.139286067336797714e-02
1.167209353297948837e-02
1.135943084955215454e-02
1.176132448017597198e-02
1.121332775801420212e-02
1.114157773554325104e-02
1.171830296516418457e-02
1.171066612005233765e-02
1.122613530606031418e-02
1.116292458027601242e-02
1.129385270178318024e-02
1.174819096922874451e-02
1.133694499731063843e-02
1.167305000126361847e-02
1.172845810651779175e-02
1.130684278905391693e-02
1.135669834911823273e-02
1.123705599457025528e-02
1.167832873761653900e-02
1.187570858746767044e-02
1.137595064938068390e-02
1.142791472375392914e-02
1.140161789953708649e-02
1.171903125941753387e-02
1.154267974197864532e-02
1.132992841303348541e-02
1.143324747681617737e-02
1.106828637421131134e-02
1.148290373384952545e-02
1.117670722305774689e-02
1.191781647503376007e-02
1.156768761575222015e-02
1.110075693577528000e-02
1.139695569872856140e-02
1.185873150825500488e-02
1.149966940283775330e-02
1.129684597253799438e-02
1.100082322955131531e-02
1.139197126030921936e-02
1.139526627957820892e-02
1.188585814088582993e-02
1.109161134809255600e-02
1.164999045431613922e-02
1.152499672025442123e-02
1.119070686399936676e-02
1.161253824830055237e-02
1.192880049347877502e-02
1.121923699975013733e-02
1.156786829233169556e-02
1.108889281749725342e-02
1.149714924395084381e-02
1.144743338227272034e-02
1.184872258454561234e-02
1.167540252208709717e-02
1.154742762446403503e-02
1.166658382862806320e-02
1.197323482483625412e-02
1.164750196039676666e-02
1.162099372595548630e-02
1.142369676381349564e-02
1.175714004784822464e-02
1.474940963089466095e-02
1.163781248033046722e-02
1.155631430447101593e-02
1.158024091273546219e-02
1.098209805786609650e-02
1.158038526773452759e-02
1.175424270331859589e-02
1.154733262956142426e-02
1.178926602005958557e-02
1.104268990457057953e-02
1.170340459793806076e-02
1.169509161263704300e-02
1.179808005690574646e-02
1.252328790724277496e-02
1.183421071618795395e-02
1.177270989865064621e-02
1.153712160885334015e-02
1.138291694223880768e-02
1.129683759063482285e-02
1.174650155007839203e-02
1.125780120491981506e-02
1.123881153762340546e-02
1.183924358338117599e-02
1.145067624747753143e-02
1.156753394752740860e-02
1.124053820967674255e-02
1.160217076539993286e-02
1.135313045233488083e-02
1.115391775965690613e-02
1.159818656742572784e-02
1.122198440134525299e-02
1.185018382966518402e-02
1.164383254945278168e-02
1.143289357423782349e-02
1.167547516524791718e-02
1.157285738736391068e-02
1.147914119064807892e-02
1.154757197946310043e-02
1.159078441560268402e-02
1.124394312500953674e-02
1.117113791406154633e-02
1.145439874380826950e-02
1.162427570670843124e-02
1.096435450017452240e-02
1.125479117035865784e-02
1.077137701213359833e-02
4.561679810285568237e-02
1.167794689536094666e-02
1.116427965462207794e-02
1.166489534080028534e-02
1.116439513862133026e-02
1.173281017690896988e-02
1.137938164174556732e-02
1.158751733601093292e-02
1.129453442990779877e-02
1.151644811034202576e-02
1.147937402129173279e-02
1.159075088798999786e-02
1.168674230575561523e-02
1.469366718083620071e-02
1.191609725356101990e-02
9.223394095897674561e-03
1.168305333703756332e-02
1.176025625318288803e-02
1.115599088370800018e-02
1.109405979514122009e-02
1.126608252525329590e-02
1.136365439742803574e-02
1.168078556656837463e-02
1.143415085971355438e-02
1.143534947186708450e-02
1.154962740838527679e-02
1.151096262037754059e-02
1.060347259044647217e-02
1.183431968092918396e-02
1.137075386941432953e-02
1.123451627790927887e-02
1.126028224825859070e-02
1.158771105110645294e-02
1.007256656885147095e-02
8.237155154347419739e-03
1.189482584595680237e-02
1.163480617105960846e-02
1.116371713578701019e-02
1.108323037624359131e-02
1.123639196157455444e-02
1.125623565167188644e-02
1.149718742817640305e-02
1.155390590429306030e-02
1.194530166685581207e-02
1.133713405579328537e-02
1.096161641180515289e-02
1.275702845305204391e-02
1.178953051567077637e-02
1.196880545467138290e-02
1.184138935059309006e-02
1.080583129078149796e-02
1.110968738794326782e-02
9.041897952556610107e-03
1.160778943449258804e-02
1.141220051795244217e-02
1.032957993447780609e-02
1.102345623075962067e-02
1.176767889410257339e-02
9.754722006618976593e-03
1.137802563607692719e-02
1.164445839822292328e-02
1.147764176130294800e-02
1.166004408150911331e-02
1.131979841738939285e-02
1.235685031861066818e-02
1.159260515123605728e-02
1.053787954151630402e-02
1.181438751518726349e-02
1.145616080611944199e-02
1.183927711099386215e-02
1.118944957852363586e-02
1.102912519127130508e-02
1.197346113622188568e-02
1.166455820202827454e-02
1.190322171896696091e-02
1.514051016420125961e-02
1.130783651024103165e-02
1.116167660802602768e-02
1.300625503063201904e-02
1.151224598288536072e-02
1.132975332438945770e-02
1.125344820320606232e-02
1.147680915892124176e-02
1.150321029126644135e-02
1.144699193537235260e-02
1.240411959588527679e-02
1.212709955871105194e-02
1.183784380555152893e-02
1.148417964577674866e-02
1.143334433436393738e-02
9.199630469083786011e-03
1.169976964592933655e-02
1.158549170941114426e-02
1.122345961630344391e-02
1.129028014838695526e-02
1.144128665328025818e-02
1.173861324787139893e-02
1.163192372769117355e-02
1.143648941069841385e-02
1.202022098004817963e-02
1.145904883742332458e-02
1.205106358975172043e-02
1.088217832148075104e-02
1.155304536223411560e-02
1.161585841327905655e-02
1.157043501734733582e-02
1.124744582921266556e-02
1.168996188789606094e-02
1.138979755342006683e-02
1.144694630056619644e-02
1.113212853670120239e-02
1.147099211812019348e-02
1.154975127428770065e-02
1.138926018029451370e-02
9.866582229733467102e-03
1.211304683238267899e-02
1.103750988841056824e-02
1.123093813657760620e-02
1.138602197170257568e-02
1.128419674932956696e-02
1.156755071133375168e-02
1.189902424812316895e-02
1.097992993891239166e-02
1.119205541908740997e-02
1.143191382288932800e-02
1.141320541501045227e-02
1.159411109983921051e-02
1.172463223338127136e-02
1.144891511648893356e-02
1.181177794933319092e-02
1.207082346081733704e-02
1.171829923987388611e-02
1.109189447015523911e-02
1.149427890777587891e-02
1.128825638443231583e-02
1.126631721854209900e-02
1.124097313731908798e-02
1.109434850513935089e-02
1.137899234890937805e-02
1.182478666305541992e-02
1.141551695764064789e-02
1.157355029135942459e-02
1.161027885973453522e-02
1.132792793214321136e-02
1.210965402424335480e-02
1.132086850702762604e-02
1.177545916289091110e-02
1.136559993028640747e-02
1.160917803645133972e-02
1.143825426697731018e-02
1.145479269325733185e-02
1.152436994016170502e-02
1.181828789412975311e-02
1.137876510620117188e-02
1.125966943800449371e-02
1.232051011174917221e-02
1.112571544945240021e-02
1.169731840491294861e-02
1.164222322404384613e-02
1.178635656833648682e-02
1.087430492043495178e-02
1.165937818586826324e-02
1.178569532930850983e-02
1.150247268378734589e-02
1.138618309050798416e-02
1.124128419905900955e-02
1.131130848079919815e-02
1.168017089366912842e-02
1.149014942348003387e-02
1.205066125839948654e-02
1.185374706983566284e-02
1.160764228552579880e-02
1.149123534560203552e-02
1.223942078649997711e-02
1.183689199388027191e-02
1.109500695019960403e-02
1.111804321408271790e-02
1.167500298470258713e-02
1.146396808326244354e-02
1.141625456511974335e-02
1.143590081483125687e-02
1.131728012114763260e-02
1.131468545645475388e-02
1.136900298297405243e-02
1.151993125677108765e-02
1.159536372870206833e-02
1.157652586698532104e-02
1.107299141585826874e-02
1.111004315316677094e-02
1.329516246914863586e-02
1.147469040006399155e-02
1.139118988066911697e-02
1.191329024732112885e-02
1.176800020039081573e-02
1.148508489131927490e-02
1.137406937777996063e-02
1.127315219491720200e-02
1.161842606961727142e-02
1.198789849877357483e-02
1.125848200172185898e-02
1.148325577378273010e-02
1.183265447616577148e-02
1.134562119841575623e-02
1.099476683884859085e-02
1.162627618759870529e-02
1.142113190144300461e-02
1.141549460589885712e-02
1.227365061640739441e-02
1.137136295437812805e-02
1.138424314558506012e-02
1.106510497629642487e-02
1.130203902721405029e-02
1.247444469481706619e-02
1.271087862551212311e-02
1.151154749095439911e-02
1.068461127579212189e-02
1.169727370142936707e-02
1.098750904202461243e-02
1.123632770031690598e-02
1.120183803141117096e-02
1.151683554053306580e-02
1.193376258015632629e-02
1.180263608694076538e-02
1.119728758931159973e-02
1.168169826269149780e-02
1.171726919710636139e-02
1.133565045893192291e-02
1.137972995638847351e-02
1.154645252972841263e-02
1.136812847107648849e-02
1.138031855225563049e-02
1.119519583880901337e-02
1.078597828745841980e-02
1.192043535411357880e-02
1.108801364898681641e-02
1.120714936405420303e-02
1.094547379761934280e-02
1.168729364871978760e-02
1.143548078835010529e-02
1.155011821538209915e-02
1.154215447604656219e-02
1.240555010735988617e-02
1.138583198189735413e-02
1.150508224964141846e-02
1.175292395055294037e-02
1.188134402036666870e-02
1.121028140187263489e-02
1.118876412510871887e-02
1.111996825784444809e-02
1.143596787005662918e-02
9.266932494938373566e-03
1.138747297227382660e-02
9.239332750439643860e-03
1.137621141970157623e-02
1.148961670696735382e-02
1.156947761774063110e-02
1.177911274135112762e-02
1.271045021712779999e-02
1.128250733017921448e-02
1.110564358532428741e-02
1.148665696382522583e-02
1.135067921131849289e-02
1.142568700015544891e-02
1.125605218112468719e-02
1.180018950253725052e-02
1.131502445787191391e-02
1.126923132687807083e-02
1.123455911874771118e-02
1.116528362035751343e-02
1.153811067342758179e-02
1.137598510831594467e-02
1.130566373467445374e-02
1.074372418224811554e-02
1.115939300507307053e-02
1.125632226467132568e-02
1.151595730334520340e-02
1.302912645041942596e-02
1.144687552005052567e-02
1.148548536002635956e-02
1.112157292664051056e-02
1.177809294313192368e-02
1.181383617222309113e-02
1.142306439578533173e-02
1.148526929318904877e-02
1.178411021828651428e-02
1.173483952879905701e-02
1.118099316954612732e-02
1.155641674995422363e-02
1.135755516588687897e-02
1.186138018965721130e-02
1.142575684934854507e-02
1.223115809261798859e-02
1.142181642353534698e-02
1.174294296652078629e-02
1.140936650335788727e-02
1.156152039766311646e-02
1.166592352092266083e-02
9.889529086649417877e-03
9.101619943976402283e-03
1.129155606031417847e-02
1.121097151190042496e-02
1.137475855648517609e-02
1.165245287120342255e-02
1.135083008557558060e-02
1.149450987577438354e-02
1.097015105187892914e-02
1.136540528386831284e-02
1.174614951014518738e-02
1.135905180126428604e-02
1.145298965275287628e-02
1.163131371140480042e-02
1.159606222063302994e-02
1.316336914896965027e-02
1.130341179668903351e-02
1.127428840845823288e-02
1.109300460666418076e-02
1.163759455084800720e-02
1.128854416310787201e-02
1.172822434455156326e-02
1.123797520995140076e-02
1.133149676024913788e-02
1.140160672366619110e-02
1.130530796945095062e-02
1.141326501965522766e-02
8.488325402140617371e-03
1.168557815253734589e-02
1.138417795300483704e-02
8.756795898079872131e-03
1.139527931809425354e-02
1.171010266989469528e-02
1.145034655928611755e-02
1.144018024206161499e-02
1.168793439865112305e-02
1.083438470959663391e-02
1.125173363834619522e-02
1.167458668351173401e-02
1.161844283342361450e-02
1.085366401821374893e-02
1.296434365212917328e-02
1.132166385650634766e-02
1.118977647274732590e-02
1.141533721238374710e-02
1.272462122142314911e-02
1.130731310695409775e-02
1.153883710503578186e-02
9.763556532561779022e-03
1.164929475635290146e-02
1.111543178558349609e-02
1.185581460595130920e-02
1.086783409118652344e-02
1.178897544741630554e-02
1.134169660508632660e-02
1.166130229830741882e-02
1.065636798739433289e-02
1.280676107853651047e-02
1.142182294279336929e-02
1.184095814824104309e-02
1.118168048560619354e-02
1.130428165197372437e-02
1.154851913452148438e-02
1.144510507583618164e-02
1.105621643364429474e-02
1.122328080236911774e-02
9.182533249258995056e-03
1.165727898478507996e-02
1.170351449400186539e-02
1.140985079109668732e-02
1.137596834450960159e-02
1.168214529752731323e-02
1.141894608736038208e-02
1.145750097930431366e-02
1.173568889498710632e-02
1.184551138430833817e-02
1.192162558436393738e-02
1.145817525684833527e-02
1.191192958503961563e-02
1.141281612217426300e-02
1.123578101396560669e-02
1.123345084488391876e-02
1.154884509742259979e-02
1.116808131337165833e-02
1.147748343646526337e-02
1.176439225673675537e-02
1.144865155220031738e-02
1.128967013210058212e-02
1.121894456446170807e-02
1.172850374132394791e-02
1.151763368397951126e-02
1.163620129227638245e-02
1.162630971521139145e-02
1.113758608698844910e-02
1.243317686021327972e-02
1.131547987461090088e-02
1.131030358374118805e-02
1.124499458819627762e-02
1.095429807901382446e-02
1.090476941317319870e-02
1.178457029163837433e-02
1.153014972805976868e-02
1.182510517537593842e-02
1.120732538402080536e-02
1.134680584073066711e-02
1.163878757506608963e-02
1.122704334557056427e-02
1.106009632349014282e-02
1.167757436633110046e-02
1.126938313245773315e-02
1.154132559895515442e-02
1.177266426384449005e-02
1.103001553565263748e-02
9.446844458580017090e-03
1.111139170825481415e-02
1.115570403635501862e-02
1.113839074969291687e-02
1.156988646835088730e-02
1.151021197438240051e-02
1.157464459538459778e-02
1.139746885746717453e-02
1.126094441860914230e-02
1.122635975480079651e-02
1.089725922793149948e-02
1.169487182050943375e-02
1.119062025099992752e-02
1.117689441889524460e-02
1.135713793337345123e-02
1.101183146238327026e-02
1.108407415449619293e-02
1.130118779838085175e-02
1.171796675771474838e-02
1.124119199812412262e-02
1.154698245227336884e-02
1.137870363891124725e-02
1.107791997492313385e-02
1.122296601533889771e-02
1.208862848579883575e-02
1.157037541270256042e-02
1.149450801312923431e-02
1.174964755773544312e-02
1.165078673511743546e-02
1.101881451904773712e-02
1.163388602435588837e-02
1.151462364941835403e-02
1.186603121459484100e-02
1.165025681257247925e-02
1.138636469841003418e-02
1.110564917325973511e-02
1.214247755706310272e-02
1.127762161195278168e-02
1.140548661351203918e-02
1.130997482687234879e-02
1.140129379928112030e-02
1.153128407895565033e-02
1.141194347292184830e-02
1.061531528830528259e-02
1.109131053090095520e-02
1.101766526699066162e-02
1.158032752573490143e-02
1.149237714707851410e-02
1.210314501076936722e-02
1.130354683846235275e-02
1.131387986242771149e-02
1.126511674374341965e-02
1.224457379430532455e-02
1.153111644089221954e-02
1.175121776759624481e-02
1.123741175979375839e-02
1.156779751181602478e-02
1.166624389588832855e-02
1.108607742935419083e-02
1.130691170692443848e-02
1.156790740787982941e-02
1.151657942682504654e-02
1.145127322524785995e-02
1.129662618041038513e-02
1.145604997873306274e-02
1.123894378542900085e-02
1.119037531316280365e-02
1.139853801578283310e-02
1.148889586329460144e-02
1.129431370645761490e-02
1.150162518024444580e-02
1.166300848126411438e-02
1.150380354374647141e-02
1.134093105792999268e-02
1.148086413741111755e-02
1.147399283945560455e-02
1.172685623168945312e-02
1.100907288491725922e-02
1.117715705186128616e-02
1.168164797127246857e-02
1.126848813146352768e-02
1.199050247669219971e-02
1.171156391501426697e-02
1.158860139548778534e-02
1.167110726237297058e-02
1.101216021925210953e-02
1.146257668733596802e-02
1.073535904288291931e-02
1.121580973267555237e-02
1.182120107114315033e-02
1.152245141565799713e-02
1.186111755669116974e-02
1.144384779036045074e-02
1.165593042969703674e-02
1.167115475982427597e-02
1.173578202724456787e-02
1.116325892508029938e-02
1.219604723155498505e-02
1.157627999782562256e-02
1.182026229798793793e-02
1.151423063129186630e-02
1.160946115851402283e-02
1.133366301655769348e-02
1.137619744986295700e-02
1.122179906815290451e-02
1.151824090629816055e-02
1.177843287587165833e-02
7.207874208688735962e-03
1.149142719805240631e-02
1.154722459614276886e-02
1.128603611141443253e-02
1.116285845637321472e-02
1.159153226763010025e-02
1.167129352688789368e-02
1.162984035909175873e-02
1.134450919926166534e-02
1.135391741991043091e-02
1.116071455180644989e-02
1.179753150790929794e-02
1.120246388018131256e-02
1.144463196396827698e-02
9.892958216369152069e-03
1.181526388972997665e-02
1.142991334199905396e-02
1.166061870753765106e-02
1.107864268124103546e-02
9.936464019119739532e-03
1.143847871571779251e-02
1.157259196043014526e-02
1.252191234380006790e-02
1.093713939189910889e-02
1.166825369000434875e-02
1.238883472979068756e-02
1.147819869220256805e-02
1.170413848012685776e-02
1.151259802281856537e-02
1.123755797743797302e-02
1.140192151069641113e-02
1.132220402359962463e-02
1.131464913487434387e-02
1.136547885835170746e-02
1.080143637955188751e-02
1.193970534950494766e-02
1.115222740918397903e-02
1.129856333136558533e-02
1.138986833393573761e-02
1.163530163466930389e-02
1.174254342913627625e-02
1.129740476608276367e-02
1.144209131598472595e-02
1.156793069094419479e-02
1.146902143955230713e-02
1.160848885774612427e-02
1.098347827792167664e-02
1.117677800357341766e-02
1.157430000603199005e-02
1.157323550432920456e-02
1.211446523666381836e-02
1.131696626543998718e-02
1.120839919894933701e-02
1.137564051896333694e-02
1.148431189358234406e-02
1.064788550138473511e-02
1.158613339066505432e-02
1.160421688109636307e-02
1.134762633591890335e-02
1.167635805904865265e-02
1.174923777580261230e-02
1.175928302109241486e-02
1.159548945724964142e-02
1.189742051064968109e-02
1.118874642997980118e-02
1.137076877057552338e-02
1.071006804704666138e-02
1.156282611191272736e-02
1.177622936666011810e-02
1.166450977325439453e-02
1.188281737267971039e-02
1.137947570532560349e-02
1.178818289190530777e-02
1.125977747142314911e-02
1.304152514785528183e-02
1.155602000653743744e-02
1.153460331261157990e-02
1.141310296952724457e-02
1.126800943166017532e-02
1.292642205953598022e-02
1.171137858182191849e-02
1.147873047739267349e-02
1.113958470523357391e-02
1.179993711411952972e-02
1.179742254316806793e-02
1.144383847713470459e-02
1.202289201319217682e-02
1.113862730562686920e-02
1.207173708826303482e-02
1.160195469856262207e-02
1.117877848446369171e-02
1.149622723460197449e-02
1.133499853312969208e-02
1.162019371986389160e-02
1.146993506699800491e-02
1.096373144537210464e-02
1.153549365699291229e-02
1.103371288627386093e-02
1.134412363171577454e-02
1.238766964524984360e-02
1.101290620863437653e-02
1.164335198700428009e-02
1.144723035395145416e-02
1.161533221602439880e-02
1.127393823117017746e-02
1.150608807802200317e-02
1.157286018133163452e-02
1.135293859988451004e-02
1.144929043948650360e-02
1.135475747287273407e-02
1.167542487382888794e-02
1.169477589428424835e-02
1.159159187227487564e-02
1.171716675162315369e-02
1.134255155920982361e-02
1.150245498865842819e-02
1.194462459534406662e-02
1.131624914705753326e-02
1.174785010516643524e-02
1.165644451975822449e-02
1.174410711973905563e-02
1.117230951786041260e-02
1.128364261239767075e-02
1.139098219573497772e-02
1.157319918274879456e-02
9.404318407177925110e-03
1.145008672028779984e-02
1.098352484405040741e-02
1.144315954297780991e-02
1.158537436276674271e-02
1.145810261368751526e-02
1.156900264322757721e-02
1.153577771037817001e-02
1.133119314908981323e-02
1.141897588968276978e-02
9.073547087609767914e-03
1.108361408114433289e-02
1.181720755994319916e-02
1.224662177264690399e-02
1.131534576416015625e-02
1.092846691608428955e-02
1.135476306080818176e-02
1.164877787232398987e-02
1.214595511555671692e-02
1.486392784863710403e-02
1.117513328790664673e-02
1.149349845945835114e-02
1.160728745162487030e-02
1.133655197918415070e-02
1.157516427338123322e-02
1.159979216754436493e-02
1.170270796865224838e-02
1.111700944602489471e-02
1.129332184791564941e-02
1.132764201611280441e-02
1.170953176915645599e-02
1.170692220330238342e-02
1.231944840401411057e-02
1.129683852195739746e-02
1.227423548698425293e-02
1.174020115286111832e-02
1.128332689404487610e-02
1.175878010690212250e-02
1.267172582447528839e-02
1.202882081270217896e-02
1.143703237175941467e-02
1.123904436826705933e-02
1.159997098147869110e-02
1.170230656862258911e-02
1.131602749228477478e-02
1.173367351293563843e-02
1.152257341891527176e-02
1.157362293452024460e-02
1.120073720812797546e-02
1.080661267042160034e-02
1.180461049079895020e-02
1.124746166169643402e-02
1.162041909992694855e-02
1.144814398139715195e-02
1.178195327520370483e-02
1.167640648782253265e-02
1.132661290466785431e-02
1.390342786908149719e-02
1.163127925246953964e-02
1.143878791481256485e-02
1.171562075614929199e-02
1.147895120084285736e-02
1.117435097694396973e-02
1.150181703269481659e-02
1.183570455759763718e-02
1.144683174788951874e-02
1.244833134114742279e-02
1.207818277180194855e-02
1.205265335738658905e-02
1.155370753258466721e-02
1.114179566502571106e-02
1.186519861221313477e-02
1.106039062142372131e-02
1.176165603101253510e-02
1.162024214863777161e-02
1.133234892040491104e-02
1.177031826227903366e-02
1.168789714574813843e-02
1.168013736605644226e-02
1.144293323159217834e-02
1.097170077264308929e-02
1.119798980653285980e-02
1.157671492546796799e-02
1.083741523325443268e-02
1.153982151299715042e-02
1.150348037481307983e-02
1.144915539771318436e-02
1.158396340906620026e-02
1.171013619750738144e-02
1.127943582832813263e-02
1.160537265241146088e-02
1.121573336422443390e-02
1.107756234705448151e-02
1.149471569806337357e-02
1.115797087550163269e-02
1.163208391517400742e-02
1.147585362195968628e-02
1.208837609738111496e-02
1.171140745282173157e-02
1.120698265731334686e-02
1.173555012792348862e-02
1.118456386029720306e-02
1.175278238952159882e-02
1.137834042310714722e-02
1.157921366393566132e-02
1.157537195831537247e-02
1.173826586455106735e-02
1.161306072026491165e-02
1.150302961468696594e-02
1.150321587920188904e-02
1.180395949631929398e-02
1.169008575379848480e-02
1.107348687946796417e-02
1.106908451765775681e-02
1.116173528134822845e-02
1.103383675217628479e-02
1.160829979926347733e-02
1.189570035785436630e-02
1.178498379886150360e-02
1.110152900218963623e-02
1.162819936871528625e-02
1.129628252238035202e-02
1.106703840196132660e-02
1.127950754016637802e-02
1.118640974164009094e-02
1.210984587669372559e-02
1.146472431719303131e-02
1.123154163360595703e-02
1.155325397849082947e-02
1.170914247632026672e-02
1.232315413653850555e-02
1.129453722387552261e-02
1.094654016196727753e-02
1.144171319901943207e-02
1.134819258004426956e-02
1.140639092773199081e-02
1.136791147291660309e-02
1.166940107941627502e-02
1.224047224968671799e-02
1.155703328549861908e-02
1.107904966920614243e-02
1.194235123693943024e-02
1.194046344608068466e-02
1.170017756521701813e-02
1.227626670151948929e-02
1.103551778942346573e-02
1.217030733823776245e-02
1.167397573590278625e-02
1.134016737341880798e-02
1.163287274539470673e-02
1.149433664977550507e-02
1.128364447504281998e-02
1.170067116618156433e-02
1.145626325160264969e-02
1.210382208228111267e-02
1.112885400652885437e-02
1.120528951287269592e-02
1.124568004161119461e-02
1.139809377491474152e-02
1.133094634860754013e-02
1.150296814739704132e-02
1.173078641295433044e-02
1.107149105519056320e-02
1.164822466671466827e-02
1.086874119937419891e-02
1.139487884938716888e-02
1.418742910027503967e-02
1.146202348172664642e-02
1.155965216457843781e-02
1.149858441203832626e-02
1.162435766309499741e-02
1.137286797165870667e-02
1.170292217284440994e-02
1.186268031597137451e-02
1.169086527079343796e-02
1.189493201673030853e-02
1.127274893224239349e-02
1.128074899315834045e-02
1.112479995936155319e-02
1.145721226930618286e-02
1.160280313342809677e-02
1.122895255684852600e-02
1.169699244201183319e-02
1.123091392219066620e-02
1.201435737311840057e-02
1.142341084778308868e-02
1.117279939353466034e-02
1.120243780314922333e-02
1.154310442507266998e-02
1.147500798106193542e-02
1.189891621470451355e-02
1.173367165029048920e-02
1.123178750276565552e-02
1.148086879402399063e-02
1.132149063050746918e-02
1.139324065297842026e-02
1.223337184637784958e-02
1.174218114465475082e-02
1.091314293444156647e-02
1.072674430906772614e-02
1.128763519227504730e-02
8.637494407594203949e-03
1.102058123797178268e-02
1.188018731772899628e-02
1.173861790448427200e-02
1.124243903905153275e-02
1.119259186089038849e-02
1.173477247357368469e-02
1.179758459329605103e-02
1.163529790937900543e-02
1.141866575926542282e-02
1.132884062826633453e-02
1.155819185078144073e-02
1.191499084234237671e-02
1.100399531424045563e-02
1.121246442198753357e-02
1.150776166468858719e-02
1.168494671583175659e-02
1.154212001711130142e-02
1.113019045442342758e-02
1.176259480416774750e-02
1.129560545086860657e-02
1.323241554200649261e-02
1.136526092886924744e-02
1.162312179803848267e-02
1.435245014727115631e-02
1.125825755298137665e-02
1.116887666285037994e-02
1.132428366690874100e-02
1.149672828614711761e-02
1.164304465055465698e-02
1.230314001441001892e-02
1.133404672145843506e-02
1.147353835403919220e-02
1.223194971680641174e-02
1.111836172640323639e-02
1.111983507871627808e-02
1.049996167421340942e-02
1.179011259227991104e-02
1.109791360795497894e-02
1.144688576459884644e-02
1.156144402921199799e-02
1.144442893564701080e-02
1.158083602786064148e-02
1.165985129773616791e-02
1.186466775834560394e-02
1.143614947795867920e-02
1.116633508354425430e-02
1.236545015126466751e-02
1.153350528329610825e-02
1.132055371999740601e-02
8.996765129268169403e-03
1.158468425273895264e-02
1.210643164813518524e-02
1.162476092576980591e-02
1.196975633502006531e-02
1.142648421227931976e-02
1.162738911807537079e-02
1.121984981000423431e-02
1.125647407025098801e-02
1.151139661669731140e-02
1.103868521749973297e-02
1.136205531656742096e-02
1.160001009702682495e-02
1.168414670974016190e-02
1.137668266892433167e-02
1.179718039929866791e-02
1.127441972494125366e-02
1.115482673048973083e-02
1.172290090471506119e-02
1.136584393680095673e-02
1.183756347745656967e-02
1.186614856123924255e-02
1.375514362007379532e-02
1.111041009426116943e-02
1.156896352767944336e-02
6.926672067493200302e-03
1.126653514802455902e-02
1.137813273817300797e-02
1.136797852814197540e-02
1.159370690584182739e-02
1.156949717551469803e-02
1.166993286460638046e-02
1.112760417163372040e-02
1.159388758242130280e-02
1.144673861563205719e-02
1.149735972285270691e-02
1.137307565659284592e-02
1.105279661715030670e-02
1.124888565391302109e-02
1.200704555958509445e-02
1.131086423993110657e-02
1.172598265111446381e-02
7.831433787941932678e-03
1.163217332214117050e-02
1.116775441914796829e-02
1.121048629283905029e-02
1.143317483365535736e-02
1.160817593336105347e-02
1.143668405711650848e-02
1.115878485143184662e-02
1.117653213441371918e-02
1.136941928416490555e-02
1.144928578287363052e-02
1.096316426992416382e-02
1.100761443376541138e-02
1.166902668774127960e-02
1.135709043592214584e-02
1.104914024472236633e-02
1.095320936292409897e-02
1.144715491682291031e-02
1.183251850306987762e-02
1.144483685493469238e-02
1.161142997443675995e-02
1.149578299373388290e-02
1.147626899182796478e-02
1.148264482617378235e-02
1.139563694596290588e-02
1.176778785884380341e-02
1.172788813710212708e-02
1.114584691822528839e-02
1.137708500027656555e-02
1.192449964582920074e-02
1.169580779969692230e-02
1.137698628008365631e-02
1.126355677843093872e-02
1.121238339692354202e-02
1.170060411095619202e-02
1.126612722873687744e-02
1.172444224357604980e-02
1.159342192113399506e-02
1.172377169132232666e-02
1.140588894486427307e-02
1.099060848355293274e-02
1.132353208959102631e-02
1.207454316318035126e-02
1.146156992763280869e-02
1.160004176199436188e-02
1.144665107131004333e-02
1.149840932339429855e-02
1.148600317537784576e-02
1.125708315521478653e-02
1.156696025282144547e-02
1.124678365886211395e-02
1.176736317574977875e-02
1.156305149197578430e-02
1.143387984484434128e-02
1.167118828743696213e-02
1.103323604911565781e-02
1.192909758538007736e-02
1.141888182610273361e-02
1.139586232602596283e-02
1.121153216809034348e-02
1.288446038961410522e-02
1.211155019700527191e-02
1.136952824890613556e-02
1.145419292151927948e-02
1.120736636221408844e-02
1.158518902957439423e-02
1.138073019683361053e-02
1.120145246386528015e-02
1.160959620028734207e-02
1.147149875760078430e-02
1.188362948596477509e-02
1.171062979847192764e-02
1.209808047860860825e-02
1.156476698815822601e-02
1.145620085299015045e-02
1.148997526615858078e-02
1.151297241449356079e-02
1.145666092634201050e-02
1.117387041449546814e-02
1.118853688240051270e-02
1.132475864142179489e-02
1.229859888553619385e-02
1.166746020317077637e-02
1.164928916841745377e-02
1.124148722738027573e-02
1.173463743180036545e-02
1.156847365200519562e-02
1.164924725890159607e-02
1.156541146337985992e-02
1.104490738362073898e-02
1.207372359931468964e-02
1.152961514890193939e-02
1.131831295788288116e-02
1.154996454715728760e-02
1.124266162514686584e-02
1.136991940438747406e-02
1.167881116271018982e-02
1.135671697556972504e-02
1.148336939513683319e-02
1.171806361526250839e-02
1.154438965022563934e-02
1.233515888452529907e-02
1.174256298691034317e-02
1.188203506171703339e-02
1.204784307628870010e-02
1.097207143902778625e-02
1.152640022337436676e-02
1.149792596697807312e-02
1.434089429676532745e-02
1.188548468053340912e-02
1.075047254562377930e-02
1.135120261460542679e-02
1.175482291728258133e-02
1.205032877624034882e-02
1.148449443280696869e-02
1.144344732165336609e-02
1.167944911867380142e-02
1.147831976413726807e-02
1.212657615542411804e-02
1.139783486723899841e-02
8.846227079629898071e-03
1.114453654736280441e-02
1.056706719100475311e-02
1.149661093950271606e-02
1.174028869718313217e-02
1.163807418197393417e-02
1.152267120778560638e-02
1.123324502259492874e-02
8.167190477252006531e-03
1.132140867412090302e-02
1.125814020633697510e-02
1.116335391998291016e-02
1.118926610797643661e-02
1.097971014678478241e-02
1.187616586685180664e-02
1.125367917120456696e-02
1.312882173806428909e-02
1.110857538878917694e-02
1.180203445255756378e-02
1.129854749888181686e-02
1.156429201364517212e-02
1.148283481597900391e-02
1.227180473506450653e-02
1.114365458488464355e-02
1.096113398671150208e-02
1.197799481451511383e-02
1.118367724120616913e-02
1.110784709453582764e-02
1.107272133231163025e-02
1.179854758083820343e-02
1.248181425034999847e-02
1.151923462748527527e-02
1.163863576948642731e-02
1.119017414748668671e-02
1.150439679622650146e-02
1.153938844799995422e-02
1.157888956367969513e-02
1.125835906714200974e-02
1.157322712242603302e-02
1.128935255110263824e-02
1.140408497303724289e-02
1.173384208232164383e-02
6.987661588937044144e-03
1.169176027178764343e-02
1.165071688592433929e-02
1.205404289066791534e-02
1.149749942123889923e-02
1.194969750940799713e-02
1.107680611312389374e-02
1.116611901670694351e-02
1.136345975100994110e-02
1.192579884082078934e-02
1.147402171045541763e-02
1.148064341396093369e-02
1.121710054576396942e-02
1.142967306077480316e-02
1.168235205113887787e-02
1.129517517983913422e-02
1.128135714679956436e-02
1.163725834339857101e-02
1.156504917889833450e-02
1.120334491133689880e-02
1.131429895758628845e-02
1.165254134684801102e-02
1.133057288825511932e-02
1.122310943901538849e-02
1.160851120948791504e-02
1.120808906853199005e-02
1.131426170468330383e-02
1.152874529361724854e-02
1.226081699132919312e-02
1.099194958806037903e-02
1.098375953733921051e-02
1.120118424296379089e-02
9.726762771606445312e-03
1.201481744647026062e-02
1.147816702723503113e-02
1.162222679704427719e-02
1.122714299708604813e-02
1.128514949232339859e-02
1.174149010330438614e-02
1.156070362776517868e-02
1.062726136296987534e-02
1.191395428031682968e-02
1.122881844639778137e-02
1.147612370550632477e-02
1.126050483435392380e-02
1.203994639217853546e-02
1.125201303511857986e-02
1.125240512192249298e-02
1.146571896970272064e-02
1.140633597970008850e-02
1.105529163032770157e-02
1.163465995341539383e-02
1.106285862624645233e-02
1.141265500336885452e-02
1.142924465239048004e-02
1.146789547055959702e-02
1.086783595383167267e-02
1.140476297587156296e-02
1.155228912830352783e-02
1.175995916128158569e-02
1.123080402612686157e-02
1.194259431213140488e-02
1.138270460069179535e-02
1.234873570501804352e-02
1.126834284514188766e-02
1.565318740904331207e-02
1.113195158541202545e-02
1.187815703451633453e-02
1.168569922447204590e-02
1.047504786401987076e-02
1.158017385751008987e-02
1.178036537021398544e-02
1.139260828495025635e-02
1.161953620612621307e-02
1.112260762602090836e-02
1.132758054882287979e-02
1.226382888853549957e-02
1.167141180485486984e-02
1.135112158954143524e-02
1.133914291858673096e-02
1.136350817978382111e-02
1.114480849355459213e-02
1.231947168707847595e-02
1.135209295898675919e-02
1.138915307819843292e-02
1.473993994295597076e-02
1.123372465372085571e-02
1.167486794292926788e-02
1.154684182256460190e-02
1.142708025872707367e-02
1.199803687632083893e-02
1.186809409409761429e-02
1.135131902992725372e-02
1.185171306133270264e-02
1.078834943473339081e-02
1.149589568376541138e-02
1.150876283645629883e-02
1.111811026930809021e-02
1.126363128423690796e-02
1.170887425541877747e-02
1.183715369552373886e-02
1.160147693008184433e-02
1.172458287328481674e-02
1.195028796792030334e-02
9.845992550253868103e-03
1.171667501330375671e-02
1.094792783260345459e-02
1.148308720439672470e-02
1.123095583170652390e-02
1.151482947170734406e-02
1.116883195936679840e-02
1.193014625459909439e-02
1.150974165648221970e-02
1.113740168511867523e-02
1.144754327833652496e-02
1.004385296255350113e-02
1.173097174614667892e-02
1.125586684793233871e-02
1.108732912689447403e-02
1.181175187230110168e-02
1.132757216691970825e-02
1.157279592007398605e-02
1.127750799059867859e-02
1.151862181723117828e-02
1.139453053474426270e-02
1.159322634339332581e-02
1.130613312125205994e-02
1.167900953441858292e-02
1.159161515533924103e-02
1.180765870958566666e-02
1.117072440683841705e-02
1.137125119566917419e-02
1.152462419122457504e-02
1.205204054713249207e-02
1.148223131895065308e-02
1.159875653684139252e-02
1.127631589770317078e-02
1.173410192131996155e-02
1.099892519414424896e-02
1.135926786810159683e-02
1.137394830584526062e-02
1.187831908464431763e-02
1.195236574858427048e-02
1.095634140074253082e-02
1.156735792756080627e-02
1.143825519829988480e-02
1.164900045841932297e-02
1.128383912146091461e-02
1.155451033264398575e-02
1.143695227801799774e-02
1.136385463178157806e-02
1.161537133157253265e-02
1.135664246976375580e-02
1.230590417981147766e-02
1.148708630353212357e-02
1.181060913950204849e-02
1.186494249850511551e-02
1.133012026548385620e-02
1.126446016132831573e-02
1.164867915213108063e-02
1.176746934652328491e-02
1.145881414413452148e-02
1.114283222705125809e-02
1.178717892616987228e-02
1.129533350467681885e-02
1.224231719970703125e-02
1.132531929761171341e-02
1.134182885289192200e-02
1.151990145444869995e-02
1.061945781111717224e-02
1.138080283999443054e-02
1.155070308595895767e-02
1.189665496349334717e-02
1.129644550383090973e-02
1.142824441194534302e-02
1.184423733502626419e-02
1.151077449321746826e-02
1.142982114106416702e-02
1.154171675443649292e-02
1.164461579173803329e-02
1.160108577460050583e-02
1.142294332385063171e-02
1.126543059945106506e-02
1.133271399885416031e-02
1.151511818170547485e-02
1.147305499762296677e-02
1.139381434768438339e-02
1.146742515265941620e-02
1.177161093801259995e-02
1.192439906299114227e-02
1.152713410556316376e-02
1.161226257681846619e-02
1.115622278302907944e-02
1.161508820950984955e-02
1.104865409433841705e-02
1.237618736922740936e-02
8.108641020953655243e-03
1.155847497284412384e-02
1.151638291776180267e-02
1.120891608297824860e-02
1.043729949742555618e-02
1.120436564087867737e-02
1.183593366295099258e-02
1.151200756430625916e-02
1.079490501433610916e-02
1.209893543273210526e-02
1.153568178415298462e-02
1.127948891371488571e-02
1.263916119933128357e-02
1.154047437012195587e-02
1.140868756920099258e-02
1.122066285461187363e-02
1.143199112266302109e-02
1.161972340196371078e-02
1.100918091833591461e-02
1.184020377695560455e-02
1.505446620285511017e-02
1.151128672063350677e-02
1.181638892740011215e-02
1.159976981580257416e-02
1.162825711071491241e-02
1.149045024067163467e-02
1.037887483835220337e-02
1.179150305688381195e-02
1.070677023380994797e-02
1.217239629477262497e-02
1.162546500563621521e-02
1.185521110892295837e-02
1.132237259298563004e-02
1.166987698525190353e-02
1.118429098278284073e-02
1.125075854361057281e-02
1.148803904652595520e-02
1.147547736763954163e-02
1.125496439635753632e-02
1.116850413382053375e-02
1.152289286255836487e-02
1.021780259907245636e-02
1.112800929695367813e-02
1.102248392999172211e-02
1.130909658968448639e-02
1.189582981169223785e-02
1.183406263589859009e-02
1.124483160674571991e-02
1.116639748215675354e-02
1.143778115510940552e-02
1.135029643774032593e-02
1.187327317893505096e-02
1.167914643883705139e-02
1.141179911792278290e-02
1.147415116429328918e-02
1.128863729536533356e-02
9.648397564888000488e-03
1.126210857182741165e-02
1.131717395037412643e-02
1.166707929223775864e-02
1.147496420890092850e-02
1.139926724135875702e-02
1.147854607552289963e-02
1.177222654223442078e-02
1.178141217678785324e-02
1.168599538505077362e-02
1.104671508073806763e-02
1.173167489469051361e-02
1.146105490624904633e-02
1.261044852435588837e-02
1.138398982584476471e-02
1.165229082107543945e-02
1.182099618017673492e-02
9.936489164829254150e-03
1.167907752096652985e-02
1.154492702335119247e-02
1.161842793226242065e-02
1.216642465442419052e-02
1.089461799710988998e-02
1.117417402565479279e-02
1.131764799356460571e-02
1.187330950051546097e-02
1.065888442099094391e-02
1.137135736644268036e-02
1.190602872520685196e-02
1.165342424064874649e-02
1.124678738415241241e-02
1.123480126261711121e-02
1.134392153471708298e-02
1.098390482366085052e-02
9.224763140082359314e-03
1.137435063719749451e-02
1.169581897556781769e-02
1.255759969353675842e-02
1.166574470698833466e-02
1.177408732473850250e-02
1.165475044399499893e-02
1.308770664036273956e-02
1.099069975316524506e-02
1.175105012953281403e-02
1.136594638228416443e-02
1.110531762242317200e-02
1.138859800994396210e-02
1.112610474228858948e-02
1.113856397569179535e-02
1.150361448526382446e-02
1.079200580716133118e-02
1.132242660969495773e-02
1.168111898005008698e-02
1.114824227988719940e-02
1.221080310642719269e-02
1.246737968176603317e-02
9.839583188295364380e-03
1.148908212780952454e-02
1.105752121657133102e-02
1.145051140338182449e-02
1.228023506700992584e-02
1.213081553578376770e-02
1.118778437376022339e-02
1.163311395794153214e-02
1.149639673531055450e-02
1.174939423799514771e-02
1.118883490562438965e-02
1.124859973788261414e-02
1.123597659170627594e-02
1.119155995547771454e-02
1.130159385502338409e-02
1.168619003146886826e-02
9.232976473867893219e-03
1.148517429828643799e-02
1.165517419576644897e-02
1.154213678091764450e-02
1.161817274987697601e-02
1.132980082184076309e-02
1.131377182900905609e-02
1.189504656940698624e-02
1.147077232599258423e-02
1.144519541412591934e-02
1.132725086063146591e-02
1.165605057030916214e-02
1.161062810570001602e-02
1.130943093448877335e-02
1.128543075174093246e-02
1.136491354554891586e-02
1.133725419640541077e-02
1.139600761234760284e-02
1.128536090254783630e-02
1.151885371655225754e-02
1.099774427711963654e-02
1.102037169039249420e-02
1.175443548709154129e-02
1.166864112019538879e-02
1.171009242534637451e-02
1.129090785980224609e-02
1.200336776673793793e-02
1.101476699113845825e-02
1.124042458832263947e-02
1.144661940634250641e-02
1.124869566410779953e-02
1.154618524014949799e-02
1.193959452211856842e-02
1.149972714483737946e-02
1.139890868216753006e-02
1.142071746289730072e-02
1.153378281742334366e-02
1.130480878055095673e-02
1.114792749285697937e-02
1.141438819468021393e-02
1.146904006600379944e-02
1.120225712656974792e-02
1.129399240016937256e-02
1.152216549962759018e-02
1.140915043652057648e-02
1.124170608818531036e-02
1.145280897617340088e-02
1.151182595640420914e-02
1.172019634395837784e-02
1.085987873375415802e-02
1.169311255216598511e-02
1.194818876683712006e-02
1.101720519363880157e-02
1.140234433114528656e-02
9.406179189682006836e-03
1.173387002199888229e-02
1.178720872849225998e-02
1.144995633512735367e-02
1.134325377643108368e-02
1.136031560599803925e-02
1.172042544931173325e-02
1.101742684841156006e-02
1.176501996815204620e-02
1.129927486181259155e-02
1.214762497693300247e-02
1.117427647113800049e-02
1.137068308889865875e-02
1.140791457146406174e-02
1.154539920389652252e-02
1.199641078710556030e-02
1.130418386310338974e-02
1.148256845772266388e-02
1.126074697822332382e-02
1.147202774882316589e-02
1.111376471817493439e-02
1.038203574717044830e-02
1.170159876346588135e-02
1.114325225353240967e-02
1.127657387405633926e-02
1.161860488355159760e-02
1.151581853628158569e-02
1.155424769967794418e-02
1.175871305167675018e-02
1.195813063532114029e-02
1.188333518803119659e-02
1.028970815241336823e-02
1.190546154975891113e-02
1.177200488746166229e-02
1.144651323556900024e-02
1.140935905277729034e-02
1.133979950100183487e-02
1.169025897979736328e-02
1.142161898314952850e-02
1.177643612027168274e-02
1.234716176986694336e-02
1.180810853838920593e-02
1.161477994173765182e-02
1.138953305780887604e-02
1.134793367236852646e-02
1.107916049659252167e-02
1.159202400594949722e-02
1.179325394332408905e-02
1.127654127776622772e-02
1.166197378188371658e-02
1.140680164098739624e-02
1.158846821635961533e-02
1.138317957520484924e-02
1.137730572372674942e-02
1.121675223112106323e-02
1.058686245232820511e-02
1.079356856644153595e-02
1.141595374792814255e-02
1.140706706792116165e-02
1.127566676586866379e-02
1.135757938027381897e-02
1.174592599272727966e-02
1.212820503860712051e-02
1.171059347689151764e-02
1.176156848669052124e-02
1.116788387298583984e-02
1.139392796903848648e-02
1.197871379554271698e-02
1.121246814727783203e-02
1.139651611447334290e-02
1.189947500824928284e-02
1.133998297154903412e-02
1.158156804740428925e-02
1.150327920913696289e-02
1.117948070168495178e-02
1.139282807707786560e-02
1.138505525887012482e-02
1.091632246971130371e-02
1.166758965700864792e-02
1.163955219089984894e-02
1.104051619768142700e-02
1.163401082158088684e-02
1.156619749963283539e-02
1.121959462761878967e-02
1.151590794324874878e-02
1.186822447925806046e-02
1.142203994095325470e-02
1.187070086598396301e-02
1.150117814540863037e-02
1.077710837125778198e-02
1.141158305108547211e-02
1.149090379476547241e-02
8.813638240098953247e-03
1.153604313731193542e-02
1.132453139871358871e-02
1.164005789905786514e-02
1.129271090030670166e-02
1.155502535402774811e-02
1.121448911726474762e-02
1.124529447406530380e-02
1.059276424348354340e-02
1.180907245725393295e-02
1.130061969161033630e-02
1.144484058022499084e-02
1.110832951962947845e-02
1.131725125014781952e-02
1.168709248304367065e-02
1.139837782829999924e-02
1.096640992909669876e-02
1.121955178678035736e-02
1.253293547779321671e-02
1.114270091056823730e-02
1.096955128014087677e-02
1.157601550221443176e-02
1.149703841656446457e-02
1.182608678936958313e-02
1.152418367564678192e-02
1.123678404837846756e-02
1.194814965128898621e-02
1.130485348403453827e-02
1.150108966976404190e-02
1.153097301721572876e-02
1.143633853644132614e-02
1.157095935195684433e-02
1.146540232002735138e-02
1.276871562004089355e-02
1.130534708499908447e-02
1.148618385195732117e-02
1.019462570548057556e-02
1.168626733124256134e-02
1.114328019320964813e-02
1.158421393483877182e-02
1.243141479790210724e-02
1.160556636750698090e-02
1.150443963706493378e-02
1.057790312916040421e-02
1.157430931925773621e-02
1.148103270679712296e-02
1.162172853946685791e-02
1.149313244968652725e-02
1.100696343928575516e-02
1.173816341906785965e-02
1.165591552853584290e-02
1.139324717223644257e-02
1.210101321339607239e-02
1.170561835169792175e-02
1.124496385455131531e-02
1.165212970227003098e-02
1.159460470080375671e-02
1.149075850844383240e-02
1.178785227239131927e-02
1.109847333282232285e-02
1.139549165964126587e-02
1.162469200789928436e-02
1.137929502874612808e-02
1.198077388107776642e-02
1.092787086963653564e-02
1.138766855001449585e-02
8.982263505458831787e-03
1.193615421652793884e-02
1.145667582750320435e-02
1.104297861456871033e-02
