<system>Protocol: Active. Attitude: Sassy.</system>
1.247177086770534515e-02
1.191792357712984085e-02
1.187604479491710663e-02
1.212415285408496857e-02
1.239617448300123215e-02
1.228431053459644318e-02
1.196604594588279724e-02
1.188443787395954132e-02
1.197960693389177322e-02
1.194557733833789825e-02
1.193394232541322708e-02
1.204120460897684097e-02
1.184573955833911896e-02
7.725861854851245880e-03
1.210922561585903168e-02
1.188144087791442871e-02
1.199345663189888000e-02
1.198501512408256531e-02
1.189685240387916565e-02
1.189221441745758057e-02
1.205940358340740204e-02
1.202813535928726196e-02
1.198429241776466370e-02
1.251702755689620972e-02
1.176877133548259735e-02
1.206513494253158569e-02
1.186327449977397919e-02
1.214529573917388916e-02
1.225151680409908295e-02
1.165989227592945099e-02
1.204621233046054840e-02
1.199087873101234436e-02
1.200813334435224533e-02
1.210543513298034668e-02
1.226061303168535233e-02
1.203231699764728546e-02
1.192166842520236969e-02
1.206113118678331375e-02
1.196325756609439850e-02
1.203832961618900299e-02
1.231332868337631226e-02
1.190052274614572525e-02
1.201791595667600632e-02
1.213569846004247665e-02
1.194331701844930649e-02
1.220796350389719009e-02
1.201293710619211197e-02
1.210638508200645447e-02
1.200369372963905334e-02
1.210039295256137848e-02
1.214270014315843582e-02
1.216608285903930664e-02
1.179304718971252441e-02
1.216467190533876419e-02
1.240413449704647064e-02
1.217420492321252823e-02
1.215814985334873199e-02
1.189858093857765198e-02
1.205178909003734589e-02
1.199072413146495819e-02
1.206263341009616852e-02
1.246485859155654907e-02
1.181685645133256912e-02
1.222849823534488678e-02
9.960850700736045837e-03
1.017286721616983414e-02
1.017466839402914047e-02
9.898110292851924896e-03
1.024040393531322479e-02
1.003398746252059937e-02
9.927345439791679382e-03
1.002853643149137497e-02
9.911858476698398590e-03
1.012290827929973602e-02
9.915882721543312073e-03
1.009414717555046082e-02
1.015992742031812668e-02
9.782399982213973999e-03
1.018792763352394104e-02
1.005229912698268890e-02
9.756254032254219055e-03
1.002978254109621048e-02
9.853245690464973450e-03
9.946451522409915924e-03
1.009086892008781433e-02
1.021149754524230957e-02
9.825920686125755310e-03
1.007576007395982742e-02
1.015430130064487457e-02
9.850055910646915436e-03
1.000190712511539459e-02
9.763898327946662903e-03
1.025557704269886017e-02
1.028101053088903427e-02
9.881980717182159424e-03
9.991748258471488953e-03
1.024545915424823761e-02
1.037436909973621368e-02
7.716666907072067261e-03
9.929277002811431885e-03
9.807130321860313416e-03
8.639315143227577209e-03
1.040831115096807480e-02
1.002081576734781265e-02
9.884540922939777374e-03
9.659102186560630798e-03
1.001333445310592651e-02
1.001736707985401154e-02
9.975096210837364197e-03
1.003755163401365280e-02
1.009811740368604660e-02
9.747161529958248138e-03
9.273597970604896545e-03
1.021704543381929398e-02
1.023433916270732880e-02
1.039766613394021988e-02
9.978558868169784546e-03
1.064660213887691498e-02
1.023568771779537201e-02
1.015107333660125732e-02
1.023802533745765686e-02
1.027226541191339493e-02
1.009256951510906219e-02
9.754186496138572693e-03
1.028598658740520477e-02
1.015138998627662659e-02
9.886035695672035217e-03
1.004885230213403702e-02
1.107616163790225983e-02
1.073864568024873734e-02
1.086404360830783844e-02
1.056604459881782532e-02
1.097679045051336288e-02
1.067644171416759491e-02
1.084814686328172684e-02
1.110568828880786896e-02
1.101540308445692062e-02
1.103654410690069199e-02
1.081252563744783401e-02
1.067393273115158081e-02
1.106359530240297318e-02
5.744231864809989929e-03
1.102283783257007599e-02
1.078598946332931519e-02
1.110388990491628647e-02
1.102935336530208588e-02
1.093747653067111969e-02
1.084942184388637543e-02
1.072686165571212769e-02
1.079467963427305222e-02
1.082126609981060028e-02
1.091356761753559113e-02
1.087604649364948273e-02
1.094561442732810974e-02
1.101441588252782822e-02
1.101681962609291077e-02
1.104200072586536407e-02
1.080394163727760315e-02
1.106003858149051666e-02
1.057580765336751938e-02
1.092624105513095856e-02
1.060724630951881409e-02
1.119542960077524185e-02
1.088765729218721390e-02
1.089168805629014969e-02
1.094620209187269211e-02
1.057189237326383591e-02
1.084046997129917145e-02
1.066102180629968643e-02
1.090340688824653625e-02
1.067561469972133636e-02
1.093420386314392090e-02
1.096014026552438736e-02
1.080837938934564590e-02
1.075531356036663055e-02
1.082829944789409637e-02
1.083399355411529541e-02
1.092966739088296890e-02
1.121274195611476898e-02
1.096140220761299133e-02
1.101824641227722168e-02
1.100478135049343109e-02
1.089075952768325806e-02
1.087955944240093231e-02
1.095659192651510239e-02
1.112702488899230957e-02
1.095015089958906174e-02
1.086623035371303558e-02
1.095035951584577560e-02
1.097716763615608215e-02
1.112742256373167038e-02
1.100996695458889008e-02
1.254004053771495819e-02
1.221363991498947144e-02
1.318163983523845673e-02
1.236474234610795975e-02
1.320212800055742264e-02
1.280053239315748215e-02
1.287412457168102264e-02
1.174212526530027390e-02
1.199531741440296173e-02
1.222543511539697647e-02
1.095422636717557907e-02
8.772106841206550598e-03
1.248799357563257217e-02
1.279154792428016663e-02
1.240826118737459183e-02
1.216350775212049484e-02
1.178844179958105087e-02
1.182822510600090027e-02
1.282390207052230835e-02
1.215602364391088486e-02
1.209932751953601837e-02
1.248997449874877930e-02
1.154159847646951675e-02
1.231450866907835007e-02
1.223300863057374954e-02
1.167527213692665100e-02
1.264222897589206696e-02
1.274787075817584991e-02
1.249641180038452148e-02
1.238778419792652130e-02
1.250006444752216339e-02
1.228172145783901215e-02
1.253241486847400665e-02
1.284119114279747009e-02
1.256749778985977173e-02
1.260862592607736588e-02
1.262422837316989899e-02
1.276926137506961823e-02
1.163333468139171600e-02
1.227131579071283340e-02
1.274822838604450226e-02
1.291902549564838409e-02
1.237726397812366486e-02
1.242307387292385101e-02
1.267345529049634933e-02
1.209598779678344727e-02
1.234381459653377533e-02
1.258009672164916992e-02
1.299905776977539062e-02
1.225324347615242004e-02
1.276702992618083954e-02
1.287955045700073242e-02
1.236612908542156219e-02
1.251814700663089752e-02
1.206049788743257523e-02
1.239670999348163605e-02
1.225257758051156998e-02
1.156434603035449982e-02
1.274530217051506042e-02
1.249017193913459778e-02
1.230908185243606567e-02
1.279328390955924988e-02
1.324254646897315979e-02
1.255623996257781982e-02
