<system>Protocol: Active. Attitude: Sassy.</system>
1.457885466516017914e-02
1.462073717266321182e-02
1.370106264948844910e-02
1.389871630817651749e-02
1.466480176895856857e-02
1.431002561002969742e-02
1.427693292498588562e-02
1.362520549446344376e-02
1.402941066771745682e-02
1.419015135616064072e-02
1.375909522175788879e-02
1.441960129886865616e-02
1.239009574055671692e-02
1.441460289061069489e-02
1.438250299543142319e-02
1.417648233473300934e-02
1.267457567155361176e-02
1.421552337706089020e-02
1.383267994970083237e-02
1.425039395689964294e-02
1.435900572687387466e-02
1.375551894307136536e-02
1.388379652053117752e-02
1.378583628684282303e-02
1.399977598339319229e-02
1.446678396314382553e-02
1.429946813732385635e-02
1.428500749170780182e-02
1.442973967641592026e-02
1.461555715650320053e-02
1.044465228915214539e-02
1.380476634949445724e-02
1.342452690005302429e-02
1.451945956796407700e-02
1.409698929637670517e-02
6.947532296180725098e-03
1.336038764566183090e-02
1.458817999809980392e-02
1.423765812069177628e-02
1.276129204779863358e-02
1.398737449198961258e-02
1.363847497850656509e-02
1.464098971337080002e-02
1.408521924167871475e-02
1.306496933102607727e-02
1.364208757877349854e-02
1.409485284239053726e-02
9.225885383784770966e-03
1.436144951730966568e-02
1.424371916800737381e-02
1.382530573755502701e-02
1.404950860887765884e-02
1.462159119546413422e-02
1.426907256245613098e-02
1.350665371865034103e-02
1.396944746375083923e-02
1.426991261541843414e-02
1.379047892987728119e-02
1.376176439225673676e-02
1.370485778898000717e-02
1.436496619135141373e-02
1.400572620332241058e-02
1.404917612671852112e-02
1.418458856642246246e-02
1.425140257924795151e-02
1.404752209782600403e-02
1.413633860647678375e-02
1.407498493790626526e-02
1.412528194487094879e-02
1.290068309754133224e-02
1.380788721144199371e-02
9.319185279309749603e-03
1.422509830445051193e-02
1.477667596191167831e-02
1.375964004546403885e-02
1.418871339410543442e-02
1.349575817584991455e-02
1.451097056269645691e-02
1.450317725539207458e-02
7.856873795390129089e-03
1.420176587998867035e-02
1.409061625599861145e-02
1.420098543167114258e-02
1.358549948781728745e-02
1.467667147517204285e-02
1.429472304880619049e-02
1.427575945854187012e-02
1.439755316823720932e-02
1.446473319083452225e-02
1.297917123883962631e-02
1.374903041869401932e-02
1.364665850996971130e-02
1.409311220049858093e-02
1.464331150054931641e-02
1.439783815294504166e-02
1.421003602445125580e-02
1.437491178512573242e-02
1.369073335081338882e-02
1.428082305938005447e-02
1.182123459875583649e-02
1.434547826647758484e-02
1.419314183294773102e-02
1.441246923059225082e-02
1.401719171553850174e-02
1.410486456006765366e-02
1.415536087006330490e-02
1.403554156422615051e-02
1.414775755256414413e-02
1.396706420928239822e-02
1.409349404275417328e-02
1.337928697466850281e-02
1.288324873894453049e-02
1.291208621114492416e-02
1.169339753687381744e-02
1.350963953882455826e-02
1.358861289918422699e-02
1.419799402356147766e-02
1.333509758114814758e-02
1.331580337136983871e-02
1.349464897066354752e-02
1.398761663585901260e-02
1.412315014749765396e-02
1.348062977194786072e-02
1.386175211519002914e-02
1.412789896130561829e-02
1.362619083374738693e-02
1.447534188628196716e-02
1.373093482106924057e-02
1.419848203659057617e-02
1.347713824361562729e-02
1.454873476177453995e-02
1.396014168858528137e-02
1.359090488404035568e-02
1.420536730438470840e-02
1.349640823900699615e-02
1.400145515799522400e-02
1.451119221746921539e-02
1.471600774675607681e-02
1.446560118347406387e-02
1.375782117247581482e-02
1.437131129205226898e-02
1.420697662979364395e-02
1.427896972745656967e-02
1.387366373091936111e-02
1.449364516884088516e-02
1.436121668666601181e-02
1.266697887331247330e-02
1.262014266103506088e-02
1.444592699408531189e-02
1.388459280133247375e-02
1.140053290873765945e-02
1.460545416921377182e-02
1.435102615505456924e-02
1.428209897130727768e-02
1.350435614585876465e-02
1.325272955000400543e-02
1.242155395448207855e-02
1.406315527856349945e-02
1.380251906812191010e-02
1.364878751337528229e-02
1.435341313481330872e-02
1.389898639172315598e-02
1.355429645627737045e-02
1.419155020266771317e-02
1.431178208440542221e-02
1.455443259328603745e-02
1.429284457117319107e-02
1.380206551402807236e-02
1.451476570218801498e-02
1.388728339225053787e-02
1.446726080030202866e-02
1.422587409615516663e-02
1.479657925665378571e-02
1.369285583496093750e-02
1.469165459275245667e-02
1.426839549094438553e-02
1.360474247485399246e-02
1.425626873970031738e-02
1.366787590086460114e-02
1.378670707345008850e-02
1.395277772098779678e-02
1.430007256567478180e-02
1.478026434779167175e-02
1.379195135086774826e-02
1.247079670429229736e-02
1.362135913223028183e-02
1.421544887125492096e-02
1.397035643458366394e-02
1.389987487345933914e-02
1.217345520853996277e-02
1.389865484088659286e-02
1.328201219439506531e-02
1.308275200426578522e-02
1.341369748115539551e-02
1.321107707917690277e-02
1.307652797549962997e-02
1.351646427065134048e-02
1.356448139995336533e-02
1.242376863956451416e-02
1.351215876638889313e-02
1.398982480168342590e-02
1.430503092706203461e-02
1.198821980506181717e-02
1.364040654152631760e-02
1.392679009586572647e-02
1.429039333015680313e-02
1.406408939510583878e-02
1.392555236816406250e-02
1.445657853037118912e-02
1.431091409176588058e-02
1.440825778990983963e-02
1.323133055120706558e-02
1.196619588881731033e-02
1.361945271492004395e-02
1.202907878905534744e-02
1.369043532758951187e-02
1.417063549160957336e-02
1.363575737923383713e-02
1.379481516778469086e-02
1.204976998269557953e-02
1.069307234138250351e-02
1.449391525238752365e-02
1.374147739261388779e-02
8.764857426285743713e-03
1.431534904986619949e-02
1.448484417051076889e-02
1.433693245053291321e-02
1.488005835562944412e-02
1.448818109929561615e-02
1.342385355383157730e-02
1.428441051393747330e-02
1.120207644999027252e-02
1.389953494071960449e-02
1.437061186879873276e-02
1.407949533313512802e-02
1.449026074260473251e-02
1.353334821760654449e-02
1.447349227964878082e-02
1.313603483140468597e-02
1.295769773423671722e-02
1.427833829075098038e-02
1.392303965985774994e-02
1.454547047615051270e-02
1.255683694034814835e-02
1.338511984795331955e-02
1.278113201260566711e-02
1.418467797338962555e-02
1.237740553915500641e-02
1.481547951698303223e-02
1.446097251027822495e-02
1.426947116851806641e-02
1.293493155390024185e-02
1.352865621447563171e-02
1.373709086328744888e-02
1.419268921017646790e-02
1.366147957742214203e-02
1.432951446622610092e-02
1.377024035900831223e-02
1.471513882279396057e-02
1.413383986800909042e-02
1.390321645885705948e-02
1.394534204155206680e-02
1.408418174833059311e-02
1.336449291557073593e-02
1.380130369216203690e-02
1.453303918242454529e-02
1.416464801877737045e-02
1.387705281376838684e-02
1.427736878395080566e-02
1.425398793071508408e-02
1.421201787889003754e-02
1.397677697241306305e-02
1.373832765966653824e-02
1.371395867317914963e-02
1.371564902365207672e-02
8.699264377355575562e-03
1.442655082792043686e-02
1.446951832622289658e-02
1.412569638341665268e-02
1.322088576853275299e-02
1.417674496769905090e-02
1.338764932006597519e-02
1.397082488983869553e-02
1.435899175703525543e-02
1.398173533380031586e-02
1.335582043975591660e-02
1.402028743177652359e-02
1.445853151381015778e-02
1.427678111940622330e-02
1.415049191564321518e-02
1.293968595564365387e-02
1.398773584514856339e-02
1.362067088484764099e-02
1.468336675316095352e-02
1.060240529477596283e-02
1.400899607688188553e-02
1.337846834212541580e-02
1.189838256686925888e-02
1.441676262766122818e-02
1.373583171516656876e-02
1.384925842285156250e-02
1.397521700710058212e-02
1.455514226108789444e-02
1.403096318244934082e-02
1.314791757613420486e-02
1.362021919339895248e-02
1.466285064816474915e-02
1.429723110049962997e-02
1.387838926166296005e-02
1.366717182099819183e-02
1.394007448107004166e-02
1.337538287043571472e-02
1.423593237996101379e-02
1.353868562728166580e-02
1.381774619221687317e-02
1.392341591417789459e-02
1.345787011086940765e-02
1.395811047405004501e-02
1.364236976951360703e-02
1.381447352468967438e-02
1.405432820320129395e-02
1.372068561613559723e-02
1.424595806747674942e-02
1.308579370379447937e-02
1.476197876036167145e-02
1.397746801376342773e-02
1.468650437891483307e-02
1.410276908427476883e-02
1.365486346185207367e-02
1.417501922696828842e-02
1.420643646270036697e-02
1.416071411222219467e-02
1.395474281162023544e-02
1.398059446364641190e-02
1.460301596671342850e-02
1.462952420115470886e-02
1.299068052321672440e-02
1.405659597367048264e-02
1.341403741389513016e-02
1.427693944424390793e-02
1.347258687019348145e-02
1.166740991175174713e-02
1.435902155935764313e-02
1.383495982736349106e-02
1.222057268023490906e-02
1.381951291114091873e-02
1.437320746481418610e-02
1.366015058010816574e-02
1.387891452759504318e-02
1.415287610143423080e-02
1.320385094732046127e-02
1.395952701568603516e-02
1.389793958514928818e-02
1.374115608632564545e-02
1.421597599983215332e-02
1.454133912920951843e-02
1.454586908221244812e-02
1.450522150844335556e-02
1.458141766488552094e-02
1.397070195525884628e-02
1.418585516512393951e-02
1.412331964820623398e-02
1.405153051018714905e-02
1.409876998513936996e-02
1.392834540456533432e-02
1.434554997831583023e-02
1.437384448945522308e-02
1.447356399148702621e-02
1.434741262346506119e-02
1.251686736941337585e-02
1.404201146215200424e-02
1.470817252993583679e-02
1.415849849581718445e-02
1.400023140013217926e-02
1.400758977979421616e-02
1.416010223329067230e-02
1.416857447475194931e-02
1.380651257932186127e-02
1.209715940058231354e-02
1.449337974190711975e-02
9.937494061887264252e-03
1.405732613056898117e-02
1.447854842990636826e-02
1.415130496025085449e-02
1.432671211659908295e-02
1.299450360238552094e-02
1.406328473240137100e-02
9.313943795859813690e-03
1.435661874711513519e-02
1.281867269426584244e-02
1.423826813697814941e-02
1.455192640423774719e-02
1.349438726902008057e-02
1.388195715844631195e-02
1.451559457927942276e-02
1.396896317601203918e-02
1.451281085610389709e-02
1.383483316749334335e-02
1.333276648074388504e-02
1.432391349226236343e-02
1.375432964414358139e-02
1.409858744591474533e-02
1.392110250890254974e-02
1.411542296409606934e-02
1.444716379046440125e-02
1.412470731884241104e-02
1.403998676687479019e-02
1.407209318131208420e-02
1.378931384533643723e-02
1.308539789170026779e-02
1.193991955369710922e-02
3.416283428668975830e-02
1.407841779291629791e-02
1.042861863970756531e-02
1.332298200577497482e-02
1.382128801196813583e-02
1.419832650572061539e-02
1.415044348686933517e-02
1.408656593412160873e-02
1.223015692085027695e-02
1.351478323340415955e-02
1.483015809208154678e-02
1.333247777074575424e-02
1.380566880106925964e-02
1.202225405722856522e-02
1.408740226179361343e-02
8.974833413958549500e-03
1.456072647124528885e-02
1.433551404625177383e-02
1.145249512046575546e-02
1.322518661618232727e-02
1.416741963475942612e-02
1.364637538790702820e-02
1.428330782800912857e-02
1.367529015988111496e-02
1.408171746879816055e-02
1.385662797838449478e-02
1.427313778549432755e-02
9.714039973914623260e-03
1.399562321603298187e-02
1.457433030009269714e-02
1.437894720584154129e-02
1.447947975248098373e-02
1.405729725956916809e-02
9.035015478730201721e-03
6.677348632365465164e-03
1.439254079014062881e-02
1.357963308691978455e-02
1.347707863897085190e-02
1.317000482231378555e-02
1.444888394325971603e-02
1.418789941817522049e-02
1.419187802821397781e-02
1.458866801112890244e-02
1.371208112686872482e-02
1.397241279482841492e-02
1.296877861022949219e-02
1.331065502017736435e-02
1.408359128981828690e-02
1.400196272879838943e-02
1.357476785778999329e-02
1.368945464491844177e-02
1.231985446065664291e-02
8.396274410188198090e-03
1.434479560703039169e-02
1.397548709064722061e-02
1.023149397224187851e-02
1.243832428008317947e-02
1.323829218745231628e-02
9.262437000870704651e-03
1.416412834078073502e-02
1.428423170000314713e-02
1.390262041240930557e-02
1.337646320462226868e-02
1.333493925631046295e-02
1.404066663235425949e-02
1.469486951828002930e-02
8.604388684034347534e-03
1.460645813494920731e-02
1.445797085762023926e-02
1.458282675594091415e-02
1.374130230396986008e-02
1.404388155788183212e-02
1.431682333350181580e-02
1.419024821370840073e-02
1.419515814632177353e-02
1.069534197449684143e-02
1.424342393875122070e-02
1.421168446540832520e-02
1.124476175755262375e-02
1.441292557865381241e-02
1.417055167257785797e-02
1.363802608102560043e-02
1.409460231661796570e-02
1.387142017483711243e-02
1.393762882798910141e-02
1.419764477759599686e-02
1.310166995972394943e-02
1.388503052294254303e-02
1.321817096322774887e-02
1.478732004761695862e-02
6.949442438781261444e-03
1.417433656752109528e-02
1.457230094820261002e-02
1.329357549548149109e-02
1.437341887503862381e-02
1.332642044872045517e-02
1.370879448950290680e-02
1.376081351190805435e-02
1.446197088807821274e-02
1.399008091539144516e-02
1.417878177016973495e-02
8.051781915128231049e-03
1.190899219363927841e-02
1.468054950237274170e-02
1.447531022131443024e-02
1.394818164408206940e-02
1.247563865035772324e-02
1.469104085117578506e-02
1.256549637764692307e-02
1.451491098850965500e-02
1.137263141572475433e-02
1.472941320389509201e-02
1.427736319601535797e-02
1.430153939872980118e-02
8.419224061071872711e-03
1.339481212198734283e-02
1.446620747447013855e-02
1.436789240688085556e-02
1.373168919235467911e-02
1.368988491594791412e-02
1.425808016210794449e-02
1.453280355781316757e-02
1.457792427390813828e-02
1.420637406408786774e-02
1.440493669360876083e-02
1.373839098960161209e-02
1.469863858073949814e-02
1.419567130506038666e-02
1.427747681736946106e-02
1.442655269056558609e-02
1.310616452246904373e-02
1.403669081628322601e-02
1.382791344076395035e-02
1.250698324292898178e-02
1.419778820127248764e-02
1.350190863013267517e-02
1.272434368729591370e-02
1.439908705651760101e-02
1.438687834888696671e-02
1.458528917282819748e-02
1.374257262796163559e-02
1.422443985939025879e-02
1.340521872043609619e-02
1.436523161828517914e-02
1.423837337642908096e-02
1.388213969767093658e-02
1.370401680469512939e-02
1.428688410669565201e-02
1.417839806526899338e-02
1.320850010961294174e-02
1.363107841461896896e-02
1.419917400926351547e-02
1.448000874370336533e-02
1.391234993934631348e-02
1.375216618180274963e-02
1.320706401020288467e-02
1.416284404695034027e-02
1.448965072631835938e-02
1.434876397252082825e-02
1.403540000319480896e-02
1.444141473621129990e-02
1.218139845877885818e-02
1.420720852911472321e-02
1.408674474805593491e-02
1.438944134861230850e-02
1.385344006121158600e-02
1.445445138961076736e-02
1.434014737606048584e-02
1.306987926363945007e-02
1.300792302936315536e-02
1.292647793889045715e-02
1.358234323561191559e-02
1.382625754922628403e-02
1.422359421849250793e-02
1.379047054797410965e-02
1.418676972389221191e-02
1.387664023786783218e-02
1.409368496388196945e-02
1.429862063378095627e-02
1.419077906757593155e-02
1.333367545157670975e-02
1.323315873742103577e-02
1.479505375027656555e-02
1.399255357682704926e-02
1.422499492764472961e-02
1.485356409102678299e-02
1.401163730770349503e-02
1.381510216742753983e-02
1.263407152146100998e-02
1.390694733709096909e-02
1.402376592159271240e-02
1.415076572448015213e-02
1.494191307574510574e-02
1.439432147890329361e-02
1.413775701075792313e-02
1.434911787509918213e-02
1.402120571583509445e-02
1.414188183844089508e-02
1.408234890550374985e-02
1.357287168502807617e-02
1.411334238946437836e-02
1.377237960696220398e-02
1.398555282503366470e-02
1.378737483173608780e-02
1.421131286770105362e-02
1.437080837786197662e-02
1.390845701098442078e-02
1.283914130181074142e-02
1.412259694188833237e-02
1.388492062687873840e-02
1.210635062307119370e-02
1.389811839908361435e-02
1.450731139630079269e-02
1.179950218647718430e-02
1.396093703806400299e-02
1.275759376585483551e-02
1.249026041477918625e-02
1.353395637124776840e-02
1.264049485325813293e-02
1.357082370668649673e-02
1.351303420960903168e-02
1.454301271587610245e-02
1.382168289273977280e-02
1.410459354519844055e-02
1.417282223701477051e-02
1.421548146754503250e-02
1.318828668445348740e-02
1.284165121614933014e-02
1.459548529237508774e-02
1.442811731249094009e-02
1.354736648499965668e-02
1.407591626048088074e-02
1.150561776012182236e-02
1.324512343853712082e-02
1.096665207296609879e-02
1.342042721807956696e-02
1.296524610370397568e-02
1.392889581620693207e-02
1.313162129372358322e-02
1.273665111511945724e-02
1.124916598200798035e-02
1.444084569811820984e-02
1.451626699417829514e-02
1.436595991253852844e-02
1.338277384638786316e-02
1.400892809033393860e-02
1.416952535510063171e-02
1.394464727491140366e-02
1.371121779084205627e-02
1.366321370005607605e-02
8.667130023241043091e-03
1.403379160910844803e-02
8.607804775238037109e-03
1.358576212078332901e-02
1.403106097131967545e-02
1.372849661856889725e-02
1.440687570720911026e-02
8.693485520780086517e-03
1.036120019853115082e-02
1.305563095957040787e-02
1.369094196707010269e-02
1.332658249884843826e-02
1.326817553490400314e-02
1.326394639909267426e-02
1.388919632881879807e-02
1.390387956053018570e-02
1.406852249056100845e-02
1.398123148828744888e-02
1.410757657140493393e-02
1.412638463079929352e-02
1.424447819590568542e-02
1.401264127343893051e-02
1.203858852386474609e-02
1.432914473116397858e-02
1.414634939283132553e-02
1.371354702860116959e-02
9.827296249568462372e-03
1.383429765701293945e-02
1.430165208876132965e-02
1.389685645699501038e-02
1.447108387947082520e-02
1.396768167614936829e-02
1.419928111135959625e-02
1.458084303885698318e-02
1.426230464130640030e-02
1.375103276222944260e-02
1.389394421130418777e-02
1.381556596606969833e-02
1.389920432120561600e-02
1.366338972002267838e-02
1.453643199056386948e-02
1.224439777433872223e-02
1.249539013952016830e-02
1.401514466851949692e-02
1.372024975717067719e-02
1.409141626209020615e-02
1.305566634982824326e-02
9.480101056396961212e-03
7.091952953487634659e-03
1.440954767167568207e-02
1.433577761054039001e-02
1.365754939615726471e-02
1.381058059632778168e-02
1.408822927623987198e-02
1.381763909012079239e-02
1.237575989216566086e-02
1.432800292968750000e-02
1.398103311657905579e-02
1.423260848969221115e-02
1.444018818438053131e-02
1.299138925969600677e-02
1.445961836725473404e-02
1.318771485239267349e-02
1.423716545104980469e-02
1.410122588276863098e-02
1.415226142853498459e-02
1.434635557234287262e-02
1.460344437509775162e-02
1.276328600943088531e-02
1.398793980479240417e-02
1.435820851475000381e-02
1.366175711154937744e-02
1.381691172719001770e-02
1.321311853826045990e-02
7.202325854450464249e-03
1.399765349924564362e-02
1.320896111428737640e-02
6.811483297497034073e-03
1.418689172714948654e-02
1.354635600000619888e-02
1.464872155338525772e-02
1.397579070180654526e-02
1.458474621176719666e-02
9.579314850270748138e-03
1.388739608228206635e-02
1.300867181271314621e-02
1.457844395190477371e-02
1.296238880604505539e-02
1.117431931197643280e-02
1.365005131810903549e-02
1.407537702471017838e-02
1.376144960522651672e-02
1.254713255912065506e-02
1.345865335315465927e-02
1.431895140558481216e-02
9.465832263231277466e-03
1.407161913812160492e-02
1.067218091338872910e-02
1.430484745651483536e-02
1.231986004859209061e-02
1.370525360107421875e-02
1.431985106319189072e-02
1.438460312783718109e-02
1.187902409583330154e-02
1.314858254045248032e-02
1.385600212961435318e-02
1.433554664254188538e-02
1.342129334807395935e-02
1.319020427763462067e-02
1.391389127820730209e-02
1.360191311687231064e-02
1.225321367383003235e-02
1.400419697165489197e-02
8.948556147515773773e-03
1.442464906722307205e-02
1.416058465838432312e-02
1.397553365677595139e-02
1.114959642291069031e-02
1.175583526492118835e-02
1.420844439417123795e-02
1.407910231500864029e-02
1.466448046267032623e-02
1.368496101349592209e-02
1.434482634067535400e-02
1.442892942577600479e-02
1.381382439285516739e-02
1.425765082240104675e-02
1.418986544013023376e-02
1.166515424847602844e-02
1.414248347282409668e-02
1.401950791478157043e-02
1.332181971520185471e-02
1.456164196133613586e-02
1.316691562533378601e-02
1.453111134469509125e-02
1.080978568643331528e-02
1.442301273345947266e-02
1.431341841816902161e-02
1.353567186743021011e-02
1.354603376239538193e-02
1.315474510192871094e-02
1.379891950637102127e-02
1.426103617995977402e-02
1.387106813490390778e-02
1.402119453996419907e-02
1.290100254118442535e-02
1.387107744812965393e-02
1.325245574116706848e-02
1.447243895381689072e-02
1.422458048909902573e-02
1.340414211153984070e-02
1.426921691745519638e-02
1.430526655167341232e-02
1.428556442260742188e-02
1.387738622725009918e-02
1.483961008489131927e-02
1.400944311171770096e-02
1.394172664731740952e-02
1.473989523947238922e-02
1.327721122652292252e-02
8.829509839415550232e-03
1.445853989571332932e-02
1.355622615665197372e-02
1.410546805709600449e-02
1.412759628146886826e-02
1.432251837104558945e-02
1.304936129599809647e-02
1.376843452453613281e-02
1.353896316140890121e-02
1.417885627597570419e-02
1.374028529971837997e-02
1.312336605042219162e-02
1.236034557223320007e-02
7.131781894713640213e-03
1.365609094500541687e-02
1.311758719384670258e-02
1.301706768572330475e-02
1.396941021084785461e-02
1.397641096264123917e-02
1.395229063928127289e-02
1.391448173671960831e-02
1.338734943419694901e-02
1.037681754678487778e-02
1.410148385912179947e-02
1.405976060777902603e-02
1.482139434665441513e-02
1.267118658870458603e-02
1.420238055288791656e-02
1.379896793514490128e-02
1.395242568105459213e-02
1.407012622803449631e-02
1.413694024085998535e-02
1.444717869162559509e-02
1.429151650518178940e-02
1.451468467712402344e-02
1.401087734848260880e-02
1.437956746667623520e-02
1.413608156144618988e-02
1.434665638953447342e-02
1.360709033906459808e-02
1.369230356067419052e-02
1.493344269692897797e-02
1.409934088587760925e-02
1.161983702331781387e-02
1.259247306734323502e-02
1.291061099618673325e-02
1.534213684499263763e-02
1.394566986709833145e-02
1.415224000811576843e-02
1.280985120683908463e-02
1.314451452344655991e-02
1.345509383827447891e-02
1.372418645769357681e-02
1.447917614132165909e-02
1.403071358799934387e-02
1.466727349907159805e-02
1.442297175526618958e-02
1.445581670850515366e-02
1.414530351758003235e-02
1.299284119158983231e-02
1.391439791768789291e-02
1.457998156547546387e-02
1.413578446954488754e-02
1.102325972169637680e-02
1.436869427561759949e-02
1.366091892123222351e-02
1.341507397592067719e-02
1.349140331149101257e-02
1.400879304856061935e-02
1.088911294937133789e-02
1.408379990607500076e-02
1.441456470638513565e-02
1.433543208986520767e-02
1.383022032678127289e-02
1.363953948020935059e-02
1.468098163604736328e-02
1.314823236316442490e-02
1.425928156822919846e-02
1.388694252818822861e-02
1.400573924183845520e-02
1.462129037827253342e-02
1.426717732101678848e-02
1.388336997479200363e-02
1.412768289446830750e-02
1.425251085311174393e-02
1.396328769624233246e-02
1.409155968576669693e-02
1.120910421013832092e-02
1.343468949198722839e-02
1.470983121544122696e-02
1.397207099944353104e-02
1.391345914453268051e-02
1.389388088136911392e-02
1.429748162627220154e-02
1.459072157740592957e-02
1.363253593444824219e-02
1.368745602667331696e-02
1.087758876383304596e-02
1.429966092109680176e-02
1.354447007179260254e-02
1.277461368590593338e-02
1.423461642116308212e-02
1.382170710712671280e-02
1.453016046434640884e-02
1.327750366181135178e-02
1.375990547239780426e-02
1.368254330009222031e-02
7.257838267832994461e-03
1.414094958454370499e-02
1.446735486388206482e-02
1.414407696574926376e-02
1.384186185896396637e-02
1.366312708705663681e-02
1.442587655037641525e-02
1.413997076451778412e-02
1.454150956124067307e-02
1.449489872902631760e-02
1.379779819399118423e-02
1.476238574832677841e-02
1.409893389791250229e-02
1.319350581616163254e-02
8.113760501146316528e-03
1.458830758929252625e-02
1.494161132723093033e-02
1.358273997902870178e-02
1.370843127369880676e-02
8.993610739707946777e-03
1.363293733447790146e-02
1.404390111565589905e-02
1.437122188508510590e-02
1.219834294170141220e-02
1.431778352707624435e-02
1.042199973016977310e-02
1.458625867962837219e-02
1.107707340270280838e-02
1.336254552006721497e-02
1.447331998497247696e-02
1.447053533047437668e-02
1.323258038610219955e-02
1.386222150176763535e-02
1.418908312916755676e-02
1.368448976427316666e-02
1.392878033220767975e-02
1.408065203577280045e-02
1.423888560384511948e-02
1.358232460916042328e-02
1.329945959150791168e-02
1.415936555713415146e-02
1.399506255984306335e-02
1.426382921636104584e-02
1.449609082192182541e-02
1.421535294502973557e-02
1.456676051020622253e-02
1.233620941638946533e-02
1.373215392231941223e-02
1.359599269926548004e-02
1.450908463448286057e-02
1.396134775131940842e-02
1.361687760800123215e-02
1.393185183405876160e-02
1.452335156500339508e-02
1.420063897967338562e-02
1.215696334838867188e-02
1.410169061273336411e-02
1.437478978186845779e-02
1.405155658721923828e-02
1.411351282149553299e-02
1.383003592491149902e-02
1.299501024186611176e-02
1.447176095098257065e-02
1.441228110343217850e-02
1.280440017580986023e-02
1.366232428699731827e-02
1.248481497168540955e-02
1.374936662614345551e-02
1.424565259367227554e-02
1.419566851109266281e-02
1.412338018417358398e-02
1.408632006496191025e-02
1.465354952961206436e-02
1.369587704539299011e-02
1.284943148493766785e-02
1.395977102220058441e-02
1.448845583945512772e-02
1.433741394430398941e-02
1.378916576504707336e-02
1.329714898020029068e-02
1.421218458563089371e-02
1.320455688983201981e-02
1.411601901054382324e-02
1.324469223618507385e-02
1.396789029240608215e-02
1.463406439870595932e-02
1.451372168958187103e-02
1.384690124541521072e-02
1.452586147934198380e-02
1.404879335314035416e-02
1.387706398963928223e-02
1.436338946223258972e-02
1.398026384413242340e-02
1.435077190399169922e-02
1.420595962554216385e-02
1.008227374404668808e-02
1.441983971744775772e-02
1.432077959179878235e-02
1.394511200487613678e-02
1.293372269719839096e-02
1.279668882489204407e-02
1.389412581920623779e-02
1.387752499431371689e-02
1.450696494430303574e-02
1.435076817870140076e-02
1.440181955695152283e-02
1.434813346713781357e-02
1.470312755554914474e-02
1.387629192322492599e-02
1.398901268839836121e-02
1.367461401969194412e-02
1.380415912717580795e-02
1.433952245861291885e-02
1.379350759088993073e-02
1.332943234592676163e-02
1.435740943998098373e-02
9.384876117110252380e-03
1.116257347166538239e-02
1.277936063706874847e-02
1.448679808527231216e-02
1.453850511461496353e-02
1.182705070823431015e-02
1.397498883306980133e-02
1.442954782396554947e-02
1.412575226277112961e-02
7.673863787204027176e-03
1.437404658645391464e-02
1.295794546604156494e-02
1.398456096649169922e-02
1.339370384812355042e-02
1.475106086581945419e-02
1.399831101298332214e-02
1.328645553439855576e-02
1.418785378336906433e-02
1.431151945143938065e-02
7.578298915177583694e-03
1.353603601455688477e-02
1.399515010416507721e-02
1.454375125467777252e-02
1.377058681100606918e-02
1.239768229424953461e-02
1.378546748310327530e-02
1.113518700003623962e-02
1.240672543644905090e-02
8.597266860306262970e-03
1.122855860739946365e-02
1.422621682286262512e-02
1.373314578086137772e-02
1.361266057938337326e-02
1.401673629879951477e-02
1.401256024837493896e-02
1.403895858675241470e-02
1.309500541538000107e-02
1.394938305020332336e-02
1.399728003889322281e-02
1.434650085866451263e-02
1.421300973743200302e-02
1.436775643378496170e-02
1.200704369693994522e-02
1.364297792315483093e-02
1.441544853150844574e-02
1.394350174814462662e-02
1.440502051264047623e-02
1.209713798016309738e-02
1.348047330975532532e-02
1.417458429932594299e-02
1.359630469232797623e-02
1.443957071751356125e-02
1.475115213543176651e-02
1.351823844015598297e-02
1.433000899851322174e-02
1.275113597512245178e-02
1.410042028874158859e-02
1.417236402630805969e-02
1.194671448320150375e-02
1.345612760633230209e-02
1.427714433521032333e-02
1.367392856627702713e-02
1.432894077152013779e-02
1.418830081820487976e-02
1.387029886245727539e-02
1.446921564638614655e-02
1.001979038119316101e-02
1.395631954073905945e-02
1.444275677204132080e-02
1.434003747999668121e-02
1.409975253045558929e-02
1.325948443263769150e-02
1.429747603833675385e-02
1.257308758795261383e-02
1.375183183699846268e-02
1.088247541338205338e-02
1.460140291601419449e-02
1.454329211264848709e-02
1.374358031898736954e-02
1.448416709899902344e-02
1.367277186363935471e-02
1.406461000442504883e-02
1.405060291290283203e-02
1.394940819591283798e-02
1.406472921371459961e-02
1.424353942275047302e-02
1.421353872865438461e-02
1.400704681873321533e-02
1.393858157098293304e-02
1.209791004657745361e-02
1.434052549302577972e-02
1.424862723797559738e-02
1.222083065658807755e-02
1.370718237012624741e-02
1.373890601098537445e-02
1.462272182106971741e-02
1.415299251675605774e-02
1.423763576894998550e-02
1.414929423481225967e-02
1.420480851083993912e-02
1.406771223992109299e-02
1.374181266874074936e-02
1.273686811327934265e-02
1.406907476484775543e-02
1.400834321975708008e-02
1.420581433922052383e-02
1.423063781112432480e-02
1.416886225342750549e-02
1.370745990425348282e-02
1.423057913780212402e-02
1.370636839419603348e-02
1.358997821807861328e-02
1.335524115711450577e-02
1.373670343309640884e-02
1.411867141723632812e-02
1.440266054123640060e-02
1.409298740327358246e-02
1.416759844869375229e-02
1.421367563307285309e-02
1.409552898257970810e-02
1.379809621721506119e-02
1.407579705119132996e-02
1.025959569960832596e-02
1.242585573345422745e-02
1.321684755384922028e-02
1.426949258893728256e-02
1.360171753913164139e-02
1.453909929841756821e-02
1.389862224459648132e-02
1.444815471768379211e-02
1.387162413448095322e-02
1.264432352036237717e-02
1.429647114127874374e-02
1.302961446344852448e-02
1.410462334752082825e-02
1.324319280683994293e-02
1.372932828962802887e-02
1.357158180326223373e-02
1.411139406263828278e-02
1.453854050487279892e-02
1.408306136727333069e-02
1.265819277614355087e-02
1.406839862465858459e-02
1.292879972606897354e-02
1.399652753025293350e-02
1.490023080259561539e-02
1.405470445752143860e-02
1.138062123209238052e-02
1.394555345177650452e-02
1.284544542431831360e-02
1.396536733955144882e-02
1.304549816995859146e-02
1.409998536109924316e-02
1.454364601522684097e-02
1.408866047859191895e-02
1.147260423749685287e-02
1.374890469014644623e-02
1.454771216958761215e-02
1.392753794789314270e-02
1.403284166008234024e-02
1.396285090595483780e-02
1.280802488327026367e-02
1.391186099499464035e-02
1.332924701273441315e-02
1.377843972295522690e-02
1.402080338448286057e-02
1.398606225848197937e-02
1.343883294612169266e-02
1.389792561531066895e-02
1.395025197416543961e-02
1.367153599858283997e-02
1.376463100314140320e-02
1.466940250247716904e-02
1.301436778157949448e-02
1.355370040982961655e-02
1.062197610735893250e-02
1.385862007737159729e-02
1.442032679915428162e-02
1.432154700160026550e-02
1.466900110244750977e-02
1.340626552700996399e-02
1.421171799302101135e-02
1.284183468669652939e-02
1.341831125319004059e-02
1.435939129441976547e-02
1.429474912583827972e-02
1.451495196670293808e-02
1.430527959018945694e-02
1.374953612685203552e-02
1.400699373334646225e-02
1.460000965744256973e-02
1.410207804292440414e-02
1.431346777826547623e-02
1.390759740024805069e-02
1.426219847053289413e-02
1.344480458647012711e-02
1.447133626788854599e-02
1.398583594709634781e-02
1.458146329969167709e-02
1.428214646875858307e-02
1.354213897138834000e-02
1.339402515441179276e-02
1.318001095205545425e-02
1.278754137456417084e-02
1.331777498126029968e-02
1.415510382503271103e-02
1.349518075585365295e-02
1.358208060264587402e-02
1.209744811058044434e-02
1.390074566006660461e-02
8.540773764252662659e-03
1.279553491622209549e-02
1.420594379305839539e-02
1.152266468852758408e-02
1.340864226222038269e-02
1.427548564970493317e-02
1.381103601306676865e-02
1.310682576149702072e-02
1.403100229799747467e-02
1.366044953465461731e-02
1.430836413055658340e-02
1.418682839721441269e-02
1.399745140224695206e-02
1.424095593392848969e-02
1.277566235512495041e-02
1.427269820123910904e-02
1.504097599536180496e-02
1.406482979655265808e-02
1.334440149366855621e-02
1.413997355848550797e-02
1.369855366647243500e-02
1.021792273968458176e-02
1.312297862023115158e-02
1.317651476711034775e-02
1.268284954130649567e-02
1.459302939474582672e-02
1.382668968290090561e-02
1.368522644042968750e-02
1.423574984073638916e-02
1.454663556069135666e-02
1.240335498005151749e-02
1.378859486430883408e-02
1.481404993683099747e-02
1.374989654868841171e-02
1.374222245067358017e-02
1.353322621434926987e-02
1.096076425164937973e-02
1.439173519611358643e-02
1.432359311729669571e-02
1.401527132838964462e-02
1.436750497668981552e-02
1.318551227450370789e-02
1.376103237271308899e-02
1.282792072743177414e-02
1.401138864457607269e-02
1.351985242217779160e-02
1.398119609802961349e-02
1.387729402631521225e-02
1.444406900554895401e-02
1.397357042878866196e-02
7.815781980752944946e-03
1.355690136551856995e-02
1.351038739085197449e-02
1.412287354469299316e-02
7.242463994771242142e-03
1.280088350176811218e-02
1.384767331182956696e-02
1.307906117290258408e-02
1.417689584195613861e-02
1.427938695996999741e-02
1.404199562966823578e-02
1.407987996935844421e-02
1.379040721803903580e-02
1.444204524159431458e-02
1.477397326380014420e-02
1.264685392379760742e-02
1.473697088658809662e-02
1.419672649353742599e-02
1.438606344163417816e-02
1.319815125316381454e-02
1.388498581945896149e-02
1.401641126722097397e-02
1.183237228542566299e-02
1.437491457909345627e-02
1.425594091415405273e-02
6.878464017063379288e-03
1.386494375765323639e-02
1.419899985194206238e-02
1.434675417840480804e-02
1.398180797696113586e-02
1.444081589579582214e-02
1.245297770947217941e-02
1.417958457022905350e-02
1.419006381183862686e-02
1.492186263203620911e-02
1.393585838377475739e-02
1.307919248938560486e-02
1.410856284201145172e-02
1.405553147196769714e-02
1.354122720658779144e-02
1.313356403261423111e-02
1.420081499963998795e-02
6.685598287731409073e-03
1.398538146167993546e-02
1.387655641883611679e-02
1.333157438784837723e-02
1.401891186833381653e-02
1.394988968968391418e-02
1.405350025743246078e-02
1.414201036095619202e-02
1.414763368666172028e-02
1.271962467581033707e-02
1.413969602435827255e-02
1.360435690730810165e-02
1.033394690603017807e-02
1.399037800729274750e-02
1.427857484668493271e-02
1.334351394325494766e-02
1.274802070111036301e-02
1.195298228412866592e-02
1.409816741943359375e-02
1.299021486192941666e-02
1.424701604992151260e-02
1.420575380325317383e-02
1.394249591976404190e-02
1.420954428613185883e-02
1.356898900121450424e-02
1.376375276595354080e-02
1.408863347023725510e-02
1.290859282016754150e-02
1.372107770293951035e-02
1.402849238365888596e-02
1.419019699096679688e-02
1.468765176832675934e-02
1.273463014513254166e-02
1.422181073576211929e-02
1.397196948528289795e-02
1.440500933676958084e-02
1.274919882416725159e-02
1.394084654748439789e-02
1.371727790683507919e-02
1.436161156743764877e-02
1.423612795770168304e-02
1.420241035521030426e-02
1.451875176280736923e-02
1.408168673515319824e-02
1.353762391954660416e-02
1.387454196810722351e-02
1.447199657559394836e-02
1.361151877790689468e-02
1.304399129003286362e-02
1.417075376957654953e-02
1.384310796856880188e-02
1.416212320327758789e-02
1.424621045589447021e-02
1.390509679913520813e-02
1.403073314577341080e-02
1.418318226933479309e-02
1.446162164211273193e-02
1.266024354845285416e-02
1.417519152164459229e-02
1.398646272718906403e-02
1.321012061089277267e-02
1.428815722465515137e-02
1.407806668430566788e-02
1.405301690101623535e-02
1.411564555019140244e-02
1.413240749388933182e-02
1.399989705532789230e-02
1.297644060105085373e-02
1.477667130529880524e-02
1.379143353551626205e-02
1.441923063248395920e-02
1.426748838275671005e-02
1.379729900509119034e-02
1.386569160968065262e-02
1.405262574553489685e-02
1.424969639629125595e-02
1.442454662173986435e-02
1.357226446270942688e-02
1.295936666429042816e-02
1.371302548795938492e-02
1.479190867394208908e-02
1.388903334736824036e-02
1.402874290943145752e-02
1.396067067980766296e-02
1.372055336833000183e-02
1.386100426316261292e-02
1.476949453353881836e-02
1.479795575141906738e-02
1.432516612112522125e-02
1.292852126061916351e-02
1.252679899334907532e-02
1.410506293177604675e-02
1.405563671141862869e-02
1.378437876701354980e-02
1.421436667442321777e-02
1.414272468537092209e-02
1.266871299594640732e-02
1.430304627865552902e-02
1.431707106530666351e-02
1.402516104280948639e-02
1.382254064083099365e-02
1.377953309565782547e-02
1.268565282225608826e-02
1.482233125716447830e-02
1.424452289938926697e-02
1.420540269464254379e-02
1.432878710329532623e-02
1.335479412227869034e-02
9.960039518773555756e-03
1.363939605653285980e-02
1.020993571728467941e-02
1.374142989516258240e-02
1.319567766040563583e-02
1.377241220325231552e-02
1.411617640405893326e-02
1.394998375326395035e-02
1.326899789273738861e-02
1.404798030853271484e-02
1.465367153286933899e-02
1.357251778244972229e-02
7.713809609413146973e-03
1.399117708206176758e-02
1.031101029366254807e-02
1.077355071902275085e-02
1.380515377968549728e-02
1.465501543134450912e-02
1.462142542004585266e-02
1.402003411203622818e-02
7.580635137856006622e-03
1.435252372175455093e-02
1.401533465832471848e-02
1.355851534754037857e-02
1.402254309505224228e-02
1.380649209022521973e-02
1.411756779998540878e-02
1.373629923909902573e-02
9.989476762712001801e-03
1.326440926641225815e-02
1.398713607341051102e-02
1.363754365593194962e-02
1.338056381791830063e-02
1.447066105902194977e-02
1.436772849410772324e-02
1.432545483112335205e-02
1.330810505896806717e-02
1.421106234192848206e-02
1.435422338545322418e-02
1.425631623715162277e-02
1.384572964161634445e-02
1.434325054287910461e-02
1.363742630928754807e-02
1.366348005831241608e-02
1.350327953696250916e-02
1.354148611426353455e-02
1.396696362644433975e-02
1.381977554410696030e-02
1.444146875292062759e-02
1.418629009276628494e-02
1.384948100894689560e-02
1.485640089958906174e-02
1.338652055710554123e-02
1.457896828651428223e-02
6.993815302848815918e-03
1.433947682380676270e-02
1.437866035848855972e-02
1.266532018780708313e-02
1.405096612870693207e-02
1.439723093062639236e-02
1.248322334140539169e-02
1.317999046295881271e-02
1.413565315306186676e-02
1.421301160007715225e-02
1.430766843259334564e-02
1.380754634737968445e-02
1.453286968171596527e-02
1.326557714492082596e-02
1.394593715667724609e-02
1.439914945513010025e-02
1.406673435121774673e-02
1.350168883800506592e-02
1.418239995837211609e-02
1.365175563842058182e-02
1.293823495507240295e-02
1.351062301546335220e-02
1.420047879219055176e-02
1.457600388675928116e-02
1.415455620735883713e-02
1.368904113769531250e-02
1.388366427272558212e-02
1.417580526322126389e-02
1.364102400839328766e-02
1.420567650347948074e-02
1.429535821080207825e-02
1.402315869927406311e-02
9.629551321268081665e-03
1.478059682995080948e-02
1.423218753188848495e-02
1.423033792525529861e-02
1.445660274475812912e-02
1.369618810713291168e-02
1.437291223555803299e-02
1.353879366070032120e-02
1.367062609642744064e-02
1.049090921878814697e-02
1.418705377727746964e-02
1.328826509416103363e-02
1.362165529280900955e-02
1.390128768980503082e-02
1.468782778829336166e-02
1.338681299239397049e-02
1.415201183408498764e-02
1.414804067462682724e-02
1.408146973699331284e-02
1.458669640123844147e-02
1.413734816014766693e-02
1.322014071047306061e-02
1.338802557438611984e-02
1.315317768603563309e-02
1.033947430551052094e-02
1.384934224188327789e-02
1.445752102881669998e-02
1.433675922453403473e-02
1.377334352582693100e-02
1.540605816990137100e-02
1.145119313150644302e-02
1.343967113643884659e-02
1.393134053796529770e-02
1.140141114592552185e-02
1.415871083736419678e-02
1.423261687159538269e-02
1.299049612134695053e-02
9.819071739912033081e-03
1.441962644457817078e-02
1.410691067576408386e-02
1.475962158292531967e-02
1.362113282084465027e-02
1.450497750192880630e-02
1.305581349879503250e-02
1.386102195829153061e-02
1.437336206436157227e-02
1.416678354144096375e-02
1.395706180483102798e-02
1.412265375256538391e-02
1.302217319607734680e-02
1.447972282767295837e-02
1.436837948858737946e-02
1.460001803934574127e-02
1.073726173490285873e-02
7.972962222993373871e-03
1.119817420840263367e-02
1.333052758127450943e-02
1.400871481746435165e-02
1.389740500599145889e-02
1.393765304237604141e-02
1.438402757048606873e-02
1.370754279196262360e-02
1.203542668372392654e-02
1.417992636561393738e-02
1.371633168309926987e-02
1.403431035578250885e-02
1.406439486891031265e-02
1.337904855608940125e-02
1.410181447863578796e-02
1.401228830218315125e-02
1.389322616159915924e-02
1.440565939992666245e-02
8.821121416985988617e-03
1.372469682246446609e-02
1.448014657944440842e-02
1.339040603488683701e-02
1.386734750121831894e-02
1.259681023657321930e-02
1.378490962088108063e-02
1.403298322111368179e-02
1.407117210328578949e-02
1.412498112767934799e-02
1.457913313060998917e-02
8.943632245063781738e-03
1.465606410056352615e-02
1.368862017989158630e-02
1.399543043226003647e-02
1.370940171182155609e-02
1.360230799764394760e-02
1.438724156469106674e-02
1.423264667391777039e-02
1.405509375035762787e-02
1.264125946909189224e-02
1.357823889702558517e-02
1.137568987905979156e-02
1.452422980219125748e-02
1.414703205227851868e-02
1.377782505005598068e-02
1.407499518245458603e-02
1.384778227657079697e-02
1.484404131770133972e-02
1.367721799761056900e-02
1.367495115846395493e-02
1.278777793049812317e-02
1.447947416454553604e-02
1.416692789644002914e-02
1.311871502548456192e-02
1.212707255035638809e-02
1.340802945196628571e-02
1.438683271408081055e-02
1.394625660032033920e-02
1.271251682192087173e-02
1.440380141139030457e-02
1.404297724366188049e-02
1.305485423654317856e-02
1.439010165631771088e-02
1.437146309763193130e-02
1.233480498194694519e-02
1.412525214254856110e-02
1.366251148283481598e-02
1.474657934159040451e-02
1.136165112257003784e-02
1.385542191565036774e-02
1.394635438919067383e-02
1.405535545200109482e-02
1.330176927149295807e-02
1.416240073740482330e-02
1.426270324736833572e-02
1.439850963652133942e-02
1.486808061599731445e-02
1.361941918730735779e-02
1.404567714780569077e-02
1.453486084938049316e-02
1.274674199521541595e-02
1.438598986715078354e-02
1.390502415597438812e-02
1.390664558857679367e-02
1.265507936477661133e-02
1.443046703934669495e-02
1.345429103821516037e-02
1.422838959842920303e-02
1.390626374632120132e-02
1.424700859934091568e-02
1.364286150783300400e-02
1.386804785579442978e-02
1.320337038487195969e-02
1.406029984354972839e-02
1.388373412191867828e-02
1.400856301188468933e-02
1.367780286818742752e-02
1.418817695230245590e-02
1.395846530795097351e-02
1.415353454649448395e-02
1.405447814613580704e-02
1.444332953542470932e-02
1.419723872095346451e-02
1.431155484169721603e-02
1.425116974860429764e-02
1.454440597444772720e-02
1.399712264537811279e-02
1.329949498176574707e-02
1.438974775373935699e-02
1.374101266264915466e-02
1.425442378968000412e-02
8.004157803952693939e-03
1.414632797241210938e-02
1.449391525238752365e-02
1.432369276881217957e-02
9.738394059240818024e-03
1.258729491382837296e-02
1.320030074566602707e-02
1.477229874581098557e-02
1.398939173668622971e-02
1.398475375026464462e-02
1.401427108794450760e-02
1.106011774390935898e-02
1.421445235610008240e-02
1.435940060764551163e-02
1.354639232158660889e-02
1.386627275496721268e-02
1.409245189279317856e-02
1.381872687488794327e-02
1.378552056849002838e-02
1.460103131830692291e-02
1.164314243942499161e-02
1.408003363758325577e-02
1.371458452194929123e-02
1.432869955897331238e-02
1.382266078144311905e-02
1.422028150409460068e-02
1.084570959210395813e-02
1.351935509592294693e-02
1.122374832630157471e-02
1.464065071195363998e-02
1.414101384580135345e-02
1.410386245697736740e-02
1.402937527745962143e-02
1.408916432410478592e-02
1.309396047145128250e-02
1.405892614275217056e-02
1.431885082274675369e-02
1.394570712000131607e-02
1.439922768622636795e-02
1.429389510303735733e-02
1.393981557339429855e-02
9.213290177285671234e-03
1.465442869812250137e-02
1.413481868803501129e-02
1.436447817832231522e-02
1.369669940322637558e-02
1.346502266824245453e-02
1.367475185543298721e-02
1.245638169348239899e-02
1.351092383265495300e-02
1.372317317873239517e-02
1.213997602462768555e-02
1.383523549884557724e-02
1.337442360818386078e-02
1.426413934677839279e-02
1.371585763990879059e-02
9.033819660544395447e-03
1.372172590345144272e-02
1.468731369823217392e-02
1.479962747544050217e-02
1.468342542648315430e-02
1.399446371942758560e-02
1.469405088573694229e-02
1.385853532701730728e-02
1.385796908289194107e-02
1.376543007791042328e-02
1.352441310882568359e-02
1.472960691899061203e-02
1.412394735962152481e-02
1.177268102765083313e-02
1.369582489132881165e-02
1.395621057599782944e-02
1.414207182824611664e-02
7.329817395657300949e-03
1.226991042494773865e-02
1.383694447576999664e-02
1.388373319059610367e-02
1.378344651311635971e-02
1.327165402472019196e-02
1.407661940902471542e-02
1.440816838294267654e-02
1.382721867412328720e-02
1.311287377029657364e-02
1.401472371071577072e-02
1.479184720665216446e-02
1.343408133834600449e-02
1.408226694911718369e-02
1.396870054304599762e-02
1.174258813261985779e-02
1.339312549680471420e-02
8.814480155706405640e-03
1.367027405649423599e-02
1.399143598973751068e-02
1.417679805308580399e-02
1.369742676615715027e-02
1.381895598024129868e-02
1.427954155951738358e-02
1.358831860125064850e-02
1.339341048151254654e-02
1.442803163081407547e-02
1.433620415627956390e-02
1.361667551100254059e-02
1.329536829143762589e-02
1.333551667630672455e-02
1.450914423912763596e-02
1.396260503679513931e-02
9.790978394448757172e-03
1.414191722869873047e-02
1.432105619460344315e-02
1.464671175926923752e-02
1.363370195031166077e-02
1.433479413390159607e-02
8.715104311704635620e-03
1.390226837247610092e-02
1.334638614207506180e-02
1.495932973921298981e-02
1.387412194162607193e-02
1.448751892894506454e-02
1.460571866482496262e-02
1.340378168970346451e-02
1.425687968730926514e-02
1.399097405374050140e-02
1.392891444265842438e-02
1.408036146312952042e-02
1.362507976591587067e-02
1.374477427452802658e-02
1.480696443468332291e-02
1.401779893785715103e-02
7.295187097042798996e-03
1.350449956953525543e-02
1.375257316976785660e-02
1.380517520010471344e-02
1.382586453109979630e-02
1.380511187016963959e-02
1.364079955965280533e-02
1.410504616796970367e-02
1.452895160764455795e-02
1.401834562420845032e-02
1.424663141369819641e-02
1.389940362423658371e-02
1.421107724308967590e-02
1.352294161915779114e-02
1.386498566716909409e-02
1.374967303127050400e-02
1.456976495683193207e-02
1.378179993480443954e-02
1.420856919139623642e-02
1.464589033275842667e-02
1.349600311368703842e-02
1.435438636690378189e-02
1.392083242535591125e-02
1.442380901426076889e-02
1.327986363321542740e-02
1.215050555765628815e-02
1.383929513394832611e-02
1.264341268688440323e-02
1.317641790956258774e-02
1.264616195112466812e-02
1.467014756053686142e-02
1.466851308941841125e-02
1.409143488854169846e-02
1.444853842258453369e-02
1.395083591341972351e-02
1.376152131706476212e-02
1.448895689100027084e-02
1.429307181388139725e-02
1.414801459759473801e-02
1.472473423928022385e-02
1.372258737683296204e-02
1.416943036019802094e-02
1.408385671675205231e-02
1.340842898935079575e-02
1.385670248419046402e-02
1.114581804722547531e-02
1.422509271651506424e-02
1.380547229200601578e-02
1.359276752918958664e-02
1.348331663757562637e-02
1.429662760347127914e-02
1.427797880023717880e-02
1.271178480237722397e-02
1.386843249201774597e-02
9.081535972654819489e-03
1.308049634099006653e-02
1.361727062612771988e-02
1.440570596605539322e-02
1.401285454630851746e-02
1.386126037687063217e-02
1.373849716037511826e-02
1.409378647804260254e-02
1.406812574714422226e-02
1.415334641933441162e-02
1.450646203011274338e-02
1.360176503658294678e-02
1.290433015674352646e-02
1.279494445770978928e-02
1.462785061448812485e-02
1.418112311512231827e-02
1.386740431189537048e-02
1.426268275827169418e-02
1.419759448617696762e-02
1.441536191850900650e-02
1.447490137070417404e-02
9.130713529884815216e-03
1.404604874551296234e-02
1.433737855404615402e-02
1.367249246686697006e-02
1.441850140690803528e-02
1.470600161701440811e-02
1.426287926733493805e-02
1.463100872933864594e-02
1.234408281743526459e-02
1.391279604285955429e-02
1.008491870015859604e-02
1.410847622901201248e-02
1.414946280419826508e-02
1.408005040138959885e-02
1.323179528117179871e-02
1.276369765400886536e-02
1.421965565532445908e-02
1.442198175936937332e-02
1.446353830397129059e-02
1.452192664146423340e-02
1.405032072216272354e-02
1.424041297286748886e-02
1.428341865539550781e-02
1.389186456799507141e-02
1.360463444143533707e-02
1.396739203482866287e-02
1.388837676495313644e-02
1.391429267823696136e-02
1.462259329855442047e-02
1.421854179352521896e-02
1.396496966481208801e-02
1.456530299037694931e-02
1.381851360201835632e-02
1.297513488680124283e-02
1.145453657954931259e-02
1.310061849653720856e-02
1.411176007241010666e-02
1.425901893526315689e-02
1.416334789246320724e-02
1.428394112735986710e-02
1.306668575853109360e-02
1.384954247623682022e-02
1.407385990023612976e-02
1.449855510145425797e-02
1.442714966833591461e-02
1.418803911656141281e-02
1.471413299441337585e-02
1.407178957015275955e-02
1.353761553764343262e-02
1.423794310539960861e-02
1.465554442256689072e-02
1.421558950096368790e-02
1.437310595065355301e-02
1.358321309089660645e-02
1.340097747743129730e-02
1.256536040455102921e-02
1.421129424124956131e-02
1.386221311986446381e-02
1.405955199152231216e-02
1.428508199751377106e-02
1.433381438255310059e-02
1.361965294927358627e-02
1.386972423642873764e-02
1.415387075394392014e-02
1.437627617269754410e-02
1.369001343846321106e-02
1.443007215857505798e-02
1.316196657717227936e-02
1.324193272739648819e-02
1.386660896241664886e-02
1.379769761115312576e-02
7.568095345050096512e-03
1.358473394066095352e-02
1.439968589693307877e-02
1.402659993618726730e-02
1.362509652972221375e-02
1.302600745111703873e-02
1.411376241594552994e-02
1.441834773868322372e-02
1.055574137717485428e-02
1.453622058033943176e-02
1.295817457139492035e-02
1.397167053073644638e-02
1.328656915575265884e-02
1.425537746399641037e-02
1.400258578360080719e-02
1.396971940994262695e-02
1.293752156198024750e-02
1.345504913479089737e-02
1.422336418181657791e-02
1.369751617312431335e-02
1.434889342635869980e-02
1.470950152724981308e-02
1.450555399060249329e-02
1.412555575370788574e-02
1.412440929561853409e-02
1.403445564210414886e-02
1.088750362396240234e-02
1.422306057065725327e-02
1.379524264484643936e-02
1.419944968074560165e-02
1.318376418203115463e-02
1.387557387351989746e-02
1.445493195205926895e-02
1.357612013816833496e-02
1.406158134341239929e-02
1.417625229805707932e-02
1.416703499853610992e-02
1.458520814776420593e-02
1.462385896593332291e-02
1.423265412449836731e-02
1.336581073701381683e-02
1.415573619306087494e-02
1.425531785935163498e-02
1.000343821942806244e-02
1.428423915058374405e-02
1.316235400736331940e-02
1.108777523040771484e-02
1.442804001271724701e-02
1.401396468281745911e-02
1.415959373116493225e-02
1.413028035312891006e-02
1.293556299060583115e-02
1.416643895208835602e-02
1.423413120210170746e-02
1.317306235432624817e-02
1.464910153299570084e-02
1.320291683077812195e-02
1.372420880943536758e-02
1.478164736181497574e-02
1.389057934284210205e-02
1.460490841418504715e-02
1.386911515146493912e-02
1.402422506362199783e-02
1.446317136287689209e-02
1.390074286609888077e-02
1.351945940405130386e-02
9.789308533072471619e-03
1.420335564762353897e-02
1.426031067967414856e-02
1.299363095313310623e-02
