<system>Protocol: Active. Attitude: Sassy.</system>
1.372905634343624115e-02
1.362212374806404114e-02
1.372886449098587036e-02
1.353900693356990814e-02
1.383370719850063324e-02
1.389223895967006683e-02
1.339321769773960114e-02
1.408793032169342041e-02
1.379883289337158203e-02
1.478745415806770325e-02
1.390838343650102615e-02
1.449408661574125290e-02
1.360076665878295898e-02
1.292153540998697281e-02
1.445029303431510925e-02
1.385998539626598358e-02
1.353840250521898270e-02
1.419639773666858673e-02
1.406156085431575775e-02
1.377757638692855835e-02
1.368021592497825623e-02
1.395912561565637589e-02
1.389442384243011475e-02
1.370256207883358002e-02
1.408784091472625732e-02
1.343085337430238724e-02
1.422569714486598969e-02
1.373301818966865540e-02
1.406107470393180847e-02
1.377926953136920929e-02
1.518280152231454849e-02
1.392669044435024261e-02
1.424819882959127426e-02
1.393502391874790192e-02
1.378527469933032990e-02
1.192027982324361801e-02
1.359389070421457291e-02
1.422937586903572083e-02
1.378752011805772781e-02
1.396855060011148453e-02
1.419255696237087250e-02
1.465151458978652954e-02
1.460702996701002121e-02
1.393388956785202026e-02
1.338997296988964081e-02
1.340599916875362396e-02
1.426239125430583954e-02
1.214924640953540802e-02
1.389099378138780594e-02
1.302844285964965820e-02
1.415104605257511139e-02
1.335409656167030334e-02
1.467294618487358093e-02
1.404426991939544678e-02
1.410362124443054199e-02
1.409712806344032288e-02
1.430203951895236969e-02
1.408239360898733139e-02
1.433148887008428574e-02
1.348819769918918610e-02
1.443520467728376389e-02
1.415459439158439636e-02
1.415000576525926590e-02
1.376527454704046249e-02
1.396833732724189758e-02
1.403382420539855957e-02
1.383616216480731964e-02
1.358301937580108643e-02
1.362113282084465027e-02
1.358664222061634064e-02
1.339544076472520828e-02
1.318263728171586990e-02
1.398625411093235016e-02
1.354699954390525818e-02
1.442515105009078979e-02
1.392098516225814819e-02
1.442592591047286987e-02
1.367139630019664764e-02
1.406696811318397522e-02
1.149533968418836594e-02
1.336998306214809418e-02
1.386871188879013062e-02
1.453222893178462982e-02
1.374260149896144867e-02
1.413866318762302399e-02
1.364245265722274780e-02
1.386882923543453217e-02
1.432896219193935394e-02
1.418642140924930573e-02
1.406353525817394257e-02
1.395438890904188156e-02
1.425877586007118225e-02
1.343771629035472870e-02
1.335167884826660156e-02
1.374792307615280151e-02
1.393922790884971619e-02
1.420601829886436462e-02
1.365097612142562866e-02
1.394869759678840637e-02
1.321353018283843994e-02
1.378205232322216034e-02
1.355613954365253448e-02
1.405313424766063690e-02
1.409726031124591827e-02
1.381804142147302628e-02
1.383259706199169159e-02
1.378442533314228058e-02
1.389430649578571320e-02
1.368745416402816772e-02
1.375960931181907654e-02
1.393417641520500183e-02
1.343027595430612564e-02
1.509467605501413345e-02
1.489603426307439804e-02
1.387614570558071136e-02
1.358604338020086288e-02
1.371823064982891083e-02
1.387765351682901382e-02
1.399172283709049225e-02
1.390091050416231155e-02
1.373219490051269531e-02
1.385607104748487473e-02
1.447179913520812988e-02
1.404514443129301071e-02
1.475984230637550354e-02
1.339971274137496948e-02
1.412006467580795288e-02
1.400540582835674286e-02
1.425581611692905426e-02
1.382817886769771576e-02
1.391876395791769028e-02
1.370480842888355255e-02
1.441143266856670380e-02
1.374229509383440018e-02
1.353200990706682205e-02
1.406787335872650146e-02
1.386862806975841522e-02
1.436056196689605713e-02
1.396583206951618195e-02
1.404629833996295929e-02
1.321772858500480652e-02
1.404085196554660797e-02
1.357702817767858505e-02
1.372511964291334152e-02
1.373009197413921356e-02
1.421040762215852737e-02
1.363523118197917938e-02
1.331449113786220551e-02
1.419103331863880157e-02
1.400436367839574814e-02
1.284438930451869965e-02
1.399484090507030487e-02
1.344496197998523712e-02
1.394643262028694153e-02
1.323447655886411667e-02
1.352686248719692230e-02
1.394723728299140930e-02
1.360953971743583679e-02
1.599091291427612305e-02
1.370643358677625656e-02
1.382327266037464142e-02
1.629570126533508301e-02
1.422441378235816956e-02
1.357500068843364716e-02
1.370848994702100754e-02
1.461713481694459915e-02
1.406985800713300705e-02
1.361157093197107315e-02
1.380075886845588684e-02
1.371881365776062012e-02
1.427727937698364258e-02
1.394233945757150650e-02
1.415189169347286224e-02
1.453544385731220245e-02
1.366995647549629211e-02
1.377223618328571320e-02
1.328196376562118530e-02
1.463903486728668213e-02
1.399378757923841476e-02
1.366489101201295853e-02
1.393833942711353302e-02
1.425676047801971436e-02
1.432898268103599548e-02
1.383867301046848297e-02
1.320354454219341278e-02
1.374424248933792114e-02
1.337847672402858734e-02
1.361144147813320160e-02
1.384728960692882538e-02
1.306986249983310699e-02
1.440384704619646072e-02
1.365639735013246536e-02
1.331043709069490433e-02
1.301698759198188782e-02
1.445508189499378204e-02
1.417016703635454178e-02
1.373938471078872681e-02
1.330168358981609344e-02
1.364405546337366104e-02
1.442736946046352386e-02
1.408381201326847076e-02
1.375403068959712982e-02
1.307056844234466553e-02
1.415884867310523987e-02
1.375814527273178101e-02
1.381283439695835114e-02
1.422197930514812469e-02
1.394750736653804779e-02
1.434161979705095291e-02
1.416752487421035767e-02
1.402302458882331848e-02
1.425447128713130951e-02
1.361180469393730164e-02
1.515469793230295181e-02
1.427881140261888504e-02
1.396304648369550705e-02
1.378533616662025452e-02
1.412368193268775940e-02
1.405798643827438354e-02
1.342608779668807983e-02
1.303269900381565094e-02
1.634551212191581726e-02
1.422658562660217285e-02
1.243591774255037308e-02
1.353899855166673660e-02
1.518366113305091858e-02
1.424434129148721695e-02
1.368646509945392609e-02
1.391649525612592697e-02
1.473490335047245026e-02
1.353016216307878494e-02
1.315750926733016968e-02
1.358458679169416428e-02
1.362494193017482758e-02
1.444527227431535721e-02
1.454381085932254791e-02
1.367475651204586029e-02
1.409782283008098602e-02
1.408957410603761673e-02
1.414022408425807953e-02
1.362913195043802261e-02
1.432099938392639160e-02
1.407489925622940063e-02
1.405504625290632248e-02
1.385160163044929504e-02
1.379398442804813385e-02
1.343120634555816650e-02
1.395097374916076660e-02
1.344691589474678040e-02
1.377659011632204056e-02
1.439794339239597321e-02
1.441372372210025787e-02
1.330504752695560455e-02
1.368422247469425201e-02
1.384789682924747467e-02
1.386848464608192444e-02
1.361240632832050323e-02
1.406478788703680038e-02
1.337891910225152969e-02
1.388576440513134003e-02
1.462323218584060669e-02
1.467317715287208557e-02
1.377535238862037659e-02
1.389988791197538376e-02
1.424391008913516998e-02
1.369194407016038895e-02
1.431817561388015747e-02
1.414266787469387054e-02
1.449582353234291077e-02
1.361250318586826324e-02
1.338601671159267426e-02
1.452217623591423035e-02
1.354260835796594620e-02
1.350068114697933197e-02
1.333914324641227722e-02
1.014766469597816467e-02
1.438263617455959320e-02
1.346635259687900543e-02
1.378387399017810822e-02
1.414171978831291199e-02
1.398018095642328262e-02
1.472223922610282898e-02
1.635002717375755310e-02
1.473987847566604614e-02
1.424234174191951752e-02
1.390112377703189850e-02
1.402569003403186798e-02
1.317301020026206970e-02
1.451324950903654099e-02
1.402766630053520203e-02
1.417713053524494171e-02
1.366696320474147797e-02
1.350807119160890579e-02
1.395550929009914398e-02
1.223427988588809967e-02
1.324455067515373230e-02
1.382317952811717987e-02
1.345664635300636292e-02
1.440347172319889069e-02
1.404369622468948364e-02
1.317750476300716400e-02
1.394587755203247070e-02
1.419393718242645264e-02
1.427399646490812302e-02
1.433269493281841278e-02
1.345798932015895844e-02
1.309030130505561829e-02
1.403410267084836960e-02
1.341056358069181442e-02
1.414141897112131119e-02
1.384370308369398117e-02
1.369699556380510330e-02
1.333851274102926254e-02
1.313831750303506851e-02
1.363450847566127777e-02
1.398613397032022476e-02
1.374578196555376053e-02
1.424393709748983383e-02
1.392686739563941956e-02
1.471504941582679749e-02
1.401234604418277740e-02
1.397366914898157120e-02
1.350349187850952148e-02
1.346724852919578552e-02
1.411381922662258148e-02
1.418125256896018982e-02
1.406257692724466324e-02
1.396309584379196167e-02
1.376792229712009430e-02
1.365946047008037567e-02
1.381577365100383759e-02
1.425580866634845734e-02
1.426809839904308319e-02
1.336589176207780838e-02
1.384035497903823853e-02
1.364803127944469452e-02
1.346545945852994919e-02
1.397421862930059433e-02
1.424047537147998810e-02
1.393207535147666931e-02
1.350541971623897552e-02
1.351520791649818420e-02
1.420573331415653229e-02
1.321856025606393814e-02
1.297834329307079315e-02
1.369377039372920990e-02
1.413060817867517471e-02
1.373545080423355103e-02
1.331230252981185913e-02
1.387272123247385025e-02
1.413388364017009735e-02
1.415917649865150452e-02
1.420755591243505478e-02
1.370561588555574417e-02
1.443810854107141495e-02
1.370143331587314606e-02
1.454085484147071838e-02
1.465073227882385254e-02
1.382109988480806351e-02
1.402483694255352020e-02
1.444133184850215912e-02
1.360952761024236679e-02
1.421207562088966370e-02
1.364771276712417603e-02
1.390893757343292236e-02
1.466489676386117935e-02
1.317793689668178558e-02
1.418474689126014709e-02
1.427054405212402344e-02
1.400567777454853058e-02
1.371504180133342743e-02
1.433092355728149414e-02
1.361729763448238373e-02
1.387581974267959595e-02
1.386659964919090271e-02
1.373012922704219818e-02
1.358089875429868698e-02
1.435569673776626587e-02
1.442682556807994843e-02
1.337294280529022217e-02
1.037753745913505554e-02
1.374869234859943390e-02
1.364031992852687836e-02
1.335610821843147278e-02
1.344038359820842743e-02
1.406758651137351990e-02
1.366085000336170197e-02
1.327242702245712280e-02
1.430149003863334656e-02
1.388489082455635071e-02
1.367153599858283997e-02
1.408570539206266403e-02
1.472423411905765533e-02
1.357707381248474121e-02
1.431268826127052307e-02
1.370802521705627441e-02
1.390571147203445435e-02
1.392909791320562363e-02
1.366688124835491180e-02
1.386849954724311829e-02
1.323026418685913086e-02
1.361415814608335495e-02
1.369467005133628845e-02
1.416301634162664413e-02
1.397401466965675354e-02
1.341565884649753571e-02
1.373465079814195633e-02
1.378368027508258820e-02
1.370265148580074310e-02
1.374746486544609070e-02
1.361680217087268829e-02
3.347189724445343018e-02
1.393900066614151001e-02
1.330844219774007797e-02
1.340007781982421875e-02
1.390103157609701157e-02
1.373957656323909760e-02
1.347732823342084885e-02
1.375896483659744263e-02
1.341437269002199173e-02
1.416468992829322815e-02
1.407646480947732925e-02
1.402703579515218735e-02
1.321319118142127991e-02
1.176268421113491058e-02
1.392279099673032761e-02
1.282213814556598663e-02
1.389385573565959930e-02
1.389004569500684738e-02
1.378178037703037262e-02
1.394009776413440704e-02
1.418498251587152481e-02
1.414148136973381042e-02
1.383554656058549881e-02
1.333275344222784042e-02
1.444569043815135956e-02
1.380078867077827454e-02
1.498618163168430328e-02
1.257832907140254974e-02
1.310128718614578247e-02
1.362740807235240936e-02
1.374125480651855469e-02
1.427024137228727341e-02
1.365128811448812485e-02
1.149273756891489029e-02
1.087364554405212402e-02
1.376858167350292206e-02
1.418895833194255829e-02
1.406859979033470154e-02
1.395570114254951477e-02
1.446961052715778351e-02
1.394166890531778336e-02
1.349217165261507034e-02
1.415877882391214371e-02
1.403016503900289536e-02
1.364272460341453552e-02
1.322696544229984283e-02
1.452303119003772736e-02
1.386788953095674515e-02
1.405689120292663574e-02
1.320982817560434341e-02
1.408130209892988205e-02
1.334174163639545441e-02
1.168521121144294739e-02
1.390262320637702942e-02
1.354215852916240692e-02
1.317752432078123093e-02
1.360590755939483643e-02
1.419314928352832794e-02
1.252252422273159027e-02
1.409568451344966888e-02
1.372555177658796310e-02
1.318915188312530518e-02
1.358950696885585785e-02
1.397748757153749466e-02
1.307838689535856247e-02
1.392144244164228439e-02
1.161357946693897247e-02
1.403559837490320206e-02
1.384538784623146057e-02
1.325660664588212967e-02
1.301809772849082947e-02
1.411514170467853546e-02
1.426662690937519073e-02
1.444415375590324402e-02
1.362911891192197800e-02
9.954666718840599060e-03
1.397747732698917389e-02
1.374043151736259460e-02
1.308933272957801819e-02
1.392233557999134064e-02
1.398060843348503113e-02
1.339486613869667053e-02
1.366608403623104095e-02
1.558225788176059723e-02
1.382301654666662216e-02
1.381972525268793106e-02
1.345738861709833145e-02
1.449273806065320969e-02
1.328689046204090118e-02
1.424987427890300751e-02
1.083684153854846954e-02
1.404618378728628159e-02
1.417845208197832108e-02
1.364926062524318695e-02
1.452696975320577621e-02
1.344503276050090790e-02
1.355986855924129486e-02
1.363105513155460358e-02
1.456479169428348541e-02
1.361835654824972153e-02
1.396812032908201218e-02
7.373867090791463852e-03
1.374749466776847839e-02
1.386438589543104172e-02
1.401047036051750183e-02
1.337191648781299591e-02
1.387675479054450989e-02
1.409367192536592484e-02
1.425292901694774628e-02
1.345261745154857635e-02
1.305688265711069107e-02
1.402328629046678543e-02
1.373113784939050674e-02
1.436520926654338837e-02
1.118632126599550247e-02
1.411428675055503845e-02
1.341028232127428055e-02
1.351477019488811493e-02
1.400104910135269165e-02
1.371016632765531540e-02
1.371009834110736847e-02
1.364711765199899673e-02
1.460028998553752899e-02
1.394499279558658600e-02
1.441074348986148834e-02
1.406775694340467453e-02
1.446098648011684418e-02
1.389518473297357559e-02
1.455620303750038147e-02
1.344456337392330170e-02
1.321422308683395386e-02
1.336443424224853516e-02
1.353810168802738190e-02
1.346048340201377869e-02
1.389545947313308716e-02
1.381266955286264420e-02
1.375133544206619263e-02
1.388707291334867477e-02
1.438855007290840149e-02
1.388427242636680603e-02
1.400170288980007172e-02
1.424541417509317398e-02
1.394031755626201630e-02
1.385668478906154633e-02
1.392156444489955902e-02
1.389291323721408844e-02
1.381691545248031616e-02
1.389012392610311508e-02
1.414127927273511887e-02
1.333289220929145813e-02
1.337178982794284821e-02
1.355562172830104828e-02
1.374410092830657959e-02
1.387888006865978241e-02
1.386110205203294754e-02
1.178035140037536621e-02
1.364693697541952133e-02
1.343509461730718613e-02
1.336985640227794647e-02
1.321102678775787354e-02
1.404203474521636963e-02
1.343865506350994110e-02
1.382101513445377350e-02
1.397468708455562592e-02
1.357676088809967041e-02
1.382631156593561172e-02
1.393784023821353912e-02
1.462026685476303101e-02
1.305031869560480118e-02
1.345134712755680084e-02
1.312023587524890900e-02
1.440263632684946060e-02
1.414270419627428055e-02
1.392298750579357147e-02
1.411746721714735031e-02
1.382466591894626617e-02
1.349405385553836823e-02
1.395172998309135437e-02
1.418453268706798553e-02
1.423709839582443237e-02
1.337011344730854034e-02
1.441487297415733337e-02
1.405097264796495438e-02
1.349033974111080170e-02
1.396609656512737274e-02
1.359483972191810608e-02
1.351375319063663483e-02
1.432074233889579773e-02
1.395094394683837891e-02
1.432889327406883240e-02
1.375150680541992188e-02
1.385457068681716919e-02
1.355752907693386078e-02
1.418924424797296524e-02
1.360606960952281952e-02
1.434851717203855515e-02
1.374813355505466461e-02
1.383346226066350937e-02
1.407918147742748260e-02
1.408949680626392365e-02
1.378318667411804199e-02
1.388054713606834412e-02
1.407190226018428802e-02
1.354079321026802063e-02
1.434157416224479675e-02
1.355443522334098816e-02
1.403005234897136688e-02
1.341476757079362869e-02
1.385256834328174591e-02
1.373145915567874908e-02
1.443972997367382050e-02
1.429215446114540100e-02
1.391636021435260773e-02
1.688735745847225189e-02
1.404170319437980652e-02
1.319987699389457703e-02
1.383206900209188461e-02
1.491871289908885956e-02
1.361014228314161301e-02
1.389906182885169983e-02
1.370641216635704041e-02
1.386045664548873901e-02
1.378925796598196030e-02
1.404402591288089752e-02
1.415522396564483643e-02
1.399080269038677216e-02
1.396070048213005066e-02
1.335899252444505692e-02
1.409205049276351929e-02
1.356500852853059769e-02
1.370100025087594986e-02
1.359819807112216949e-02
1.350277848541736603e-02
1.391454227268695831e-02
1.338524930179119110e-02
1.404164358973503113e-02
1.359488070011138916e-02
1.401387341320514679e-02
1.325695961713790894e-02
1.328540220856666565e-02
1.370524801313877106e-02
1.452045328915119171e-02
1.398280076682567596e-02
1.390012353658676147e-02
1.383945439010858536e-02
1.404236257076263428e-02
1.413879357278347015e-02
1.422903686761856079e-02
1.390020735561847687e-02
1.355390343815088272e-02
1.295521855354309082e-02
1.341962255537509918e-02
1.224575936794281006e-02
1.349868904799222946e-02
1.402490027248859406e-02
1.335640996694564819e-02
1.381900347769260406e-02
8.860714733600616455e-03
1.476766634732484818e-02
1.389662921428680420e-02
1.378723885864019394e-02
1.330395042896270752e-02
1.426439639180898666e-02
1.616610214114189148e-02
1.348753646016120911e-02
1.359942555427551270e-02
1.377172674983739853e-02
1.389554142951965332e-02
1.371866930276155472e-02
1.378689426928758621e-02
1.385597791522741318e-02
1.286368537694215775e-02
1.372176967561244965e-02
1.314991712570190430e-02
1.387825887650251389e-02
1.333111058920621872e-02
1.277437154203653336e-02
1.327430456876754761e-02
1.414134353399276733e-02
1.399940904229879379e-02
1.410136558115482330e-02
1.385278813540935516e-02
1.390411332249641418e-02
1.357612852007150650e-02
1.374723948538303375e-02
1.370025053620338440e-02
1.351362373679876328e-02
1.369138434529304504e-02
1.399177685379981995e-02
1.366627588868141174e-02
1.388386543840169907e-02
1.378720439970493317e-02
1.400903984904289246e-02
1.396701671183109283e-02
1.418555900454521179e-02
1.354551315307617188e-02
1.379550062119960785e-02
1.263292971998453140e-02
1.205789949744939804e-02
1.423841528594493866e-02
1.340234559029340744e-02
1.445379480719566345e-02
1.369654852896928787e-02
1.395695190876722336e-02
1.402887329459190369e-02
1.356953289359807968e-02
1.351019274443387985e-02
1.401421613991260529e-02
1.400421746075153351e-02
1.378637179732322693e-02
1.408484485000371933e-02
1.421762816607952118e-02
1.417760737240314484e-02
1.391946338117122650e-02
1.345626078546047211e-02
1.408649887889623642e-02
1.378841418772935867e-02
1.594925485551357269e-02
1.351751945912837982e-02
1.393966749310493469e-02
1.379354670643806458e-02
1.361634861677885056e-02
1.398335956037044525e-02
1.356353797018527985e-02
1.084780972450971603e-02
1.433294173330068588e-02
1.425848994404077530e-02
1.044502947479486465e-02
1.399922091513872147e-02
1.434165984392166138e-02
1.350373215973377228e-02
1.350807771086692810e-02
1.503515429794788361e-02
1.230809465050697327e-02
1.377665717154741287e-02
1.402703020721673965e-02
1.416982337832450867e-02
1.370743289589881897e-02
1.315526850521564484e-02
1.415126025676727295e-02
1.379955466836690903e-02
1.326379552483558655e-02
1.427139714360237122e-02
1.381943840533494949e-02
1.416850276291370392e-02
1.302644889801740646e-02
1.418284047394990921e-02
1.190945692360401154e-02
1.415234617888927460e-02
1.349421218037605286e-02
1.340036652982234955e-02
1.421674806624650955e-02
1.368813868612051010e-02
1.358147338032722473e-02
1.414353493601083755e-02
1.383267156779766083e-02
1.400928758084774017e-02
1.322434283792972565e-02
1.391157880425453186e-02
1.411505229771137238e-02
1.357657462358474731e-02
1.309457235038280487e-02
1.384590566158294678e-02
1.223140582442283630e-02
1.344337686896324158e-02
1.410166732966899872e-02
1.363630406558513641e-02
1.430298760533332825e-02
1.371475867927074432e-02
1.387370564043521881e-02
1.341843232512474060e-02
1.403827872127294540e-02
1.378890499472618103e-02
1.540973410010337830e-02
1.352183707058429718e-02
1.343453582376241684e-02
1.302563585340976715e-02
1.435706764459609985e-02
1.318857818841934204e-02
1.427565235644578934e-02
1.410297676920890808e-02
1.419762056320905685e-02
1.429269835352897644e-02
1.440042629837989807e-02
1.352699473500251770e-02
1.485058851540088654e-02
1.409981958568096161e-02
1.341781206429004669e-02
1.363127119839191437e-02
1.345879863947629929e-02
1.348045747727155685e-02
1.391924545168876648e-02
1.382733695209026337e-02
1.347318850457668304e-02
1.452150754630565643e-02
1.432004012167453766e-02
1.398885250091552734e-02
1.440745685249567032e-02
1.384899672120809555e-02
1.593029685318470001e-02
1.384403835982084274e-02
1.380316168069839478e-02
1.404975727200508118e-02
1.386856380850076675e-02
1.423124596476554871e-02
1.420914754271507263e-02
1.367155183106660843e-02
1.441479846835136414e-02
1.394551899284124374e-02
1.416762173175811768e-02
1.222139969468116760e-02
1.347158104181289673e-02
1.347816549241542816e-02
1.372895389795303345e-02
1.377812214195728302e-02
1.399787608534097672e-02
1.370427198708057404e-02
1.411201246082782745e-02
1.414822973310947418e-02
1.351798325777053833e-02
1.426341291517019272e-02
1.355447620153427124e-02
1.331297494471073151e-02
6.801136769354343414e-03
1.433162391185760498e-02
1.359648071229457855e-02
1.354989688843488693e-02
1.365158427506685257e-02
1.403908990323543549e-02
1.351020298898220062e-02
1.385256275534629822e-02
1.344861742109060287e-02
1.447161752730607986e-02
1.404264476150274277e-02
1.400052011013031006e-02
1.447946298867464066e-02
1.339629478752613068e-02
1.365709397941827774e-02
1.335475035011768341e-02
1.342886872589588165e-02
1.369773130863904953e-02
1.415483560413122177e-02
1.396466419100761414e-02
1.392515841871500015e-02
1.414214633405208588e-02
1.382362842559814453e-02
1.416358072310686111e-02
1.335748285055160522e-02
1.352813467383384705e-02
1.394139230251312256e-02
1.335994619876146317e-02
1.388378255069255829e-02
1.419183611869812012e-02
1.328494679182767868e-02
1.390468142926692963e-02
1.332388352602720261e-02
1.642695441842079163e-02
1.407241914421319962e-02
1.402262412011623383e-02
1.380570698529481888e-02
1.374112814664840698e-02
1.388083770871162415e-02
1.427991315722465515e-02
1.379442773759365082e-02
1.327372714877128601e-02
1.412783842533826828e-02
1.392518356442451477e-02
1.394025795161724091e-02
1.352581195533275604e-02
1.396101340651512146e-02
1.439067535102367401e-02
1.395940873771905899e-02
1.420380640774965286e-02
1.128908433020114899e-02
1.345259882509708405e-02
1.380977965891361237e-02
1.387404650449752808e-02
1.375522185117006302e-02
1.399185508489608765e-02
1.278751064091920853e-02
1.438750326633453369e-02
1.424344815313816071e-02
1.426897756755352020e-02
1.351960748434066772e-02
1.377692725509405136e-02
1.416695211082696915e-02
1.355510856956243515e-02
1.428145449608564377e-02
1.399493496865034103e-02
1.406176388263702393e-02
1.412227470427751541e-02
1.422105263918638229e-02
1.356091070920228958e-02
1.402409560978412628e-02
1.401222217828035355e-02
1.342190802097320557e-02
1.360409893095493317e-02
1.379171106964349747e-02
1.390359271317720413e-02
1.355504989624023438e-02
1.372519321739673615e-02
1.339681632816791534e-02
1.426162011921405792e-02
1.381867006421089172e-02
1.357869431376457214e-02
1.308541372418403625e-02
1.390984375029802322e-02
9.742092341184616089e-03
1.417448930442333221e-02
1.434811670333147049e-02
1.388827618211507797e-02
1.404384896159172058e-02
1.385172083973884583e-02
1.461740024387836456e-02
1.345736905932426453e-02
1.392037607729434967e-02
1.359632611274719238e-02
1.133792474865913391e-02
1.375868730247020721e-02
1.410109549760818481e-02
1.377621851861476898e-02
1.347979065030813217e-02
1.372684165835380554e-02
1.338669750839471817e-02
1.409676764160394669e-02
1.371983252465724945e-02
1.370663382112979889e-02
1.359192281961441040e-02
1.411108858883380890e-02
1.433362998068332672e-02
1.384280994534492493e-02
1.154714822769165039e-02
1.469447650015354156e-02
1.369539275765419006e-02
1.434101350605487823e-02
1.335545908659696579e-02
1.160801015794277191e-02
1.365736220031976700e-02
1.352516189217567444e-02
1.364576630294322968e-02
1.345260068774223328e-02
1.407526805996894836e-02
1.316188834607601166e-02
1.402342692017555237e-02
1.303110644221305847e-02
1.410175208002328873e-02
1.307307556271553040e-02
1.400497183203697205e-02
1.376295089721679688e-02
1.378290448337793350e-02
1.401914842426776886e-02
1.366668008267879486e-02
1.377899199724197388e-02
1.331383921205997467e-02
1.386930234730243683e-02
1.377221662551164627e-02
1.409601792693138123e-02
1.379113644361495972e-02
1.371785439550876617e-02
1.387161482125520706e-02
1.435139123350381851e-02
1.383008994162082672e-02
1.373480260372161865e-02
1.370778121054172516e-02
1.328019425272941589e-02
1.378176733851432800e-02
1.404670346528291702e-02
1.360696740448474884e-02
1.351013034582138062e-02
1.388709619641304016e-02
1.348903961479663849e-02
1.348240114748477936e-02
1.496116816997528076e-02
1.433001179248094559e-02
1.369943749159574509e-02
1.363110262900590897e-02
1.403344050049781799e-02
1.364766992628574371e-02
1.314105372875928879e-02
1.386212464421987534e-02
1.578313484787940979e-02
1.329640299081802368e-02
1.437127031385898590e-02
1.371672097593545914e-02
1.369348540902137756e-02
1.381139457225799561e-02
1.427454128861427307e-02
1.432017143815755844e-02
1.379840075969696045e-02
1.400366798043251038e-02
1.369802746921777725e-02
1.384486723691225052e-02
1.364713534712791443e-02
1.424646284431219101e-02
1.429382525384426117e-02
1.417837291955947876e-02
1.429417170584201813e-02
1.379784382879734039e-02
1.484511047601699829e-02
1.368136703968048096e-02
1.418629754334688187e-02
1.386020053178071976e-02
1.390747539699077606e-02
1.416200771927833557e-02
1.383720897138118744e-02
1.398807298392057419e-02
1.377374865114688873e-02
1.440168824046850204e-02
1.392989046871662140e-02
1.407640427350997925e-02
1.414133328944444656e-02
1.392609253525733948e-02
1.281020417809486389e-02
1.395991630852222443e-02
1.352837309241294861e-02
1.347867771983146667e-02
1.371262688189744949e-02
1.356249116361141205e-02
1.360489800572395325e-02
1.407905668020248413e-02
1.390404067933559418e-02
1.409609336405992508e-02
1.467346493154764175e-02
1.466854009777307510e-02
1.403138879686594009e-02
1.430429983884096146e-02
1.485430356115102768e-02
1.408806070685386658e-02
1.342912390828132629e-02
1.365336216986179352e-02
1.423569209873676300e-02
1.334561780095100403e-02
1.366939954459667206e-02
7.622782140970230103e-03
1.318786758929491043e-02
1.396376546472311020e-02
1.344962045550346375e-02
1.344955526292324066e-02
1.474213413894176483e-02
1.387879718095064163e-02
1.418760884553194046e-02
1.395513769239187241e-02
1.170180924236774445e-02
1.397055573761463165e-02
1.419777795672416687e-02
1.432553026825189590e-02
1.354812830686569214e-02
1.387522462755441666e-02
1.359833218157291412e-02
1.380979642271995544e-02
1.378062553703784943e-02
1.439451426267623901e-02
1.133388094604015350e-02
1.376983430236577988e-02
1.407598983496427536e-02
1.399310957640409470e-02
1.368857081979513168e-02
1.326029282063245773e-02
1.355231087654829025e-02
1.388300303369760513e-02
1.385474763810634613e-02
8.535658940672874451e-03
1.410466711968183517e-02
1.456331834197044373e-02
1.365657337009906769e-02
1.368570514023303986e-02
1.391904242336750031e-02
1.420611981302499771e-02
1.411609165370464325e-02
1.334039866924285889e-02
1.359588280320167542e-02
1.277855969965457916e-02
1.388722565025091171e-02
1.382133178412914276e-02
1.425780914723873138e-02
1.399613544344902039e-02
1.319351047277450562e-02
1.372376456856727600e-02
1.412216387689113617e-02
1.355609856545925140e-02
1.279499568045139313e-02
1.427974179387092590e-02
1.408627629280090332e-02
1.384952012449502945e-02
1.404388062655925751e-02
1.427754294127225876e-02
1.329770311713218689e-02
1.362407766282558441e-02
1.350872311741113663e-02
1.366254966706037521e-02
1.368315517902374268e-02
1.301283389329910278e-02
1.349924411624670029e-02
1.316573563963174820e-02
1.396439131349325180e-02
1.370927877724170685e-02
1.378593500703573227e-02
1.363988406956195831e-02
1.403342746198177338e-02
1.126655563712120056e-02
1.416713744401931763e-02
1.426992379128932953e-02
1.380765065550804138e-02
1.501244027167558670e-02
1.346236187964677811e-02
1.418245024979114532e-02
1.317337434738874435e-02
1.393355242908000946e-02
1.215940341353416443e-02
1.362090371549129486e-02
1.418105885386466980e-02
1.381532289087772369e-02
1.404979545623064041e-02
1.359290629625320435e-02
1.429158076643943787e-02
1.361950486898422241e-02
1.356124319136142731e-02
1.384249143302440643e-02
1.362123712897300720e-02
1.410519890487194061e-02
1.394737884402275085e-02
1.353646907955408096e-02
1.323505304753780365e-02
1.373664569109678268e-02
1.398017536848783493e-02
1.326448936015367508e-02
1.344886794686317444e-02
1.437421701848506927e-02
1.376199163496494293e-02
1.411366928368806839e-02
1.391455344855785370e-02
1.410005427896976471e-02
1.318382285535335541e-02
1.382135320454835892e-02
1.352508459240198135e-02
1.402191724628210068e-02
1.384935993701219559e-02
1.367962919175624847e-02
1.347621250897645950e-02
1.383764296770095825e-02
1.381855085492134094e-02
1.403957046568393707e-02
1.418754272162914276e-02
1.388574205338954926e-02
1.401020679622888565e-02
1.418382301926612854e-02
1.338565535843372345e-02
1.363478228449821472e-02
1.425213925540447235e-02
1.393386162817478180e-02
1.364598609507083893e-02
1.361276116222143173e-02
1.393578760325908661e-02
1.386576518416404724e-02
1.363063603639602661e-02
1.218747720122337341e-02
1.360649149864912033e-02
1.406444702297449112e-02
1.360564026981592178e-02
1.372899301350116730e-02
1.374773494899272919e-02
1.419598702341318130e-02
1.434005703777074814e-02
1.395852304995059967e-02
1.330086402595043182e-02
1.438986510038375854e-02
1.381266489624977112e-02
1.390023715794086456e-02
1.455273944884538651e-02
1.348706893622875214e-02
1.388939097523689270e-02
1.413035672158002853e-02
1.419376488775014877e-02
1.466001011431217194e-02
1.279947161674499512e-02
1.385963521897792816e-02
1.395886950194835663e-02
1.408254262059926987e-02
1.466439757496118546e-02
1.370906829833984375e-02
1.520848274230957031e-02
1.393594779074192047e-02
1.431941334158182144e-02
1.407191716134548187e-02
1.378040388226509094e-02
1.393513381481170654e-02
1.342869084328413010e-02
1.388807222247123718e-02
1.038676872849464417e-02
1.436260528862476349e-02
1.384171936661005020e-02
1.366772036999464035e-02
1.466365344822406769e-02
1.357583887875080109e-02
1.402391027659177780e-02
1.384621113538742065e-02
1.349361240863800049e-02
1.427849568426609039e-02
1.364148594439029694e-02
1.394004933536052704e-02
1.401359494775533676e-02
1.342173665761947632e-02
1.371937058866024017e-02
1.397460792213678360e-02
1.370763685554265976e-02
1.420926116406917572e-02
1.365882065147161484e-02
1.393111888319253922e-02
8.921227417886257172e-03
1.308787427842617035e-02
1.358900219202041626e-02
1.344860717654228210e-02
1.381252985447645187e-02
1.354076713323593140e-02
1.349218748509883881e-02
1.369821652770042419e-02
1.382675953209400177e-02
1.322019752115011215e-02
1.397033408284187317e-02
1.439749076962471008e-02
1.390390843152999878e-02
1.404207944869995117e-02
1.390033774077892303e-02
1.399356685578823090e-02
1.430019736289978027e-02
1.373957097530364990e-02
1.440495159476995468e-02
1.479741465300321579e-02
1.385329756885766983e-02
1.351781189441680908e-02
1.367579121142625809e-02
1.378167048096656799e-02
1.505216863006353378e-02
1.395948417484760284e-02
1.377885602414608002e-02
1.454781461507081985e-02
1.440266519784927368e-02
1.393860112875699997e-02
1.458737812936306000e-02
1.381644979119300842e-02
1.361920032650232315e-02
1.422558352351188660e-02
1.387589611113071442e-02
1.190742850303649902e-02
1.308147795498371124e-02
1.365827582776546478e-02
1.324052736163139343e-02
1.381563115864992142e-02
1.388948597013950348e-02
1.350371725857257843e-02
1.424190029501914978e-02
1.396475080400705338e-02
1.307753473520278931e-02
1.373572647571563721e-02
1.462474465370178223e-02
1.361385546624660492e-02
1.330068707466125488e-02
1.325222011655569077e-02
1.363150030374526978e-02
1.423567626625299454e-02
1.394147984683513641e-02
1.336709596216678619e-02
1.433678716421127319e-02
1.369605120271444321e-02
1.055936142802238464e-02
1.652457006275653839e-02
1.387577131390571594e-02
1.623192615807056427e-02
1.357656251639127731e-02
1.415922213345766068e-02
1.399284601211547852e-02
1.331934519112110138e-02
1.426796428859233856e-02
1.354589965194463730e-02
1.353509910404682159e-02
1.417064387351274490e-02
1.360512897372245789e-02
1.378753222525119781e-02
1.397537440061569214e-02
1.352140586823225021e-02
1.365954801440238953e-02
1.406061276793479919e-02
1.381492894142866135e-02
1.366728357970714569e-02
1.384616084396839142e-02
1.396393962204456329e-02
1.335572171956300735e-02
1.424647308886051178e-02
1.378833502531051636e-02
1.425466500222682953e-02
1.437604054808616638e-02
1.370205730199813843e-02
1.340004429221153259e-02
1.109919883310794830e-02
1.348631642758846283e-02
1.352475956082344055e-02
1.426823530346155167e-02
8.989751338958740234e-03
1.373806782066822052e-02
1.384897902607917786e-02
1.369466073811054230e-02
1.368493307381868362e-02
1.436468213796615601e-02
1.407694071531295776e-02
1.439730823040008545e-02
1.359773334115743637e-02
1.407372765243053436e-02
1.336095295846462250e-02
1.406130008399486542e-02
1.377584040164947510e-02
1.411585602909326553e-02
1.326096802949905396e-02
1.338614802807569504e-02
1.448280084878206253e-02
1.425111107528209686e-02
1.347380690276622772e-02
1.451722811907529831e-02
1.334661431610584259e-02
1.205888111144304276e-02
1.442784350365400314e-02
1.415415108203887939e-02
1.427976414561271667e-02
1.312797516584396362e-02
1.454753428697586060e-02
1.425393205136060715e-02
1.369449123740196228e-02
1.422007940709590912e-02
1.363626308739185333e-02
1.364892814308404922e-02
1.360290870070457458e-02
1.383593678474426270e-02
1.429428346455097198e-02
1.385701633989810944e-02
1.382152736186981201e-02
1.424813829362392426e-02
1.241165772080421448e-02
1.380685344338417053e-02
1.388151012361049652e-02
1.325458660721778870e-02
1.348405051976442337e-02
1.362196914851665497e-02
1.369669288396835327e-02
1.393835805356502533e-02
1.353798154741525650e-02
1.390699297189712524e-02
1.308567076921463013e-02
1.390382833778858185e-02
1.406650431454181671e-02
1.373877190053462982e-02
1.361716166138648987e-02
1.361296419054269791e-02
1.375433802604675293e-02
1.377317868173122406e-02
1.421708520501852036e-02
1.342728175222873688e-02
1.368662901222705841e-02
1.429205201566219330e-02
1.405097823590040207e-02
1.393019780516624451e-02
1.356079522520303726e-02
1.386493723839521408e-02
1.394465193152427673e-02
1.338518597185611725e-02
1.345226634293794632e-02
1.386488415300846100e-02
1.414224132895469666e-02
1.344090700149536133e-02
1.359396334737539291e-02
1.396136730909347534e-02
1.439539436250925064e-02
1.424858439713716507e-02
1.328816544264554977e-02
1.373246312141418457e-02
1.423164643347263336e-02
1.364903524518013000e-02
1.402010582387447357e-02
1.438509207218885422e-02
1.385317090898752213e-02
1.378191635012626648e-02
1.372906751930713654e-02
1.359149347990751266e-02
1.406243629753589630e-02
1.320006512105464935e-02
1.387220714241266251e-02
1.359781995415687561e-02
1.407015323638916016e-02
1.408186368644237518e-02
1.350415311753749847e-02
1.366448029875755310e-02
1.355326827615499496e-02
1.395309530198574066e-02
1.399046834558248520e-02
1.322472468018531799e-02
1.386215537786483765e-02
1.354664005339145660e-02
1.341488026082515717e-02
1.406661421060562134e-02
1.377030275762081146e-02
1.376442983746528625e-02
1.298984326422214508e-02
1.345682609826326370e-02
1.380256563425064087e-02
1.377996988594532013e-02
1.404493860900402069e-02
1.417726185172796249e-02
1.349093578755855560e-02
1.394007820636034012e-02
1.376710832118988037e-02
1.358970068395137787e-02
1.366239786148071289e-02
1.388943195343017578e-02
1.300503313541412354e-02
1.380860060453414917e-02
1.333944126963615417e-02
1.432771980762481689e-02
1.381823886185884476e-02
1.374349184334278107e-02
1.400691643357276917e-02
1.373473554849624634e-02
1.403098646551370621e-02
1.462383009493350983e-02
1.437833346426486969e-02
1.442296802997589111e-02
1.435595750808715820e-02
1.366767100989818573e-02
1.549006626009941101e-02
1.365323271602392197e-02
1.389445737004280090e-02
1.424092799425125122e-02
1.408213190734386444e-02
1.421506237238645554e-02
1.352696493268013000e-02
1.344726793467998505e-02
1.395372115075588226e-02
1.453255303204059601e-02
1.426011696457862854e-02
1.409692689776420593e-02
1.369259692728519440e-02
1.358132995665073395e-02
1.399333681911230087e-02
1.274895295500755310e-02
1.374888513237237930e-02
1.454822532832622528e-02
1.025349274277687073e-02
1.354160625487565994e-02
1.287601981312036514e-02
1.413269620388746262e-02
1.349927857518196106e-02
1.386605296283960342e-02
1.391019299626350403e-02
1.376898027956485748e-02
1.420446205884218216e-02
1.416893675923347473e-02
1.443342678248882294e-02
1.426323037594556808e-02
1.140195224434137344e-02
1.399897597730159760e-02
1.300947368144989014e-02
1.508875936269760132e-02
1.343652606010437012e-02
1.387223601341247559e-02
1.336983684450387955e-02
1.350418757647275925e-02
1.151390001177787781e-02
1.420720759779214859e-02
1.352556236088275909e-02
1.373277232050895691e-02
1.385141350328922272e-02
1.397480349987745285e-02
1.391201745718717575e-02
1.409857533872127533e-02
1.009454205632209778e-02
1.446337159723043442e-02
1.301551889628171921e-02
1.370331738144159317e-02
1.407440565526485443e-02
1.417516265064477921e-02
1.408707536756992340e-02
1.341353077441453934e-02
1.380693167448043823e-02
1.402440201491117477e-02
1.390983164310455322e-02
1.428942754864692688e-02
1.416040398180484772e-02
1.455079950392246246e-02
1.303547993302345276e-02
1.392806787043809891e-02
1.398217305541038513e-02
1.422345079481601715e-02
1.310170069336891174e-02
1.369702443480491638e-02
1.369870826601982117e-02
1.351432781666517258e-02
1.392789464443922043e-02
1.424487307667732239e-02
1.389014162123203278e-02
1.374743506312370300e-02
1.151793822646141052e-02
1.407366059720516205e-02
1.399602089077234268e-02
1.325690373778343201e-02
1.377265900373458862e-02
1.372173521667718887e-02
1.350677013397216797e-02
1.438312232494354248e-02
1.420359499752521515e-02
1.397293992340564728e-02
1.339433062821626663e-02
1.407967694103717804e-02
1.371688954532146454e-02
1.398508250713348389e-02
1.372130308300256729e-02
1.459996402263641357e-02
1.464872341603040695e-02
1.357475016266107559e-02
1.351562049239873886e-02
1.389438472688198090e-02
1.382394693791866302e-02
1.345644891262054443e-02
1.343002263456583023e-02
1.426908932626247406e-02
1.366456039249897003e-02
1.353617757558822632e-02
1.377132534980773926e-02
1.385116577148437500e-02
1.376555021852254868e-02
1.360795460641384125e-02
1.361931487917900085e-02
1.346082519739866257e-02
1.404835842549800873e-02
1.416552066802978516e-02
1.383666507899761200e-02
1.379436813294887543e-02
1.358345150947570801e-02
1.497325394302606583e-02
1.433120388537645340e-02
1.359354704618453979e-02
1.422448456287384033e-02
1.210754178464412689e-02
1.355562172830104828e-02
1.338598504662513733e-02
1.455957908183336258e-02
1.331248413771390915e-02
1.367381587624549866e-02
1.466794218868017197e-02
1.391774415969848633e-02
1.456408109515905380e-02
1.446434762328863144e-02
1.403774507343769073e-02
1.403747126460075378e-02
1.398378331214189529e-02
1.567601412534713745e-02
1.377448067069053650e-02
1.339797396212816238e-02
1.437873672693967819e-02
1.392875518649816513e-02
1.374054141342639923e-02
1.385630667209625244e-02
1.399206835776567459e-02
1.356707699596881866e-02
1.394637674093246460e-02
1.382535882294178009e-02
1.130666024982929230e-02
1.407246291637420654e-02
1.445400342345237732e-02
1.375393569469451904e-02
1.158130913972854614e-02
1.396343298256397247e-02
1.375059410929679871e-02
1.403754577040672302e-02
1.413282193243503571e-02
1.329863164573907852e-02
1.359281875193119049e-02
1.380245201289653778e-02
1.353192515671253204e-02
1.394354924559593201e-02
1.383406668901443481e-02
1.345320045948028564e-02
1.304894965142011642e-02
1.357434131205081940e-02
1.387700438499450684e-02
1.524464040994644165e-02
1.137332990765571594e-02
7.552852854132652283e-03
1.290157809853553772e-02
1.380957011133432388e-02
1.316192932426929474e-02
1.409073825925588608e-02
1.299261301755905151e-02
1.393594499677419662e-02
1.383864134550094604e-02
1.363185420632362366e-02
1.358252391219139099e-02
1.346542127430438995e-02
1.411915197968482971e-02
1.399975828826427460e-02
1.329746283590793610e-02
1.433922536671161652e-02
1.346071064472198486e-02
1.388771086931228638e-02
1.438181661069393158e-02
1.183843985199928284e-02
1.379426009953022003e-02
1.371080800890922546e-02
1.457236334681510925e-02
1.363396737724542618e-02
1.307062618434429169e-02
1.398667693138122559e-02
1.387462392449378967e-02
1.370384171605110168e-02
1.398166082799434662e-02
1.372131984680891037e-02
1.168995350599288940e-02
1.380422338843345642e-02
1.406652294099330902e-02
1.383585855364799500e-02
1.386578753590583801e-02
1.410089433193206787e-02
1.345541793853044510e-02
1.330283004790544510e-02
1.410242728888988495e-02
1.498758047819137573e-02
1.376618258655071259e-02
1.392214000225067139e-02
1.387972664088010788e-02
1.386482827365398407e-02
1.426780782639980316e-02
1.388969086110591888e-02
1.398341916501522064e-02
1.406538207083940506e-02
1.317394338548183441e-02
1.413196884095668793e-02
1.330809853971004486e-02
1.391970366239547729e-02
1.385410875082015991e-02
1.335490867495536804e-02
1.382213458418846130e-02
1.401373371481895447e-02
1.366161368787288666e-02
1.385885663330554962e-02
1.326590590178966522e-02
1.401891745626926422e-02
1.368986349552869797e-02
1.347274053841829300e-02
1.388483028858900070e-02
1.346713118255138397e-02
1.516448054462671280e-02
1.337528135627508163e-02
1.494472939521074295e-02
1.376564800739288330e-02
1.730333268642425537e-02
1.388636976480484009e-02
1.337756589055061340e-02
1.395589206367731094e-02
1.385634858161211014e-02
1.403610222041606903e-02
1.415694877505302429e-02
1.391673460602760315e-02
1.442359387874603271e-02
1.359294354915618896e-02
1.444824319332838058e-02
1.354213897138834000e-02
1.347655151039361954e-02
1.384593732655048370e-02
1.379443891346454620e-02
1.415630243718624115e-02
1.439158339053392410e-02
1.407231204211711884e-02
1.406517159193754196e-02
1.332935038954019547e-02
1.369972713291645050e-02
1.342602167278528214e-02
1.391645520925521851e-02
1.340480800718069077e-02
1.365129277110099792e-02
1.392298564314842224e-02
1.317618787288665771e-02
1.393903698772192001e-02
1.385015621781349182e-02
1.445457339286804199e-02
1.408693008124828339e-02
1.410702057182788849e-02
1.398089528083801270e-02
1.346211694180965424e-02
1.423240080475807190e-02
1.415513642132282257e-02
1.392224989831447601e-02
1.365775335580110550e-02
1.413978636264801025e-02
1.412857417017221451e-02
1.403456740081310272e-02
1.369407027959823608e-02
1.375815551728010178e-02
1.216121762990951538e-02
1.403685286641120911e-02
1.372451521456241608e-02
1.396564859896898270e-02
1.323579251766204834e-02
2.566872909665107727e-02
1.408912520855665207e-02
1.399031933397054672e-02
1.393194217234849930e-02
1.323388423770666122e-02
1.324866898357868195e-02
1.310676522552967072e-02
1.396663580089807510e-02
1.405506581068038940e-02
1.378769800066947937e-02
1.431629806756973267e-02
1.409089751541614532e-02
1.396381575614213943e-02
1.379352994263172150e-02
1.404178142547607422e-02
1.114907208830118179e-02
1.425565034151077271e-02
1.347841788083314896e-02
1.340642664581537247e-02
1.382274553179740906e-02
1.398322731256484985e-02
1.293895952403545380e-02
1.387501973658800125e-02
1.226412132382392883e-02
1.394864730536937714e-02
1.441501639783382416e-02
1.331532746553421021e-02
1.394306682050228119e-02
1.384828705340623856e-02
1.315298117697238922e-02
1.433435641229152679e-02
1.370402798056602478e-02
1.343061588704586029e-02
1.380635332316160202e-02
1.387712173163890839e-02
1.393526419997215271e-02
1.312072388827800751e-02
1.356076076626777649e-02
1.365051511675119400e-02
1.364858169108629227e-02
1.351530291140079498e-02
1.329206489026546478e-02
1.376936398446559906e-02
1.389296725392341614e-02
1.447824295610189438e-02
1.432107761502265930e-02
1.310217566788196564e-02
1.415440440177917480e-02
1.297013461589813232e-02
1.387306302785873413e-02
1.493972539901733398e-02
1.185530796647071838e-02
1.427197456359863281e-02
1.388089731335639954e-02
1.353433541953563690e-02
1.450948230922222137e-02
1.391604263335466385e-02
1.395998336374759674e-02
1.374103873968124390e-02
1.401069015264511108e-02
1.396220736205577850e-02
1.373089943081140518e-02
1.588950864970684052e-02
1.448548398911952972e-02
1.332613639533519745e-02
1.462468691170215607e-02
1.337611488997936249e-02
1.414396427571773529e-02
1.054897345602512360e-02
1.348142325878143311e-02
1.409280858933925629e-02
1.385652273893356323e-02
1.352864596992731094e-02
1.383700408041477203e-02
1.376611925661563873e-02
1.421101298183202744e-02
1.339331921190023422e-02
1.368987932801246643e-02
1.353339198976755142e-02
1.371374540030956268e-02
1.384934969246387482e-02
1.408028136938810349e-02
1.330735813826322556e-02
1.334010157734155655e-02
1.423744205385446548e-02
1.246222108602523804e-02
1.321670599281787872e-02
1.659375801682472229e-02
1.390901487320661545e-02
1.320290565490722656e-02
1.436182949692010880e-02
1.365156844258308411e-02
1.404455304145812988e-02
1.348241418600082397e-02
1.458960212767124176e-02
1.442113425582647324e-02
1.357391662895679474e-02
1.387756410986185074e-02
1.426247321069240570e-02
1.341436803340911865e-02
1.435383595526218414e-02
1.159575581550598145e-02
1.403576601296663284e-02
1.401677168905735016e-02
1.407581847161054611e-02
1.404128130525350571e-02
1.369053125381469727e-02
1.232752576470375061e-02
1.359726674854755402e-02
1.347931195050477982e-02
1.452901307493448257e-02
1.392016932368278503e-02
1.345674879848957062e-02
1.405732240527868271e-02
1.393279992043972015e-02
1.426076702773571014e-02
1.382652856409549713e-02
1.350518316030502319e-02
1.366091333329677582e-02
1.401190739125013351e-02
1.413841173052787781e-02
1.371681876480579376e-02
1.369404699653387070e-02
1.090226694941520691e-02
1.384118013083934784e-02
1.385336462408304214e-02
1.439293101429939270e-02
1.446257624775171280e-02
1.488456502556800842e-02
1.343009714037179947e-02
1.379145309329032898e-02
1.375947892665863037e-02
1.354196108877658844e-02
1.341231819242238998e-02
1.380593888461589813e-02
1.390772964805364609e-02
1.345286797732114792e-02
1.411409582942724228e-02
1.378670055419206619e-02
1.406075339764356613e-02
1.367385592311620712e-02
1.329896692186594009e-02
1.399859134107828140e-02
1.358788646757602692e-02
1.355720870196819305e-02
1.391072198748588562e-02
1.344331912696361542e-02
1.321733929216861725e-02
1.336280256509780884e-02
1.403699070215225220e-02
1.418757531791925430e-02
1.392441894859075546e-02
1.432469952851533890e-02
1.395876705646514893e-02
1.335078012198209763e-02
1.464323885738849640e-02
1.404299680143594742e-02
1.340417377650737762e-02
1.300750859081745148e-02
1.348808873444795609e-02
1.328217238187789917e-02
1.425566896796226501e-02
1.417807862162590027e-02
1.426107063889503479e-02
1.393043529242277145e-02
1.374542154371738434e-02
1.377650070935487747e-02
1.397743262350559235e-02
1.435617730021476746e-02
1.315906830132007599e-02
1.459391042590141296e-02
1.500077545642852783e-02
1.378478109836578369e-02
1.424868591129779816e-02
1.316261477768421173e-02
1.338422764092683792e-02
1.348932925611734390e-02
1.291687227785587311e-02
1.386887393891811371e-02
1.413045916706323624e-02
1.423102524131536484e-02
1.436478830873966217e-02
1.397211663424968719e-02
1.352409273386001587e-02
1.432227063924074173e-02
1.337611302733421326e-02
1.379281282424926758e-02
1.398388668894767761e-02
1.399126090109348297e-02
1.392114069312810898e-02
1.401496678590774536e-02
1.379488408565521240e-02
1.398431323468685150e-02
1.384154055267572403e-02
1.355276163667440414e-02
1.384693942964076996e-02
1.353330444544553757e-02
1.386360637843608856e-02
1.152192242443561554e-02
1.367457211017608643e-02
1.372439041733741760e-02
1.357612200081348419e-02
1.416317746043205261e-02
1.356715336441993713e-02
1.346317492425441742e-02
1.404510624706745148e-02
1.349514350295066833e-02
1.411134935915470123e-02
1.249930635094642639e-02
1.349979639053344727e-02
1.367492135614156723e-02
1.330430246889591217e-02
1.341707445681095123e-02
1.396699808537960052e-02
1.420977711677551270e-02
1.391633041203022003e-02
1.380424201488494873e-02
1.365827210247516632e-02
1.405954267829656601e-02
1.385373622179031372e-02
1.289059035480022430e-02
1.409553550183773041e-02
1.453473791480064392e-02
1.379171665757894516e-02
1.425437908619642258e-02
1.395654957741498947e-02
1.351064443588256836e-02
1.401462033390998840e-02
1.387132983654737473e-02
1.425454299896955490e-02
1.407517213374376297e-02
1.345274597406387329e-02
1.379268709570169449e-02
1.317524723708629608e-02
1.387290935963392258e-02
1.426730491220951080e-02
1.379630528390407562e-02
1.368541643023490906e-02
1.311942748725414276e-02
1.421774458140134811e-02
1.399102620780467987e-02
1.374155096709728241e-02
1.350119803100824356e-02
1.448769494891166687e-02
1.375231146812438965e-02
1.352866739034652710e-02
1.419871486723423004e-02
1.393204741179943085e-02
1.307181641459465027e-02
1.450982503592967987e-02
1.309662498533725739e-02
1.386246550828218460e-02
1.388957165181636810e-02
1.344034727662801743e-02
1.347305998206138611e-02
1.363347098231315613e-02
1.373132970184087753e-02
1.386710628867149353e-02
1.343174278736114502e-02
1.317173708230257034e-02
1.354370079934597015e-02
1.551408879458904266e-02
1.346717122942209244e-02
1.351263467222452164e-02
1.371377892792224884e-02
1.373911835253238678e-02
1.381334662437438965e-02
1.391095947474241257e-02
1.393542531877756119e-02
1.196853723376989365e-02
1.354908850044012070e-02
1.373883057385683060e-02
1.457618270069360733e-02
1.360957138240337372e-02
1.398953143507242203e-02
1.395822875201702118e-02
1.397633366286754608e-02
1.373523846268653870e-02
1.367666479200124741e-02
1.452011335641145706e-02
1.361493580043315887e-02
1.422356534749269485e-02
1.373725105077028275e-02
1.382938586175441742e-02
1.368424482643604279e-02
1.406252663582563400e-02
1.379537396132946014e-02
1.351655740290880203e-02
1.392981596291065216e-02
1.333766523748636246e-02
1.373508945107460022e-02
1.355278771370649338e-02
1.380104850977659225e-02
1.381934247910976410e-02
1.396762020885944366e-02
1.357667148113250732e-02
1.430530101060867310e-02
1.424088422209024429e-02
1.430303044617176056e-02
1.449893414974212646e-02
1.379095017910003662e-02
1.314177736639976501e-02
1.496571023017168045e-02
1.397867407649755478e-02
1.329088583588600159e-02
1.436619181185960770e-02
1.429176889359951019e-02
1.343327388167381287e-02
1.380664296448230743e-02
1.366413664072751999e-02
1.454514451324939728e-02
1.361006870865821838e-02
1.306059584021568298e-02
1.699696481227874756e-02
1.408327277749776840e-02
1.353201083838939667e-02
1.385480165481567383e-02
1.395786181092262268e-02
1.392657123506069183e-02
1.312282867729663849e-02
1.329013053327798843e-02
1.390511542558670044e-02
1.355266477912664413e-02
1.355121657252311707e-02
1.374569535255432129e-02
1.425707899034023285e-02
1.424460299313068390e-02
1.339920237660408020e-02
1.409066282212734222e-02
1.375729870051145554e-02
1.429001521319150925e-02
1.330328546464443207e-02
1.356225460767745972e-02
1.296281255781650543e-02
1.360545679926872253e-02
1.290844194591045380e-02
1.553673855960369110e-02
1.389172114431858063e-02
1.356831286102533340e-02
