<system>Protocol: Active. Attitude: Sassy.</system>
1.018463075160980225e-02
9.985761716961860657e-03
1.159095112234354019e-02
8.543852716684341431e-03
1.123487018048763275e-02
1.220272388309240341e-02
1.293227542191743851e-02
1.391487475484609604e-02
1.549285836517810822e-02
1.433721184730529785e-02
1.498945802450180054e-02
1.538685336709022522e-02
1.536526158452033997e-02
1.555060967803001404e-02
1.666370220482349396e-02
1.627105660736560822e-02
1.977738924324512482e-02
2.619636431336402893e-02
2.688574790954589844e-02
2.100283466279506683e-02
3.507402539253234863e-02
3.419091552495956421e-02
3.380011767148971558e-02
3.183209523558616638e-02
1.675042882561683655e-02
2.822622470557689667e-02
3.097495064139366150e-02
3.268378600478172302e-02
3.215725719928741455e-02
3.275022283196449280e-02
3.052108734846115112e-02
3.071374818682670593e-02
8.353963494300842285e-03
8.784657344222068787e-03
1.200204342603683472e-02
1.182022970169782639e-02
1.146508939564228058e-02
1.343773026019334793e-02
1.403454504907131195e-02
1.319043338298797607e-02
1.510007306933403015e-02
1.484606880694627762e-02
1.637628860771656036e-02
1.513925753533840179e-02
1.637343503534793854e-02
1.549766305834054947e-02
1.637717708945274353e-02
1.785323396325111389e-02
2.058885619044303894e-02
2.514495328068733215e-02
2.581376768648624420e-02
2.880140021443367004e-02
3.202781453728675842e-02
3.153757005929946899e-02
3.375454992055892944e-02
3.644195944070816040e-02
2.429299801588058472e-02
2.438115701079368591e-02
3.090455383062362671e-02
2.919124998152256012e-02
3.109029307961463928e-02
3.461381793022155762e-02
3.411255776882171631e-02
2.895270287990570068e-02
2.003780752420425415e-02
1.885971799492835999e-02
1.783641427755355835e-02
2.083570882678031921e-02
2.055633068084716797e-02
1.630698889493942261e-02
1.738950610160827637e-02
1.664921268820762634e-02
2.704389020800590515e-02
1.647418178617954254e-02
1.981193944811820984e-02
2.432643435895442963e-02
2.733187749981880188e-02
2.286932989954948425e-02
2.527340129017829895e-02
2.462548576295375824e-02
2.584176510572433472e-02
2.465635724365711212e-02
2.832443639636039734e-02
1.814585924148559570e-02
2.478297054767608643e-02
2.549097873270511627e-02
2.517113834619522095e-02
2.480047754943370819e-02
9.429033845663070679e-03
1.696284860372543335e-02
2.382697351276874542e-02
2.408704534173011780e-02
1.906486228108406067e-02
2.072919905185699463e-02
2.512172423303127289e-02
2.569482848048210144e-02
1.789477281272411346e-02
1.977057754993438721e-02
2.150839753448963165e-02
1.756035350263118744e-02
2.182750590145587921e-02
2.375770546495914459e-02
2.420489117503166199e-02
2.150141261518001556e-02
2.019187062978744507e-02
2.503458037972450256e-02
2.561444230377674103e-02
1.844557188451290131e-02
2.198908850550651550e-02
2.681648731231689453e-02
1.614911109209060669e-02
2.991261519491672516e-02
3.023562394082546234e-02
2.541848830878734589e-02
2.652389183640480042e-02
2.901284955441951752e-02
2.616380900144577026e-02
2.555579878389835358e-02
2.726852521300315857e-02
2.618723921477794647e-02
1.693856716156005859e-02
1.195564493536949158e-02
2.466269955039024353e-02
2.385799214243888855e-02
2.296354249119758606e-02
1.799759827554225922e-02
2.504845708608627319e-02
1.554980874061584473e-02
2.023311331868171692e-02
1.941612921655178070e-02
2.248961478471755981e-02
2.127327583730220795e-02
2.038089558482170105e-02
1.928186044096946716e-02
1.750013791024684906e-02
2.097227796912193298e-02
2.594661340117454529e-02
1.837219111621379852e-02
1.678036712110042572e-02
2.710000053048133850e-02
2.946749329566955566e-02
2.247486263513565063e-02
2.860422432422637939e-02
1.905472576618194580e-02
2.514097839593887329e-02
2.606759406626224518e-02
2.379834279417991638e-02
1.810602471232414246e-02
2.785974554717540741e-02
2.866822108626365662e-02
2.885106205940246582e-02
2.612337097525596619e-02
1.023651286959648132e-02
1.983928866684436798e-02
2.705059573054313660e-02
2.640892006456851959e-02
2.613199502229690552e-02
2.277137711644172668e-02
2.583159133791923523e-02
2.864415571093559265e-02
2.072271704673767090e-02
1.997511088848114014e-02
2.189126610755920410e-02
2.199622243642807007e-02
2.412492223083972931e-02
2.439929358661174774e-02
2.436702325940132141e-02
2.236439287662506104e-02
2.031231671571731567e-02
2.930196933448314667e-02
2.681733854115009308e-02
1.720824837684631348e-02
2.187981083989143372e-02
3.107563778758049011e-02
1.550884172320365906e-02
2.393199503421783447e-02
2.848741598427295685e-02
2.598961070179939270e-02
2.638242393732070923e-02
2.362912334501743317e-02
2.837165631353855133e-02
2.748939022421836853e-02
2.771795168519020081e-02
2.726451493799686432e-02
1.521645300090312958e-02
1.236058585345745087e-02
2.611334994435310364e-02
2.300038188695907593e-02
2.616157755255699158e-02
2.298913709819316864e-02
2.674766071140766144e-02
1.866829209029674530e-02
1.789958029985427856e-02
1.335084997117519379e-02
1.923885941505432129e-02
2.732722088694572449e-02
1.049356535077095032e-02
1.325175445526838303e-02
1.180916093289852142e-02
9.693574160337448120e-03
3.534592688083648682e-02
9.546346962451934814e-03
4.261772334575653076e-02
3.446142002940177917e-02
1.738165318965911865e-02
2.636419609189033508e-02
2.343279495835304260e-02
3.592693433165550232e-02
3.315211832523345947e-02
3.571208566427230835e-02
3.663384169340133667e-02
1.495525520294904709e-02
3.203058987855911255e-02
3.149398788809776306e-02
2.842513658106327057e-02
2.464822679758071899e-02
6.405834108591079712e-03
8.489087224006652832e-03
2.715487033128738403e-02
2.433637902140617371e-02
2.990786172449588776e-02
1.499689929187297821e-02
2.394735813140869141e-02
2.429294586181640625e-02
2.122691087424755096e-02
2.649996243417263031e-02
1.700832135975360870e-02
1.318034995347261429e-02
3.415877372026443481e-02
3.459510952234268188e-02
3.131279349327087402e-02
3.198061138391494751e-02
3.833305835723876953e-02
3.098378144204616547e-02
3.270194679498672485e-02
1.276770420372486115e-02
1.777629926800727844e-02
2.333236485719680786e-02
1.143680233508348465e-02
4.007740318775177002e-02
3.258913382887840271e-02
1.537547912448644638e-02
2.570731565356254578e-02
3.036753833293914795e-02
3.019164316356182098e-02
2.888737991452217102e-02
3.031369298696517944e-02
2.859835699200630188e-02
1.577127352356910706e-02
6.855841260403394699e-03
2.871070429682731628e-02
2.622316777706146240e-02
2.289164252579212189e-02
8.997637778520584106e-03
2.309500426054000854e-02
9.140377864241600037e-03
1.950563117861747742e-02
1.937159895896911621e-02
2.078454568982124329e-02
2.065716870129108429e-02
1.890882849693298340e-02
1.781558431684970856e-02
1.808838732540607452e-02
1.915583014488220215e-02
2.692653425037860870e-02
1.722914725542068481e-02
1.909776031970977783e-02
2.403487637639045715e-02
2.660620398819446564e-02
2.373494952917098999e-02
2.809414267539978027e-02
2.258872240781784058e-02
2.788994461297988892e-02
2.619539201259613037e-02
2.710522711277008057e-02
1.626640185713768005e-02
2.915181405842304230e-02
2.570168487727642059e-02
2.833426371216773987e-02
2.707664668560028076e-02
9.178226813673973083e-03
1.536333095282316208e-02
2.791811525821685791e-02
2.618767693638801575e-02
2.707114815711975098e-02
1.919281482696533203e-02
2.636134997010231018e-02
2.562157437205314636e-02
2.060860767960548401e-02
1.948224753141403198e-02
2.176530845463275909e-02
2.240729704499244690e-02
2.273801341652870178e-02
2.305501699447631836e-02
2.337367832660675049e-02
2.348000556230545044e-02
1.788360252976417542e-02
2.366184443235397339e-02
2.550098486244678497e-02
1.796961948275566101e-02
2.330594323575496674e-02
2.703176438808441162e-02
1.642984710633754730e-02
2.924449741840362549e-02
2.556265890598297119e-02
2.734468132257461548e-02
2.820409834384918213e-02
2.502846904098987579e-02
2.907600067555904388e-02
2.758825197815895081e-02
2.699600718915462494e-02
2.938498184084892273e-02
1.495349965989589691e-02
1.416488178074359894e-02
2.631551399827003479e-02
2.623849734663963318e-02
2.391989715397357941e-02
2.028429135680198669e-02
2.711313217878341675e-02
1.962970942258834839e-02
1.929479092359542847e-02
1.929523050785064697e-02
2.185244485735893250e-02
2.035636454820632935e-02
1.920805126428604126e-02
1.724386215209960938e-02
1.995923183858394623e-02
1.770270243287086487e-02
2.683016471564769745e-02
1.725265942513942719e-02
2.045586891472339630e-02
2.696705982089042664e-02
2.706462889909744263e-02
2.397651784121990204e-02
2.716157957911491394e-02
2.658729068934917450e-02
2.467137388885021210e-02
2.438038401305675507e-02
2.755958214402198792e-02
1.496972423046827316e-02
2.721347287297248840e-02
2.797465585172176361e-02
2.560609951615333557e-02
2.370049804449081421e-02
8.588355034589767456e-03
1.603358983993530273e-02
2.451982162892818451e-02
2.498715370893478394e-02
2.454626932740211487e-02
1.992378197610378265e-02
2.563936822116374969e-02
2.495950460433959961e-02
1.915830746293067932e-02
1.952194422483444214e-02
2.148666791617870331e-02
2.083253487944602966e-02
2.428217604756355286e-02
2.341921627521514893e-02
2.657358162105083466e-02
2.444477938115596771e-02
2.413031086325645447e-02
3.111355751752853394e-02
3.042793460190296173e-02
1.691747829318046570e-02
2.637078613042831421e-02
3.225043416023254395e-02
1.544230245053768158e-02
2.818117290735244751e-02
2.903301268815994263e-02
2.380239963531494141e-02
2.663869597017765045e-02
2.435163035988807678e-02
2.645299583673477173e-02
2.589709870517253876e-02
2.695989236235618591e-02
2.500725537538528442e-02
1.467107608914375305e-02
1.083342917263507843e-02
2.380583435297012329e-02
2.296580560505390167e-02
2.340732887387275696e-02
1.822130009531974792e-02
2.495535463094711304e-02
1.681050658226013184e-02
2.531855367124080658e-02
1.753894425928592682e-02
1.711869612336158752e-02
2.207276970148086548e-02
1.752841472625732422e-02
1.502868160605430603e-02
1.632693596184253693e-02
1.385273225605487823e-02
2.450881153345108032e-02
1.642572507262229919e-02
1.932566985487937927e-02
2.259195223450660706e-02
2.031625434756278992e-02
2.147657424211502075e-02
2.509629353880882263e-02
2.358951419591903687e-02
2.168144844472408295e-02
2.232320979237556458e-02
2.271688356995582581e-02
1.322643365710973740e-02
2.371344342827796936e-02
2.281320840120315552e-02
2.337611466646194458e-02
2.186111360788345337e-02
7.726429030299186707e-03
1.337602920830249786e-02
2.259619347751140594e-02
2.336765825748443604e-02
2.142013236880302429e-02
1.764923334121704102e-02
2.090204134583473206e-02
2.168558910489082336e-02
2.316593751311302185e-02
1.861112006008625031e-02
2.107373625040054321e-02
1.632697321474552155e-02
2.290811762213706970e-02
2.529958263039588928e-02
2.428711205720901489e-02
2.606013603508472443e-02
1.911236532032489777e-02
2.471316419541835785e-02
2.474368363618850708e-02
1.545184478163719177e-02
1.785125210881233215e-02
3.008808381855487823e-02
1.476346142590045929e-02
3.101050108671188354e-02
2.383942902088165283e-02
2.313533797860145569e-02
2.461997792124748230e-02
2.446487918496131897e-02
2.318143844604492188e-02
2.272869274020195007e-02
2.276152558624744415e-02
2.250489778816699982e-02
1.503998134285211563e-02
9.787424467504024506e-03
2.170930802822113037e-02
2.120523899793624878e-02
2.065488137304782867e-02
1.348844356834888458e-02
2.157436311244964600e-02
1.276894565671682358e-02
1.646466925740242004e-02
1.425940543413162231e-02
1.643773913383483887e-02
1.794878765940666199e-02
1.665895991027355194e-02
1.457024738192558289e-02
1.527518220245838165e-02
1.498541142791509628e-02
2.211602218449115753e-02
1.805912144482135773e-02
1.747820712625980377e-02
1.906820386648178101e-02
1.767337881028652191e-02
1.793414354324340820e-02
1.967133954167366028e-02
1.912110671401023865e-02
2.429068088531494141e-02
2.207114920020103455e-02
2.456912584602832794e-02
1.629522442817687988e-02
2.667956799268722534e-02
2.488013729453086853e-02
2.774021960794925690e-02
2.636514604091644287e-02
1.137741655111312866e-02
2.137837931513786316e-02
2.754960954189300537e-02
3.057886660099029541e-02
2.818329073488712311e-02
2.292458526790142059e-02
2.500304579734802246e-02
2.952301502227783203e-02
1.517834421247243881e-02
1.714136451482772827e-02
1.740573532879352570e-02
1.389624644070863724e-02
1.927095092833042145e-02
1.951077952980995178e-02
1.777262985706329346e-02
1.773146167397499084e-02
1.838772185146808624e-02
1.974449679255485535e-02
2.111974172294139862e-02
1.733450964093208313e-02
1.907510124146938324e-02
2.150720171630382538e-02
1.552919670939445496e-02
2.095098979771137238e-02
2.310924790799617767e-02
2.652669511735439301e-02
2.656919136643409729e-02
2.632018178701400757e-02
2.688721194863319397e-02
2.589218504726886749e-02
2.906741946935653687e-02
2.845850214362144470e-02
1.895526610314846039e-02
1.510741002857685089e-02
2.689318917691707611e-02
2.490894123911857605e-02
2.778677456080913544e-02
2.274390123784542084e-02
2.901897951960563660e-02
2.046044729650020599e-02
1.593333669006824493e-02
1.894823275506496429e-02
1.945053040981292725e-02
1.357109658420085907e-02
2.130583301186561584e-02
1.944060623645782471e-02
2.658519707620143890e-02
1.826121471822261810e-02
1.421659998595714569e-02
1.193735376000404358e-02
1.592065393924713135e-02
2.795481495559215546e-02
2.386242337524890900e-02
2.480174228549003601e-02
2.410573512315750122e-02
2.638348564505577087e-02
2.246188558638095856e-02
2.718063630163669586e-02
2.410758286714553833e-02
1.528623700141906738e-02
2.343927137553691864e-02
2.267641946673393250e-02
2.675868198275566101e-02
1.591321453452110291e-02
1.264872588217258453e-02
2.610399946570396423e-02
2.058678120374679565e-02
1.094668079167604446e-02
2.004985883831977844e-02
2.049909718334674835e-02
2.534887939691543579e-02
1.656547747552394867e-02
1.695310510694980621e-02
1.703361049294471741e-02
1.455708313733339310e-02
1.782349869608879089e-02
1.134317182004451752e-02
1.965708099305629730e-02
1.155079156160354614e-02
2.154358290135860443e-02
2.213559672236442566e-02
2.312785014510154724e-02
2.795449644327163696e-02
1.811892725527286530e-02
2.393304184079170227e-02
1.508465968072414398e-02
2.727719396352767944e-02
2.380532398819923401e-02
2.429905533790588379e-02
1.727994717657566071e-02
2.575462311506271362e-02
2.687125466763973236e-02
2.362665534019470215e-02
2.608425542712211609e-02
2.324334159493446350e-02
5.860362201929092407e-03
5.973353050649166107e-03
2.249974384903907776e-02
1.764418557286262512e-02
1.258646231144666672e-02
2.310072630643844604e-02
1.465621870011091232e-02
2.373208850622177124e-02
1.665547676384449005e-02
1.144797913730144501e-02
1.504096202552318573e-02
1.234161574393510818e-02
1.155383139848709106e-02
1.305513642728328705e-02
1.771165058016777039e-02
1.427572686225175858e-02
1.415494550019502640e-02
1.061987876892089844e-02
1.395850908011198044e-02
1.182676665484905243e-02
1.966970786452293396e-02
1.942764595150947571e-02
2.054322510957717896e-02
1.735188812017440796e-02
1.853911206126213074e-02
2.042978815734386444e-02
2.332070656120777130e-02
1.955249905586242676e-02
9.027444757521152496e-03
1.753531396389007568e-02
1.591733098030090332e-02
1.559376996010541916e-02
1.696246676146984100e-02
1.075461693108081818e-02
1.636129617691040039e-02
1.509556174278259277e-02
9.170923382043838501e-03
1.689027994871139526e-02
1.516784355044364929e-02
1.819266565144062042e-02
1.223947294056415558e-02
1.237969473004341125e-02
1.654788479208946228e-02
1.124258339405059814e-02
1.332085952162742615e-02
1.115991361439228058e-02
1.621682196855545044e-02
1.097594946622848511e-02
1.751753315329551697e-02
1.514546852558851242e-02
1.952352002263069153e-02
1.776449009776115417e-02
1.187416724860668182e-02
1.859893836081027985e-02
1.315039675682783127e-02
1.942235603928565979e-02
1.458982564508914948e-02
2.015976980328559875e-02
1.032775826752185822e-02
1.831107214093208313e-02
1.925953663885593414e-02
1.639602705836296082e-02
1.715083420276641846e-02
1.672232896089553833e-02
4.529087804257869720e-03
5.362133495509624481e-03
1.596992090344429016e-02
1.341599412262439728e-02
1.018894370645284653e-02
1.707638986408710480e-02
1.075786724686622620e-02
1.636608876287937164e-02
1.262952666729688644e-02
1.479057222604751587e-02
1.602450385689735413e-02
1.841694489121437073e-02
1.698688790202140808e-02
2.116578817367553711e-02
2.295860648155212402e-02
2.411709725856781006e-02
2.470137923955917358e-02
1.725851558148860931e-02
1.905084587633609772e-02
2.229301631450653076e-02
3.262116760015487671e-02
2.890329621732234955e-02
3.527768701314926147e-02
3.055016323924064636e-02
3.162986785173416138e-02
2.588989771902561188e-02
3.590462729334831238e-02
2.959760650992393494e-02
1.906458102166652679e-02
3.108813986182212830e-02
2.838248759508132935e-02
3.404083475470542908e-02
1.557047758251428604e-02
1.336958818137645721e-02
3.176484256982803345e-02
1.892154663801193237e-02
1.185955107212066650e-02
3.085870482027530670e-02
2.439038082957267761e-02
2.866254188120365143e-02
1.862593367695808411e-02
1.615493744611740112e-02
1.494447514414787292e-02
1.772572100162506104e-02
1.782275736331939697e-02
1.574707217514514923e-02
1.913214102387428284e-02
1.603764109313488007e-02
2.459594234824180603e-02
3.163708746433258057e-02
3.310609608888626099e-02
3.547216951847076416e-02
2.718201093375682831e-02
2.940959297120571136e-02
1.905946061015129089e-02
3.294198960065841675e-02
3.172195330262184143e-02
2.636776491999626160e-02
1.853758469223976135e-02
2.927731350064277649e-02
3.650180995464324951e-02
2.841375209391117096e-02
3.233508393168449402e-02
3.352938592433929443e-02
6.861949339509010315e-03
6.317551247775554657e-03
3.085713088512420654e-02
2.005641907453536987e-02
1.151955127716064453e-02
2.593064121901988983e-02
1.654517278075218201e-02
3.217903524637222290e-02
1.528688613325357437e-02
1.533454284071922302e-02
1.804604753851890564e-02
1.538998074829578400e-02
1.595503278076648712e-02
1.537502370774745941e-02
1.738756895065307617e-02
1.599952764809131622e-02
1.707001775503158569e-02
1.347536221146583557e-02
1.636747643351554871e-02
1.402609981596469879e-02
1.801422424614429474e-02
1.949007809162139893e-02
1.774359866976737976e-02
1.900989189743995667e-02
2.062368765473365784e-02
2.121878415346145630e-02
1.918794587254524231e-02
2.719976194202899933e-02
1.228202879428863525e-02
2.978334575891494751e-02
2.921033278107643127e-02
2.932171896100044250e-02
1.448913849890232086e-02
1.341932080686092377e-02
3.174860030412673950e-02
1.956063881516456604e-02
1.197273004800081253e-02
2.051989734172821045e-02
2.088388800621032715e-02
2.658470347523689270e-02
2.106579765677452087e-02
1.222478784620761871e-02
1.515921112149953842e-02
1.228905841708183289e-02
1.376283075660467148e-02
1.269363798201084137e-02
1.750409603118896484e-02
1.322365272790193558e-02
1.495338417589664459e-02
1.512149814516305923e-02
1.904822885990142822e-02
1.637178659439086914e-02
1.467705704271793365e-02
2.055907435715198517e-02
1.309143751859664917e-02
2.139554545283317566e-02
1.966479979455471039e-02
2.204319648444652557e-02
1.341489143669605255e-02
2.699395082890987396e-02
1.870492845773696899e-02
2.718656510114669800e-02
3.322444111108779907e-02
2.719689160585403442e-02
7.186693139374256134e-03
7.071438711136579514e-03
2.968009188771247864e-02
2.028097212314605713e-02
1.291843410581350327e-02
2.561305835843086243e-02
1.796745508909225464e-02
3.099928796291351318e-02
2.124824002385139465e-02
1.889349147677421570e-02
1.780025660991668701e-02
2.656413987278938293e-02
2.174630016088485718e-02
2.657946571707725525e-02
2.322977036237716675e-02
2.726908586919307709e-02
1.770708896219730377e-02
9.467343799769878387e-03
1.824198476970195770e-02
1.221920456737279892e-02
1.459715515375137329e-02
2.281630039215087891e-02
2.688262425363063812e-02
2.066670730710029602e-02
2.050012350082397461e-02
2.029964141547679901e-02
2.825232967734336853e-02
2.312797494232654572e-02
9.734077379107475281e-03
2.507501095533370972e-02
2.081134915351867676e-02
2.407953515648841858e-02
1.386952120810747147e-02
1.164510659873485565e-02
2.448097243905067444e-02
1.239696890115737915e-02
7.940873503684997559e-03
2.350028231739997864e-02
1.581557467579841614e-02
2.418247610330581665e-02
9.326059371232986450e-03
1.845083571970462799e-02
1.135573163628578186e-02
1.461096014827489853e-02
1.192514784634113312e-02
7.904513739049434662e-03
2.375406771898269653e-02
8.572141639888286591e-03
1.475410629063844681e-02
2.348458021879196167e-02
2.833369933068752289e-02
2.633453533053398132e-02
2.237903513014316559e-02
2.088066190481185913e-02
9.810760617256164551e-03
2.529622614383697510e-02
2.377721853554248810e-02
2.348033338785171509e-02
1.576297543942928314e-02
2.451030910015106201e-02
2.331225946545600891e-02
2.429550886154174805e-02
2.315428107976913452e-02
2.431804873049259186e-02
4.302653484046459198e-03
4.116001073271036148e-03
2.305759675800800323e-02
1.156839542090892792e-02
7.096796296536922455e-03
2.338332682847976685e-02
8.589250035583972931e-03
2.185326814651489258e-02
7.860089652240276337e-03
1.206398196518421173e-02
1.462800614535808563e-02
1.279717404395341873e-02
1.628063619136810303e-02
1.743378676474094391e-02
1.968920975923538208e-02
1.849278807640075684e-02
2.328835241496562958e-02
1.825358346104621887e-02
1.909732818603515625e-02
1.974528841674327850e-02
3.520701825618743896e-02
2.631001174449920654e-02
3.289326280355453491e-02
2.829172089695930481e-02
2.805321477353572845e-02
2.768975682556629181e-02
3.220548480749130249e-02
3.260595351457595825e-02
1.628243364393711090e-02
2.919781953096389771e-02
2.540007606148719788e-02
2.787215635180473328e-02
1.612605154514312744e-02
1.251231878995895386e-02
2.546750567853450775e-02
1.770806312561035156e-02
1.311389915645122528e-02
2.500496432185173035e-02
2.433278784155845642e-02
2.455630898475646973e-02
1.722006499767303467e-02
1.231254264712333679e-02
1.622905768454074860e-02
1.383456028997898102e-02
1.806176081299781799e-02
1.684057526290416718e-02
1.972646266222000122e-02
1.703906431794166565e-02
2.609328366816043854e-02
2.585525065660476685e-02
2.697337418794631958e-02
2.919720113277435303e-02
2.146465890109539032e-02
2.889136970043182373e-02
2.008762583136558533e-02
2.863033488392829895e-02
2.493146806955337524e-02
3.222404420375823975e-02
2.043984457850456238e-02
2.761302329599857330e-02
3.403166681528091431e-02
2.732978016138076782e-02
2.662044763565063477e-02
2.491623908281326294e-02
7.548695430159568787e-03
7.593189366161823273e-03
2.709654718637466431e-02
2.086417563259601593e-02
1.243576593697071075e-02
2.632172219455242157e-02
1.565407216548919678e-02
2.493579871952533722e-02
1.710450462996959686e-02
1.950101926922798157e-02
2.148941159248352051e-02
2.523775398731231689e-02
2.009244449436664581e-02
2.487277239561080933e-02
2.029768005013465881e-02
2.880280464887619019e-02
1.998952776193618774e-02
1.571967825293540955e-02
1.601001992821693420e-02
1.657553762197494507e-02
2.586583234369754791e-02
2.618678286671638489e-02
2.475149370729923248e-02
2.427116222679615021e-02
2.749751508235931396e-02
2.695430815219879150e-02
2.872666716575622559e-02
2.859082445502281189e-02
1.514223590493202209e-02
2.804915420711040497e-02
2.779562026262283325e-02
2.865388989448547363e-02
1.793168857693672180e-02
1.404332555830478668e-02
3.032597340643405914e-02
1.812140271067619324e-02
1.220449991524219513e-02
2.175030857324600220e-02
2.088206261396408081e-02
2.793335169553756714e-02
2.143308147788047791e-02
2.141128480434417725e-02
1.782325468957424164e-02
1.789572089910507202e-02
1.723233796656131744e-02
1.468328107148408890e-02
2.449918538331985474e-02
1.295529212802648544e-02
2.027716487646102905e-02
2.475365810096263885e-02
2.839445322751998901e-02
2.821578457951545715e-02
1.861314103007316589e-02
2.745636180043220520e-02
1.665948890149593353e-02
2.767131477594375610e-02
2.701578661799430847e-02
2.510312199592590332e-02
1.869881525635719299e-02
2.729787118732929230e-02
2.502200566232204437e-02
2.580711990594863892e-02
2.836989238858222961e-02
2.490824833512306213e-02
6.768651306629180908e-03
6.859884131699800491e-03
2.528964355587959290e-02
1.994549110531806946e-02
1.554022822529077530e-02
2.258419618010520935e-02
1.712889969348907471e-02
2.816117741167545319e-02
2.180021628737449646e-02
1.693923398852348328e-02
2.000662311911582947e-02
1.817162521183490753e-02
1.616817712783813477e-02
2.061733976006507874e-02
1.887206733226776123e-02
2.424317412078380585e-02
1.564854755997657776e-02
1.088891830295324326e-02
1.380838919430971146e-02
1.225672848522663116e-02
2.357178553938865662e-02
1.952490210533142090e-02
2.221267484128475189e-02
2.120181545615196228e-02
2.128981612622737885e-02
1.944124326109886169e-02
2.819592505693435669e-02
2.140536159276962280e-02
1.021125633269548416e-02
1.941996254026889801e-02
1.814082637429237366e-02
1.980541273951530457e-02
1.523934304714202881e-02
1.088083907961845398e-02
1.956924237310886383e-02
1.261604391038417816e-02
8.340452797710895538e-03
1.933359913527965546e-02
1.702988892793655396e-02
1.866254769265651703e-02
1.285678707063198090e-02
1.806963235139846802e-02
1.914064213633537292e-02
1.402097940444946289e-02
1.768944598734378815e-02
1.120327133685350418e-02
1.715578697621822357e-02
9.754499420523643494e-03
1.698059216141700745e-02
2.191077917814254761e-02
2.171977981925010681e-02
2.339627593755722046e-02
1.439424417912960052e-02
2.094882912933826447e-02
1.203573681414127350e-02
1.918083801865577698e-02
2.128050476312637329e-02
2.247946523129940033e-02
1.239737123250961304e-02
2.165156230330467224e-02
2.622292190790176392e-02
1.854327321052551270e-02
2.030343934893608093e-02
1.899492368102073669e-02
4.344087094068527222e-03
4.645806737244129181e-03
1.910464838147163391e-02
1.409951038658618927e-02
8.332152850925922394e-03
1.971311867237091064e-02
1.111955381929874420e-02
1.949616894125938416e-02
1.152319833636283875e-02
1.606940478086471558e-02
1.745753921568393707e-02
1.877552643418312073e-02
1.794013381004333496e-02
1.639194600284099579e-02
1.667045429348945618e-02
1.575784385204315186e-02
1.750264503061771393e-02
2.082609571516513824e-02
1.551336329430341721e-02
1.865091733634471893e-02
1.741581968963146210e-02
1.851102337241172791e-02
1.977233961224555969e-02
1.820769533514976501e-02
1.511954329907894135e-02
2.081320807337760925e-02
2.399639785289764404e-02
2.403299883008003235e-02
2.105561643838882446e-02
2.390569448471069336e-02
2.300895005464553833e-02
2.626805007457733154e-02
2.417689561843872070e-02
2.521384507417678833e-02
2.919033542275428772e-02
2.723103389143943787e-02
2.002634666860103607e-02
2.378633245825767517e-02
1.801561005413532257e-02
2.812422998249530792e-02
2.154768258333206177e-02
1.692318916320800781e-02
1.795556023716926575e-02
1.877334900200366974e-02
1.908977702260017395e-02
1.823133230209350586e-02
1.859312877058982849e-02
1.736727729439735413e-02
1.464785076677799225e-02
1.728542149066925049e-02
1.914085075259208679e-02
1.615779660642147064e-02
1.376116462051868439e-02
1.935638114809989929e-02
2.140241861343383789e-02
2.110570296645164490e-02
1.730261743068695068e-02
2.020740881562232971e-02
2.199999615550041199e-02
2.286143600940704346e-02
1.376190595328807831e-02
2.555508911609649658e-02
2.400150522589683533e-02
2.381668612360954285e-02
9.828216396272182465e-03
2.366976253688335419e-02
2.583484351634979248e-02
3.052277117967605591e-02
1.950111053884029388e-02
2.561344765126705170e-02
2.597799897193908691e-02
1.893225312232971191e-02
2.471917867660522461e-02
2.284416556358337402e-02
1.909171231091022491e-02
2.119904942810535431e-02
2.118173055350780487e-02
1.554712932556867599e-02
2.281924709677696228e-02
1.201445795595645905e-02
2.668803930282592773e-02
2.445283904671669006e-02
1.167186442762613297e-02
2.668770402669906616e-02
3.351456671953201294e-02
2.784421667456626892e-02
2.676006406545639038e-02
2.688650414347648621e-02
1.077920384705066681e-02
2.820134907960891724e-02
2.710502594709396362e-02
2.680441364645957947e-02
2.373114600777626038e-02
2.450158633291721344e-02
2.409680746495723724e-02
2.470711804926395416e-02
1.633373647928237915e-02
2.478767186403274536e-02
2.358140796422958374e-02
2.404292486608028412e-02
9.141091257333755493e-03
2.444302663207054138e-02
1.036327704787254333e-02
2.335804700851440430e-02
9.585089981555938721e-03
1.902348175644874573e-02
2.117814682424068451e-02
1.410030201077461243e-02
1.746766269207000732e-02
2.603196725249290466e-02
1.332350261509418488e-02
2.564587630331516266e-02
1.102566253393888474e-02
1.192864682525396347e-02
2.732502296566963196e-02
1.447104662656784058e-02
8.353549055755138397e-03
2.402104064822196960e-02
2.364531904458999634e-02
2.127617970108985901e-02
2.968178689479827881e-02
2.620119415223598480e-02
2.503395825624465942e-02
2.544409781694412231e-02
8.856928907334804535e-03
2.373345568776130676e-02
2.419906109571456909e-02
2.555876597762107849e-02
5.055423360317945480e-03
2.483202889561653137e-02
2.463579922914505005e-02
2.228722348809242249e-02
7.784411311149597168e-03
2.538565173745155334e-02
1.774878427386283875e-02
8.135071024298667908e-03
2.066908217966556549e-02
1.376278698444366455e-02
1.354120671749114990e-02
1.634651795029640198e-02
1.853627339005470276e-02
1.599033549427986145e-02
1.782597973942756653e-02
1.667294278740882874e-02
1.884785853326320648e-02
1.801351085305213928e-02
1.862628385424613953e-02
2.150409296154975891e-02
2.149836346507072449e-02
2.250548824667930603e-02
2.605493739247322083e-02
2.414703369140625000e-02
1.778653636574745178e-02
3.019548580050468445e-02
3.108407370746135712e-02
3.032739832997322083e-02
3.324357420206069946e-02
2.995840832591056824e-02
3.241529688239097595e-02
3.063521906733512878e-02
2.118014916777610779e-02
3.010954707860946655e-02
3.042504563927650452e-02
3.251775354146957397e-02
1.693895831704139709e-02
2.830044366419315338e-02
2.100554853677749634e-02
2.895962446928024292e-02
2.024195343255996704e-02
1.241329405456781387e-02
1.549170073121786118e-02
1.604007929563522339e-02
1.624017581343650818e-02
1.606763340532779694e-02
1.845222711563110352e-02
1.785663887858390808e-02
1.637795940041542053e-02
1.763144508004188538e-02
2.037429250776767731e-02
1.857678592205047607e-02
1.613288000226020813e-02
2.660097926855087280e-02
2.497671917080879211e-02
2.835061401128768921e-02
2.704944089055061340e-02
2.669298090040683746e-02
2.970094047486782074e-02
2.865770831704139709e-02
1.757182553410530090e-02
3.152533248066902161e-02
3.241376951336860657e-02
3.121234290301799774e-02
8.046198636293411255e-03
2.521830052137374878e-02
3.021647781133651733e-02
3.299266099929809570e-02
1.660564914345741272e-02
3.231249004602432251e-02
2.833613753318786621e-02
1.885097473859786987e-02
2.341198548674583435e-02
1.607744023203849792e-02
1.676059141755104065e-02
1.704242080450057983e-02
1.909037679433822632e-02
1.586348563432693481e-02
1.733572781085968018e-02
1.526200957596302032e-02
1.708234474062919617e-02
2.111359685659408569e-02
1.461597066372632980e-02
1.990015804767608643e-02
2.533061802387237549e-02
2.198209241032600403e-02
2.528293430805206299e-02
2.412610128521919250e-02
1.525948196649551392e-02
2.787559852004051208e-02
2.690767683088779449e-02
2.702855132520198822e-02
2.835306525230407715e-02
2.671745792031288147e-02
2.855756878852844238e-02
2.916218899190425873e-02
2.151996269822120667e-02
2.597696334123611450e-02
2.842422388494014740e-02
3.044647350907325745e-02
1.238207332789897919e-02
2.703623101115226746e-02
1.617917604744434357e-02
2.527871727943420410e-02
1.696362160146236420e-02
1.545611955225467682e-02
1.729905791580677032e-02
1.584680005908012390e-02
1.866426318883895874e-02
1.558973174542188644e-02
1.463548466563224792e-02
1.978241465985774994e-02
1.321003027260303497e-02
1.770607940852642059e-02
2.024472132325172424e-02
1.788711175322532654e-02
1.292080245912075043e-02
2.664231508970260620e-02
2.318607829511165619e-02
2.816036716103553772e-02
2.612515538930892944e-02
2.561572380363941193e-02
2.449262142181396484e-02
2.831278927624225616e-02
1.262651756405830383e-02
2.921194396913051605e-02
2.630173414945602417e-02
2.765520662069320679e-02
8.175344206392765045e-03
2.492989785969257355e-02
2.820602804422378540e-02
2.653588354587554932e-02
1.260026264935731888e-02
2.755725942552089691e-02
2.449358999729156494e-02
1.275008916854858398e-02
2.067743428051471710e-02
1.601920276880264282e-02
1.232336182147264481e-02
1.474672183394432068e-02
1.385937817394733429e-02
1.340489834547042847e-02
1.520430482923984528e-02
1.569652184844017029e-02
1.537035219371318817e-02
1.686245575547218323e-02
1.676619425415992737e-02
2.292424440383911133e-02
2.840083837509155273e-02
2.260522730648517609e-02
2.404364012181758881e-02
2.669244632124900818e-02
1.843986287713050842e-02
2.668032981455326080e-02
2.826590836048126221e-02
2.621317654848098755e-02
3.287975862622261047e-02
2.281915582716464996e-02
2.351085841655731201e-02
2.721234411001205444e-02
2.071252465248107910e-02
2.348120510578155518e-02
2.366707846522331238e-02
2.469346672296524048e-02
1.484427601099014282e-02
2.299708127975463867e-02
2.164429053664207458e-02
2.543296664953231812e-02
1.790541969239711761e-02
1.511182729154825211e-02
1.224832516163587570e-02
1.515266112983226776e-02
1.385561749339103699e-02
1.226001605391502380e-02
1.415519975125789642e-02
1.517058070749044418e-02
1.488029770553112030e-02
1.656803488731384277e-02
1.797285676002502441e-02
1.947684958577156067e-02
1.853001117706298828e-02
2.336426638066768646e-02
2.369595877826213837e-02
2.555690892040729523e-02
3.187575936317443848e-02
2.317821979522705078e-02
2.589643001556396484e-02
2.394347079098224640e-02
1.375566702336072922e-02
2.981110662221908569e-02
2.585766464471817017e-02
2.528076805174350739e-02
8.729726076126098633e-03
2.516941726207733154e-02
2.592316642403602600e-02
2.758344262838363647e-02
1.345596462488174438e-02
2.691221609711647034e-02
2.067317441105842590e-02
1.628871634602546692e-02
1.860558055341243744e-02
1.928542926907539368e-02
1.881157793104648590e-02
2.088065445423126221e-02
1.843202486634254456e-02
1.803938858211040497e-02
1.992593705654144287e-02
1.776466891169548035e-02
2.322534471750259399e-02
2.095347642898559570e-02
1.626000739634037018e-02
2.838890999555587769e-02
2.876937203109264374e-02
2.239366620779037476e-02
2.104256115853786469e-02
2.499929629266262054e-02
1.564675010740756989e-02
2.471359819173812866e-02
2.625026553869247437e-02
2.602510154247283936e-02
2.636098861694335938e-02
2.270043641328811646e-02
2.421336993575096130e-02
2.639289572834968567e-02
1.744907908141613007e-02
2.588574960827827454e-02
2.421477250754833221e-02
2.465218678116798401e-02
1.248338259756565094e-02
2.350497059524059296e-02
1.561837643384933472e-02
2.455964311957359314e-02
2.037286758422851562e-02
2.067555673420429230e-02
1.734407991170883179e-02
2.111486159265041351e-02
2.044939436018466949e-02
1.890721917152404785e-02
1.968349143862724304e-02
1.989405974745750427e-02
1.677550561726093292e-02
1.850002817809581757e-02
2.105428650975227356e-02
1.893622055649757385e-02
1.527457032352685928e-02
2.500861510634422302e-02
2.418453432619571686e-02
2.493464201688766479e-02
2.887420542538166046e-02
2.572533860802650452e-02
2.471539378166198730e-02
2.409104257822036743e-02
1.502477098256349564e-02
2.878016792237758636e-02
2.577637881040573120e-02
2.497877553105354309e-02
8.208234794437885284e-03
2.453131973743438721e-02
2.443625964224338531e-02
2.576713450253009796e-02
1.248503290116786957e-02
2.472696639597415924e-02
2.197633869946002960e-02
1.560303475707769394e-02
2.035621553659439087e-02
1.821470074355602264e-02
1.795364171266555786e-02
1.989314705133438110e-02
1.668883487582206726e-02
1.733124442398548126e-02
1.880773901939392090e-02
1.665263250470161438e-02
2.017937973141670227e-02
2.499807253479957581e-02
1.422669738531112671e-02
2.590194530785083771e-02
2.535052970051765442e-02
2.122371830046176910e-02
2.148976549506187439e-02
2.047075703740119934e-02
1.530399080365896225e-02
2.436010167002677917e-02
2.439771965146064758e-02
2.268688008189201355e-02
2.530550211668014526e-02
2.210027351975440979e-02
2.440933510661125183e-02
2.424703165888786316e-02
1.769725605845451355e-02
2.209392562508583069e-02
2.207491919398307800e-02
2.362840995192527771e-02
1.230404060333967209e-02
2.162238582968711853e-02
1.350508071482181549e-02
2.288631349802017212e-02
1.691855303943157196e-02
1.852253451943397522e-02
1.801843382418155670e-02
2.006707899272441864e-02
1.860562711954116821e-02
1.905301772058010101e-02
1.840680837631225586e-02
1.965022087097167969e-02
1.400853134691715240e-02
1.878892071545124054e-02
2.316116355359554291e-02
1.650693640112876892e-02
1.551582757383584976e-02
2.437577396631240845e-02
2.257539331912994385e-02
2.363752946257591248e-02
2.580793015658855438e-02
2.220114693045616150e-02
2.197630517184734344e-02
2.156044170260429382e-02
1.372460462152957916e-02
2.421043068170547485e-02
2.335224673151969910e-02
2.205933816730976105e-02
6.998911965638399124e-03
2.243614196777343750e-02
2.125585079193115234e-02
2.317046932876110077e-02
1.029624976217746735e-02
2.274891734123229980e-02
2.097304165363311768e-02
1.330536976456642151e-02
1.849601417779922485e-02
2.463317662477493286e-02
1.476680766791105270e-02
2.632813900709152222e-02
2.203359082341194153e-02
1.610337570309638977e-02
1.792050153017044067e-02
1.638657599687576294e-02
2.412065491080284119e-02
2.590294182300567627e-02
1.749251596629619598e-02
2.583045698702335358e-02
3.153932839632034302e-02
2.265587076544761658e-02
3.077541291713714600e-02
2.926091849803924561e-02
1.338554732501506805e-02
3.469637036323547363e-02
3.256903216242790222e-02
2.717821300029754639e-02
3.236847370862960815e-02
2.780698612332344055e-02
3.009053692221641541e-02
2.852992154657840729e-02
1.656809821724891663e-02
2.972752973437309265e-02
2.967833355069160461e-02
2.638809755444526672e-02
1.110116392374038696e-02
2.615322731435298920e-02
1.564346998929977417e-02
2.763871289789676666e-02
1.486214250326156616e-02
2.498321421444416046e-02
1.818272657692432404e-02
2.249970845878124237e-02
1.656172424554824829e-02
2.042073197662830353e-02
1.862731948494911194e-02
2.391655370593070984e-02
1.631220430135726929e-02
1.683593168854713440e-02
3.005440160632133484e-02
1.951696723699569702e-02
1.227400638163089752e-02
2.828902378678321838e-02
2.939313277602195740e-02
3.576797991991043091e-02
4.276829585433006287e-02
3.085952065885066986e-02
2.735585905611515045e-02
3.171375393867492676e-02
1.287420094013214111e-02
2.882853150367736816e-02
2.997958287596702576e-02
3.032834827899932861e-02
6.239298731088638306e-03
2.713783457875251770e-02
2.731220424175262451e-02
2.557042241096496582e-02
1.033830828964710236e-02
2.776125073432922363e-02
2.128624543547630310e-02
1.337914820760488510e-02
1.923134922981262207e-02
8.592994883656501770e-03
8.734484203159809113e-03
9.126577526330947876e-03
1.078362297266721725e-02
9.439019486308097839e-03
1.102999318391084671e-02
1.098006404936313629e-02
9.068610146641731262e-03
1.260836981236934662e-02
9.101527743041515350e-03
1.459874585270881653e-02
1.211164705455303192e-02
9.810395538806915283e-03
1.521675102412700653e-02
1.419837959110736847e-02
1.037792116403579712e-02
1.994645595550537109e-02
1.041300408542156219e-02
1.783165521919727325e-02
8.989783003926277161e-03
2.247309498488903046e-02
2.204019203782081604e-02
2.431618794798851013e-02
1.738836057484149933e-02
1.371702179312705994e-02
1.828760281205177307e-02
2.171552553772926331e-02
3.388862311840057373e-02
2.735652402043342590e-02
1.924557238817214966e-02
2.467714808881282806e-02
3.248297423124313354e-02
9.639648720622062683e-03
9.253432974219322205e-03
9.457509964704513550e-03
1.020098663866519928e-02
9.015040472149848938e-03
1.126091741025447845e-02
1.140696275979280472e-02
8.876144886016845703e-03
1.265480555593967438e-02
1.038897968828678131e-02
1.276660989969968796e-02
1.043821312487125397e-02
1.255696639418601990e-02
1.441713981330394745e-02
1.614279299974441528e-02
1.235796511173248291e-02
1.768270879983901978e-02
1.231925282627344131e-02
1.591954752802848816e-02
1.623246446251869202e-02
1.713889837265014648e-02
1.286345627158880234e-02
1.598517410457134247e-02
2.816098742187023163e-02
7.091761566698551178e-03
1.094364654272794724e-02
2.207955718040466309e-02
2.662416175007820129e-02
2.833657339215278625e-02
2.471110969781875610e-02
2.518350630998611450e-02
2.877739816904067993e-02
1.725064404308795929e-02
1.444287039339542389e-02
2.164484933018684387e-02
1.612884178757667542e-02
1.946401223540306091e-02
1.718550175428390503e-02
2.048749849200248718e-02
1.240633800625801086e-02
1.566357538104057312e-02
1.765198819339275360e-02
1.787707209587097168e-02
1.735051721334457397e-02
1.548700779676437378e-02
1.623523607850074768e-02
1.756791397929191589e-02
1.133247837424278259e-02
2.286961674690246582e-02
1.066997833549976349e-02
2.263878285884857178e-02
1.034522615373134613e-02
2.057458460330963135e-02
2.537364512681961060e-02
2.171918936073780060e-02
1.579802855849266052e-02
1.646158844232559204e-02
1.740925945341587067e-02
1.355847343802452087e-02
1.952307671308517456e-02
2.237575128674507141e-02
1.755176484584808350e-02
2.210248634219169617e-02
1.790498010814189911e-02
2.077528461813926697e-02
1.856250315904617310e-02
1.411708351224660873e-02
1.643312908709049225e-02
1.388327684253454208e-02
1.697669178247451782e-02
1.644429937005043030e-02
1.696803420782089233e-02
1.730205491185188293e-02
1.194495894014835358e-02
2.050169371068477631e-02
1.261705998331308365e-02
1.799945533275604248e-02
2.012233622372150421e-02
1.871321350336074829e-02
1.605080254375934601e-02
1.906040310859680176e-02
1.729695312678813934e-02
2.080795168876647949e-02
1.992091350257396698e-02
1.563498936593532562e-02
1.472078077495098114e-02
1.710234023630619049e-02
1.912399381399154663e-02
6.747161038219928741e-03
1.109615527093410492e-02
1.568325981497764587e-02
2.443461678922176361e-02
2.301752753555774689e-02
2.059167250990867615e-02
2.383199706673622131e-02
2.363985031843185425e-02
1.860484480857849121e-02
1.602060720324516296e-02
1.867944002151489258e-02
1.835362985730171204e-02
1.762298494577407837e-02
1.729892194271087646e-02
2.186640165746212006e-02
1.498010382056236267e-02
1.744817383587360382e-02
1.636740565299987793e-02
1.899756863713264465e-02
1.822369918227195740e-02
1.680412888526916504e-02
1.788972131907939911e-02
1.880403421819210052e-02
1.501309871673583984e-02
2.338024228811264038e-02
1.481619291007518768e-02
2.299801632761955261e-02
1.319721806794404984e-02
2.708246372640132904e-02
2.674359455704689026e-02
2.990369498729705811e-02
2.058775722980499268e-02
1.688953489065170288e-02
1.991340331733226776e-02
2.438502386212348938e-02
2.304968982934951782e-02
2.722502499818801880e-02
2.578036487102508545e-02
2.477927505970001221e-02
2.672392874956130981e-02
1.838571205735206604e-02
1.548871584236621857e-02
1.810918189585208893e-02
1.749539934098720551e-02
1.686254516243934631e-02
1.791884750127792358e-02
1.788290590047836304e-02
1.583818346261978149e-02
1.834870502352714539e-02
1.500707305967807770e-02
1.827370561659336090e-02
1.452124491333961487e-02
1.852370239794254303e-02
1.986869797110557556e-02
2.102430537343025208e-02
1.691112481057643890e-02
2.160886675119400024e-02
1.808707416057586670e-02
2.104959823191165924e-02
2.205194905400276184e-02
2.020591869950294495e-02
1.884700916707515717e-02
1.962064206600189209e-02
2.578224241733551025e-02
8.691327646374702454e-03
1.417855266481637955e-02
2.191304415464401245e-02
2.760611474514007568e-02
2.916088327765464783e-02
2.574275620281696320e-02
2.852264791727066040e-02
2.924653887748718262e-02
1.931807585060596466e-02
1.728796027600765228e-02
1.920869760215282440e-02
1.825595833361148834e-02
2.058146521449089050e-02
1.885635219514369965e-02
2.123026549816131592e-02
1.848737522959709167e-02
1.551179401576519012e-02
1.927865482866764069e-02
1.765756681561470032e-02
1.786302402615547180e-02
1.951360702514648438e-02
1.519965566694736481e-02
2.021186798810958862e-02
1.151731424033641815e-02
2.203366160392761230e-02
1.203557290136814117e-02
2.214331552386283875e-02
1.187134068459272385e-02
2.170270867645740509e-02
2.333573438227176666e-02
2.295464091002941132e-02
1.865639537572860718e-02
1.509011723101139069e-02
1.898500323295593262e-02
1.450289133936166763e-02
1.598278619349002838e-02
2.330594137310981750e-02
2.660756930708885193e-02
2.433251217007637024e-02
1.769199222326278687e-02
1.915508508682250977e-02
1.660822331905364990e-02
1.861757412552833557e-02
1.914626359939575195e-02
1.878489926457405090e-02
1.806643605232238770e-02
1.614931970834732056e-02
1.791826263070106506e-02
1.809630915522575378e-02
1.741947792470455170e-02
1.866558194160461426e-02
1.400969736278057098e-02
1.666998863220214844e-02
1.940270140767097473e-02
1.998849399387836456e-02
1.772396638989448547e-02
1.954448223114013672e-02
1.872195303440093994e-02
2.144391275942325592e-02
1.828824728727340698e-02
1.389314234256744385e-02
1.912867650389671326e-02
1.739765703678131104e-02
2.031251974403858185e-02
6.895050406455993652e-03
1.571635156869888306e-02
1.723200455307960510e-02
2.959461323916912079e-02
2.357628382742404938e-02
2.299056760966777802e-02
2.441029995679855347e-02
2.659638598561286926e-02
1.901414990425109863e-02
1.650748960673809052e-02
1.763396337628364563e-02
1.890408061444759369e-02
1.907603815197944641e-02
1.759487576782703400e-02
2.306069247424602509e-02
1.436305604875087738e-02
2.146152593195438385e-02
1.846013590693473816e-02
2.180398255586624146e-02
2.254502102732658386e-02
1.768545806407928467e-02
2.019725367426872253e-02
2.347370982170104980e-02
1.634804345667362213e-02
3.338687866926193237e-02
1.334993354976177216e-02
2.799798734486103058e-02
1.138230226933956146e-02
3.004496730864048004e-02
3.080719336867332458e-02
2.604065276682376862e-02
2.046906948089599609e-02
1.699200831353664398e-02
1.526252645999193192e-02
1.583609916269779205e-02
2.669393643736839294e-02
2.809891104698181152e-02
2.258066833019256592e-02
1.887689717113971710e-02
2.552258595824241638e-02
1.875771209597587585e-02
1.689224317669868469e-02
1.843772456049919128e-02
1.765001937747001648e-02
1.580410264432430267e-02
1.885577291250228882e-02
2.092396840453147888e-02
1.857607439160346985e-02
2.393817901611328125e-02
1.423329487442970276e-02
2.281490713357925415e-02
1.592291332781314850e-02
2.199298888444900513e-02
2.818338945508003235e-02
2.066093496978282928e-02
2.714484557509422302e-02
2.407345548272132874e-02
3.154298663139343262e-02
1.973006688058376312e-02
2.986051514744758606e-02
2.157060801982879639e-02
1.456423290073871613e-02
1.900928281247615814e-02
2.900631725788116455e-02
7.130643352866172791e-03
9.380597621202468872e-03
1.793327182531356812e-02
2.249379456043243408e-02
2.481650747358798981e-02
2.587723731994628906e-02
2.308657392859458923e-02
2.751611545681953430e-02
1.863133162260055542e-02
1.762207970023155212e-02
1.790489815175533295e-02
1.847880706191062927e-02
1.931703463196754456e-02
1.723987236618995667e-02
2.288771793246269226e-02
1.882844418287277222e-02
1.764667406678199768e-02
1.859892159700393677e-02
2.327176369726657867e-02
2.393363788723945618e-02
2.017297036945819855e-02
2.066169679164886475e-02
2.409016340970993042e-02
1.855166628956794739e-02
2.700462564826011658e-02
1.553593482822179794e-02
2.946359664201736450e-02
1.498242560774087906e-02
2.949803322553634644e-02
2.704186923801898956e-02
2.625279501080513000e-02
2.334259077906608582e-02
1.705887168645858765e-02
1.787271723151206970e-02
2.168498747050762177e-02
2.366974763572216034e-02
2.631573006510734558e-02
2.219725586473941803e-02
2.439296059310436249e-02
2.248658612370491028e-02
1.853469572961330414e-02
1.656362041831016541e-02
1.866090670228004456e-02
1.705504767596721649e-02
1.859524101018905640e-02
1.884951815009117126e-02
1.887117885053157806e-02
1.941061019897460938e-02
2.105916850268840790e-02
1.891627348959445953e-02
2.408419549465179443e-02
1.705358922481536865e-02
2.668501809239387512e-02
2.453742921352386475e-02
2.424669079482555389e-02
2.598733268678188324e-02
2.421038970351219177e-02
2.797351405024528503e-02
2.793548628687858582e-02
2.741879411041736603e-02
2.199716866016387939e-02
2.127996832132339478e-02
1.899379864335060120e-02
2.611786872148513794e-02
8.574525825679302216e-03
1.181782409548759460e-02
1.748968288302421570e-02
2.502223849296569824e-02
2.673206478357315063e-02
2.239807695150375366e-02
2.286501228809356689e-02
2.391923218965530396e-02
1.315421983599662781e-02
1.439093891531229019e-02
1.511292159557342529e-02
1.557923294603824615e-02
1.623543910682201385e-02
1.584823802113533020e-02
2.029057592153549194e-02
1.457211375236511230e-02
1.555657666176557541e-02
1.435851864516735077e-02
2.068554982542991638e-02
1.736227795481681824e-02
1.546684373170137405e-02
1.911164447665214539e-02
2.136166207492351532e-02
1.528452429920434952e-02
2.442532218992710114e-02
1.360081322491168976e-02
2.517667785286903381e-02
1.187722943723201752e-02
2.575316466391086578e-02
2.713666483759880066e-02
2.947964705526828766e-02
2.143800631165504456e-02
1.923388615250587463e-02
2.324856072664260864e-02
1.687733456492424011e-02
2.635996229946613312e-02
2.640582248568534851e-02
2.904275432229042053e-02
2.743629738688468933e-02
2.879647724330425262e-02
1.558347046375274658e-02
1.639319211244583130e-02
1.595520228147506714e-02
1.443993300199508667e-02
1.460838504135608673e-02
1.641403511166572571e-02
1.809333637356758118e-02
1.646279543638229370e-02
1.669140160083770752e-02
1.396338269114494324e-02
2.354351989924907684e-02
1.293099671602249146e-02
1.814137771725654602e-02
1.990723796188831329e-02
2.282255142927169800e-02
1.858237572014331818e-02
2.450280077755451202e-02
2.058386802673339844e-02
2.415363863110542297e-02
2.029862068593502045e-02
2.169484086334705353e-02
1.820208504796028137e-02
1.636627130210399628e-02
3.038025647401809692e-02
7.227923721075057983e-03
1.417654007673263550e-02
1.604369282722473145e-02
2.924955636262893677e-02
2.595170959830284119e-02
2.543565258383750916e-02
2.161384932696819305e-02
2.473872527480125427e-02
1.422814093530178070e-02
1.386423036456108093e-02
1.495149731636047363e-02
1.669281348586082458e-02
1.566122472286224365e-02
1.699814759194850922e-02
1.721544563770294189e-02
1.284145936369895935e-02
1.732348650693893433e-02
1.267052255570888519e-02
1.629783958196640015e-02
1.896155253052711487e-02
1.276275888085365295e-02
1.707058772444725037e-02
1.796953752636909485e-02
9.675545617938041687e-03
2.318901941180229187e-02
1.053838804364204407e-02
2.030112966895103455e-02
8.998056873679161072e-03
2.174838818609714508e-02
1.943363994359970093e-02
1.777798682451248169e-02
1.937339082360267639e-02
1.366024930030107498e-02
1.594154909253120422e-02
1.326683815568685532e-02
2.284842729568481445e-02
2.580561116337776184e-02
2.273354306817054749e-02
2.001686394214630127e-02
2.253457158803939819e-02
1.610850915312767029e-02
1.451730728149414062e-02
1.507244631648063660e-02
1.604952476918697357e-02
1.466115191578865051e-02
1.867331936955451965e-02
1.671199500560760498e-02
1.492397766560316086e-02
1.872708648443222046e-02
1.281007565557956696e-02
1.949782669544219971e-02
1.314948685467243195e-02
1.738979667425155640e-02
1.953824982047080994e-02
1.871291548013687134e-02
1.511363591998815536e-02
2.038506604731082916e-02
1.965399459004402161e-02
2.254730649292469025e-02
2.046211250126361847e-02
1.798157021403312683e-02
1.302233710885047913e-02
1.495394110679626465e-02
2.432255074381828308e-02
5.381339695304632187e-03
8.970014750957489014e-03
1.723566092550754547e-02
2.786413952708244324e-02
2.273768931627273560e-02
2.493060566484928131e-02
2.019844204187393188e-02
2.676434814929962158e-02
