<system>Protocol: Active. Attitude: Sassy.</system>
7.565873861312866211e-01
6.375739574432373047e-01
7.958931326866149902e-01
8.553830385208129883e-01
7.816590666770935059e-01
8.370895385742187500e-01
8.521309494972229004e-01
8.825362920761108398e-01
7.873162031173706055e-01
8.456318378448486328e-01
8.048343658447265625e-01
7.516252398490905762e-01
8.620480298995971680e-01
7.333906888961791992e-01
8.253667354583740234e-01
8.051931858062744141e-01
8.191307187080383301e-01
8.637647032737731934e-01
8.418433666229248047e-01
8.444516658782958984e-01
8.914777040481567383e-01
8.170765042304992676e-01
8.631575703620910645e-01
7.316328287124633789e-01
7.582862377166748047e-01
7.641276121139526367e-01
8.699834942817687988e-01
7.279126644134521484e-01
7.195504307746887207e-01
7.162321209907531738e-01
8.290030956268310547e-01
8.043537735939025879e-01
