<system>Protocol: Active. Attitude: Sassy.</system>
1.441043522208929062e-02
2.099350467324256897e-02
1.854383014142513275e-02
2.396240644156932831e-02
2.089535817503929138e-02
2.626321278512477875e-02
1.925864070653915405e-02
2.246530726552009583e-02
2.398822084069252014e-02
2.553674019873142242e-02
2.624763175845146179e-02
3.030974417924880981e-02
2.509689517319202423e-02
2.819356322288513184e-02
3.196381777524948120e-02
2.562438882887363434e-02
3.286080807447433472e-02
3.954688832163810730e-02
3.306110203266143799e-02
2.073629200458526611e-02
3.870505467057228088e-02
3.491703420877456665e-02
3.261843323707580566e-02
4.502105340361595154e-02
4.671930521726608276e-02
4.569242894649505615e-02
3.638235852122306824e-02
4.226528853178024292e-02
4.348158836364746094e-02
4.158095270395278931e-02
2.692646533250808716e-02
3.324726223945617676e-02
3.100642375648021698e-02
1.682876795530319214e-02
3.030960448086261749e-02
2.187808789312839508e-02
1.941988617181777954e-02
2.348377183079719543e-02
2.218725346028804779e-02
2.645446360111236572e-02
2.704816125333309174e-02
2.604739740490913391e-02
2.511706948280334473e-02
3.135903179645538330e-02
2.114350534975528717e-02
3.615317493677139282e-02
3.506635129451751709e-02
2.998212352395057678e-02
3.642670810222625732e-02
2.434025146067142487e-02
4.211561381816864014e-02
3.875266760587692261e-02
4.109705239534378052e-02
4.732084274291992188e-02
4.670831561088562012e-02
4.570956155657768250e-02
1.291406340897083282e-02
4.996746033430099487e-02
3.344527631998062134e-02
4.308430850505828857e-02
3.990954905748367310e-02
2.403340302407741547e-02
3.505426645278930664e-02
3.809799998998641968e-02
2.324158512055873871e-02
2.191454917192459106e-02
2.409798838198184967e-02
2.108262106776237488e-02
2.740829251706600189e-02
2.349889464676380157e-02
3.587158769369125366e-02
3.338316455483436584e-02
2.585648745298385620e-02
3.014348819851875305e-02
4.016664624214172363e-02
3.878133744001388550e-02
4.137744009494781494e-02
3.550342470407485962e-02
4.717972129583358765e-02
4.623644426465034485e-02
3.651972115039825439e-02
4.436457529664039612e-02
5.408604443073272705e-02
4.737762361764907837e-02
4.932636022567749023e-02
5.157995223999023438e-02
5.034763738512992859e-02
5.361483991146087646e-02
5.920397490262985229e-02
6.275201588869094849e-02
5.884522944688796997e-02
5.792432278394699097e-02
5.863755196332931519e-02
5.997637659311294556e-02
3.445954620838165283e-02
5.787103995680809021e-02
2.254188433289527893e-02
2.429876476526260376e-02
2.462292648851871490e-02
2.814190462231636047e-02
3.262491151690483093e-02
2.437467873096466064e-02
2.886608429253101349e-02
3.689303994178771973e-02
3.320577740669250488e-02
3.987434133887290955e-02
4.430973529815673828e-02
3.553305566310882568e-02
4.545085877180099487e-02
3.762782365083694458e-02
4.079890996217727661e-02
4.049657285213470459e-02
4.733917117118835449e-02
5.655305832624435425e-02
3.349195420742034912e-02
4.576213657855987549e-02
5.121407657861709595e-02
5.432730540633201599e-02
4.843253642320632935e-02
5.890923738479614258e-02
1.905189454555511475e-02
5.833318829536437988e-02
6.006264686584472656e-02
5.258516967296600342e-02
5.661778151988983154e-02
5.209892988204956055e-02
4.619677364826202393e-02
4.944064468145370483e-02
2.228125557303428650e-02
2.605703473091125488e-02
2.344379574060440063e-02
3.601461648941040039e-02
2.376285754144191742e-02
3.795168176293373108e-02
3.198361396789550781e-02
2.712524496018886566e-02
3.030411154031753540e-02
4.129273444414138794e-02
3.453898429870605469e-02
2.863969281315803528e-02
4.208814725279808044e-02
2.929386869072914124e-02
4.103310406208038330e-02
4.405062645673751831e-02
4.235818982124328613e-02
3.943059593439102173e-02
4.029117524623870850e-02
5.077461898326873779e-02
4.408625513315200806e-02
4.399356991052627563e-02
4.370441287755966187e-02
4.559341073036193848e-02
1.245180144906044006e-02
4.456142708659172058e-02
4.376593232154846191e-02
4.552459716796875000e-02
4.420147836208343506e-02
4.517234116792678833e-02
4.439298808574676514e-02
2.970098517835140228e-02
2.627814188599586487e-02
2.078592590987682343e-02
2.873650565743446350e-02
2.754053100943565369e-02
2.407468855381011963e-02
2.710817009210586548e-02
3.649163618683815002e-02
2.873694896697998047e-02
3.144842386245727539e-02
3.847371786832809448e-02
2.403734438121318817e-02
3.345421329140663147e-02
4.199761897325515747e-02
2.725517377257347107e-02
4.318105056881904602e-02
4.244804754853248596e-02
4.191316664218902588e-02
3.892261907458305359e-02
4.573163017630577087e-02
2.286970242857933044e-02
4.001725092530250549e-02
4.458618909120559692e-02
4.365526139736175537e-02
4.424220323562622070e-02
4.025204479694366455e-02
4.126038029789924622e-02
4.183693975210189819e-02
4.052157327532768250e-02
4.508496820926666260e-02
4.021448269486427307e-02
4.093679040670394897e-02
2.569651603698730469e-02
1.989354006946086884e-02
1.513485144823789597e-02
2.077941596508026123e-02
1.775568164885044098e-02
2.276846952736377716e-02
2.187399938702583313e-02
2.960029989480972290e-02
2.239033207297325134e-02
2.514863014221191406e-02
2.645025588572025299e-02
2.898209914565086365e-02
3.010549582540988922e-02
2.433790266513824463e-02
3.066250309348106384e-02
2.465430647134780884e-02
3.084106370806694031e-02
3.399324044585227966e-02
3.515042364597320557e-02
3.586682677268981934e-02
2.275916188955307007e-02
4.085242003202438354e-02
3.582208976149559021e-02
3.999134153127670288e-02
5.561418831348419189e-02
3.434412553906440735e-02
4.079380258917808533e-02
3.501794114708900452e-02
3.954163938760757446e-02
2.998290956020355225e-02
3.970638662576675415e-02
3.901456668972969055e-02
3.649624809622764587e-02
1.709711551666259766e-02
1.984192430973052979e-02
1.866366714239120483e-02
1.715699210762977600e-02
2.871223539113998413e-02
1.859592087566852570e-02
2.373467385768890381e-02
2.628491260111331940e-02
3.255697339773178101e-02
2.826803363859653473e-02
2.707998827099800110e-02
3.257887437939643860e-02
3.189062327146530151e-02
3.304304927587509155e-02
3.199186548590660095e-02
3.189677745103836060e-02
2.313118241727352142e-02
3.158625960350036621e-02
3.723524510860443115e-02
3.892024978995323181e-02
4.042006283998489380e-02
3.972145915031433105e-02
3.784717246890068054e-02
1.348316669464111328e-02
3.644710779190063477e-02
3.896830976009368896e-02
3.955790027976036072e-02
3.944653645157814026e-02
4.090294614434242249e-02
2.596914023160934448e-02
3.904209658503532410e-02
2.795013226568698883e-02
