<system>Protocol: Active. Attitude: Sassy.</system>
1.537384092807769775e-02
1.346403919160366058e-02
1.817957684397697449e-02
1.475199125707149506e-02
1.882820203900337219e-02
1.824780181050300598e-02
2.282383665442466736e-02
2.005382813513278961e-02
2.435145154595375061e-02
1.831549592316150665e-02
1.706805825233459473e-02
2.731747552752494812e-02
2.087644487619400024e-02
3.076143562793731689e-02
1.837253756821155548e-02
3.042981773614883423e-02
2.580114267766475677e-02
3.457288444042205811e-02
2.598279342055320740e-02
1.329115405678749084e-02
2.677124552428722382e-02
2.626729756593704224e-02
2.708179131150245667e-02
8.814873173832893372e-03
2.608602307736873627e-02
1.483351550996303558e-02
2.608027681708335876e-02
2.387178689241409302e-02
2.486183866858482361e-02
2.668697014451026917e-02
1.479449775069952011e-02
1.495365239679813385e-02
1.623346097767353058e-02
1.349889859557151794e-02
1.876720227301120758e-02
1.704428158700466156e-02
1.876345090568065643e-02
1.344096474349498749e-02
2.308413200080394745e-02
1.369864121079444885e-02
1.890688948333263397e-02
1.952853426337242126e-02
2.367141656577587128e-02
2.352525666356086731e-02
2.158865332603454590e-02
2.436172217130661011e-02
3.062482923269271851e-02
1.888787932693958282e-02
2.693338692188262939e-02
1.645361259579658508e-02
2.744099125266075134e-02
2.981394901871681213e-02
2.737659588456153870e-02
3.349814563989639282e-02
2.482333779335021973e-02
2.313998155295848846e-02
2.622576057910919189e-02
1.069334521889686584e-02
2.645443379878997803e-02
2.654046192765235901e-02
2.369579672813415527e-02
3.070705011487007141e-02
2.737232483923435211e-02
2.502870745956897736e-02
1.019833609461784363e-02
9.254607371985912323e-03
1.165077090263366699e-02
1.307168696075677872e-02
9.686825796961784363e-03
1.691179722547531128e-02
1.341309864073991776e-02
1.254502125084400177e-02
1.632909476757049561e-02
1.572602055966854095e-02
1.660781353712081909e-02
1.801350340247154236e-02
1.117543131113052368e-02
2.233735099434852600e-02
1.910598576068878174e-02
2.037143148481845856e-02
2.556517347693443298e-02
2.020152285695075989e-02
2.525128237903118134e-02
1.518876105546951294e-02
2.586611732840538025e-02
2.367421239614486694e-02
3.242267668247222900e-02
9.443074464797973633e-03
2.893432229757308960e-02
3.393614664673805237e-02
3.263954445719718933e-02
2.968270331621170044e-02
3.014208003878593445e-02
2.921317517757415771e-02
1.968688890337944031e-02
2.782737091183662415e-02
9.734550490975379944e-03
1.005226094275712967e-02
1.253462396562099457e-02
1.325300522148609161e-02
9.539999067783355713e-03
1.566608622670173645e-02
1.245203241705894470e-02
1.370875537395477295e-02
1.600260101258754730e-02
1.515342760831117630e-02
1.673072203993797302e-02
1.780830323696136475e-02
1.334576588124036789e-02
1.807238720357418060e-02
2.319620177149772644e-02
1.588681153953075409e-02
2.073536813259124756e-02
1.373885665088891983e-02
2.364242635667324066e-02
2.131596952676773071e-02
3.052456490695476532e-02
3.669649362564086914e-02
2.831717208027839661e-02
2.079959213733673096e-02
2.819928899407386780e-02
2.158488333225250244e-02
3.511510416865348816e-02
3.214856237173080444e-02
2.907934971153736115e-02
3.004512563347816467e-02
2.852362021803855896e-02
2.619801834225654602e-02
2.082914486527442932e-02
2.329458482563495636e-02
1.932932436466217041e-02
2.408844791352748871e-02
1.798809692263603210e-02
2.137058041989803314e-02
2.474641799926757812e-02
2.863711118698120117e-02
3.013614937663078308e-02
1.908260956406593323e-02
2.222272567451000214e-02
3.053541667759418488e-02
1.674085669219493866e-02
3.528526425361633301e-02
2.638826332986354828e-02
3.517871350049972534e-02
3.021464124321937561e-02
3.527095168828964233e-02
2.746421098709106445e-02
1.206455379724502563e-02
2.452262118458747864e-02
2.114610373973846436e-02
2.586043253540992737e-02
6.974421441555023193e-03
2.218449488282203674e-02
1.722633279860019684e-02
2.059442922472953796e-02
2.313252538442611694e-02
2.149495482444763184e-02
2.201133407652378082e-02
1.108994055539369583e-02
1.523436419665813446e-02
2.329932153224945068e-02
2.069349400699138641e-02
2.309024333953857422e-02
2.028935216367244720e-02
2.423952892422676086e-02
2.333161793649196625e-02
2.890707924962043762e-02
1.630508154630661011e-02
2.374979481101036072e-02
3.162253275513648987e-02
3.305931389331817627e-02
2.736543118953704834e-02
2.942738682031631470e-02
2.424065768718719482e-02
3.047463297843933105e-02
1.740423031151294708e-02
2.483228594064712524e-02
1.438414771109819412e-02
2.692503854632377625e-02
2.889508008956909180e-02
2.491095848381519318e-02
2.990333922207355499e-02
2.329298295080661774e-02
2.181529998779296875e-02
2.376286685466766357e-02
1.324772462248802185e-02
2.232308313250541687e-02
2.309539727866649628e-02
2.103501185774803162e-02
2.345125749707221985e-02
1.943460851907730103e-02
1.614180579781532288e-02
1.707860268652439117e-02
1.520262937992811203e-02
1.681478507816791534e-02
1.777758449316024780e-02
1.553668268024921417e-02
1.776133105158805847e-02
2.152651548385620117e-02
1.515620853751897812e-02
1.967026665806770325e-02
1.570543646812438965e-02
1.811318099498748779e-02
2.376551367342472076e-02
1.424000505357980728e-02
2.161638438701629639e-02
2.322577685117721558e-02
1.916843652725219727e-02
2.704992145299911499e-02
1.861873455345630646e-02
2.796831727027893066e-02
1.251988857984542847e-02
2.820496633648872375e-02
2.272485941648483276e-02
1.966423913836479187e-02
6.799465045332908630e-03
2.643640711903572083e-02
1.404889114201068878e-02
2.896935865283012390e-02
2.539616450667381287e-02
2.648488804697990417e-02
2.449487522244453430e-02
1.468391716480255127e-02
1.626975834369659424e-02
1.755741983652114868e-02
1.655087620019912720e-02
1.823493838310241699e-02
1.829304732382297516e-02
1.520378608256578445e-02
1.622049510478973389e-02
2.046880871057510376e-02
1.465664897114038467e-02
1.981070823967456818e-02
1.609748601913452148e-02
1.863342709839344025e-02
2.132238820195198059e-02
1.701139472424983978e-02
2.125989645719528198e-02
2.465764619410037994e-02
1.518077962100505829e-02
2.487300708889961243e-02
1.247488707304000854e-02
2.494656667113304138e-02
1.445352844893932343e-02
2.643331140279769897e-02
2.770129591226577759e-02
2.651540003716945648e-02
1.402146648615598679e-02
2.549657598137855530e-02
1.250385772436857224e-02
2.438732236623764038e-02
2.651065029203891754e-02
2.510884031653404236e-02
2.548592910170555115e-02
2.233339473605155945e-02
2.228581160306930542e-02
9.554600343108177185e-03
8.816676214337348938e-03
1.048251800239086151e-02
1.244426425546407700e-02
8.937899023294448853e-03
1.346409507095813751e-02
1.287445425987243652e-02
1.114934496581554413e-02
1.295230165123939514e-02
1.345275156199932098e-02
1.379100047051906586e-02
1.446150802075862885e-02
1.103004440665245056e-02
2.038822695612907410e-02
1.630679145455360413e-02
1.414466835558414459e-02
2.163066342473030090e-02
1.592277362942695618e-02
1.913030073046684265e-02
9.214097633957862854e-03
2.211858332157135010e-02
1.849143579602241516e-02
1.982972212135791779e-02
6.601260509341955185e-03
2.533625811338424683e-02
1.944214478135108948e-02
2.091016992926597595e-02
2.422039583325386047e-02
2.551921084523200989e-02
2.559304237365722656e-02
1.851785928010940552e-02
1.697936654090881348e-02
9.985381737351417542e-03
9.799778461456298828e-03
1.048780791461467743e-02
1.356700435280799866e-02
8.885994553565979004e-03
1.212958060204982758e-02
1.212244015187025070e-02
1.233839988708496094e-02
1.391541212797164917e-02
1.207443419843912125e-02
1.377665996551513672e-02
1.460979692637920380e-02
1.264740526676177979e-02
1.810033246874809265e-02
1.774555258452892303e-02
1.305583398789167404e-02
1.910971105098724365e-02
1.237707491964101791e-02
1.809465326368808746e-02
1.355288363993167877e-02
2.346228994429111481e-02
2.657549828290939331e-02
2.203139290213584900e-02
1.301306765526533127e-02
2.666614204645156860e-02
1.455319300293922424e-02
2.486749179661273956e-02
2.809417620301246643e-02
2.487739175558090210e-02
2.651952952146530151e-02
1.964367926120758057e-02
1.832006126642227173e-02
1.674286834895610809e-02
1.448351889848709106e-02
1.750082150101661682e-02
1.533649954944849014e-02
2.073748223483562469e-02
1.631860807538032532e-02
2.164084091782569885e-02
2.168272808194160461e-02
2.684168890118598938e-02
1.625585928559303284e-02
1.650160923600196838e-02
2.722129225730895996e-02
2.223470062017440796e-02
3.385213762521743774e-02
2.112346515059471130e-02
3.416494280099868774e-02
2.845741063356399536e-02
3.594167530536651611e-02
2.651793509721755981e-02
1.372777484357357025e-02
2.164628729224205017e-02
1.901905983686447144e-02
2.522983588278293610e-02
8.448994718492031097e-03
2.191410399973392487e-02
1.470896136015653610e-02
2.145002782344818115e-02
2.431139908730983734e-02
2.363654784858226776e-02
2.284614369273185730e-02
1.222309283912181854e-02
1.482991687953472137e-02
1.757405325770378113e-02
1.275511551648378372e-02
1.893842965364456177e-02
1.829721406102180481e-02
2.051249891519546509e-02
1.245659962296485901e-02
2.677038125693798065e-02
1.464821770787239075e-02
2.220360934734344482e-02
2.567271329462528229e-02
2.608751319348812103e-02
2.479867637157440186e-02
2.479187399148941040e-02
1.746745035052299500e-02
3.036818653345108032e-02
2.317564561963081360e-02
2.385303750634193420e-02
1.396306138485670090e-02
2.614784240722656250e-02
3.117842972278594971e-02
2.508203871548175812e-02
2.723395079374313354e-02
2.090958878397941589e-02
2.375562489032745361e-02
2.505876496434211731e-02
9.803032502532005310e-03
2.460691332817077637e-02
2.335458248853683472e-02
2.415972203016281128e-02
2.206788584589958191e-02
2.336640283465385437e-02
2.129347808659076691e-02
2.250004746019840240e-02
2.409876510500907898e-02
1.690071262419223785e-02
2.073333039879798889e-02
1.402121409773826599e-02
1.621786504983901978e-02
1.979912444949150085e-02
2.045144513249397278e-02
2.178050018846988678e-02
1.328009460121393204e-02
1.649617776274681091e-02
2.146305143833160400e-02
1.218985952436923981e-02
2.482990920543670654e-02
2.076332271099090576e-02
2.479055151343345642e-02
2.216267772018909454e-02
2.378237619996070862e-02
2.246974967420101166e-02
1.025242358446121216e-02
2.095774188637733459e-02
1.780432090163230896e-02
2.349653840065002441e-02
6.091485265642404556e-03
1.943753100931644440e-02
1.845670305192470551e-02
1.962866820394992828e-02
2.042743191123008728e-02
2.110630273818969727e-02
1.973667927086353302e-02
1.106043905019760132e-02
1.473532430827617645e-02
1.714522950351238251e-02
1.594142057001590729e-02
1.567755453288555145e-02
1.936113089323043823e-02
1.749820448458194733e-02
1.670495420694351196e-02
2.081395871937274933e-02
1.307950261980295181e-02
1.975877955555915833e-02
2.091183140873908997e-02
2.181480079889297485e-02
2.159401960670948029e-02
1.838754862546920776e-02
1.696932688355445862e-02
2.357663586735725403e-02
1.496668718755245209e-02
2.012091875076293945e-02
1.151020824909210205e-02
2.077975869178771973e-02
2.247934788465499878e-02
2.044337242841720581e-02
2.474666014313697815e-02
1.951551623642444611e-02
1.891815476119518280e-02
2.001732960343360901e-02
1.239075697958469391e-02
2.033801749348640442e-02
2.077003568410873413e-02
1.960865780711174011e-02
1.985458470880985260e-02
1.845792308449745178e-02
1.661699824035167694e-02
1.589283719658851624e-02
1.101055089384317398e-02
1.369678508490324020e-02
1.253042370080947876e-02
1.383801084011793137e-02
1.633272506296634674e-02
1.640549302101135254e-02
1.483284961432218552e-02
2.060890570282936096e-02
1.485710591077804565e-02
1.427652221173048019e-02
2.041545510292053223e-02
1.344641949981451035e-02
2.370265871286392212e-02
1.812912523746490479e-02
2.025964856147766113e-02
2.574057318270206451e-02
2.065190672874450684e-02
2.162469550967216492e-02
1.116910576820373535e-02
2.267959527671337128e-02
1.862950995564460754e-02
2.608085796236991882e-02
9.054406546056270599e-03
2.117487415671348572e-02
1.992833614349365234e-02
2.506887167692184448e-02
2.580188587307929993e-02
2.369364351034164429e-02
2.382726222276687622e-02
1.354784891009330750e-02
1.725966855883598328e-02
1.322956196963787079e-02
1.142685953527688980e-02
1.564832776784896851e-02
1.538837142288684845e-02
1.346552371978759766e-02
1.237963046878576279e-02
1.605385914444923401e-02
1.154811680316925049e-02
1.865695044398307800e-02
1.660601794719696045e-02
1.709175482392311096e-02
1.903991773724555969e-02
1.581028662621974945e-02
1.726416684687137604e-02
2.274598553776741028e-02
1.438319124281406403e-02
2.127050608396530151e-02
1.180748455226421356e-02
2.215696498751640320e-02
1.994655281305313110e-02
2.332366816699504852e-02
2.881780080497264862e-02
2.059776335954666138e-02
2.057585492730140686e-02
2.221049927175045013e-02
1.135055162012577057e-02
2.460557967424392700e-02
2.322951331734657288e-02
2.179438248276710510e-02
2.169696427881717682e-02
2.562822401523590088e-02
2.115102298557758331e-02
1.957858540117740631e-02
2.181557193398475647e-02
1.938192918896675110e-02
2.515580505132675171e-02
2.234930731356143951e-02
2.556188590824604034e-02
1.993283629417419434e-02
2.737907692790031433e-02
1.290523260831832886e-02
3.074211999773979187e-02
1.343760266900062561e-02
2.729992382228374481e-02
1.386008411645889282e-02
2.563878521323204041e-02
3.191099688410758972e-02
1.320814900100231171e-02
3.127973526716232300e-02
3.243150562047958374e-02
3.169266134500503540e-02
3.016909956932067871e-02
2.431427873671054840e-02
2.820462547242641449e-02
2.935887314379215240e-02
2.978592738509178162e-02
5.960741080343723297e-03
3.160205110907554626e-02
3.096861764788627625e-02
2.491788752377033234e-02
2.468791604042053223e-02
2.973965182900428772e-02
3.041907027363777161e-02
8.527847938239574432e-03
2.301224321126937866e-02
2.090579643845558167e-02
2.028076909482479095e-02
2.458818070590496063e-02
1.555660180747509003e-02
2.672083675861358643e-02
1.422895118594169617e-02
2.806046977639198303e-02
2.179376594722270966e-02
2.897804789245128632e-02
2.385902777314186096e-02
2.244568243622779846e-02
2.812108024954795837e-02
3.485751152038574219e-02
2.922628074884414673e-02
3.699903935194015503e-02
2.993243746459484100e-02
2.383880876004695892e-02
2.829451858997344971e-02
3.277937322854995728e-02
1.197422854602336884e-02
3.242160379886627197e-02
3.208685666322708130e-02
3.139178454875946045e-02
1.646582596004009247e-02
2.896710112690925598e-02
2.924281358718872070e-02
2.853464707732200623e-02
1.710114255547523499e-02
2.815813943743705750e-02
3.341723233461380005e-02
2.875103056430816650e-02
1.274196710437536240e-02
1.846721023321151733e-02
1.280644442886114120e-02
1.919070072472095490e-02
1.493505015969276428e-02
1.773258671164512634e-02
1.858401671051979065e-02
2.111181616783142090e-02
1.408358570188283920e-02
1.868952997028827667e-02
1.443226728588342667e-02
2.035801112651824951e-02
1.203898154199123383e-02
2.148399874567985535e-02
2.153564058244228363e-02
1.090795826166868210e-02
2.091934531927108765e-02
1.946100220084190369e-02
2.162639051675796509e-02
2.065125107765197754e-02
1.915456354618072510e-02
2.095003426074981689e-02
1.790780946612358093e-02
1.786079816520214081e-02
6.701440084725618362e-03
1.977703347802162170e-02
1.927282661199569702e-02
2.029095403850078583e-02
1.824880391359329224e-02
2.121897973120212555e-02
1.900706253945827484e-02
1.130663789808750153e-02
1.520021259784698486e-02
1.648899540305137634e-02
1.494334172457456589e-02
1.694029569625854492e-02
1.074844505637884140e-02
1.772622764110565186e-02
1.264162268489599228e-02
2.087945118546485901e-02
1.682980358600616455e-02
1.900989376008510590e-02
1.531935483217239380e-02
1.451360434293746948e-02
1.986233144998550415e-02
1.972617954015731812e-02
1.782096177339553833e-02
2.380668930709362030e-02
1.691834256052970886e-02
1.886812597513198853e-02
1.660346612334251404e-02
2.028761431574821472e-02
1.335457433015108109e-02
2.063840627670288086e-02
1.528919674456119537e-02
1.879033446311950684e-02
1.643874496221542358e-02
2.050656452775001526e-02
1.799851655960083008e-02
1.928828284144401550e-02
1.274845097213983536e-02
1.863289624452590942e-02
2.219430543482303619e-02
1.974726095795631409e-02
1.026018336415290833e-02
1.108174026012420654e-02
9.580674581229686737e-03
9.165927767753601074e-03
7.792001124471426010e-03
1.176838018000125885e-02
7.027950137853622437e-03
1.133732497692108154e-02
7.607141509652137756e-03
1.403674110770225525e-02
7.864963263273239136e-03
1.652002520859241486e-02
1.042068097740411758e-02
1.673714444041252136e-02
1.876006461679935455e-02
9.144440293312072754e-03
1.907009817659854889e-02
1.830903068184852600e-02
1.917526498436927795e-02
2.341772243380546570e-02
1.599515974521636963e-02
1.786457002162933350e-02
2.277261018753051758e-02
1.798231527209281921e-02
5.188509356230497360e-03
2.129506506025791168e-02
1.878208294510841370e-02
2.034385502338409424e-02
1.706726849079132080e-02
2.002782374620437622e-02
2.338621392846107483e-02
1.655208691954612732e-02
1.016870513558387756e-02
1.066059339791536331e-02
8.879303000867366791e-03
9.716581553220748901e-03
8.429469540715217590e-03
1.050384901463985443e-02
7.684739306569099426e-03
1.120368484407663345e-02
6.948767695575952530e-03
1.308577600866556168e-02
7.970801554620265961e-03
1.704423502087593079e-02
9.831103496253490448e-03
1.886909082531929016e-02
1.967160031199455261e-02
1.313451305031776428e-02
1.810327917337417603e-02
1.864339411258697510e-02
1.442617923021316528e-02
2.019756659865379333e-02
6.524933502078056335e-03
1.973779499530792236e-02
1.869500428438186646e-02
2.173895388841629028e-02
1.467967126518487930e-02
2.066934667527675629e-02
2.103554643690586090e-02
2.539725974202156067e-02
8.910635486245155334e-03
2.043500915169715881e-02
2.157093584537506104e-02
2.101577445864677429e-02
1.901339367032051086e-02
2.032770216464996338e-02
1.853427849709987640e-02
2.367212995886802673e-02
1.648854464292526245e-02
2.241733297705650330e-02
1.649712398648262024e-02
2.290679886937141418e-02
1.215841993689537048e-02
2.473849616944789886e-02
1.134317927062511444e-02
2.335847169160842896e-02
1.279402524232864380e-02
2.511253207921981812e-02
2.781308069825172424e-02
1.258063782006502151e-02
2.503826841711997986e-02
2.800898440182209015e-02
2.668298594653606415e-02
2.767620794475078583e-02
1.675093173980712891e-02
2.666137740015983582e-02
2.748481184244155884e-02
2.472116798162460327e-02
6.411002483218908310e-03
2.948614023625850677e-02
3.347139805555343628e-02
2.937087044119834900e-02
3.126554936170578003e-02
3.223503381013870239e-02
3.373712301254272461e-02
1.083383616060018539e-02
1.908170804381370544e-02
2.088568918406963348e-02
1.788557320833206177e-02
2.318548038601875305e-02
1.464249566197395325e-02
2.373035624623298645e-02
1.413672976195812225e-02
2.569612488150596619e-02
1.623352617025375366e-02
2.702294662594795227e-02
1.646211557090282440e-02
2.224981226027011871e-02
1.726433262228965759e-02
2.411198243498802185e-02
2.632649615406990051e-02
1.747746765613555908e-02
2.740180678665637970e-02
2.531399391591548920e-02
3.151075914502143860e-02
2.488310635089874268e-02
1.053469069302082062e-02
3.002240136265754700e-02
2.842074632644653320e-02
3.037634864449501038e-02
1.663738116621971130e-02
3.168861567974090576e-02
3.363736346364021301e-02
3.229054808616638184e-02
1.780900731682777405e-02
3.392071276903152466e-02
3.403997421264648438e-02
3.185584396123886108e-02
1.030368171632289886e-02
1.328221336007118225e-02
1.173327583819627762e-02
1.489151176065206528e-02
1.167457737028598785e-02
1.410061586648225784e-02
1.372880302369594574e-02
1.824625767767429352e-02
1.393645163625478745e-02
1.873659715056419373e-02
1.463289000093936920e-02
1.803285256028175354e-02
1.818543300032615662e-02
2.097615227103233337e-02
2.382792159914970398e-02
1.080767065286636353e-02
1.990482583642005920e-02
1.907703652977943420e-02
2.118045091629028320e-02
2.073998749256134033e-02
2.222783491015434265e-02
1.699352636933326721e-02
1.847135275602340698e-02
1.844285801053047180e-02
6.507039070129394531e-03
2.077812328934669495e-02
1.859295740723609924e-02
2.013319730758666992e-02
1.771212555468082428e-02
1.862060278654098511e-02
1.884010061621665955e-02
1.284429058432579041e-02
1.000832393765449524e-02
1.175896171480417252e-02
1.201668009161949158e-02
1.484538055956363678e-02
1.242438144981861115e-02
1.454095076769590378e-02
1.326627563685178757e-02
1.948791183531284332e-02
1.861040294170379639e-02
1.812284626066684723e-02
2.138856425881385803e-02
1.792528294026851654e-02
2.014106512069702148e-02
2.059229463338851929e-02
1.840943843126296997e-02
2.648758515715599060e-02
1.805178821086883545e-02
1.888063363730907440e-02
1.609005779027938843e-02
2.062943577766418457e-02
1.315839774906635284e-02
2.037858590483665466e-02
1.522081345319747925e-02
2.056807652115821838e-02
1.811704225838184357e-02
1.938875019550323486e-02
1.831059902906417847e-02
2.044418640434741974e-02
1.207066141068935394e-02
1.885512098670005798e-02
1.980906538665294647e-02
2.106771431863307953e-02
1.846418529748916626e-02
2.356774732470512390e-02
1.570073142647743225e-02
2.280809357762336731e-02
1.687697321176528931e-02
2.658119425177574158e-02
1.718123629689216614e-02
2.544419467449188232e-02
1.444354653358459473e-02
2.378843165934085846e-02
1.287255529314279556e-02
2.131151780486106873e-02
1.335126347839832306e-02
2.290274761617183685e-02
2.665338665246963501e-02
1.325201895087957382e-02
2.845837362110614777e-02
2.333803102374076843e-02
2.371420525014400482e-02
2.825204096734523773e-02
2.185722813010215759e-02
2.738553658127784729e-02
2.664646506309509277e-02
2.162607014179229736e-02
7.249831221997737885e-03
2.708563953638076782e-02
3.088096529245376587e-02
2.616585791110992432e-02
2.450749464333057404e-02
2.671205811202526093e-02
2.977610006928443909e-02
1.225567981600761414e-02
1.834300532937049866e-02
2.573109418153762817e-02
1.984742470085620880e-02
2.590026706457138062e-02
1.623122021555900574e-02
2.335384674370288849e-02
1.605585962533950806e-02
2.591549977660179138e-02
2.079158462584018707e-02
2.184850350022315979e-02
1.766377687454223633e-02
1.970471814274787903e-02
2.304297313094139099e-02
2.611567452549934387e-02
2.448233775794506073e-02
2.313920855522155762e-02
2.313423343002796173e-02
2.339535951614379883e-02
2.252479642629623413e-02
2.450506016612052917e-02
1.188901998102664948e-02
2.552083134651184082e-02
2.322556078433990479e-02
2.690224349498748779e-02
2.063056081533432007e-02
3.090321645140647888e-02
3.168018907308578491e-02
2.788540348410606384e-02
1.856433227658271790e-02
2.993205189704895020e-02
3.795093297958374023e-02
2.689263969659805298e-02
1.457308046519756317e-02
1.499788556247949600e-02
1.033258624374866486e-02
1.666730269789695740e-02
1.301663368940353394e-02
1.767610386013984680e-02
1.194437779486179352e-02
1.658739149570465088e-02
9.010334499180316925e-03
1.920127123594284058e-02
9.750558063387870789e-03
2.165282145142555237e-02
1.038745045661926270e-02
1.506851147860288620e-02
1.942294836044311523e-02
8.414111100137233734e-03
1.972753740847110748e-02
1.611643657088279724e-02
1.926455274224281311e-02
1.704077422618865967e-02
1.881440170109272003e-02
1.397443097084760666e-02
1.611024513840675354e-02
1.519080065190792084e-02
4.808039870113134384e-03
1.820580661296844482e-02
1.615791767835617065e-02
1.685507409274578094e-02
1.533294282853603363e-02
1.593524217605590820e-02
1.792274415493011475e-02
1.009207870811223984e-02
1.378007233142852783e-02
1.528071425855159760e-02
1.341251842677593231e-02
1.541027426719665527e-02
9.749332442879676819e-03
1.689929142594337463e-02
8.912569843232631683e-03
2.102501690387725830e-02
1.391457207500934601e-02
1.676009036600589752e-02
1.835199818015098572e-02
1.329113356769084930e-02
1.852415688335895538e-02
1.768220588564872742e-02
1.408425439149141312e-02
2.443800494074821472e-02
1.608730852603912354e-02
1.571008563041687012e-02
1.299372222274541855e-02
1.744528114795684814e-02
8.266162127256393433e-03
1.880605891346931458e-02
1.614204049110412598e-02
1.712787151336669922e-02
1.669358648359775543e-02
1.736695691943168640e-02
1.763272657990455627e-02
1.938460767269134521e-02
8.606083691120147705e-03
1.663326472043991089e-02
1.734938286244869232e-02
1.639356091618537903e-02
1.029106974601745605e-02
1.172405667603015900e-02
1.260793954133987427e-02
1.227091718465089798e-02
1.168587710708379745e-02
1.482761092483997345e-02
1.250616461038589478e-02
1.708285138010978699e-02
1.451402902603149414e-02
2.000231668353080750e-02
1.529836561530828476e-02
2.004644274711608887e-02
1.758256927132606506e-02
2.258607000112533569e-02
2.581288479268550873e-02
1.842739619314670563e-02
2.577906474471092224e-02
2.265601605176925659e-02
2.650398388504981995e-02
2.634471654891967773e-02
1.753011718392372131e-02
2.554498612880706787e-02
2.737809345126152039e-02
2.705473825335502625e-02
7.918893359601497650e-03
2.622034959495067596e-02
2.455637231469154358e-02
2.718299813568592072e-02
2.571926079690456390e-02
2.858281135559082031e-02
2.933481894433498383e-02
1.489628665149211884e-02
1.150609366595745087e-02
1.106367260217666626e-02
1.300050225108861923e-02
1.219346094876527786e-02
1.185426209121942520e-02
1.481587067246437073e-02
1.251928228884935379e-02
1.732336729764938354e-02
1.329571753740310669e-02
2.148173190653324127e-02
1.512345299124717712e-02
2.066478505730628967e-02
1.817350834608078003e-02
2.347600832581520081e-02
2.295837178826332092e-02
2.137977629899978638e-02
2.290342189371585846e-02
2.500551566481590271e-02
2.252596803009510040e-02
2.394879236817359924e-02
1.582050696015357971e-02
2.564187347888946533e-02
2.236534282565116882e-02
2.729867026209831238e-02
1.468433253467082977e-02
2.833138778805732727e-02
2.853490412235260010e-02
3.031281381845474243e-02
1.892501115798950195e-02
2.948934584856033325e-02
2.674945443868637085e-02
2.741629257798194885e-02
1.723844930529594421e-02
1.563022658228874207e-02
2.142609097063541412e-02
2.157315239310264587e-02
1.602790132164955139e-02
9.036617353558540344e-03
1.958827115595340729e-02
9.180018678307533264e-03
1.939150504767894745e-02
2.272352203726768494e-02
1.170131098479032516e-02
2.229062467813491821e-02
2.172109670937061310e-02
2.008308283984661102e-02
2.020516246557235718e-02
9.206260554492473602e-03
2.130771800875663757e-02
2.130843326449394226e-02
2.127979695796966553e-02
8.153362199664115906e-03
2.171231992542743683e-02
2.209687605500221252e-02
2.253328263759613037e-02
4.512505140155553818e-03
2.123944647610187531e-02
2.079651877284049988e-02
2.015317231416702271e-02
2.195448614656925201e-02
1.013154163956642151e-02
2.209529653191566467e-02
2.233032137155532837e-02
2.240139432251453400e-02
1.602577604353427887e-02
1.547005120664834976e-02
8.132103830575942993e-03
6.890615914016962051e-03
2.544362097978591919e-02
2.298449166119098663e-02
2.410162985324859619e-02
2.229534834623336792e-02
2.277065627276897430e-02
1.930747181177139282e-02
2.411588653922080994e-02
2.055883966386318207e-02
2.118324115872383118e-02
2.229218930006027222e-02
2.199006825685501099e-02
2.913976460695266724e-02
2.190876752138137817e-02
2.350428700447082520e-02
2.152177318930625916e-02
1.808736845850944519e-02
2.185578830540180206e-02
2.181359194219112396e-02
2.143869549036026001e-02
1.728384569287300110e-02
2.040841057896614075e-02
2.093535847961902618e-02
2.193963155150413513e-02
2.140987478196620941e-02
6.801830604672431946e-03
2.312314324080944061e-02
2.209335193037986755e-02
2.165337838232517242e-02
1.314204186201095581e-02
1.315494347363710403e-02
2.047528326511383057e-02
2.311427518725395203e-02
1.772063598036766052e-02
8.232971653342247009e-03
1.870894059538841248e-02
7.893312722444534302e-03
1.600525900721549988e-02
2.294266037642955780e-02
1.029784418642520905e-02
2.008039504289627075e-02
2.045402303338050842e-02
1.962510310113430023e-02
2.135473117232322693e-02
9.549776092171669006e-03
2.232961729168891907e-02
1.994094997644424438e-02
2.074724808335304260e-02
7.112552411854267120e-03
2.182030677795410156e-02
2.004640363156795502e-02
2.101413533091545105e-02
3.922828473150730133e-03
2.065010741353034973e-02
1.970547810196876526e-02
2.323172986507415771e-02
2.189700864255428314e-02
9.931283071637153625e-03
2.102953009307384491e-02
2.124729380011558533e-02
2.106547728180885315e-02
1.749094761908054352e-02
1.239157095551490784e-02
9.484441950917243958e-03
8.662981912493705750e-03
2.365540526807308197e-02
2.429494634270668030e-02
2.489895559847354889e-02
2.404854074120521545e-02
2.244734577834606171e-02
1.989590562880039215e-02
2.379591763019561768e-02
2.079660259187221527e-02
2.039272710680961609e-02
2.130069956183433533e-02
2.060757204890251160e-02
2.912017516791820526e-02
2.095464803278446198e-02
2.181588113307952881e-02
2.038867771625518799e-02
1.951347663998603821e-02
2.137375436723232269e-02
2.188115008175373077e-02
2.146344259381294250e-02
1.683923229575157166e-02
2.094039693474769592e-02
2.141134254634380341e-02
2.142800018191337585e-02
2.115885727107524872e-02
6.806571967899799347e-03
2.255917713046073914e-02
2.172117680311203003e-02
2.233070135116577148e-02
9.698014706373214722e-03
9.467962197959423065e-03
1.562819443643093109e-02
1.430844608694314957e-02
1.835167594254016876e-02
1.360483560711145401e-02
1.947774738073348999e-02
1.329405512660741806e-02
1.410096045583486557e-02
2.492781542241573334e-02
1.461743749678134918e-02
1.967049762606620789e-02
2.322552539408206940e-02
2.078416384756565094e-02
2.038920484483242035e-02
1.399030722677707672e-02
2.058522775769233704e-02
2.074743807315826416e-02
2.339638397097587585e-02
9.665084071457386017e-03
2.099698036909103394e-02
1.911520585417747498e-02
2.263159304857254028e-02
4.579819273203611374e-03
1.901994273066520691e-02
2.197515591979026794e-02
2.200475335121154785e-02
2.193030714988708496e-02
8.966469205915927887e-03
2.101370319724082947e-02
2.125744707882404327e-02
2.093334868550300598e-02
9.026614017784595490e-03
9.674213826656341553e-03
1.641600765287876129e-02
1.098550483584403992e-02
2.140329591929912567e-02
1.695580407977104187e-02
2.503013052046298981e-02
2.157436497509479523e-02
2.367863804101943970e-02
1.671270467340946198e-02
2.302946709096431732e-02
2.020765841007232666e-02
2.120323106646537781e-02
2.208851650357246399e-02
2.211742475628852844e-02
2.962662652134895325e-02
2.069516107439994812e-02
2.143146470189094543e-02
2.073536068201065063e-02
1.999456062912940979e-02
2.045570872724056244e-02
2.221014350652694702e-02
2.500667236745357513e-02
1.698119565844535828e-02
2.239213138818740845e-02
2.152471244335174561e-02
2.264196425676345825e-02
2.241820469498634338e-02
6.544861476868391037e-03
2.157739736139774323e-02
2.007580175995826721e-02
2.427653968334197998e-02
1.526071690022945404e-02
1.482545584440231323e-02
1.936135627329349518e-02
2.400685474276542664e-02
1.656769961118698120e-02
8.823189884424209595e-03
1.684379763901233673e-02
9.888836182653903961e-03
1.330929249525070190e-02
2.082697115838527679e-02
1.196560077369213104e-02
1.610766537487506866e-02
1.836469210684299469e-02
1.695669442415237427e-02
1.779871061444282532e-02
1.010729745030403137e-02
1.840404421091079712e-02
1.773344911634922028e-02
1.827610097825527191e-02
8.166340179741382599e-03
1.757789961993694305e-02
1.753319241106510162e-02
1.892575621604919434e-02
4.393688403069972992e-03
1.747963577508926392e-02
1.835664734244346619e-02
1.892680674791336060e-02
1.907364092767238617e-02
1.055357605218887329e-02
1.863017864525318146e-02
1.998741552233695984e-02
1.924498006701469421e-02
1.879072189331054688e-02
1.399314962327480316e-02
1.069808751344680786e-02
9.877936914563179016e-03
2.571337111294269562e-02
2.027087658643722534e-02
2.316781319677829742e-02
2.215418964624404907e-02
1.961999200284481049e-02
1.571910269558429718e-02
2.054278180003166199e-02
1.713520660996437073e-02
1.740267872810363770e-02
2.002920955419540405e-02
1.808772236108779907e-02
2.679987438023090363e-02
1.796389184892177582e-02
1.837557554244995117e-02
1.754334010183811188e-02
2.110211551189422607e-02
1.936173252761363983e-02
1.819971017539501190e-02
1.869049854576587677e-02
1.811935566365718842e-02
1.886797696352005005e-02
1.720390655100345612e-02
1.854854822158813477e-02
1.703279651701450348e-02
6.648027803748846054e-03
1.872250810265541077e-02
1.966357976198196411e-02
1.900308392941951752e-02
1.561421249061822891e-02
1.813212409615516663e-02
1.224602386355400085e-02
1.475891750305891037e-02
1.376835629343986511e-02
7.869467139244079590e-03
1.586895436048507690e-02
8.042527362704277039e-03
1.605044491589069366e-02
2.086883038282394409e-02
1.028476282954216003e-02
1.906108856201171875e-02
2.030331827700138092e-02
1.944610849022865295e-02
2.043199911713600159e-02
9.258488193154335022e-03
2.051383815705776215e-02
1.862623542547225952e-02
2.052796632051467896e-02
6.757479626685380936e-03
2.013265714049339294e-02
2.000370994210243225e-02
2.053796499967575073e-02
3.724928013980388641e-03
2.032521925866603851e-02
1.952741667628288269e-02
2.003118582069873810e-02
1.956984959542751312e-02
8.552206680178642273e-03
2.017340809106826782e-02
2.049759402871131897e-02
2.004818990826606750e-02
6.598753854632377625e-03
7.282161619514226913e-03
7.510608993470668793e-03
6.514203734695911407e-03
1.908840425312519073e-02
1.870507374405860901e-02
2.094030007719993591e-02
2.041112631559371948e-02
1.978318020701408386e-02
1.760158315300941467e-02
2.148059569299221039e-02
1.931543461978435516e-02
2.025209367275238037e-02
2.123731747269630432e-02
2.078812941908836365e-02
3.057349659502506256e-02
1.995657570660114288e-02
2.013374119997024536e-02
2.006244659423828125e-02
1.819437742233276367e-02
1.994768157601356506e-02
2.121716737747192383e-02
2.016707509756088257e-02
1.589419692754745483e-02
1.956324651837348938e-02
1.930723339319229126e-02
2.042404934763908386e-02
2.024393901228904724e-02
5.757770966738462448e-03
2.042352780699729919e-02
2.118060179054737091e-02
2.056581713259220123e-02
9.215851314365863800e-03
1.323939580470323563e-02
1.502479612827301025e-02
1.379793975502252579e-02
1.991515234112739563e-02
1.626518368721008301e-02
2.130108140408992767e-02
1.227882318198680878e-02
2.256370335817337036e-02
2.965783327817916870e-02
1.376871857792139053e-02
2.846687473356723785e-02
2.924575656652450562e-02
2.677985653281211853e-02
2.961181290447711945e-02
1.279463525861501694e-02
2.991061657667160034e-02
2.654465660452842712e-02
2.921282127499580383e-02
8.805481716990470886e-03
2.867607772350311279e-02
2.793973498046398163e-02
2.884104102849960327e-02
4.472240805625915527e-03
2.849253080785274506e-02
2.927480265498161316e-02
2.852470055222511292e-02
2.764477953314781189e-02
9.246885776519775391e-03
2.800959348678588867e-02
2.819690853357315063e-02
2.679445967078208923e-02
1.017083693295717239e-02
1.425866503268480301e-02
1.446690596640110016e-02
1.451192889362573624e-02
2.224240824580192566e-02
1.806158572435379028e-02
2.731898054480552673e-02
2.548291720449924469e-02
2.949390560388565063e-02
2.556665986776351929e-02
2.631942741572856903e-02
2.862219884991645813e-02
2.675635740160942078e-02
2.975993230938911438e-02
2.933729626238346100e-02
3.715575858950614929e-02
2.804816886782646179e-02
2.924522385001182556e-02
2.862724661827087402e-02
2.263583615422248840e-02
2.749682031571865082e-02
2.882782183587551117e-02
2.782805636525154114e-02
1.830451935529708862e-02
2.901746705174446106e-02
2.940409444272518158e-02
2.653590776026248932e-02
2.790164016187191010e-02
7.053880486637353897e-03
2.882871031761169434e-02
2.910999953746795654e-02
3.050385974347591400e-02
1.231547258794307709e-02
1.285552978515625000e-02
1.686097495257854462e-02
1.468746177852153778e-02
2.296761795878410339e-02
1.339561864733695984e-02
2.632699534296989441e-02
1.116420328617095947e-02
2.225126698613166809e-02
2.802509069442749023e-02
1.410885993391275406e-02
2.317338064312934875e-02
2.777651324868202209e-02
2.708871848881244659e-02
2.644858136773109436e-02
1.494244299829006195e-02
2.613237127661705017e-02
2.599228546023368835e-02
2.617776952683925629e-02
9.953178465366363525e-03
2.707960270345211029e-02
2.681438997387886047e-02
2.670281380414962769e-02
4.356847610324621201e-03
2.658470533788204193e-02
2.972506731748580933e-02
2.796674892306327820e-02
2.591649070382118225e-02
9.157393127679824829e-03
2.845845744013786316e-02
2.512515708804130554e-02
2.393122389912605286e-02
1.385782007128000259e-02
1.309139654040336609e-02
1.395460125058889389e-02
1.193699240684509277e-02
2.374377474188804626e-02
2.422986924648284912e-02
2.838072367012500763e-02
2.802600711584091187e-02
2.789443358778953552e-02
2.339899167418479919e-02
3.020909056067466736e-02
2.577985264360904694e-02
2.545503899455070496e-02
2.545458078384399414e-02
2.463236451148986816e-02
3.482377156615257263e-02
2.716692164540290833e-02
2.699894644320011139e-02
2.631139196455478668e-02
2.219900861382484436e-02
2.607987262308597565e-02
2.659565210342407227e-02
2.504098787903785706e-02
1.842188835144042969e-02
2.898999117314815521e-02
2.809891104698181152e-02
2.605799771845340729e-02
2.680502645671367645e-02
7.054959889501333237e-03
2.637184783816337585e-02
2.747910842299461365e-02
2.696560323238372803e-02
1.422765385359525681e-02
1.733775809407234192e-02
2.268778346478939056e-02
2.258167788386344910e-02
1.538320444524288177e-02
9.217902086675167084e-03
2.013813517987728119e-02
9.509668685495853424e-03
1.676978915929794312e-02
2.502106130123138428e-02
1.189876720309257507e-02
2.087197639048099518e-02
2.413909509778022766e-02
2.006221935153007507e-02
2.362405322492122650e-02
1.152612455189228058e-02
2.353362739086151123e-02
2.227956242859363556e-02
2.227237820625305176e-02
7.611101493239402771e-03
2.309910953044891357e-02
2.465022541582584381e-02
2.493920549750328064e-02
4.180650226771831512e-03
2.242444269359111786e-02
2.326038666069507599e-02
2.249792963266372681e-02
2.350097522139549255e-02
9.271051734685897827e-03
2.377110719680786133e-02
2.404785528779029846e-02
2.254377864301204681e-02
1.813754066824913025e-02
1.282252464443445206e-02
1.028229668736457825e-02
9.739987552165985107e-03
2.544816583395004272e-02
2.576567977666854858e-02
2.740078233182430267e-02
2.639521844685077667e-02
2.501780539751052856e-02
2.143053524196147919e-02
2.513830177485942841e-02
2.026878111064434052e-02
2.210557088255882263e-02
2.250339463353157043e-02
2.390491217374801636e-02
2.966794744133949280e-02
2.361733838915824890e-02
2.341127395629882812e-02
2.166787907481193542e-02
2.194601111114025116e-02
2.501240000128746033e-02
2.219183743000030518e-02
2.203866280615329742e-02
1.899415254592895508e-02
2.090120315551757812e-02
2.277367375791072845e-02
2.492039278149604797e-02
2.329726703464984894e-02
6.576920859515666962e-03
2.356927655637264252e-02
2.504695951938629150e-02
2.375482022762298584e-02
4.922369029372930527e-03
5.307085812091827393e-03
6.761895958334207535e-03
7.322585210204124451e-03
7.505226414650678635e-03
9.439894929528236389e-03
1.206843554973602295e-02
1.355553604662418365e-02
1.385453343391418457e-02
1.641211099922657013e-02
2.075578086078166962e-02
2.101214230060577393e-02
2.391918748617172241e-02
2.657351084053516388e-02
3.122247569262981415e-02
3.602609783411026001e-02
2.418613061308860779e-02
3.351740911602973938e-02
3.363727033138275146e-02
3.310015797615051270e-02
2.975205704569816589e-02
2.901355549693107605e-02
2.846618928015232086e-02
2.809710055589675903e-02
1.952764019370079041e-02
2.759621664881706238e-02
1.848324947059154510e-02
2.712179534137248993e-02
2.296429872512817383e-02
2.835723757743835449e-02
2.118218131363391876e-02
2.913913875818252563e-02
4.815682768821716309e-03
5.693174432963132858e-03
5.908840335905551910e-03
7.429260760545730591e-03
9.452836588025093079e-03
1.048121601343154907e-02
1.153690740466117859e-02
1.363068446516990662e-02
1.623480767011642456e-02
1.405018568038940430e-02
2.222832478582859039e-02
2.193460240960121155e-02
2.512132562696933746e-02
2.728953026235103607e-02
2.566692419350147247e-02
3.463986143469810486e-02
3.031279146671295166e-02
3.308560699224472046e-02
3.288294747471809387e-02
2.175524085760116577e-02
3.229945898056030273e-02
3.036697953939437866e-02
2.907074242830276489e-02
2.815990895032882690e-02
1.030881796032190323e-02
2.677673287689685822e-02
2.190122753381729126e-02
2.834314107894897461e-02
2.623159810900688171e-02
2.012206241488456726e-02
1.687131263315677643e-02
2.821926772594451904e-02
5.686348769813776016e-03
5.684141535311937332e-03
5.071372259408235550e-03
5.381338763982057571e-03
5.525023676455020905e-03
5.571879446506500244e-03
5.789842456579208374e-03
5.745748057961463928e-03
5.266803316771984100e-03
6.660736165940761566e-03
9.191668592393398285e-03
7.655580993741750717e-03
9.900271892547607422e-03
1.105688884854316711e-02
1.383006852120161057e-02
2.084440365433692932e-02
1.745590753853321075e-02
2.523542195558547974e-02
3.191976249217987061e-02
2.814071625471115112e-02
4.141709581017494202e-02
4.135700315237045288e-02
3.971090912818908691e-02
4.210814088582992554e-02
1.999608427286148071e-02
4.011204093694686890e-02
2.527732960879802704e-02
3.856964409351348877e-02
3.172978758811950684e-02
3.835365176200866699e-02
2.720109373331069946e-02
4.292165488004684448e-02
4.419088363647460938e-03
4.769771359860897064e-03
5.154041573405265808e-03
5.526995752006769180e-03
5.381134338676929474e-03
5.388761870563030243e-03
5.297785624861717224e-03
5.023823585361242294e-03
6.390686146914958954e-03
6.651476025581359863e-03
9.080249816179275513e-03
9.216585196554660797e-03
1.023768633604049683e-02
1.176023483276367188e-02
1.286023855209350586e-02
2.164179086685180664e-02
1.593271270394325256e-02
2.528363838791847229e-02
3.115397877991199493e-02
2.539774775505065918e-02
4.123130813241004944e-02
4.110357165336608887e-02
4.269124567508697510e-02
4.050767421722412109e-02
1.306759472936391830e-02
3.817248344421386719e-02
2.820995822548866272e-02
4.164056479930877686e-02
3.738008439540863037e-02
2.615782245993614197e-02
2.340038865804672241e-02
4.043692350387573242e-02
1.972727477550506592e-02
1.575662754476070404e-02
1.175873260945081711e-02
1.946698129177093506e-02
1.184965670108795166e-02
1.180559024214744568e-02
1.091260835528373718e-02
7.370811887085437775e-03
3.050127997994422913e-02
1.683814264833927155e-02
2.262807823717594147e-02
2.622791007161140442e-02
1.516543794423341751e-02
1.534002274274826050e-02
2.297291532158851624e-02
2.313656732439994812e-02
1.517468784004449844e-02
2.186963520944118500e-02
2.136880904436111450e-02
2.228723466396331787e-02
1.868206448853015900e-02
1.843992248177528381e-02
1.786932535469532013e-02
1.730566099286079407e-02
1.675723865628242493e-02
1.689984276890754700e-02
1.184573024511337280e-02
1.681294292211532593e-02
1.510177366435527802e-02
1.772397011518478394e-02
1.426298636943101883e-02
1.732619479298591614e-02
1.631629094481468201e-02
1.411755848675966263e-02
1.840672641992568970e-02
1.218524388968944550e-02
2.557720616459846497e-02
2.758528850972652435e-02
2.707204967737197876e-02
3.299911320209503174e-02
9.630545973777770996e-03
2.309908717870712280e-02
2.099250443279743195e-02
1.597194373607635498e-02
2.501566521823406219e-02
2.303922176361083984e-02
1.574930362403392792e-02
2.250186726450920105e-02
2.265142649412155151e-02
2.265749499201774597e-02
2.089738659560680389e-02
1.313299033790826797e-02
1.996823772788047791e-02
1.881400495767593384e-02
1.766975782811641693e-02
1.776218041777610779e-02
7.235778495669364929e-03
1.703268289566040039e-02
1.594362407922744751e-02
1.779278181493282318e-02
1.663084328174591064e-02
1.364585198462009430e-02
1.294020097702741623e-02
1.745914109051227570e-02
1.274081505835056305e-02
1.214427128434181213e-02
1.884191110730171204e-02
1.573306508362293243e-02
1.742866262793540955e-02
1.769591681659221649e-02
1.626523397862911224e-02
1.456790417432785034e-02
2.245650999248027802e-02
2.192038670182228088e-02
3.034433908760547638e-02
2.828728593885898590e-02
2.037349715828895569e-02
2.000878751277923584e-02
3.001172468066215515e-02
2.987112849950790405e-02
1.905896142125129700e-02
2.727256156504154205e-02
2.739715948700904846e-02
2.601782605051994324e-02
2.361870184540748596e-02
2.346641756594181061e-02
2.247848734259605408e-02
2.200326323509216309e-02
1.881587132811546326e-02
2.230874262750148773e-02
1.400948129594326019e-02
2.135015651583671570e-02
1.844689436256885529e-02
2.186499163508415222e-02
1.743858680129051208e-02
2.261848375201225281e-02
1.168191619217395782e-02
1.716941595077514648e-02
1.405551657080650330e-02
1.652123034000396729e-02
1.570117473602294922e-02
1.770966500043869019e-02
1.775464229285717010e-02
2.014381065964698792e-02
1.660516485571861267e-02
3.171577677130699158e-02
2.618808858096599579e-02
2.117498964071273804e-02
3.125796467065811157e-02
3.110782429575920105e-02
2.093641832470893860e-02
2.898662164807319641e-02
2.758682705461978912e-02
2.693788520991802216e-02
2.622567117214202881e-02
1.700034365057945251e-02
2.533324807882308960e-02
2.409526146948337555e-02
2.259778976440429688e-02
2.225358039140701294e-02
8.723317645490169525e-03
2.070677652955055237e-02
1.893619261682033539e-02
2.219767123460769653e-02
2.047390490770339966e-02
1.736527867615222931e-02
1.431353949010372162e-02
2.161223441362380981e-02
1.558200176805257797e-02
1.533389184623956680e-02
1.081186626106500626e-02
1.624805480241775513e-02
1.232812181115150452e-02
1.297034695744514465e-02
1.206930819898843765e-02
8.948972448706626892e-03
2.902801334857940674e-02
1.822676695883274078e-02
2.360229939222335815e-02
2.518073469400405884e-02
1.547077950090169907e-02
1.533192209899425507e-02
2.285123616456985474e-02
2.171680331230163574e-02
1.532624103128910065e-02
2.054131403565406799e-02
2.061423286795616150e-02
2.240108326077461243e-02
1.739062368869781494e-02
1.678397506475448608e-02
1.620002090930938721e-02
1.559184677898883820e-02
1.721074432134628296e-02
1.552380714565515518e-02
1.264044269919395447e-02
1.514043845236301422e-02
1.464529335498809814e-02
1.599503308534622192e-02
1.342663355171680450e-02
1.562355272471904755e-02
1.454287208616733551e-02
1.158880069851875305e-02
1.500990334898233414e-02
1.008336339145898819e-02
2.406593225896358490e-02
2.500967681407928467e-02
2.656193822622299194e-02
3.180008381605148315e-02
9.454458020627498627e-03
2.519766800105571747e-02
2.200166508555412292e-02
1.601836271584033966e-02
2.529418654739856720e-02
2.346504479646682739e-02
1.609329506754875183e-02
2.165609598159790039e-02
2.313044853508472443e-02
2.172139473259449005e-02
2.028261125087738037e-02
1.251260936260223389e-02
1.777737960219383240e-02
1.609035767614841461e-02
1.586478203535079956e-02
1.600998640060424805e-02
7.256818469613790512e-03
1.625624299049377441e-02
1.430806703865528107e-02
1.604736596345901489e-02
1.540729124099016190e-02
1.277291215956211090e-02
1.195034570991992950e-02
1.492914650589227676e-02
6.618381012231111526e-03
7.502137683331966400e-03
6.635701749473810196e-03
7.558907382190227509e-03
7.567208260297775269e-03
8.443054743111133575e-03
7.999178022146224976e-03
7.682490162551403046e-03
8.090605027973651886e-03
1.072046533226966858e-02
1.405000686645507812e-02
1.323079783469438553e-02
1.464726123958826065e-02
1.487698312848806381e-02
1.765046641230583191e-02
2.155259251594543457e-02
1.717239618301391602e-02
2.250108867883682251e-02
2.191648632287979126e-02
2.231651917099952698e-02
1.782536879181861877e-02
1.724153757095336914e-02
1.664757356047630310e-02
1.609960943460464478e-02
1.761055365204811096e-02
1.705804280936717987e-02
1.690046861767768860e-02
1.598367840051651001e-02
1.574948243796825409e-02
1.794091984629631042e-02
1.456147432327270508e-02
1.606959477066993713e-02
6.556144915521144867e-03
7.070004008710384369e-03
6.746615283191204071e-03
7.594963535666465759e-03
7.699402980506420135e-03
7.717423141002655029e-03
7.396966218948364258e-03
7.307767868041992188e-03
9.304787032306194305e-03
1.060858834534883499e-02
1.408501341938972473e-02
1.321044284850358963e-02
1.511207502335309982e-02
1.583225280046463013e-02
1.617101207375526428e-02
2.230778150260448456e-02
1.941314339637756348e-02
2.215888351202011108e-02
2.128263190388679504e-02
1.591213792562484741e-02
1.916659437119960785e-02
1.691190339624881744e-02
1.706247963011264801e-02
1.667524129152297974e-02
9.021298959851264954e-03
1.707775890827178955e-02
1.561787165701389313e-02
1.590414904057979584e-02
1.652774959802627563e-02
1.480293367058038712e-02
1.281555369496345520e-02
1.604237034916877747e-02
1.813239045441150665e-02
1.777075976133346558e-02
1.011835038661956787e-02
2.222459577023983002e-02
1.247505098581314087e-02
1.675445586442947388e-02
1.246461085975170135e-02
8.713011629879474640e-03
3.047606721520423889e-02
2.304449118673801422e-02
3.425490856170654297e-02
3.379242867231369019e-02
1.959706656634807587e-02
1.917773485183715820e-02
3.159268200397491455e-02
3.144542500376701355e-02
1.892020180821418762e-02
2.928248792886734009e-02
2.856968902051448822e-02
2.864376269280910492e-02
2.651317045092582703e-02
2.550673484802246094e-02
2.527258917689323425e-02
2.691728807985782623e-02
1.917223632335662842e-02
2.452148869633674622e-02
1.843050122261047363e-02
2.453647740185260773e-02
2.187719568610191345e-02
2.577006444334983826e-02
1.796961575746536255e-02
2.539927698671817780e-02
1.569605246186256409e-02
1.386562176048755646e-02
1.417930610477924347e-02
1.182467862963676453e-02
2.942221984267234802e-02
3.664427623152732849e-02
3.221307694911956787e-02
3.510945662856101990e-02
1.119613833725452423e-02
3.576768934726715088e-02
3.180956095457077026e-02
1.821923814713954926e-02
3.386940062046051025e-02
3.221700340509414673e-02
2.110933698713779449e-02
3.098994493484497070e-02
2.975067868828773499e-02
3.086915984749794006e-02
2.825281023979187012e-02
1.684478484094142914e-02
2.706999331712722778e-02
2.597218938171863556e-02
2.547634579241275787e-02
2.587733417749404907e-02
8.910422213375568390e-03
2.341770008206367493e-02
1.714092679321765900e-02
2.402421459555625916e-02
2.381590381264686584e-02
1.706882566213607788e-02
1.628557220101356506e-02
2.484641969203948975e-02
7.997812703251838684e-03
9.215924888849258423e-03
7.447588257491588593e-03
9.937428869307041168e-03
9.082540869712829590e-03
9.118093177676200867e-03
9.443247690796852112e-03
8.060285821557044983e-03
9.598502889275550842e-03
1.139807514846324921e-02
1.621957309544086456e-02
1.450775843113660812e-02
1.497099455446004868e-02
1.526572369039058685e-02
1.964067295193672180e-02
2.558377385139465332e-02
1.950065046548843384e-02
3.025218099355697632e-02
3.038921579718589783e-02
3.034077212214469910e-02
2.919258549809455872e-02
2.746460959315299988e-02
2.747525274753570557e-02
2.757733687758445740e-02
1.889711990952491760e-02
2.783381007611751556e-02
2.021045610308647156e-02
2.640844881534576416e-02
2.427699603140354156e-02
2.907104417681694031e-02
2.079101838171482086e-02
2.795367315411567688e-02
7.534086704254150391e-03
7.743704132735729218e-03
8.709489367902278900e-03
8.810465224087238312e-03
1.011323742568492889e-02
1.010906137526035309e-02
9.546950459480285645e-03
9.073715656995773315e-03
9.845500811934471130e-03
1.127427443861961365e-02
1.607487350702285767e-02
1.364758331328630447e-02
1.588240079581737518e-02
1.832834258675575256e-02
1.763733848929405212e-02
2.644446864724159241e-02
2.369880303740501404e-02
3.050322458148002625e-02
3.013732656836509705e-02
1.813642680644989014e-02
2.938838675618171692e-02
2.831974998116493225e-02
2.844128012657165527e-02
2.819594368338584900e-02
1.067961473017930984e-02
2.706316299736499786e-02
2.029157429933547974e-02
2.777888625860214233e-02
2.651743218302726746e-02
1.964855566620826721e-02
1.909979805350303650e-02
2.763578668236732483e-02
