<system>Protocol: Active. Attitude: Sassy.</system>
7.643145509064197540e-03
7.528039626777172089e-03
7.782478816807270050e-03
7.600774988532066345e-03
7.728911936283111572e-03
7.380454801023006439e-03
7.532711606472730637e-03
8.051369339227676392e-03
7.564171217381954193e-03
7.933006621897220612e-03
7.574275135993957520e-03
7.431452162563800812e-03
7.570868823677301407e-03
7.427304983139038086e-03
7.796334102749824524e-03
7.496305741369724274e-03
7.424055133014917374e-03
7.693915162235498428e-03
7.320158183574676514e-03
7.556847296655178070e-03
7.369207683950662613e-03
7.620261982083320618e-03
7.362919393926858902e-03
7.307194173336029053e-03
7.648298982530832291e-03
7.829857990145683289e-03
7.375961169600486755e-03
8.170584216713905334e-03
7.023113779723644257e-03
7.378015667200088501e-03
8.442536927759647369e-03
7.924526929855346680e-03
7.634771987795829773e-03
6.079975515604019165e-03
7.530740462243556976e-03
7.742919493466615677e-03
7.997897453606128693e-03
7.472174242138862610e-03
7.554664276540279388e-03
7.341837510466575623e-03
8.423084393143653870e-03
7.364877965301275253e-03
7.205979898571968079e-03
7.718561682850122452e-03
7.365484256297349930e-03
7.347327191382646561e-03
7.566666696220636368e-03
7.618293166160583496e-03
7.498254068195819855e-03
7.389658130705356598e-03
7.668995298445224762e-03
7.332997396588325500e-03
7.379280403256416321e-03
8.073038421571254730e-03
7.874622009694576263e-03
7.477841340005397797e-03
7.792373653501272202e-03
7.683493196964263916e-03
8.461087010800838470e-03
7.244971580803394318e-03
8.213127031922340393e-03
7.211028598248958588e-03
7.901405915617942810e-03
8.323302492499351501e-03
9.969491511583328247e-03
9.992542676627635956e-03
9.645586833357810974e-03
9.128376841545104980e-03
9.187187068164348602e-03
9.129963815212249756e-03
9.463978931307792664e-03
9.645975194871425629e-03
9.511916898190975189e-03
9.697129949927330017e-03
9.094547480344772339e-03
9.309832006692886353e-03
9.067149832844734192e-03
9.033475071191787720e-03
9.267272427678108215e-03
9.339090436697006226e-03
9.868513792753219604e-03
9.257929399609565735e-03
9.101942181587219238e-03
9.316148236393928528e-03
9.683457203209400177e-03
9.365355595946311951e-03
9.173130616545677185e-03
9.712421335279941559e-03
9.373413398861885071e-03
9.008659049868583679e-03
9.512893855571746826e-03
8.997626602649688721e-03
9.584143757820129395e-03
9.982427582144737244e-03
9.566916152834892273e-03
9.495606645941734314e-03
1.015774719417095184e-02
9.188187308609485626e-03
9.146999567747116089e-03
9.908994659781455994e-03
9.621755219995975494e-03
9.542563930153846741e-03
9.540982544422149658e-03
9.234986267983913422e-03
9.565271437168121338e-03
9.213906712830066681e-03
9.924047626554965973e-03
9.513070806860923767e-03
9.115600027143955231e-03
9.370507672429084778e-03
9.273570030927658081e-03
9.886870160698890686e-03
8.992120623588562012e-03
9.761800989508628845e-03
9.916689246892929077e-03
9.547396562993526459e-03
9.424239397048950195e-03
9.307169355452060699e-03
9.507314302027225494e-03
9.623182937502861023e-03
9.650366380810737610e-03
1.141139492392539978e-02
9.376903995871543884e-03
9.495577774941921234e-03
9.697987698018550873e-03
9.452704340219497681e-03
9.129974991083145142e-03
9.565467014908790588e-03
9.268358349800109863e-03
8.616226725280284882e-03
8.593905717134475708e-03
9.234470315277576447e-03
9.327020496129989624e-03
9.077658876776695251e-03
9.370081126689910889e-03
9.653123095631599426e-03
9.324372746050357819e-03
9.298615157604217529e-03
9.570431895554065704e-03
9.356342256069183350e-03
9.582886472344398499e-03
9.242869913578033447e-03
8.997730910778045654e-03
8.631849661469459534e-03
9.364915080368518829e-03
9.462725371122360229e-03
9.288347326219081879e-03
9.290541522204875946e-03
9.371750056743621826e-03
8.296036161482334137e-03
9.422262199223041534e-03
9.093334898352622986e-03
8.815591223537921906e-03
9.113466367125511169e-03
9.172473102807998657e-03
9.485713206231594086e-03
9.281553328037261963e-03
9.335457347333431244e-03
8.848367258906364441e-03
9.234134107828140259e-03
8.781951852142810822e-03
8.996290154755115509e-03
9.227257221937179565e-03
9.493727236986160278e-03
9.258161298930644989e-03
9.223887696862220764e-03
9.390133433043956757e-03
9.160010144114494324e-03
9.091135114431381226e-03
9.285470470786094666e-03
9.541464969515800476e-03
9.051430039107799530e-03
8.872937411069869995e-03
9.136063978075981140e-03
9.102680720388889313e-03
9.784691967070102692e-03
9.128624573349952698e-03
9.710341691970825195e-03
9.332762099802494049e-03
8.984448388218879700e-03
8.759375661611557007e-03
8.046305738389492035e-03
9.255273267626762390e-03
5.597066134214401245e-03
9.337140247225761414e-03
9.138952009379863739e-03
9.451691061258316040e-03
8.846985176205635071e-03
9.145106188952922821e-03
9.292228147387504578e-03
9.280664846301078796e-03
8.641509339213371277e-03
1.072086766362190247e-02
1.039085164666175842e-02
1.041371934115886688e-02
1.033360324800014496e-02
1.033603027462959290e-02
1.064763031899929047e-02
1.074566878378391266e-02
1.086267456412315369e-02
1.032706443220376968e-02
1.047099474817514420e-02
1.044630911201238632e-02
1.042986940592527390e-02
1.061629876494407654e-02
1.038053166121244431e-02
1.074938289821147919e-02
1.050890795886516571e-02
1.072155870497226715e-02
1.052086614072322845e-02
1.041167508810758591e-02
1.032877713441848755e-02
1.062115468084812164e-02
1.068128924816846848e-02
1.060857903212308884e-02
1.025095954537391663e-02
1.050408277660608292e-02
9.784207679331302643e-03
1.072783116251230240e-02
9.097444824874401093e-03
1.018557325005531311e-02
1.068231277167797089e-02
1.034775841981172562e-02
1.082993485033512115e-02
1.058299746364355087e-02
1.064867712557315826e-02
9.884132072329521179e-03
1.042562257498502731e-02
1.075907982885837555e-02
1.049039885401725769e-02
1.042595319449901581e-02
1.005449332296848297e-02
1.039672829210758209e-02
1.056224107742309570e-02
1.028456632047891617e-02
1.022653747349977493e-02
1.083319447934627533e-02
1.068670861423015594e-02
1.057738903909921646e-02
1.032715290784835815e-02
1.051549054682254791e-02
1.036183815449476242e-02
1.042012311518192291e-02
1.020822487771511078e-02
1.021511666476726532e-02
1.030166354030370712e-02
1.048475317656993866e-02
1.048166491091251373e-02
1.050814986228942871e-02
1.052090805023908615e-02
1.052823197096586227e-02
1.072864979505538940e-02
1.046495512127876282e-02
1.059717312455177307e-02
1.045142486691474915e-02
1.067249383777379990e-02
