<system>Protocol: Active. Attitude: Sassy.</system>
1.505983155220746994e-02
1.485679484903812408e-02
1.475009415298700333e-02
1.477287989109754562e-02
1.525819581001996994e-02
1.494169887155294418e-02
1.496731583029031754e-02
1.541341468691825867e-02
1.497078500688076019e-02
1.516065560281276703e-02
1.468207594007253647e-02
1.536799874156713486e-02
1.464089844375848770e-02
1.511291507631540298e-02
1.495427452027797699e-02
1.483182702213525772e-02
1.479790266603231430e-02
1.510746683925390244e-02
1.480236928910017014e-02
1.525392755866050720e-02
1.499816775321960449e-02
1.504010241478681564e-02
1.501636300235986710e-02
1.476889010518789291e-02
1.455460395663976669e-02
1.494384929537773132e-02
1.507395505905151367e-02
1.512122433632612228e-02
1.498950645327568054e-02
1.532787363976240158e-02
1.317971665412187576e-02
1.468749716877937317e-02
1.453797612339258194e-02
1.493728533387184143e-02
1.418378390371799469e-02
1.403650548309087753e-02
1.479233428835868835e-02
1.489926502108573914e-02
1.503041386604309082e-02
1.420228555798530579e-02
1.484088972210884094e-02
1.552280876785516739e-02
1.512794289737939835e-02
1.434462424367666245e-02
1.508385501801967621e-02
1.490567345172166824e-02
1.492527965456247330e-02
1.445794384926557541e-02
1.505821663886308670e-02
1.454982720315456390e-02
1.474880054593086243e-02
1.506959181278944016e-02
1.489968597888946533e-02
1.493657752871513367e-02
1.444991305470466614e-02
1.541252527385950089e-02
1.498360093683004379e-02
1.489509735256433487e-02
1.448718365281820297e-02
1.480642519891262054e-02
1.503720507025718689e-02
1.500919088721275330e-02
1.481514610350131989e-02
1.529859844595193863e-02
1.497873943299055099e-02
1.471274252980947495e-02
1.497082319110631943e-02
1.525613665580749512e-02
1.475288346409797668e-02
1.457201316952705383e-02
1.494224462658166885e-02
1.375306770205497742e-02
1.475481688976287842e-02
1.494661811739206314e-02
1.452957466244697571e-02
1.494146510958671570e-02
1.516883727163076401e-02
1.485791243612766266e-02
1.498856488615274429e-02
1.420622784644365311e-02
1.491423603147268295e-02
1.507472433149814606e-02
1.513541955500841141e-02
1.458678208291530609e-02
1.504698395729064941e-02
1.478562876582145691e-02
1.489570736885070801e-02
1.518038846552371979e-02
1.490057632327079773e-02
1.467653550207614899e-02
1.493629813194274902e-02
1.458262559026479721e-02
1.544635090976953506e-02
1.508323941379785538e-02
1.485948171466588974e-02
1.477161329239606857e-02
1.527765393257141113e-02
1.486913859844207764e-02
1.483980752527713776e-02
1.467812340706586838e-02
1.516012940555810928e-02
1.455089543014764786e-02
1.492104027420282364e-02
1.504235807806253433e-02
1.492389664053916931e-02
1.481334306299686432e-02
1.470127329230308533e-02
1.508396491408348083e-02
1.466915383934974670e-02
1.488977391272783279e-02
1.435825508087873459e-02
1.464476622641086578e-02
1.416568830609321594e-02
1.386266946792602539e-02
1.481822505593299866e-02
1.460267510265111923e-02
1.488435827195644379e-02
1.464013662189245224e-02
1.481707300990819931e-02
1.461293082684278488e-02
1.500110235065221786e-02
1.484016794711351395e-02
1.468205731362104416e-02
1.488444767892360687e-02
1.496987137943506241e-02
1.495456695556640625e-02
1.539689302444458008e-02
1.498042419552803040e-02
1.494788844138383865e-02
1.459909323602914810e-02
1.494510564953088760e-02
1.486263796687126160e-02
1.489921845495700836e-02
1.506055518984794617e-02
1.528458390384912491e-02
1.469109859317541122e-02
1.489167846739292145e-02
1.516820862889289856e-02
1.524703297764062881e-02
1.494489982724189758e-02
1.497991010546684265e-02
1.528752967715263367e-02
1.502323523163795471e-02
1.471203286200761795e-02
1.494955737143754959e-02
1.465978287160396576e-02
1.482438109815120697e-02
1.428344566375017166e-02
1.495480537414550781e-02
1.472476404160261154e-02
1.394829154014587402e-02
1.494325604289770126e-02
1.491990592330694199e-02
1.477359607815742493e-02
1.482084300369024277e-02
1.464998722076416016e-02
1.420713309198617935e-02
1.512651517987251282e-02
1.611396484076976776e-02
1.482399366796016693e-02
1.490007434040307999e-02
1.440836582332849503e-02
1.453987602144479752e-02
1.477959193289279938e-02
1.513421442359685898e-02
1.476471778005361557e-02
1.343779172748327255e-02
1.460618712007999420e-02
1.478820946067571640e-02
1.474055927246809006e-02
1.504029892385005951e-02
1.491886284202337265e-02
1.509733125567436218e-02
1.486513111740350723e-02
1.509035006165504456e-02
1.465757563710212708e-02
1.466304995119571686e-02
1.484815776348114014e-02
1.502832770347595215e-02
1.470706705003976822e-02
1.473410055041313171e-02
1.522445119917392731e-02
1.530972961336374283e-02
1.494403835386037827e-02
1.321487501263618469e-02
1.454005204141139984e-02
1.513068750500679016e-02
1.482861954718828201e-02
1.484807487577199936e-02
1.442894339561462402e-02
1.488823536783456802e-02
1.475498639047145844e-02
1.485928799957036972e-02
1.439522858709096909e-02
1.486742496490478516e-02
1.442816294729709625e-02
1.461273711174726486e-02
1.480173412710428238e-02
1.472384296357631683e-02
1.467248797416687012e-02
1.484070066362619400e-02
1.496058981865644455e-02
1.414440665394067764e-02
1.456622686237096786e-02
1.499588508158922195e-02
1.571280136704444885e-02
1.504403352737426758e-02
1.477321889251470566e-02
1.520375069230794907e-02
1.517626643180847168e-02
1.455874461680650711e-02
1.506808679550886154e-02
1.456493977457284927e-02
1.418640650808811188e-02
1.434923987835645676e-02
1.466269418597221375e-02
1.462425664067268372e-02
1.515088044106960297e-02
1.474708039313554764e-02
1.457550842314958572e-02
1.443836372345685959e-02
1.672832481563091278e-02
1.487411186099052429e-02
1.219834014773368835e-02
1.492659468203783035e-02
1.455644890666007996e-02
1.487367786467075348e-02
1.518016401678323746e-02
1.482356432825326920e-02
1.416395232081413269e-02
1.501735392957925797e-02
1.426621712744235992e-02
1.496317610144615173e-02
1.521741133183240891e-02
1.547743100672960281e-02
1.456596050411462784e-02
1.448859833180904388e-02
1.478415448218584061e-02
1.467719674110412598e-02
1.464371476322412491e-02
1.492742355912923813e-02
1.488906051963567734e-02
1.506073772907257080e-02
1.411395985633134842e-02
1.484521105885505676e-02
1.438848022371530533e-02
1.524883508682250977e-02
1.436081249266862869e-02
1.505338214337825775e-02
1.468441542237997055e-02
1.497560739517211914e-02
1.440718211233615875e-02
1.478050276637077332e-02
1.484119519591331482e-02
1.471948530524969101e-02
1.530546229332685471e-02
1.512858271598815918e-02
1.496788766235113144e-02
1.500880997627973557e-02
1.476987916976213455e-02
1.474841777235269547e-02
1.496680360287427902e-02
1.482812967151403427e-02
1.477226335555315018e-02
1.500822510570287704e-02
1.482890453189611435e-02
1.481198426336050034e-02
1.494736876338720322e-02
1.467659510672092438e-02
1.523214299231767654e-02
1.475301384925842285e-02
1.564382761716842651e-02
1.482491567730903625e-02
1.488778367638587952e-02
1.453362405300140381e-02
9.426468051970005035e-03
1.491794828325510025e-02
1.501510478556156158e-02
1.496461313217878342e-02
1.490808650851249695e-02
1.484625414013862610e-02
1.416308525949716568e-02
1.787270419299602509e-02
1.487896125763654709e-02
1.479159388691186905e-02
1.477370597422122955e-02
1.492020860314369202e-02
1.511619705706834793e-02
1.506575010716915131e-02
1.472714263945817947e-02
1.442711427807807922e-02
1.486457884311676025e-02
1.439638528972864151e-02
1.507100462913513184e-02
1.375207211822271347e-02
1.534804701805114746e-02
1.492255087941884995e-02
1.400669477880001068e-02
1.518318057060241699e-02
1.467435900121927261e-02
1.494358479976654053e-02
1.496787462383508682e-02
1.489008311182260513e-02
1.508746109902858734e-02
1.457718014717102051e-02
1.492645218968391418e-02
1.511043030768632889e-02
1.479874458163976669e-02
1.459523756057024002e-02
1.466225180774927139e-02
1.454048976302146912e-02
1.518281642347574234e-02
1.462887320667505264e-02
1.485437154769897461e-02
1.509586349129676819e-02
1.478932891041040421e-02
1.457497477531433105e-02
1.512087788432836533e-02
1.495089009404182434e-02
1.480511762201786041e-02
1.470159366726875305e-02
1.442021690309047699e-02
1.478737033903598785e-02
1.466702204197645187e-02
1.497545838356018066e-02
1.481035258620977402e-02
1.474716980010271072e-02
1.463256683200597763e-02
1.481044013053178787e-02
1.527264155447483063e-02
1.500029489398002625e-02
1.477600540965795517e-02
1.533350627869367599e-02
1.488807145506143570e-02
1.510314736515283585e-02
1.458240207284688950e-02
1.459274813532829285e-02
1.482716761529445648e-02
1.476120110601186752e-02
1.492735184729099274e-02
1.524712797254323959e-02
1.467663608491420746e-02
1.516277529299259186e-02
1.488918997347354889e-02
1.356382109224796295e-02
1.483990624547004700e-02
1.521018706262111664e-02
1.475456077605485916e-02
1.491564791649580002e-02
1.491164881736040115e-02
1.443329174071550369e-02
1.484960597008466721e-02
1.467366609722375870e-02
1.487341430038213730e-02
1.524982694536447525e-02
1.541213039308786392e-02
1.534480135887861252e-02
1.513954997062683105e-02
1.472686324268579483e-02
1.467934809625148773e-02
1.476869359612464905e-02
1.473512127995491028e-02
1.441560965031385422e-02
1.494713686406612396e-02
1.503274403512477875e-02
1.499858126044273376e-02
1.492377184331417084e-02
1.501336134970188141e-02
1.490645390003919601e-02
1.446671783924102783e-02
1.488965470343828201e-02
1.488530635833740234e-02
1.509039755910634995e-02
1.465143635869026184e-02
1.452709641307592392e-02
1.502503827214241028e-02
1.505214255303144455e-02
1.469272933900356293e-02
1.367080491036176682e-02
1.490067318081855774e-02
9.775302372872829437e-03
1.475920714437961578e-02
1.471831742674112320e-02
1.502778846770524979e-02
1.482918485999107361e-02
1.486201025545597076e-02
1.488751079887151718e-02
1.392783317714929581e-02
1.509082969278097153e-02
1.448645628988742828e-02
1.502274908125400543e-02
1.496018096804618835e-02
1.503214612603187561e-02
1.478434167802333832e-02
1.487198099493980408e-02
1.495225355029106140e-02
1.512887515127658844e-02
1.492949482053518295e-02
1.519547775387763977e-02
1.462539192289113998e-02
1.509745046496391296e-02
1.477310899645090103e-02
1.527752634137868881e-02
1.490826811641454697e-02
1.498921215534210205e-02
1.469875499606132507e-02
1.508626341819763184e-02
1.482210215181112289e-02
1.507337763905525208e-02
1.497889682650566101e-02
1.420356333255767822e-02
2.225501462817192078e-02
1.497915107756853104e-02
1.418814714998006821e-02
1.453731860965490341e-02
1.530459243804216385e-02
1.491346955299377441e-02
1.471586246043443680e-02
1.489782333374023438e-02
1.464129332453012466e-02
1.480041723698377609e-02
1.482120715081691742e-02
1.504121813923120499e-02
1.456359121948480606e-02
1.145332120358943939e-02
1.472022850066423416e-02
1.442691404372453690e-02
1.507371384650468826e-02
1.512484159320592880e-02
1.412758510559797287e-02
1.458128448575735092e-02
1.498806755989789963e-02
1.439503114670515060e-02
1.490527670830488205e-02
1.488907542079687119e-02
1.482660695910453796e-02
1.498200837522745132e-02
1.474488619714975357e-02
1.332353334873914719e-02
1.485371217131614685e-02
1.522419694811105728e-02
1.495648268610239029e-02
1.494124531745910645e-02
1.511117443442344666e-02
1.222626958042383194e-02
1.370149012655019760e-02
1.474462356418371201e-02
1.482138317078351974e-02
1.398437842726707458e-02
1.474145706743001938e-02
1.493506785482168198e-02
1.519664563238620758e-02
1.470825914293527603e-02
1.495284121483564377e-02
1.494550704956054688e-02
1.479144487529993057e-02
1.466171536594629288e-02
1.472173072397708893e-02
1.504558883607387543e-02
1.517098303884267807e-02
1.462429855018854141e-02
1.500675641000270844e-02
1.446237042546272278e-02
1.403829827904701233e-02
1.496699452400207520e-02
1.466548163443803787e-02
1.413061562925577164e-02
1.434254087507724762e-02
1.515311282128095627e-02
1.388381421566009521e-02
1.541181840002536774e-02
1.494501437991857529e-02
1.471921708434820175e-02
1.495066657662391663e-02
1.486846804618835449e-02
1.500185485929250717e-02
1.526324544101953506e-02
1.380033139139413834e-02
1.530118286609649658e-02
1.510306075215339661e-02
1.473579183220863342e-02
1.491952780634164810e-02
1.504650805145502090e-02
1.516286469995975494e-02
1.473591942340135574e-02
1.484275422990322113e-02
8.603929542005062103e-03
1.518072560429573059e-02
1.490750629454851151e-02
1.266421377658843994e-02
1.511618588119745255e-02
1.504051964730024338e-02
1.489322725683450699e-02
1.473577227443456650e-02
1.420998666435480118e-02
1.515441760420799255e-02
1.469690445810556412e-02
1.460569538176059723e-02
1.489320397377014160e-02
1.442043390125036240e-02
1.493391953408718109e-02
1.390100363641977310e-02
1.502551231533288956e-02
1.497814618051052094e-02
1.483695209026336670e-02
1.492201443761587143e-02
1.502545271068811417e-02
1.490232627838850021e-02
1.473216991871595383e-02
1.471955142915248871e-02
1.488566678017377853e-02
1.563054136931896210e-02
6.186864804476499557e-03
1.446230337023735046e-02
1.479791477322578430e-02
1.489610876888036728e-02
1.489015296101570129e-02
1.393908169120550156e-02
1.500567141920328140e-02
1.515947375446557999e-02
1.501907501369714737e-02
1.334810908883810043e-02
1.487673167139291763e-02
1.521477755159139633e-02
1.490643993020057678e-02
1.370369736105203629e-02
1.472289208322763443e-02
1.481839735060930252e-02
1.478314679116010666e-02
1.487845275551080704e-02
1.484364271163940430e-02
1.487728115171194077e-02
1.482852362096309662e-02
1.504485961049795151e-02
1.492386497557163239e-02
1.491214707493782043e-02
1.491334196180105209e-02
1.509853359311819077e-02
1.477347686886787415e-02
1.534872036427259445e-02
1.536319497972726822e-02
1.485218666493892670e-02
1.493437215685844421e-02
1.469282805919647217e-02
1.487921271473169327e-02
1.489579956978559494e-02
1.500887330621480942e-02
1.464669033885002136e-02
1.488123834133148193e-02
1.498220860958099365e-02
1.486002188175916672e-02
1.517707388848066330e-02
1.486669387668371201e-02
1.492257975041866302e-02
1.519554946571588516e-02
1.507416367530822754e-02
1.476526539772748947e-02
1.466697733849287033e-02
1.519880071282386780e-02
1.490595936775207520e-02
1.342313271015882492e-02
1.441100612282752991e-02
1.472886186093091965e-02
1.528143603354692459e-02
1.487530674785375595e-02
1.497198548167943954e-02
1.098651811480522156e-02
1.474213507026433945e-02
1.520227268338203430e-02
1.490020751953125000e-02
1.498407684266567230e-02
1.468918006867170334e-02
1.449966523796319962e-02
1.506399456411600113e-02
1.542149391025304794e-02
1.498403586447238922e-02
1.472411397844552994e-02
1.476872246712446213e-02
1.565457694232463837e-02
1.457919273525476456e-02
1.501180883496999741e-02
1.407359167933464050e-02
1.510511245578527451e-02
1.515315845608711243e-02
1.505576632916927338e-02
1.496440451592206955e-02
1.517793908715248108e-02
1.468622777611017227e-02
1.483983639627695084e-02
1.490281429141759872e-02
1.487352885305881500e-02
1.487627625465393066e-02
1.509683672338724136e-02
1.517593767493963242e-02
1.486630830913782120e-02
1.478682365268468857e-02
1.461530011147260666e-02
1.473850943148136139e-02
1.502297725528478622e-02
1.460434403270483017e-02
1.481132581830024719e-02
1.503980718553066254e-02
1.481470465660095215e-02
1.527011953294277191e-02
1.508629880845546722e-02
1.488822605460882187e-02
1.523748878389596939e-02
1.474879030138254166e-02
1.485372148454189301e-02
1.522271428257226944e-02
1.480017509311437607e-02
1.492817047983407974e-02
1.496429368853569031e-02
1.485125720500946045e-02
1.501820050179958344e-02
1.483576931059360504e-02
1.507642306387424469e-02
1.503381505608558655e-02
1.461902260780334473e-02
1.512192469090223312e-02
1.490482687950134277e-02
1.426653470844030380e-02
1.478838548064231873e-02
1.579655520617961884e-02
1.407416816800832748e-02
1.461199484765529633e-02
1.464812457561492920e-02
1.447485294193029404e-02
1.467948313802480698e-02
1.440108660608530045e-02
1.474168617278337479e-02
1.479785516858100891e-02
1.504865568131208420e-02
1.496099587529897690e-02
1.498084329068660736e-02
1.505127176642417908e-02
1.497614476829767227e-02
1.471478585153818130e-02
1.472993288189172745e-02
1.477893069386482239e-02
1.513870712369680405e-02
1.455152872949838638e-02
1.468676608055830002e-02
1.461180113255977631e-02
1.483991369605064392e-02
1.418740674853324890e-02
1.479726750403642654e-02
1.495711877942085266e-02
1.536685228347778320e-02
1.451347768306732178e-02
1.457619387656450272e-02
1.430059131234884262e-02
1.533891633152961731e-02
1.474883500486612320e-02
1.457994338124990463e-02
1.497157476842403412e-02
1.499104779213666916e-02
1.481363270431756973e-02
1.502733211964368820e-02
1.465739402920007706e-02
1.480723544955253601e-02
1.297299936413764954e-02
1.499874796718358994e-02
1.134136877954006195e-02
1.487704459577798843e-02
1.486511435359716415e-02
1.487652026116847992e-02
1.490218658000230789e-02
6.808540318161249161e-03
1.254074182361364365e-02
1.441830955445766449e-02
1.472577173262834549e-02
1.481318473815917969e-02
1.475316286087036133e-02
1.385236904025077820e-02
1.494192704558372498e-02
1.457696035504341125e-02
1.515685115009546280e-02
1.487828232347965240e-02
1.480415463447570801e-02
1.508939918130636215e-02
1.495670713484287262e-02
1.479940116405487061e-02
1.497099734842777252e-02
1.491510309278964996e-02
1.484242081642150879e-02
1.479240693151950836e-02
1.077175978571176529e-02
1.483600120991468430e-02
1.523975096642971039e-02
1.497776806354522705e-02
1.524716615676879883e-02
1.486251596361398697e-02
1.456960756331682205e-02
1.498659513890743256e-02
1.512453611940145493e-02
1.472260989248752594e-02
1.473257038742303848e-02
1.455543003976345062e-02
1.465472020208835602e-02
1.472537778317928314e-02
1.484666112810373306e-02
1.325228251516819000e-02
1.477305497974157333e-02
1.497734989970922470e-02
1.516783237457275391e-02
1.486080884933471680e-02
1.483222749084234238e-02
1.189417857676744461e-02
1.439937297254800797e-02
1.477391459047794342e-02
1.507580559700727463e-02
1.484111789613962173e-02
1.491047069430351257e-02
1.488588377833366394e-02
1.498002372682094574e-02
1.429202314466238022e-02
1.475002709776163101e-02
1.486401539295911789e-02
1.504227146506309509e-02
1.470735948532819748e-02
1.451745070517063141e-02
1.504352968186140060e-02
1.478559151291847229e-02
1.478365622460842133e-02
1.493541523814201355e-02
1.480984035879373550e-02
1.498092804104089737e-02
1.542757824063301086e-02
1.475934777408838272e-02
1.520771626383066177e-02
1.481941342353820801e-02
1.465044077485799789e-02
1.482374873012304306e-02
1.510131638497114182e-02
1.461865566670894623e-02
1.506792660802602768e-02
1.472038682550191879e-02
1.426147576421499252e-02
1.519535388797521591e-02
1.432307157665491104e-02
1.499525550752878189e-02
1.488076057285070419e-02
1.543468236923217773e-02
1.429449860006570816e-02
1.449049636721611023e-02
1.449260395020246506e-02
1.510377321392297745e-02
1.418143790215253830e-02
1.420773658901453018e-02
1.477811578661203384e-02
1.489987690001726151e-02
1.454177591949701309e-02
1.501310802996158600e-02
1.464915648102760315e-02
1.480669341981410980e-02
1.401505991816520691e-02
1.451059058308601379e-02
9.719694033265113831e-03
1.553162001073360443e-02
1.438233256340026855e-02
1.473342534154653549e-02
1.487327553331851959e-02
1.468027476221323013e-02
1.467690803110599518e-02
1.483687199652194977e-02
1.477555558085441589e-02
1.495972648262977600e-02
1.444311812520027161e-02
1.481030788272619247e-02
1.482311170548200607e-02
1.451264414936304092e-02
1.443489268422126770e-02
1.503798272460699081e-02
1.380985137075185776e-02
1.526815537363290787e-02
1.495205238461494446e-02
1.507575809955596924e-02
1.437581982463598251e-02
1.486927829682826996e-02
1.488752756267786026e-02
1.510963123291730881e-02
1.499885227531194687e-02
1.465761754661798477e-02
1.540216431021690369e-02
1.471523847430944443e-02
1.503698434680700302e-02
1.483749132603406906e-02
1.494905725121498108e-02
1.431782171130180359e-02
1.545264478772878647e-02
1.500298175960779190e-02
1.460243389010429382e-02
1.510211452841758728e-02
1.482836529612541199e-02
1.496239099651575089e-02
1.226435322314500809e-02
1.489685196429491043e-02
1.502067130059003830e-02
1.495503447949886322e-02
1.468735001981258392e-02
1.496513746678829193e-02
1.454097591340541840e-02
1.499263290315866470e-02
1.464899815618991852e-02
1.487733423709869385e-02
1.489699725061655045e-02
1.467577181756496429e-02
1.510721724480390549e-02
1.497229933738708496e-02
1.445440296083688736e-02
1.488900184631347656e-02
1.510532293468713760e-02
1.499393582344055176e-02
1.494401786476373672e-02
1.503856107592582703e-02
1.515503134578466415e-02
1.497391425073146820e-02
1.485931593924760818e-02
1.497006695717573166e-02
1.487726252526044846e-02
1.398026384413242340e-02
1.501696743071079254e-02
1.487202849239110947e-02
1.470689382404088974e-02
1.476206257939338684e-02
1.469371281564235687e-02
1.435685995966196060e-02
1.505747716873884201e-02
1.479975972324609756e-02
1.469601597636938095e-02
1.508272252976894379e-02
1.469133235514163971e-02
1.467406656593084335e-02
6.091743707656860352e-03
1.483346614986658096e-02
1.444536168128252029e-02
1.464800629764795303e-02
1.522705797106027603e-02
1.461033616214990616e-02
1.467638369649648666e-02
1.459597144275903702e-02
1.466432213783264160e-02
1.300734840333461761e-02
1.513307355344295502e-02
1.390031538903713226e-02
1.507536415010690689e-02
1.469657197594642639e-02
1.482176873832941055e-02
1.514207385480403900e-02
1.461110636591911316e-02
1.528127118945121765e-02
1.489344146102666855e-02
1.480692252516746521e-02
1.508003845810890198e-02
1.552229188382625580e-02
1.494374591857194901e-02
1.525722816586494446e-02
1.493689045310020447e-02
1.467551663517951965e-02
1.478204224258661270e-02
1.495139393955469131e-02
1.540931407362222672e-02
1.491117477416992188e-02
1.428033504635095596e-02
1.462524011731147766e-02
1.469053421169519424e-02
1.795803382992744446e-02
1.460618339478969574e-02
1.508161984384059906e-02
1.447372231632471085e-02
1.473086699843406677e-02
1.518320478498935699e-02
1.494007930159568787e-02
1.509268209338188171e-02
1.474265661090612411e-02
1.492539886385202408e-02
1.507972087711095810e-02
1.496775820851325989e-02
1.516340114176273346e-02
1.479567494243383408e-02
1.513923984020948410e-02
1.476331334561109543e-02
1.515893545001745224e-02
1.098163053393363953e-02
1.509620808064937592e-02
1.464580371975898743e-02
1.497055962681770325e-02
1.462241448462009430e-02
1.497097872197628021e-02
1.463040430098772049e-02
1.511946599930524826e-02
1.498412806540727615e-02
1.489213667809963226e-02
1.464527938514947891e-02
1.477010641247034073e-02
1.498326938599348068e-02
1.470671594142913818e-02
1.491629146039485931e-02
1.485843118280172348e-02
1.489396486431360245e-02
1.486664172261953354e-02
1.485052146017551422e-02
1.453087944537401199e-02
1.428289059549570084e-02
1.493634376674890518e-02
1.453777030110359192e-02
1.494815386831760406e-02
1.461961306631565094e-02
1.498396601527929306e-02
1.499572675675153732e-02
1.490760967135429382e-02
1.479034498333930969e-02
1.502390578389167786e-02
1.503302808851003647e-02
1.512474473565816879e-02
1.471711043268442154e-02
1.481178961694240570e-02
8.572432212531566620e-03
1.492954231798648834e-02
1.469661295413970947e-02
1.450581941753625870e-02
1.484061405062675476e-02
1.475631818175315857e-02
1.522022765129804611e-02
1.467459555715322495e-02
1.483767665922641754e-02
1.478416565805673599e-02
1.211786642670631409e-02
1.487576588988304138e-02
1.483170315623283386e-02
1.456936635076999664e-02
1.473805867135524750e-02
1.474427059292793274e-02
1.502962037920951843e-02
1.485858485102653503e-02
1.506302319467067719e-02
1.503588538616895676e-02
1.487146969884634018e-02
1.546527352184057236e-02
1.484911702573299408e-02
1.447652000933885574e-02
1.433062553405761719e-02
1.513268332928419113e-02
1.519247610121965408e-02
1.503850147128105164e-02
1.489730086177587509e-02
1.451615709811449051e-02
1.488877180963754654e-02
1.470038015395402908e-02
1.521681156009435654e-02
1.454100105911493301e-02
1.496374234557151794e-02
1.424651406705379486e-02
1.484288368374109268e-02
1.410313602536916733e-02
1.450581569224596024e-02
1.459673885256052017e-02
1.499677821993827820e-02
1.435506343841552734e-02
1.519518997520208359e-02
1.501189079135656357e-02
1.497992035001516342e-02
1.441001612693071365e-02
1.478915568441152573e-02
1.496256049722433090e-02
1.485524140298366547e-02
1.491808798164129257e-02
1.496294979006052017e-02
1.474121771752834320e-02
1.477256510406732559e-02
1.525520998984575272e-02
1.478618383407592773e-02
1.515244320034980774e-02
1.430833712220191956e-02
1.467360183596611023e-02
1.478127483278512955e-02
1.517278514802455902e-02
1.500945631414651871e-02
1.485602185130119324e-02
1.468787249177694321e-02
1.504734065383672714e-02
1.468333508819341660e-02
1.409292500466108322e-02
1.484248321503400803e-02
1.508145686239004135e-02
1.504401862621307373e-02
1.510102115571498871e-02
1.467064395546913147e-02
1.474332809448242188e-02
1.490766927599906921e-02
1.660894788801670074e-02
1.502552628517150879e-02
1.471146382391452789e-02
1.455941144376993179e-02
1.479920744895935059e-02
1.518489513546228409e-02
1.477788481861352921e-02
1.488275453448295593e-02
1.506728492677211761e-02
1.500982884317636490e-02
1.499474700540304184e-02
1.491791289299726486e-02
1.498693227767944336e-02
1.537234429270029068e-02
1.480290852487087250e-02
1.477346941828727722e-02
1.449652388691902161e-02
1.491000875830650330e-02
1.490747090429067612e-02
1.492942497134208679e-02
1.477364264428615570e-02
1.497520133852958679e-02
1.486370526254177094e-02
1.510398741811513901e-02
1.495158020406961441e-02
1.476242486387491226e-02
1.479805726557970047e-02
1.488616224378347397e-02
1.507556438446044922e-02
1.498341280966997147e-02
1.485945936292409897e-02
1.487799081951379776e-02
1.410653069615364075e-02
1.514422986656427383e-02
1.501243468374013901e-02
1.484446879476308823e-02
1.480742450803518295e-02
1.454243436455726624e-02
1.484469417482614517e-02
1.492232643067836761e-02
1.503295544534921646e-02
1.517977751791477203e-02
1.495479978621006012e-02
1.485164556652307510e-02
1.509284041821956635e-02
1.489811297506093979e-02
1.547042466700077057e-02
1.458731852471828461e-02
1.482325792312622070e-02
1.499227248132228851e-02
1.469005923718214035e-02
1.506098546087741852e-02
1.534519996494054794e-02
6.142135243862867355e-03
1.448891125619411469e-02
1.438859105110168457e-02
1.512588933110237122e-02
1.496936287730932236e-02
1.473249588161706924e-02
1.472482457756996155e-02
1.490285061299800873e-02
1.476205606013536453e-02
1.382028963416814804e-02
1.499042008072137833e-02
1.460758410394191742e-02
1.509956084191799164e-02
1.493131276220083237e-02
1.492773555219173431e-02
1.444586552679538727e-02
1.464657858014106750e-02
1.461521908640861511e-02
1.514885388314723969e-02
1.361529529094696045e-02
1.521394494920969009e-02
1.484831795096397400e-02
1.498593483120203018e-02
1.497283577919006348e-02
1.462396606802940369e-02
1.491274219006299973e-02
1.259340997785329819e-02
1.433235034346580505e-02
7.928242906928062439e-03
1.308375876396894455e-02
1.544758398085832596e-02
1.473745703697204590e-02
1.496054511517286301e-02
1.471848413348197937e-02
1.515707653015851974e-02
1.452573202550411224e-02
1.490477845072746277e-02
1.451669353991746902e-02
1.471526548266410828e-02
1.512136124074459076e-02
1.491160783916711807e-02
1.501218881458044052e-02
1.438074093312025070e-02
1.495556160807609558e-02
1.491457503288984299e-02
1.481375005096197128e-02
1.500481925904750824e-02
1.465464476495981216e-02
1.513575669378042221e-02
1.493600569665431976e-02
1.477585826069116592e-02
1.521115377545356750e-02
1.470367703586816788e-02
1.484833564609289169e-02
1.486177369952201843e-02
1.482039038091897964e-02
1.487610675394535065e-02
1.457260828465223312e-02
1.461276691406965256e-02
1.495245378464460373e-02
1.501154340803623199e-02
1.449515577405691147e-02
1.489942986518144608e-02
1.491690892726182938e-02
1.493958197534084320e-02
1.507042627781629562e-02
1.055727247148752213e-02
1.472454424947500229e-02
1.499200146645307541e-02
1.529283728450536728e-02
1.596471853554248810e-02
1.464925333857536316e-02
1.485305372625589371e-02
1.466804370284080505e-02
1.494633033871650696e-02
1.186735276132822037e-02
1.468177791684865952e-02
1.522943098098039627e-02
1.488035265356302261e-02
1.516770198941230774e-02
1.487904880195856094e-02
1.490306574851274490e-02
1.491284277290105820e-02
1.483701076358556747e-02
1.486190874129533768e-02
1.509850844740867615e-02
1.477119047194719315e-02
1.514656189829111099e-02
1.448578201234340668e-02
1.488012168556451797e-02
1.500486768782138824e-02
1.498637162148952484e-02
1.454011257737874985e-02
1.478610653430223465e-02
1.471428200602531433e-02
1.497514639049768448e-02
1.485998928546905518e-02
1.499013509601354599e-02
1.463818643242120743e-02
1.507597230374813080e-02
1.505184173583984375e-02
1.454127766191959381e-02
1.468965038657188416e-02
1.488999463617801666e-02
1.486556138843297958e-02
1.501502096652984619e-02
1.500565372407436371e-02
1.509643159806728363e-02
1.452391780912876129e-02
1.465225778520107269e-02
1.488053798675537109e-02
1.466045435518026352e-02
1.462940592318773270e-02
1.484679337590932846e-02
1.502887532114982605e-02
1.516625564545392990e-02
1.496783178299665451e-02
1.493442896753549576e-02
1.481840666383504868e-02
1.515877246856689453e-02
1.442475337535142899e-02
1.505170110613107681e-02
1.344026997685432434e-02
1.444379333406686783e-02
1.440588291734457016e-02
1.515013631433248520e-02
1.464608591049909592e-02
1.504903472959995270e-02
1.472374238073825836e-02
1.508250739425420761e-02
1.467402931302785873e-02
1.459351461380720139e-02
1.490592956542968750e-02
1.460380852222442627e-02
1.485760137438774109e-02
1.482472382485866547e-02
1.493159774690866470e-02
1.504594180732965469e-02
1.455879118293523788e-02
1.507328171283006668e-02
1.457647699862718582e-02
1.441729068756103516e-02
1.510165538638830185e-02
1.480492297559976578e-02
1.504575647413730621e-02
1.546119526028633118e-02
1.506236474961042404e-02
1.582954637706279755e-02
1.485858764499425888e-02
1.454992964863777161e-02
1.461566425859928131e-02
1.478406786918640137e-02
1.494063809514045715e-02
1.490146014839410782e-02
1.527914125472307205e-02
8.934419602155685425e-03
1.508343778550624847e-02
1.491996645927429199e-02
1.478821132332086563e-02
1.442977413535118103e-02
1.467582862824201584e-02
1.480145845562219620e-02
1.486542169004678726e-02
1.480155903846025467e-02
1.460212469100952148e-02
1.488972268998622894e-02
1.495013199746608734e-02
1.485268212854862213e-02
1.525295991450548172e-02
1.501884218305349350e-02
1.474807225167751312e-02
1.491422578692436218e-02
1.514085289090871811e-02
1.477567479014396667e-02
1.457130629569292068e-02
8.103217929601669312e-03
1.461086608469486237e-02
1.480233669281005859e-02
1.465974841266870499e-02
1.510023977607488632e-02
1.461944635957479477e-02
1.458429172635078430e-02
1.453772559762001038e-02
1.518843695521354675e-02
1.504384074360132217e-02
1.487203035503625870e-02
1.625020802021026611e-02
1.521109882742166519e-02
1.513857301324605942e-02
1.514214836061000824e-02
1.486290898174047470e-02
1.483266334980726242e-02
1.475926861166954041e-02
1.481371000409126282e-02
1.492390129715204239e-02
1.480774953961372375e-02
1.500153262168169022e-02
1.490475609898567200e-02
1.517249643802642822e-02
1.460685767233371735e-02
1.509058754891157150e-02
1.506724022328853607e-02
1.416563615202903748e-02
1.458721235394477844e-02
1.469846162945032120e-02
1.514978613704442978e-02
1.481543108820915222e-02
1.473580859601497650e-02
1.366152241826057434e-02
1.507395878434181213e-02
1.405732240527868271e-02
1.456602197140455246e-02
1.511363778263330460e-02
1.419770065695047379e-02
1.484317146241664886e-02
1.498385891318321228e-02
1.481790188699960709e-02
1.475947536528110504e-02
1.511745713651180267e-02
1.565144024789333344e-02
1.461244467645883560e-02
1.511673722416162491e-02
1.484266854822635651e-02
1.495952904224395752e-02
1.467249635607004166e-02
1.484244782477617264e-02
1.496049202978610992e-02
1.482074055820703506e-02
1.457756850868463516e-02
1.556870620697736740e-02
1.509087998420000076e-02
9.391977451741695404e-03
1.557273883372545242e-02
1.453766226768493652e-02
1.497517153620719910e-02
1.519555505365133286e-02
1.442309934645891190e-02
1.493010856211185455e-02
1.498027518391609192e-02
1.513982377946376801e-02
1.480288524180650711e-02
1.530681923031806946e-02
1.513903215527534485e-02
1.513936184346675873e-02
1.476110890507698059e-02
1.479625795036554337e-02
1.395005267113447189e-02
1.510639768093824387e-02
1.530734822154045105e-02
1.486985012888908386e-02
1.500418223440647125e-02
1.472815219312906265e-02
1.460158172994852066e-02
1.472171861678361893e-02
1.478844229131937027e-02
1.469651237130165100e-02
1.506331004202365875e-02
1.503950636833906174e-02
1.490309555083513260e-02
1.486531738191843033e-02
1.430324837565422058e-02
1.510441955178976059e-02
1.463772729039192200e-02
1.496372558176517487e-02
6.532198283821344376e-03
1.480054575949907303e-02
1.512131188064813614e-02
1.490744948387145996e-02
1.513346750289201736e-02
1.485915109515190125e-02
1.533222198486328125e-02
1.509960368275642395e-02
1.493961457163095474e-02
1.555493753403425217e-02
1.527594868093729019e-02
1.463991962373256683e-02
1.479798648506402969e-02
1.469986513257026672e-02
1.502093113958835602e-02
1.455126330256462097e-02
1.555675547569990158e-02
1.567618362605571747e-02
1.475488301366567612e-02
1.506561040878295898e-02
1.480536721646785736e-02
1.298905257135629654e-02
1.467202883213758469e-02
1.486514136195182800e-02
1.497236732393503189e-02
1.504162233322858810e-02
1.529572904109954834e-02
1.429454982280731201e-02
1.473939791321754456e-02
1.463243365287780762e-02
1.504312548786401749e-02
1.498410198837518692e-02
1.444501616060733795e-02
1.513416413217782974e-02
1.519202906638383865e-02
1.474285684525966644e-02
1.490661408752202988e-02
1.464600581675767899e-02
1.374859828501939774e-02
1.475350558757781982e-02
1.488931383937597275e-02
1.456633768975734711e-02
1.479665283113718033e-02
1.454913988709449768e-02
1.516523864120244980e-02
1.487943809479475021e-02
1.496024522930383682e-02
1.388971880078315735e-02
1.507091522216796875e-02
1.481549441814422607e-02
1.240942999720573425e-02
1.507857162505388260e-02
1.492747385054826736e-02
1.461118366569280624e-02
1.441980525851249695e-02
1.469086389988660812e-02
1.503454800695180893e-02
1.478222291916608810e-02
1.489646360278129578e-02
1.490655541419982910e-02
1.522068027406930923e-02
1.481059193611145020e-02
1.475764252245426178e-02
1.516776438802480698e-02
1.492112874984741211e-02
1.453012879937887192e-02
1.494270283728837967e-02
1.539276633411645889e-02
1.536443550139665604e-02
1.506055798381567001e-02
1.399294752627611160e-02
1.463453844189643860e-02
1.484698988497257233e-02
1.497726235538721085e-02
1.492538116872310638e-02
1.516536436975002289e-02
1.500205695629119873e-02
1.486395951360464096e-02
1.487027015537023544e-02
1.540509145706892014e-02
1.500741206109523773e-02
1.506195031106472015e-02
1.485118176788091660e-02
1.490136981010437012e-02
1.485804561525583267e-02
1.464889384806156158e-02
1.508335117250680923e-02
1.480034273117780685e-02
1.493808068335056305e-02
1.498541235923767090e-02
1.467335224151611328e-02
1.466995477676391602e-02
1.485833525657653809e-02
1.508796494454145432e-02
1.509492751210927963e-02
1.414865348488092422e-02
1.501855533570051193e-02
1.489892881363630295e-02
1.449091359972953796e-02
1.535318884998559952e-02
1.494582928717136383e-02
1.493984833359718323e-02
1.492431759834289551e-02
1.437328103929758072e-02
1.479937136173248291e-02
1.488648727536201477e-02
1.498196925967931747e-02
1.496968790888786316e-02
1.509717945009469986e-02
1.504204794764518738e-02
1.448518969118595123e-02
1.498209033161401749e-02
1.473924517631530762e-02
1.478157564997673035e-02
1.492749713361263275e-02
1.477400027215480804e-02
1.499746181070804596e-02
1.482785400003194809e-02
1.492095086723566055e-02
1.468190457671880722e-02
1.509163994342088699e-02
1.495060324668884277e-02
1.487427018582820892e-02
1.466084737330675125e-02
1.474674325436353683e-02
1.514570508152246475e-02
1.518638525158166885e-02
1.462178584188222885e-02
1.326658204197883606e-02
1.519914250820875168e-02
1.443655416369438171e-02
1.475763693451881409e-02
1.521464250981807709e-02
1.512421015650033951e-02
1.469503436237573624e-02
1.511537190526723862e-02
1.482846494764089584e-02
1.528944354504346848e-02
1.465884130448102951e-02
1.494785491377115250e-02
1.458898466080427170e-02
1.532328780740499496e-02
1.490668859332799911e-02
1.491321716457605362e-02
1.505387108772993088e-02
1.427833642810583115e-02
8.205376565456390381e-03
1.482254639267921448e-02
1.418991386890411377e-02
1.482241787016391754e-02
1.467993855476379395e-02
1.466563064604997635e-02
1.475396193563938141e-02
1.502054277807474136e-02
1.446826849132776260e-02
1.529219467192888260e-02
1.495654601603746414e-02
1.455934252589941025e-02
1.388070266693830490e-02
1.489330455660820007e-02
1.419041398912668228e-02
1.343972049653530121e-02
1.468771323561668396e-02
1.507428009063005447e-02
1.473080832511186600e-02
1.481318473815917969e-02
1.402704138308763504e-02
1.487981900572776794e-02
1.480561494827270508e-02
1.414564810693264008e-02
1.506330352276563644e-02
1.489837374538183212e-02
1.465751603245735168e-02
1.480644661933183670e-02
8.849919773638248444e-03
1.437415834516286850e-02
1.500603556632995605e-02
1.488146185874938965e-02
1.458491757512092590e-02
1.492138579487800598e-02
1.517915632575750351e-02
1.503458060324192047e-02
1.458851341158151627e-02
1.527534797787666321e-02
1.513066329061985016e-02
1.498941425234079361e-02
1.499183103442192078e-02
1.507449429482221603e-02
1.165579538792371750e-02
1.485938765108585358e-02
1.506718900054693222e-02
1.474854443222284317e-02
1.488459948450326920e-02
1.468871906399726868e-02
1.501919701695442200e-02
1.492905523627996445e-02
1.479884888976812363e-02
1.513290312141180038e-02
1.461377739906311035e-02
1.482965890318155289e-02
1.227873563766479492e-02
1.485870871692895889e-02
1.485695783048868179e-02
1.494993548840284348e-02
1.509412005543708801e-02
1.526126638054847717e-02
1.465504150837659836e-02
1.445131376385688782e-02
1.474843826144933701e-02
1.462985016405582428e-02
1.494966447353363037e-02
1.501464005559682846e-02
1.529277954250574112e-02
1.492040418088436127e-02
1.467457413673400879e-02
1.511858403682708740e-02
1.490354165434837341e-02
1.464684680104255676e-02
1.502961758524179459e-02
1.485459133982658386e-02
1.474238280206918716e-02
1.457682251930236816e-02
1.492214482277631760e-02
1.497794594615697861e-02
1.529513299465179443e-02
1.459307409822940826e-02
1.513922587037086487e-02
1.459606084972620010e-02
1.472012419253587723e-02
1.503581181168556213e-02
1.499336119741201401e-02
1.476324256509542465e-02
1.396953966468572617e-02
1.511940266937017441e-02
1.473919674754142761e-02
1.473649125546216965e-02
1.478027459233999252e-02
1.409327983856201172e-02
1.301193796098232269e-02
1.475678477436304092e-02
1.514013111591339111e-02
1.395824272185564041e-02
1.532063167542219162e-02
1.452116016298532486e-02
1.400330103933811188e-02
1.537493430078029633e-02
1.491824164986610413e-02
1.376319024711847305e-02
1.537256222218275070e-02
1.480250153690576553e-02
1.494006440043449402e-02
1.495395228266716003e-02
1.461692247539758682e-02
1.480791810899972916e-02
1.470293663442134857e-02
1.468815561383962631e-02
1.417411863803863525e-02
1.501297950744628906e-02
1.512429770082235336e-02
1.492649968713521957e-02
1.520397979766130447e-02
1.504875067621469498e-02
1.423657312989234924e-02
1.508570276200771332e-02
1.468701101839542389e-02
1.049183309078216553e-02
1.473792269825935364e-02
1.533073093742132187e-02
1.447991933673620224e-02
1.057592127472162247e-02
1.490564271807670593e-02
1.450974401086568832e-02
1.496745645999908447e-02
1.453576609492301941e-02
1.486199535429477692e-02
1.480662263929843903e-02
1.486596185714006424e-02
1.496448274701833725e-02
1.463345531374216080e-02
1.510891877114772797e-02
1.512901112437248230e-02
1.468822639435529709e-02
1.518884301185607910e-02
1.523347478359937668e-02
1.529994048178195953e-02
9.705500677227973938e-03
6.369700655341148376e-03
1.480501797050237656e-02
1.436785142868757248e-02
1.495208498090505600e-02
1.486941054463386536e-02
1.476831827312707901e-02
1.492583472281694412e-02
1.498396787792444229e-02
1.469468511641025543e-02
1.499050948768854141e-02
1.488434150815010071e-02
1.486104726791381836e-02
1.517762336879968643e-02
1.493350230157375336e-02
1.497384905815124512e-02
1.496055163443088531e-02
1.486625429242849350e-02
1.509822532534599304e-02
1.374984066933393478e-02
1.479981746524572372e-02
1.470399741083383560e-02
1.470082439482212067e-02
1.482657436281442642e-02
1.459502242505550385e-02
1.486165542155504227e-02
1.494834106415510178e-02
1.471082307398319244e-02
1.483651436865329742e-02
1.499125920236110687e-02
1.362302340567111969e-02
1.498611364513635635e-02
1.495040021836757660e-02
1.485192496329545975e-02
1.464975718408823013e-02
1.472042128443717957e-02
1.468773558735847473e-02
1.499451324343681335e-02
1.453972235321998596e-02
1.379272900521755219e-02
1.499898638576269150e-02
1.378708425909280777e-02
1.512767095118761063e-02
1.495870668441057205e-02
1.487309671938419342e-02
1.511828508228063583e-02
1.484957337379455566e-02
1.478242874145507812e-02
1.473198924213647842e-02
1.457084622234106064e-02
1.182870194315910339e-02
1.514778938144445419e-02
1.448175311088562012e-02
1.479782257229089737e-02
1.455491874366998672e-02
1.494039688259363174e-02
1.507737673819065094e-02
1.532051898539066315e-02
1.443513017147779465e-02
1.494180224835872650e-02
1.494436059147119522e-02
1.459413487464189529e-02
1.495305262506008148e-02
1.492120698094367981e-02
1.394649408757686615e-02
1.511374954134225845e-02
1.388270780444145203e-02
1.487047970294952393e-02
1.454563345760107040e-02
1.460654661059379578e-02
1.449525635689496994e-02
1.514433417469263077e-02
1.501244865357875824e-02
1.523075625300407410e-02
1.477991417050361633e-02
1.481532771140336990e-02
1.494457479566335678e-02
1.473849359899759293e-02
1.489067915827035904e-02
1.524514053016901016e-02
1.466174330562353134e-02
1.516675390303134918e-02
1.460398174822330475e-02
1.487317960709333420e-02
1.471505686640739441e-02
1.529356557875871658e-02
1.495120208710432053e-02
1.505186595022678375e-02
1.485578808933496475e-02
1.476381719112396240e-02
1.476314105093479156e-02
1.503419224172830582e-02
1.480443403124809265e-02
1.474242005497217178e-02
1.464222650974988937e-02
1.493794843554496765e-02
1.467655505985021591e-02
1.487837359309196472e-02
1.491187885403633118e-02
1.528381370007991791e-02
1.463191211223602295e-02
1.491706632077693939e-02
1.514921430498361588e-02
1.481689885258674622e-02
1.478347461670637131e-02
1.484175398945808411e-02
1.517291367053985596e-02
1.481839176267385483e-02
1.471689622849225998e-02
1.487600803375244141e-02
1.506775617599487305e-02
1.268600858747959137e-02
1.518161501735448837e-02
1.465346850454807281e-02
1.481976825743913651e-02
1.424481067806482315e-02
2.085367403924465179e-02
1.431525591760873795e-02
1.496123149991035461e-02
1.490451302379369736e-02
1.490258052945137024e-02
1.475167833268642426e-02
1.387709099799394608e-02
1.528748311102390289e-02
1.499836239963769913e-02
1.495494786649942398e-02
1.528490986675024033e-02
1.484757103025913239e-02
1.523509342223405838e-02
1.469189301133155823e-02
1.548710465431213379e-02
9.531601332128047943e-03
1.485148631036281586e-02
1.500871684402227402e-02
1.492227241396903992e-02
1.503176614642143250e-02
1.507094502449035645e-02
1.403132174164056778e-02
1.521417591720819473e-02
1.450329367071390152e-02
1.522785518318414688e-02
1.506258267909288406e-02
1.483917608857154846e-02
1.501112058758735657e-02
1.494885701686143875e-02
1.457820739597082138e-02
1.497851312160491943e-02
1.500065252184867859e-02
1.472526509314775467e-02
1.474297326058149338e-02
1.479828916490077972e-02
1.473439950495958328e-02
1.384794712066650391e-02
1.527437195181846619e-02
1.488662604242563248e-02
1.488161366432905197e-02
1.457957830280065536e-02
1.466875430196523666e-02
1.478341501206159592e-02
1.456349994987249374e-02
1.491004880517721176e-02
1.523859426379203796e-02
1.437359116971492767e-02
1.479507610201835632e-02
1.415726635605096817e-02
1.499837543815374374e-02
1.308781187981367111e-02
1.091632898896932602e-02
1.487114373594522476e-02
1.485283020883798599e-02
1.500863209366798401e-02
1.515719387680292130e-02
1.506943628191947937e-02
1.497340761125087738e-02
1.477581541985273361e-02
1.493165735155344009e-02
1.478097680956125259e-02
1.475205458700656891e-02
1.741722412407398224e-02
1.484622899442911148e-02
1.425063982605934143e-02
1.472161337733268738e-02
1.489944104105234146e-02
1.539593655616044998e-02
1.419762056320905685e-02
1.485033985227346420e-02
1.491026487201452255e-02
1.483886316418647766e-02
1.501500979065895081e-02
1.458092313259840012e-02
1.465342286974191666e-02
1.494145765900611877e-02
1.503034494817256927e-02
1.446353737264871597e-02
1.484374701976776123e-02
1.523293927311897278e-02
1.435189880430698395e-02
1.454646233469247818e-02
1.488493755459785461e-02
1.459569297730922699e-02
1.468512322753667831e-02
1.389620825648307800e-02
1.494878530502319336e-02
1.553795021027326584e-02
1.495630946010351181e-02
1.486808713525533676e-02
1.495003420859575272e-02
1.498166844248771667e-02
1.489831879734992981e-02
1.504335086792707443e-02
1.535979192703962326e-02
1.505598705261945724e-02
1.523568388074636459e-02
1.474469993263483047e-02
1.470526494085788727e-02
1.505665108561515808e-02
1.437088288366794586e-02
1.129819266498088837e-02
1.505425944924354553e-02
1.508012134581804276e-02
1.528907660394906998e-02
1.492729503661394119e-02
1.491168979555368423e-02
1.213961560279130936e-02
1.469900645315647125e-02
1.434710621833801270e-02
1.504256669431924820e-02
1.503937877714633942e-02
1.508669462054967880e-02
1.515968050807714462e-02
1.471894141286611557e-02
1.486466731876134872e-02
1.468620263040065765e-02
1.485927775502204895e-02
1.521575357764959335e-02
1.475347671657800674e-02
1.495562866330146790e-02
1.477369293570518494e-02
1.481403503566980362e-02
1.454152539372444153e-02
1.456709299236536026e-02
1.492289546877145767e-02
1.430638786405324936e-02
1.469266414642333984e-02
1.521549560129642487e-02
1.493703201413154602e-02
1.467732433229684830e-02
1.486365869641304016e-02
1.485172566026449203e-02
1.503167673945426941e-02
1.487489417195320129e-02
1.531357225030660629e-02
1.504089869558811188e-02
1.507021579891443253e-02
1.510682143270969391e-02
1.492423750460147858e-02
1.505003590136766434e-02
1.499420125037431717e-02
1.486250199377536774e-02
1.470617577433586121e-02
1.506507955491542816e-02
1.490537263453006744e-02
1.475283782929182053e-02
1.502253208309412003e-02
1.441310066729784012e-02
1.465300936251878738e-02
1.452415250241756439e-02
1.509616337716579437e-02
1.385306194424629211e-02
1.485476177185773849e-02
1.499178726226091385e-02
1.510840654373168945e-02
1.463662460446357727e-02
1.476653479039669037e-02
1.481727138161659241e-02
1.522052846848964691e-02
1.474789064377546310e-02
1.485658809542655945e-02
1.515536941587924957e-02
1.485969685018062592e-02
1.485583093017339706e-02
1.483076810836791992e-02
1.475808396935462952e-02
1.482947077602148056e-02
1.336710248142480850e-02
1.512459199875593185e-02
1.443287171423435211e-02
1.373183354735374451e-02
1.488716248422861099e-02
1.510935369879007339e-02
1.487282849848270416e-02
1.439524628221988678e-02
1.500236056745052338e-02
1.381895504891872406e-02
1.456650812178850174e-02
1.468517258763313293e-02
1.489407103508710861e-02
1.494106743484735489e-02
1.490457449108362198e-02
1.490371301770210266e-02
1.510035432875156403e-02
1.488068699836730957e-02
1.442636828869581223e-02
1.502474024891853333e-02
1.481712143868207932e-02
1.424979604780673981e-02
1.459814887493848801e-02
1.536580640822649002e-02
1.477823499590158463e-02
1.470123883336782455e-02
1.491608098149299622e-02
1.469813659787178040e-02
1.494522020220756531e-02
1.523585990071296692e-02
1.446346286684274673e-02
1.504508033394813538e-02
1.510206144303083420e-02
1.513801421970129013e-02
1.510071195662021637e-02
1.484330277889966965e-02
1.509300526231527328e-02
1.467601861804723740e-02
1.472183130681514740e-02
1.503057777881622314e-02
1.435911562293767929e-02
1.501332130283117294e-02
1.497933547943830490e-02
1.493728440254926682e-02
1.446779165416955948e-02
1.484840549528598785e-02
1.526424847543239594e-02
1.505764201283454895e-02
1.476461533457040787e-02
1.481697242707014084e-02
1.520721614360809326e-02
1.482220087200403214e-02
1.493401918560266495e-02
1.494769752025604248e-02
1.452657300978899002e-02
1.504080090671777725e-02
1.482006628066301346e-02
1.483460422605276108e-02
1.500144600868225098e-02
1.507375761866569519e-02
1.473529636859893799e-02
1.532885711640119553e-02
1.461231708526611328e-02
1.432662643492221832e-02
1.424928568303585052e-02
1.452699303627014160e-02
1.550287008285522461e-02
1.495771761983633041e-02
1.518898084759712219e-02
1.435853447765111923e-02
1.488454733043909073e-02
1.466150674968957901e-02
1.487562432885169983e-02
1.515621319413185120e-02
1.508952770382165909e-02
1.484880410134792328e-02
1.486300770193338394e-02
1.504427287727594376e-02
1.485558226704597473e-02
1.485235616564750671e-02
1.515308022499084473e-02
1.500970125198364258e-02
1.473682280629873276e-02
1.494222972542047501e-02
1.467149052768945694e-02
1.452295575290918350e-02
1.495724357664585114e-02
1.444227434694766998e-02
1.518852636218070984e-02
1.526334881782531738e-02
1.504371687769889832e-02
1.489321235567331314e-02
1.483407244086265564e-02
1.611035503447055817e-02
1.467633340507745743e-02
1.477210130542516708e-02
1.503582019358873367e-02
1.451399549841880798e-02
1.476238388568162918e-02
1.474491879343986511e-02
1.515606325119733810e-02
1.523717120289802551e-02
1.467125117778778076e-02
1.515742298215627670e-02
1.488059200346469879e-02
1.473932061344385147e-02
1.428157463669776917e-02
1.518107857555150986e-02
1.498349662870168686e-02
1.395533699542284012e-02
1.515751797705888748e-02
1.416832860559225082e-02
1.497394219040870667e-02
1.460326556116342545e-02
1.513058226555585861e-02
1.501620933413505554e-02
1.505677774548530579e-02
1.457879599183797836e-02
1.501175202429294586e-02
1.476173754781484604e-02
1.470102462917566299e-02
1.474043447524309158e-02
1.494962908327579498e-02
1.513549964874982834e-02
1.497035380452871323e-02
1.571465283632278442e-02
1.486788969486951828e-02
1.452247425913810730e-02
1.516908407211303711e-02
1.493148598819971085e-02
1.490573212504386902e-02
1.389061193913221359e-02
1.477283239364624023e-02
1.518221478909254074e-02
1.586055941879749298e-02
1.490431744605302811e-02
1.520519331097602844e-02
1.535831298679113388e-02
1.521446742117404938e-02
1.431354507803916931e-02
1.524442434310913086e-02
1.416221167892217636e-02
1.491436362266540527e-02
1.493857149034738541e-02
1.389424875378608704e-02
1.375165209174156189e-02
1.496897637844085693e-02
1.396410074084997177e-02
1.494796480983495712e-02
1.470000669360160828e-02
1.486476697027683258e-02
1.509470865130424500e-02
1.432219799607992172e-02
1.509387884289026260e-02
1.510823145508766174e-02
1.487272605299949646e-02
1.477313134819269180e-02
1.476416271179914474e-02
1.500636246055364609e-02
1.487360894680023193e-02
1.497471332550048828e-02
1.511211786419153214e-02
1.499849278479814529e-02
1.460961904376745224e-02
1.476479973644018173e-02
1.453584711998701096e-02
1.455004885792732239e-02
1.317711081355810165e-02
1.466412190347909927e-02
1.484972517937421799e-02
1.514387410134077072e-02
