<system>Protocol: Active. Attitude: Sassy.</system>
5.473826080560684204e-02
5.415255948901176453e-02
6.645950675010681152e-02
6.567031145095825195e-02
6.150334328413009644e-02
5.609938874840736389e-02
6.772823631763458252e-02
4.916685447096824646e-02
6.026459112763404846e-02
5.313176289200782776e-02
5.980276688933372498e-02
5.989959463477134705e-02
5.750586837530136108e-02
4.848905280232429504e-02
5.600490421056747437e-02
5.400769039988517761e-02
5.685147270560264587e-02
6.154208630323410034e-02
5.792493373155593872e-02
6.152193248271942139e-02
6.076470017433166504e-02
5.397775769233703613e-02
5.371033027768135071e-02
4.805017635226249695e-02
6.503947079181671143e-02
5.896600708365440369e-02
5.964819714426994324e-02
5.532894283533096313e-02
6.162672117352485657e-02
5.592313781380653381e-02
5.934338644146919250e-02
6.293138116598129272e-02
5.979239940643310547e-02
6.180020049214363098e-02
4.899007081985473633e-02
5.723199248313903809e-02
6.091833114624023438e-02
5.093590542674064636e-02
6.697003543376922607e-02
5.522122234106063843e-02
5.547758936882019043e-02
5.948765948414802551e-02
6.150512769818305969e-02
5.231521651148796082e-02
5.688771232962608337e-02
5.722475796937942505e-02
6.511267274618148804e-02
6.274113059043884277e-02
5.887744948267936707e-02
5.311734601855278015e-02
5.692074447870254517e-02
5.408716201782226562e-02
5.749039724469184875e-02
5.960358306765556335e-02
5.465393885970115662e-02
4.645443707704544067e-02
6.323331594467163086e-02
5.932660400867462158e-02
5.994020774960517883e-02
5.210082978010177612e-02
7.025054842233657837e-02
6.051135808229446411e-02
4.973189160227775574e-02
6.517564505338668823e-02
5.205873027443885803e-02
5.493260920047760010e-02
6.843188405036926270e-02
5.888488888740539551e-02
6.000134721398353577e-02
4.978916049003601074e-02
5.409463867545127869e-02
6.801269203424453735e-02
6.080792844295501709e-02
5.328185483813285828e-02
5.711677670478820801e-02
5.009593814611434937e-02
5.544218793511390686e-02
4.633994027972221375e-02
5.823358893394470215e-02
6.100734695792198181e-02
5.796717852354049683e-02
5.470230802893638611e-02
6.330864131450653076e-02
4.915929585695266724e-02
5.148602649569511414e-02
5.965679883956909180e-02
5.151016265153884888e-02
5.609130859375000000e-02
5.433912575244903564e-02
5.977899953722953796e-02
6.036861240863800049e-02
5.163406953215599060e-02
6.148277223110198975e-02
6.209246069192886353e-02
4.780582338571548462e-02
5.714412406086921692e-02
6.026776880025863647e-02
5.808580666780471802e-02
5.821389704942703247e-02
5.045181140303611755e-02
6.535760313272476196e-02
6.069006025791168213e-02
6.070351973176002502e-02
5.632343143224716187e-02
5.830209702253341675e-02
5.247548222541809082e-02
5.081659555435180664e-02
6.197202578186988831e-02
5.579884350299835205e-02
5.699794739484786987e-02
5.437225848436355591e-02
5.377617850899696350e-02
6.377225369215011597e-02
5.063116550445556641e-02
5.258354544639587402e-02
6.507435441017150879e-02
6.012052297592163086e-02
6.180388107895851135e-02
5.373997241258621216e-02
6.520154327154159546e-02
5.559905618429183960e-02
5.084089934825897217e-02
5.875676870346069336e-02
6.016238033771514893e-02
5.140070244669914246e-02
5.870488658547401428e-02
5.611674115061759949e-02
6.104014813899993896e-02
6.914863735437393188e-02
6.806881725788116455e-02
6.228770315647125244e-02
5.439036712050437927e-02
5.209812894463539124e-02
4.937336221337318420e-02
6.215636804699897766e-02
4.916635528206825256e-02
6.112279742956161499e-02
5.525764077901840210e-02
5.323218554258346558e-02
5.134551972150802612e-02
6.062774360179901123e-02
5.789621174335479736e-02
6.000703200697898865e-02
5.167629942297935486e-02
6.478845328092575073e-02
4.302816092967987061e-02
5.732586607336997986e-02
6.046086549758911133e-02
5.585910379886627197e-02
5.632380023598670959e-02
5.375530198216438293e-02
5.551188066601753235e-02
5.648607015609741211e-02
6.096517294645309448e-02
5.380002409219741821e-02
5.708206072449684143e-02
5.359496921300888062e-02
5.321345105767250061e-02
5.697070807218551636e-02
5.669433623552322388e-02
5.446421727538108826e-02
5.646161735057830811e-02
6.675572693347930908e-02
4.838903993368148804e-02
6.238459423184394836e-02
5.614782124757766724e-02
5.576407536864280701e-02
5.883253738284111023e-02
4.938096553087234497e-02
5.401099845767021179e-02
6.193945184350013733e-02
6.159028038382530212e-02
5.424630641937255859e-02
5.934576317667961121e-02
5.692292377352714539e-02
5.622602254152297974e-02
5.590492114424705505e-02
5.726097524166107178e-02
5.929587036371231079e-02
5.908552929759025574e-02
5.398296937346458435e-02
5.885849893093109131e-02
6.285130232572555542e-02
5.576466768980026245e-02
6.608249992132186890e-02
6.093744561076164246e-02
6.824666261672973633e-02
5.970901250839233398e-02
5.856069922447204590e-02
6.383866816759109497e-02
6.062975898385047913e-02
5.682025477290153503e-02
6.168920546770095825e-02
5.934586003422737122e-02
6.178880110383033752e-02
5.029832944273948669e-02
5.993395298719406128e-02
5.723603814840316772e-02
4.530239105224609375e-02
6.364107877016067505e-02
5.037842318415641785e-02
5.733945220708847046e-02
5.123814195394515991e-02
5.278171971440315247e-02
5.442052707076072693e-02
4.770735651254653931e-02
5.877289548516273499e-02
5.535527691245079041e-02
5.300911888480186462e-02
6.043493002653121948e-02
5.425217002630233765e-02
5.501120910048484802e-02
5.844016745686531067e-02
4.875674843788146973e-02
5.264690518379211426e-02
5.791717767715454102e-02
6.362763047218322754e-02
5.653918161988258362e-02
6.170369312167167664e-02
7.294286042451858521e-02
5.742172896862030029e-02
7.439102232456207275e-02
5.530768632888793945e-02
5.937928333878517151e-02
5.858233571052551270e-02
5.249853432178497314e-02
6.280509382486343384e-02
5.793586373329162598e-02
6.113830581307411194e-02
6.329815834760665894e-02
6.147529929876327515e-02
5.940940603613853455e-02
5.123003572225570679e-02
4.887232929468154907e-02
5.967141315340995789e-02
6.159968301653862000e-02
5.549809336662292480e-02
6.589446216821670532e-02
6.669412553310394287e-02
5.879604071378707886e-02
5.055196955800056458e-02
5.794351920485496521e-02
5.795561522245407104e-02
6.339412927627563477e-02
5.460964515805244446e-02
6.028335914015769958e-02
6.116892769932746887e-02
6.140134483575820923e-02
5.833896994590759277e-02
5.409138277173042297e-02
5.997738614678382874e-02
5.603403970599174500e-02
5.981252342462539673e-02
4.897698760032653809e-02
6.400722265243530273e-02
5.372492969036102295e-02
6.283258646726608276e-02
6.516984105110168457e-02
5.915760248899459839e-02
5.057030543684959412e-02
5.668752267956733704e-02
6.245251744985580444e-02
6.082304567098617554e-02
6.709104776382446289e-02
4.521717876195907593e-02
5.918500572443008423e-02
6.680575013160705566e-02
5.888472869992256165e-02
5.058746412396430969e-02
5.242951214313507080e-02
5.668981000781059265e-02
6.047045812010765076e-02
5.637507885694503784e-02
5.838807299733161926e-02
5.736690759658813477e-02
5.926358699798583984e-02
4.867718741297721863e-02
5.784941464662551880e-02
5.983048304915428162e-02
6.555560231208801270e-02
6.235193833708763123e-02
5.461109057068824768e-02
6.017895787954330444e-02
6.072317808866500854e-02
5.921904370188713074e-02
4.805402457714080811e-02
5.716840922832489014e-02
5.742444843053817749e-02
4.898878186941146851e-02
5.423910170793533325e-02
5.835094675421714783e-02
5.823708325624465942e-02
4.926503822207450867e-02
5.428151786327362061e-02
6.135905906558036804e-02
5.748256668448448181e-02
5.837761238217353821e-02
5.772176757454872131e-02
5.865659564733505249e-02
5.716907232999801636e-02
5.927352979779243469e-02
5.268047004938125610e-02
5.704924464225769043e-02
5.568839609622955322e-02
6.221411749720573425e-02
5.260081961750984192e-02
6.659659743309020996e-02
5.577978864312171936e-02
6.213050708174705505e-02
5.926279723644256592e-02
5.323595926165580750e-02
6.079237163066864014e-02
5.603563413023948669e-02
6.431817263364791870e-02
6.281592696905136108e-02
6.219849735498428345e-02
5.496859550476074219e-02
5.433285236358642578e-02
5.210589244961738586e-02
6.040101870894432068e-02
5.522267892956733704e-02
5.914824083447456360e-02
6.228074803948402405e-02
6.710157543420791626e-02
5.646561086177825928e-02
5.665323138236999512e-02
5.387942120432853699e-02
5.841596052050590515e-02
6.422871351242065430e-02
6.122111901640892029e-02
5.199101939797401428e-02
5.430445075035095215e-02
5.590821057558059692e-02
5.638436600565910339e-02
5.367671325802803040e-02
5.830441787838935852e-02
6.061040982604026794e-02
5.058313161134719849e-02
5.640722811222076416e-02
6.107079610228538513e-02
6.284619122743606567e-02
6.605608016252517700e-02
6.051468849182128906e-02
5.332126095890998840e-02
6.102918833494186401e-02
5.486311390995979309e-02
5.642169341444969177e-02
5.764584988355636597e-02
5.863337218761444092e-02
6.115498766303062439e-02
5.327327921986579895e-02
6.199485436081886292e-02
6.051396951079368591e-02
5.660595372319221497e-02
6.180184334516525269e-02
6.592924147844314575e-02
5.226530507206916809e-02
5.548929795622825623e-02
5.926148220896720886e-02
6.391943246126174927e-02
6.302426010370254517e-02
5.239638686180114746e-02
5.906318128108978271e-02
5.845000594854354858e-02
5.919016152620315552e-02
6.029593944549560547e-02
5.497795343399047852e-02
5.524447560310363770e-02
5.124336481094360352e-02
5.897656455636024475e-02
5.620976909995079041e-02
5.888559669256210327e-02
5.674115568399429321e-02
5.582602322101593018e-02
5.834348872303962708e-02
6.124460697174072266e-02
5.745530873537063599e-02
4.980203509330749512e-02
6.170516461133956909e-02
5.593731254339218140e-02
4.309704527258872986e-02
5.218382552266120911e-02
6.743059307336807251e-02
6.081693992018699646e-02
5.646033585071563721e-02
5.002895742654800415e-02
5.420965701341629028e-02
5.528142675757408142e-02
6.235314905643463135e-02
5.649760365486145020e-02
5.633713677525520325e-02
5.598137900233268738e-02
6.031441316008567810e-02
5.273655429482460022e-02
5.480527505278587341e-02
6.037067621946334839e-02
5.283117666840553284e-02
6.400772184133529663e-02
5.313732475042343140e-02
5.193738639354705811e-02
5.981049314141273499e-02
6.136713922023773193e-02
5.583510175347328186e-02
5.389121547341346741e-02
6.295525282621383667e-02
5.053078755736351013e-02
5.197287350893020630e-02
5.942645296454429626e-02
5.021444335579872131e-02
6.602768599987030029e-02
5.993114411830902100e-02
6.729731708765029907e-02
5.704671517014503479e-02
5.894745886325836182e-02
4.983408749103546143e-02
4.914414510130882263e-02
6.119651347398757935e-02
4.403999075293540955e-02
5.608266964554786682e-02
5.229191109538078308e-02
5.737316980957984924e-02
4.444018378853797913e-02
5.304626002907752991e-02
5.456512421369552612e-02
5.492103099822998047e-02
5.403959006071090698e-02
5.886519327759742737e-02
6.004370748996734619e-02
5.678582936525344849e-02
5.484596639871597290e-02
6.491764634847640991e-02
5.392894893884658813e-02
5.962860956788063049e-02
6.223412230610847473e-02
5.951173603534698486e-02
5.296511203050613403e-02
6.558860838413238525e-02
4.728989303112030029e-02
5.537540093064308167e-02
5.923034995794296265e-02
6.409707665443420410e-02
5.842924118041992188e-02
5.311674624681472778e-02
5.527364462614059448e-02
5.183335393667221069e-02
5.831089615821838379e-02
5.730154737830162048e-02
6.129835918545722961e-02
5.693297833204269409e-02
5.667358636856079102e-02
6.295628100633621216e-02
5.514815077185630798e-02
6.313478946685791016e-02
6.013090535998344421e-02
5.666092410683631897e-02
5.652424693107604980e-02
5.745187029242515564e-02
6.377609819173812866e-02
5.392287299036979675e-02
6.261472404003143311e-02
5.699989944696426392e-02
5.433297529816627502e-02
5.871003493666648865e-02
6.166043132543563843e-02
5.640804022550582886e-02
6.006880849599838257e-02
5.359326303005218506e-02
6.449974328279495239e-02
5.332273617386817932e-02
7.226655632257461548e-02
5.555894598364830017e-02
5.717400833964347839e-02
5.865356698632240295e-02
5.162613466382026672e-02
6.002201139926910400e-02
5.962920188903808594e-02
5.481079593300819397e-02
5.789073556661605835e-02
5.650387704372406006e-02
5.840406194329261780e-02
6.233493983745574951e-02
5.973142012953758240e-02
6.038544327020645142e-02
5.579619109630584717e-02
6.298399716615676880e-02
5.551906675100326538e-02
5.914177745580673218e-02
5.755174160003662109e-02
5.703526735305786133e-02
5.960224196314811707e-02
5.619219690561294556e-02
5.546585097908973694e-02
5.370440334081649780e-02
6.010550260543823242e-02
5.899501591920852661e-02
5.108194425702095032e-02
5.950305610895156860e-02
5.973770096898078918e-02
5.583338066935539246e-02
5.390425771474838257e-02
5.928936600685119629e-02
5.378761887550354004e-02
5.119827017188072205e-02
5.622537806630134583e-02
5.345755442976951599e-02
5.955667048692703247e-02
5.462199077010154724e-02
6.275592744350433350e-02
6.186984479427337646e-02
5.624314770102500916e-02
6.254133582115173340e-02
5.626969411969184875e-02
5.039768666028976440e-02
5.498154461383819580e-02
6.023517623543739319e-02
5.700709670782089233e-02
5.571352317929267883e-02
6.079312413930892944e-02
6.257403641939163208e-02
5.719423666596412659e-02
6.161847338080406189e-02
6.677775830030441284e-02
5.476412177085876465e-02
5.749305710196495056e-02
5.735128000378608704e-02
5.409650504589080811e-02
4.671107605099678040e-02
6.107000634074211121e-02
5.603644996881484985e-02
6.013921275734901428e-02
5.690208822488784790e-02
5.707647651433944702e-02
6.481288373470306396e-02
5.949790775775909424e-02
6.230518221855163574e-02
6.191562861204147339e-02
5.810425430536270142e-02
5.667590722441673279e-02
5.271304398775100708e-02
5.977917090058326721e-02
5.580089613795280457e-02
5.996003746986389160e-02
5.841809138655662537e-02
6.504440307617187500e-02
5.877373740077018738e-02
6.106339767575263977e-02
6.342594325542449951e-02
5.588025227189064026e-02
5.193760246038436890e-02
6.102733314037322998e-02
5.869624018669128418e-02
5.437423288822174072e-02
5.964235588908195496e-02
5.777261778712272644e-02
6.141000613570213318e-02
5.314667150378227234e-02
6.071081012487411499e-02
6.196916103363037109e-02
5.033449456095695496e-02
5.730070918798446655e-02
5.893965810537338257e-02
5.496263504028320312e-02
4.866201803088188171e-02
5.806520581245422363e-02
5.421323329210281372e-02
5.824957787990570068e-02
5.882884934544563293e-02
6.150009483098983765e-02
5.381783470511436462e-02
6.035226583480834961e-02
6.256111711263656616e-02
5.903669074177742004e-02
5.777574330568313599e-02
5.074223130941390991e-02
6.400376558303833008e-02
5.469620972871780396e-02
5.522757396101951599e-02
5.805412307381629944e-02
5.726256966590881348e-02
6.271225959062576294e-02
5.740075930953025818e-02
6.070040538907051086e-02
6.304129958152770996e-02
5.302225798368453979e-02
5.727082118391990662e-02
5.907842144370079041e-02
6.160624325275421143e-02
5.941493064165115356e-02
5.551607534289360046e-02
5.716076865792274475e-02
4.848723486065864563e-02
6.423236429691314697e-02
5.377590656280517578e-02
5.861432105302810669e-02
6.656170636415481567e-02
5.918248370289802551e-02
6.218028068542480469e-02
5.529606342315673828e-02
5.118818208575248718e-02
6.294252723455429077e-02
5.593392997980117798e-02
5.231969058513641357e-02
5.768628418445587158e-02
6.051337718963623047e-02
5.581727623939514160e-02
6.366694718599319458e-02
5.479321628808975220e-02
6.518686562776565552e-02
5.465373769402503967e-02
5.141233652830123901e-02
5.212786421179771423e-02
5.496680736541748047e-02
6.075495481491088867e-02
4.880041256546974182e-02
6.311707198619842529e-02
4.589544609189033508e-02
5.626807734370231628e-02
5.617614462971687317e-02
5.163981765508651733e-02
5.545556545257568359e-02
6.407351791858673096e-02
6.080868467688560486e-02
5.979241058230400085e-02
5.596630275249481201e-02
6.298960745334625244e-02
6.395447254180908203e-02
5.820265784859657288e-02
5.720787495374679565e-02
5.774555727839469910e-02
6.671594828367233276e-02
6.257091462612152100e-02
5.864425748586654663e-02
5.990936234593391418e-02
5.905904248356819153e-02
6.164493039250373840e-02
5.979823693633079529e-02
5.475042760372161865e-02
4.977706819772720337e-02
5.897290632128715515e-02
5.967253074049949646e-02
5.548114702105522156e-02
5.909803509712219238e-02
5.514320731163024902e-02
6.035230308771133423e-02
5.470367521047592163e-02
6.244867295026779175e-02
6.033914536237716675e-02
6.086970120668411255e-02
4.848844558000564575e-02
5.954553186893463135e-02
5.969906970858573914e-02
5.665205046534538269e-02
6.062439829111099243e-02
5.735695362091064453e-02
5.928430706262588501e-02
6.449362635612487793e-02
6.223766133189201355e-02
5.591952428221702576e-02
6.065175682306289673e-02
5.580346286296844482e-02
5.738673731684684753e-02
5.913477018475532532e-02
5.606252700090408325e-02
6.469587981700897217e-02
6.512038409709930420e-02
6.981392204761505127e-02
6.095131859183311462e-02
5.531959980726242065e-02
6.059563905000686646e-02
5.515754222869873047e-02
5.978022888302803040e-02
5.736135318875312805e-02
5.895623937249183655e-02
5.004071816802024841e-02
6.196329370141029358e-02
5.788967013359069824e-02
5.429274961352348328e-02
5.355680361390113831e-02
5.842721462249755859e-02
6.644733250141143799e-02
5.363398790359497070e-02
5.314132571220397949e-02
6.019571796059608459e-02
5.399588495492935181e-02
5.359894037246704102e-02
5.564372241497039795e-02
5.846769362688064575e-02
5.876863747835159302e-02
5.845810472965240479e-02
5.675500631332397461e-02
5.047623440623283386e-02
6.156811863183975220e-02
5.185272917151451111e-02
5.498310178518295288e-02
5.291949957609176636e-02
6.424717605113983154e-02
5.924439057707786560e-02
5.189125984907150269e-02
5.520809441804885864e-02
6.370829790830612183e-02
5.033456161618232727e-02
5.416868254542350769e-02
5.353406071662902832e-02
5.337023362517356873e-02
5.312051624059677124e-02
5.160559713840484619e-02
5.628884583711624146e-02
5.602259188890457153e-02
5.949483811855316162e-02
5.410798639059066772e-02
5.605937168002128601e-02
5.712657794356346130e-02
5.664622783660888672e-02
6.160781532526016235e-02
5.539394915103912354e-02
6.015133857727050781e-02
5.558997765183448792e-02
5.434198305010795593e-02
5.569739639759063721e-02
6.206261739134788513e-02
6.418182700872421265e-02
5.945949628949165344e-02
6.157752498984336853e-02
5.395381897687911987e-02
6.065459549427032471e-02
5.486082285642623901e-02
5.331934615969657898e-02
6.056420132517814636e-02
5.653775110840797424e-02
6.200521439313888550e-02
6.538814306259155273e-02
6.620258092880249023e-02
5.496943742036819458e-02
5.609797313809394836e-02
6.131731718778610229e-02
5.664114654064178467e-02
6.480009853839874268e-02
4.803913086652755737e-02
5.268839746713638306e-02
5.926367267966270447e-02
5.428963899612426758e-02
5.634081736207008362e-02
6.290019303560256958e-02
5.591551586985588074e-02
5.853005498647689819e-02
6.348311156034469604e-02
5.185616016387939453e-02
5.401953682303428650e-02
5.375507473945617676e-02
5.494163557887077332e-02
4.409921169281005859e-02
6.415241956710815430e-02
5.225768685340881348e-02
5.750219523906707764e-02
5.568228289484977722e-02
6.437694281339645386e-02
5.428948253393173218e-02
5.758873000741004944e-02
5.507831647992134094e-02
5.651898309588432312e-02
5.570074543356895447e-02
6.068261712789535522e-02
5.450297147035598755e-02
5.004041641950607300e-02
5.486752837896347046e-02
5.845797806978225708e-02
5.461461469531059265e-02
5.737522616982460022e-02
5.579355359077453613e-02
5.822990834712982178e-02
5.245764553546905518e-02
6.000275537371635437e-02
5.824102833867073059e-02
5.435644462704658508e-02
5.085954442620277405e-02
5.924148857593536377e-02
6.695168465375900269e-02
6.402453780174255371e-02
5.312905088067054749e-02
6.627321988344192505e-02
6.816922128200531006e-02
5.223575979471206665e-02
6.308492273092269897e-02
6.189088895916938782e-02
5.897732079029083252e-02
6.206715852022171021e-02
5.362772196531295776e-02
6.561123579740524292e-02
6.020377576351165771e-02
5.380378291010856628e-02
5.669235810637474060e-02
5.538786947727203369e-02
5.946720018982887268e-02
7.068261504173278809e-02
5.409411340951919556e-02
6.172471120953559875e-02
5.592959746718406677e-02
6.160033494234085083e-02
6.005324795842170715e-02
5.524903908371925354e-02
5.476288869976997375e-02
5.536663904786109924e-02
6.285791844129562378e-02
6.100217252969741821e-02
5.710020288825035095e-02
5.080731585621833801e-02
5.714887008070945740e-02
5.517774075269699097e-02
5.689579993486404419e-02
5.367159843444824219e-02
5.759766697883605957e-02
5.500367283821105957e-02
5.552846565842628479e-02
5.277746543288230896e-02
6.291378289461135864e-02
5.746746435761451721e-02
5.815112590789794922e-02
6.261559575796127319e-02
5.834081768989562988e-02
5.705618485808372498e-02
5.696510523557662964e-02
5.562420561909675598e-02
6.545585393905639648e-02
5.524406582117080688e-02
6.095340102910995483e-02
5.794450640678405762e-02
5.780360847711563110e-02
5.636828765273094177e-02
5.834306031465530396e-02
5.140502750873565674e-02
5.785240605473518372e-02
5.353246629238128662e-02
5.308973789215087891e-02
5.424195155501365662e-02
5.224640294909477234e-02
5.300641804933547974e-02
5.111647024750709534e-02
5.282926931977272034e-02
6.116857752203941345e-02
5.457770451903343201e-02
4.883362725377082825e-02
5.473284423351287842e-02
5.910002812743186951e-02
5.795622617006301880e-02
5.244673788547515869e-02
5.652428045868873596e-02
6.342476606369018555e-02
5.846345797181129456e-02
5.968779325485229492e-02
5.500043928623199463e-02
5.975196883082389832e-02
5.837859213352203369e-02
5.887581035494804382e-02
5.437276139855384827e-02
4.793003946542739868e-02
4.895216971635818481e-02
5.223884806036949158e-02
6.099383905529975891e-02
6.597460061311721802e-02
6.736679375171661377e-02
6.465405970811843872e-02
5.314856767654418945e-02
5.795999243855476379e-02
6.056888401508331299e-02
5.288126692175865173e-02
5.681111291050910950e-02
5.974598601460456848e-02
5.773584172129631042e-02
5.800507590174674988e-02
5.111021175980567932e-02
5.972995981574058533e-02
6.639694422483444214e-02
5.393141135573387146e-02
6.031304970383644104e-02
5.783059448003768921e-02
5.664436519145965576e-02
6.163591146469116211e-02
5.428607389330863953e-02
5.766508728265762329e-02
5.855671316385269165e-02
5.621324479579925537e-02
5.257673561573028564e-02
5.167873948812484741e-02
5.343186110258102417e-02
5.625211074948310852e-02
5.811637639999389648e-02
5.848851799964904785e-02
5.839509889483451843e-02
6.104173511266708374e-02
6.134665012359619141e-02
5.425148829817771912e-02
6.389364600181579590e-02
5.477475374937057495e-02
5.582475662231445312e-02
5.631243810057640076e-02
5.772145465016365051e-02
5.296831205487251282e-02
5.502679198980331421e-02
6.165989115834236145e-02
4.549681022763252258e-02
5.599144473671913147e-02
5.748588219285011292e-02
6.200087815523147583e-02
5.639622360467910767e-02
5.823979526758193970e-02
6.584937125444412231e-02
5.500521883368492126e-02
6.066473573446273804e-02
6.004953384399414062e-02
6.045453622937202454e-02
4.983548447489738464e-02
5.212156847119331360e-02
5.709172040224075317e-02
5.669287592172622681e-02
6.135792657732963562e-02
4.962286353111267090e-02
6.499043107032775879e-02
5.754682794213294983e-02
6.192470714449882507e-02
5.277316644787788391e-02
6.223849579691886902e-02
6.078430265188217163e-02
6.318054348230361938e-02
5.038004368543624878e-02
6.207816675305366516e-02
5.944968387484550476e-02
6.420128047466278076e-02
5.808912590146064758e-02
4.374111443758010864e-02
6.630029529333114624e-02
5.747864767909049988e-02
5.515318736433982849e-02
6.238724291324615479e-02
5.408641323447227478e-02
5.469310656189918518e-02
5.015626922249794006e-02
5.240117013454437256e-02
5.767656862735748291e-02
6.535868346691131592e-02
5.660413950681686401e-02
5.972296372056007385e-02
6.462113559246063232e-02
5.371289700269699097e-02
5.445526540279388428e-02
5.829112231731414795e-02
6.072146818041801453e-02
5.790843814611434937e-02
6.637644022703170776e-02
5.361026525497436523e-02
5.777930840849876404e-02
5.314043909311294556e-02
5.509864911437034607e-02
5.207534506916999817e-02
5.991342663764953613e-02
6.341183930635452271e-02
5.199221894145011902e-02
5.359395965933799744e-02
5.900147184729576111e-02
5.998004227876663208e-02
6.319286674261093140e-02
6.607528030872344971e-02
5.669701099395751953e-02
6.310392916202545166e-02
6.032668426632881165e-02
6.072910875082015991e-02
6.709244847297668457e-02
5.140683054924011230e-02
5.529928579926490784e-02
5.164793133735656738e-02
5.561886355280876160e-02
5.263694748282432556e-02
5.327055230736732483e-02
6.275884807109832764e-02
5.090199783444404602e-02
5.824682116508483887e-02
5.421873182058334351e-02
5.306934937834739685e-02
5.751634016633033752e-02
5.408110842108726501e-02
5.995343998074531555e-02
5.627477914094924927e-02
5.758496001362800598e-02
5.734324827790260315e-02
5.702666565775871277e-02
6.446302682161331177e-02
6.362405419349670410e-02
5.973145738244056702e-02
5.161515623331069946e-02
5.516198650002479553e-02
5.661118403077125549e-02
4.823492839932441711e-02
4.968476668000221252e-02
6.023539975285530090e-02
6.301215291023254395e-02
5.249592289328575134e-02
6.045334786176681519e-02
6.452116370201110840e-02
5.953376367688179016e-02
5.361703783273696899e-02
5.416908115148544312e-02
