<system>Protocol: Active. Attitude: Sassy.</system>
1.414594147354364395e-02
1.389099098742008209e-02
1.359182689338922501e-02
1.381669007241725922e-02
1.373990252614021301e-02
1.374158542603254318e-02
1.381604745984077454e-02
1.355142239481210709e-02
1.377983670681715012e-02
1.373034995049238205e-02
1.361763756722211838e-02
1.389506459236145020e-02
1.386461593210697174e-02
1.389054022729396820e-02
1.351796742528676987e-02
1.382838841527700424e-02
1.419340912252664566e-02
1.369313523173332214e-02
1.380253117531538010e-02
1.353997364640235901e-02
1.371670048683881760e-02
1.367859821766614914e-02
1.404519472271203995e-02
1.414316892623901367e-02
1.351776067167520523e-02
1.386967021971940994e-02
1.392647996544837952e-02
1.364877540618181229e-02
1.385089103132486343e-02
1.385253947228193283e-02
1.268163416534662247e-02
1.396328210830688477e-02
1.357859652489423752e-02
1.406585332006216049e-02
1.345184165984392166e-02
9.661930613219738007e-03
1.373974699527025223e-02
1.367852091789245605e-02
1.386989746242761612e-02
1.402903161942958832e-02
1.365680899471044540e-02
1.397723332047462463e-02
1.376728061586618423e-02
1.400645449757575989e-02
1.379841286689043045e-02
1.376930251717567444e-02
1.415858790278434753e-02
1.229780912399291992e-02
1.407527644187211990e-02
1.376406941562891006e-02
1.393952406942844391e-02
1.409757230430841446e-02
1.404784247279167175e-02
1.349281705915927887e-02
1.371238194406032562e-02
1.379111409187316895e-02
1.402274612337350845e-02
1.379916630685329437e-02
1.406796183437108994e-02
1.371078286319971085e-02
1.388595346361398697e-02
1.382486615329980850e-02
1.377836521714925766e-02
1.380282919853925705e-02
1.364965643733739853e-02
1.349132694303989410e-02
1.365303713828325272e-02
1.378687657415866852e-02
1.412449777126312256e-02
1.357160136103630066e-02
1.383540872484445572e-02
1.092470064759254456e-02
1.387848332524299622e-02
1.375530380755662918e-02
1.408286392688751221e-02
1.393600739538669586e-02
1.382521633058786392e-02
1.369007863104343414e-02
1.403427030891180038e-02
1.148453354835510254e-02
1.375822629779577255e-02
1.355289015918970108e-02
1.380921248346567154e-02
1.363083999603986740e-02
1.361453533172607422e-02
1.382328849285840988e-02
1.398698333650827408e-02
1.409180089831352234e-02
1.368718780577182770e-02
1.372557878494262695e-02
1.392308995127677917e-02
1.365824975073337555e-02
1.388875022530555725e-02
1.358675956726074219e-02
1.373208779841661453e-02
1.394843682646751404e-02
1.404902338981628418e-02
1.375720463693141937e-02
1.370391342788934708e-02
1.338295545428991318e-02
1.385449431836605072e-02
1.376921776682138443e-02
1.376791391521692276e-02
1.360426936298608780e-02
1.389032322913408279e-02
1.358522102236747742e-02
1.360672991722822189e-02
1.386923994868993759e-02
1.358819287270307541e-02
1.369650382548570633e-02
1.394548453390598297e-02
1.374978944659233093e-02
1.383658125996589661e-02
1.360948290675878525e-02
1.353070698678493500e-02
1.391223724931478500e-02
1.407344732433557510e-02
1.381480786949396133e-02
1.401039399206638336e-02
1.399137731641530991e-02
1.366007328033447266e-02
1.377064548432826996e-02
1.415161695331335068e-02
1.397923752665519714e-02
1.365782693028450012e-02
1.386347971856594086e-02
1.398665271699428558e-02
1.402606721967458725e-02
1.368269324302673340e-02
1.396810077130794525e-02
1.429534796625375748e-02
1.374139171093702316e-02
1.368761342018842697e-02
1.392323616892099380e-02
1.375718787312507629e-02
1.391145307570695877e-02
1.360701117664575577e-02
1.399634871631860733e-02
1.364286243915557861e-02
1.412955485284328461e-02
1.379521843045949936e-02
1.360444352030754089e-02
1.398306805640459061e-02
1.380600593984127045e-02
1.378247141838073730e-02
1.365280989557504654e-02
1.347093190997838974e-02
1.323243416845798492e-02
1.396075729280710220e-02
1.382151339203119278e-02
1.255728211253881454e-02
1.375006046146154404e-02
1.396020408719778061e-02
1.398724317550659180e-02
1.382037997245788574e-02
1.376412902027368546e-02
1.362020615488290787e-02
1.399622019380331039e-02
1.351339835673570633e-02
1.364735420793294907e-02
1.377400755882263184e-02
1.372377853840589523e-02
1.386207900941371918e-02
1.385274808853864670e-02
1.395178120583295822e-02
1.391429360955953598e-02
1.345185842365026474e-02
1.368334982544183731e-02
1.391816977411508560e-02
1.397795323282480240e-02
1.363759115338325500e-02
1.387829426676034927e-02
1.371860131621360779e-02
1.375428400933742523e-02
1.376658678054809570e-02
1.368475239723920822e-02
1.345490291714668274e-02
1.383405365049839020e-02
1.387071330100297928e-02
1.355981733649969101e-02
1.384511683136224747e-02
1.420781295746564865e-02
1.396362576633691788e-02
1.392097771167755127e-02
1.215596776455640793e-02
1.374542992562055588e-02
1.382141746580600739e-02
1.400007028132677078e-02
1.367155555635690689e-02
1.324579119682312012e-02
1.393047627061605453e-02
1.362990494817495346e-02
1.363517250865697861e-02
1.362493913620710373e-02
1.368380431085824966e-02
1.370558701455593109e-02
1.387989148497581482e-02
1.347791869193315506e-02
1.345591619610786438e-02
1.378992293030023575e-02
1.378356758505105972e-02
1.371408067643642426e-02
1.368893031030893326e-02
1.350565161556005478e-02
1.412594038993120193e-02
1.379108987748622894e-02
1.387909706681966782e-02
1.409584190696477890e-02
1.372359320521354675e-02
1.383357122540473938e-02
1.385558489710092545e-02
1.362405437976121902e-02
1.355429925024509430e-02
1.378389820456504822e-02
1.360222697257995605e-02
1.408847887068986893e-02
1.391470432281494141e-02
1.371663436293601990e-02
1.377281825989484787e-02
1.322892867028713226e-02
1.236750278621912003e-02
1.337741967290639877e-02
1.377601083368062973e-02
9.565887041389942169e-03
1.366428751498460770e-02
1.363356318324804306e-02
1.393857877701520920e-02
1.359045784920454025e-02
1.360180042684078217e-02
1.362879946827888489e-02
1.393006090074777603e-02
1.296772435307502747e-02
1.403676625341176987e-02
1.382501050829887390e-02
1.360035780817270279e-02
1.378872711211442947e-02
1.389579568058252335e-02
1.399593893438577652e-02
1.346724666655063629e-02
1.354830525815486908e-02
1.360606029629707336e-02
1.421336736530065536e-02
1.406283583492040634e-02
1.365481037646532059e-02
1.365936454385519028e-02
1.366851851344108582e-02
1.368410512804985046e-02
1.385680958628654480e-02
1.394843216985464096e-02
1.406548824161291122e-02
1.375798508524894714e-02
1.364423707127571106e-02
1.384845376014709473e-02
1.392300520092248917e-02
1.368899736553430557e-02
1.390158478170633316e-02
1.372911687940359116e-02
1.386044546961784363e-02
1.375733409076929092e-02
1.390325743705034256e-02
1.410752441734075546e-02
1.392772886902093887e-02
1.378325000405311584e-02
1.416930928826332092e-02
1.360431034117937088e-02
1.392101682722568512e-02
1.368973497301340103e-02
1.377784367650747299e-02
1.408831682056188583e-02
1.384928822517395020e-02
1.403864100575447083e-02
1.391898188740015030e-02
1.363307610154151917e-02
1.385655626654624939e-02
1.438328716903924942e-02
8.223128505051136017e-03
1.400766335427761078e-02
1.387304626405239105e-02
1.397015154361724854e-02
1.345678791403770447e-02
1.365208346396684647e-02
1.392576098442077637e-02
1.351996045559644699e-02
1.408836245536804199e-02
1.384664978832006454e-02
1.364574208855628967e-02
1.355189085006713867e-02
1.357986964285373688e-02
1.367820240557193756e-02
1.375337876379489899e-02
1.297065336257219315e-02
1.352464593946933746e-02
1.344683766365051270e-02
1.380451023578643799e-02
1.206024363636970520e-02
1.379315648227930069e-02
1.382140442728996277e-02
1.299485284835100174e-02
1.394356135278940201e-02
1.366791687905788422e-02
1.386143174022436142e-02
1.368546579033136368e-02
1.394891738891601562e-02
1.409615203738212585e-02
1.385561563074588776e-02
1.401146035641431808e-02
1.357214152812957764e-02
1.368443295359611511e-02
1.392538473010063171e-02
1.389740314334630966e-02
1.374690327793359756e-02
1.413426361978054047e-02
1.352181658148765564e-02
1.423858758062124252e-02
1.354424003511667252e-02
1.381736714392900467e-02
1.388136390596628189e-02
1.376628503203392029e-02
1.362924929708242416e-02
1.345595344901084900e-02
1.399207673966884613e-02
1.411549840122461319e-02
1.356656476855278015e-02
1.375606004148721695e-02
1.379558537155389786e-02
1.364202890545129776e-02
1.359812263399362564e-02
1.370082888752222061e-02
1.378809288144111633e-02
1.380266156047582626e-02
1.398612651973962784e-02
1.387591380625963211e-02
1.398470997810363770e-02
1.357882656157016754e-02
1.380981504917144775e-02
1.371527276933193207e-02
1.378998998552560806e-02
1.383956149220466614e-02
1.370467338711023331e-02
1.374749466776847839e-02
1.385620515793561935e-02
1.349481940269470215e-02
1.374280732125043869e-02
1.388152223080396652e-02
1.281069125980138779e-02
1.357193384319543839e-02
1.391458511352539062e-02
1.366194803267717361e-02
1.378097012639045715e-02
1.400176249444484711e-02
1.361628156155347824e-02
1.400933042168617249e-02
1.389482337981462479e-02
1.362490653991699219e-02
1.415432151407003403e-02
1.384289935231208801e-02
1.370385196059942245e-02
1.373346522450447083e-02
1.375179365277290344e-02
1.378615107387304306e-02
1.374785974621772766e-02
1.363782957196235657e-02
1.386879663914442062e-02
1.382369734346866608e-02
1.384658180177211761e-02
1.408570073544979095e-02
1.365066505968570709e-02
1.374031603336334229e-02
1.388533506542444229e-02
1.352350320667028427e-02
1.408945675939321518e-02
1.382982730865478516e-02
1.376554090529680252e-02
1.376774627715349197e-02
1.354154944419860840e-02
1.396019663661718369e-02
1.380395051091909409e-02
1.366897299885749817e-02
1.257122401148080826e-02
1.401592884212732315e-02
9.689125232398509979e-03
1.399114355444908142e-02
1.385240908712148666e-02
1.393070165067911148e-02
1.386338472366333008e-02
1.377564668655395508e-02
1.418666448444128036e-02
1.087418850511312485e-02
1.379966456443071365e-02
1.357546821236610413e-02
1.376270130276679993e-02
1.384111680090427399e-02
1.365297194570302963e-02
1.372894644737243652e-02
1.377212628722190857e-02
1.394817791879177094e-02
1.385519560426473618e-02
1.368647161871194839e-02
1.374536100775003433e-02
1.391324121505022049e-02
1.354511454701423645e-02
1.402432844042778015e-02
1.404970604926347733e-02
1.402697060257196426e-02
1.388961728662252426e-02
1.377229671925306320e-02
1.384036336094141006e-02
1.383979991078376770e-02
1.389188505709171295e-02
1.334724668413400650e-02
1.384284254163503647e-02
3.139021247625350952e-02
1.387572661042213440e-02
1.204947195947170258e-02
1.392348390072584152e-02
1.364662125706672668e-02
1.383515540510416031e-02
1.364159490913152695e-02
1.353762764483690262e-02
1.315259654074907303e-02
1.395966112613677979e-02
1.404723804444074631e-02
1.374255772680044174e-02
1.410060282796621323e-02
1.090786419808864594e-02
1.336760725826025009e-02
1.092154998332262039e-02
1.384694967418909073e-02
1.375440601259469986e-02
1.288806274533271790e-02
1.379577163606882095e-02
1.385974511504173279e-02
1.381663698703050613e-02
1.384783349931240082e-02
1.374165993183851242e-02
1.375978626310825348e-02
1.378744281828403473e-02
1.385237369686365128e-02
1.131585612893104553e-02
1.381537318229675293e-02
1.357303187251091003e-02
1.398487668484449387e-02
1.355717144906520844e-02
1.416724082082509995e-02
9.558733552694320679e-03
9.824987500905990601e-03
1.394217275083065033e-02
1.388724241405725479e-02
1.332157012075185776e-02
1.369023323059082031e-02
1.384952105581760406e-02
1.345922704786062241e-02
1.365399733185768127e-02
1.420230511575937271e-02
1.368406973779201508e-02
1.392246689647436142e-02
1.344886049628257751e-02
1.319444738328456879e-02
1.353482250124216080e-02
1.398688927292823792e-02
1.387374103069305420e-02
1.385926641523838043e-02
1.350705418735742569e-02
1.058479212224483490e-02
1.363852247595787048e-02
1.424250379204750061e-02
1.227395609021186829e-02
1.370375789701938629e-02
1.405046507716178894e-02
1.111752446740865707e-02
1.374141220003366470e-02
1.406336668878793716e-02
1.399347186088562012e-02
1.378486678004264832e-02
1.403744611889123917e-02
1.372413430362939835e-02
1.370283123105764389e-02
1.138628181070089340e-02
1.383127365261316299e-02
1.375951524823904037e-02
1.413947250694036484e-02
1.368691399693489075e-02
1.363634783774614334e-02
1.407275442034006119e-02
1.374050602316856384e-02
1.394149940460920334e-02
8.687281981110572815e-03
1.354817673563957214e-02
1.382521074265241623e-02
1.213702559471130371e-02
1.359741017222404480e-02
1.384431496262550354e-02
1.395701803267002106e-02
1.382200513035058975e-02
1.377046946436166763e-02
1.369081810116767883e-02
1.420832797884941101e-02
1.390920206904411316e-02
1.383193768560886383e-02
1.374601479619741440e-02
1.367368455976247787e-02
9.770154953002929688e-03
1.429708395153284073e-02
1.383216120302677155e-02
1.375093683600425720e-02
1.417989656329154968e-02
1.353131886571645737e-02
1.378213521093130112e-02
1.379565987735986710e-02
1.375952269881963730e-02
1.392792444676160812e-02
1.402999833226203918e-02
7.313288282603025436e-03
1.331959385424852371e-02
1.358937378972768784e-02
1.415148377418518066e-02
1.379366870969533920e-02
1.369217038154602051e-02
1.385088171809911728e-02
1.380377449095249176e-02
1.399239059537649155e-02
1.307826675474643707e-02
1.396091375499963760e-02
1.357008609920740128e-02
1.374294236302375793e-02
1.088004093617200851e-02
1.378681696951389313e-02
1.393052935600280762e-02
1.369673386216163635e-02
1.390612497925758362e-02
1.351789478212594986e-02
1.383970770984888077e-02
1.379736606031656265e-02
1.373080350458621979e-02
1.369915623217821121e-02
1.388942543417215347e-02
1.365707907825708389e-02
1.381250005215406418e-02
1.406456902623176575e-02
1.361406687647104263e-02
1.389577984809875488e-02
1.433057710528373718e-02
1.385031919926404953e-02
1.388420164585113525e-02
1.366908010095357895e-02
1.363543048501014709e-02
1.369178015738725662e-02
1.397483423352241516e-02
1.377627626061439514e-02
1.399976946413516998e-02
1.374495588243007660e-02
1.388380769640207291e-02
1.386412419378757477e-02
1.403114758431911469e-02
1.394318975508213043e-02
1.403756439685821533e-02
1.397939585149288177e-02
1.360945310443639755e-02
1.383686065673828125e-02
1.352453138679265976e-02
1.380583923310041428e-02
1.375479344278573990e-02
1.390701252967119217e-02
1.382272597402334213e-02
1.397576648741960526e-02
1.390116289258003235e-02
1.368013024330139160e-02
1.402257941663265228e-02
1.407236140221357346e-02
1.396230701357126236e-02
1.382841821759939194e-02
1.375138852745294571e-02
1.326971407979726791e-02
1.393066346645355225e-02
1.387875434011220932e-02
1.397093851119279861e-02
1.363955531269311905e-02
1.391093060374259949e-02
1.386248134076595306e-02
1.358728483319282532e-02
1.371747907251119614e-02
1.385999284684658051e-02
1.355351135134696960e-02
1.378280762583017349e-02
1.368317659944295883e-02
1.378293428570032120e-02
1.361521519720554352e-02
1.363732479512691498e-02
1.360736414790153503e-02
1.391953509300947189e-02
1.390917878597974777e-02
1.379753090441226959e-02
1.375140249729156494e-02
1.361127756536006927e-02
1.386209204792976379e-02
1.358081307262182236e-02
1.394225005060434341e-02
1.378967147320508957e-02
1.354838907718658447e-02
1.381480973213911057e-02
1.370112039148807526e-02
1.405975222587585449e-02
1.398266758769750595e-02
1.382310129702091217e-02
1.399022899568080902e-02
1.373088918626308441e-02
1.384917553514242172e-02
1.358810067176818848e-02
1.381675992161035538e-02
1.383190229535102844e-02
1.359589491039514542e-02
1.410733256489038467e-02
1.392694190144538879e-02
1.377628091722726822e-02
1.398208364844322205e-02
1.407653931528329849e-02
1.430157106369733810e-02
1.367625314742326736e-02
1.338130142539739609e-02
1.371200475841760635e-02
1.386581920087337494e-02
1.369689032435417175e-02
1.368950679898262024e-02
1.346608158200979233e-02
1.175815425813198090e-02
1.397640630602836609e-02
1.322567742317914963e-02
1.391898468136787415e-02
1.405613962560892105e-02
1.346141938120126724e-02
1.343373954296112061e-02
1.378627214580774307e-02
1.407324615865945816e-02
1.355901919305324554e-02
1.386521104723215103e-02
1.391844823956489563e-02
1.398036535829305649e-02
1.390081550925970078e-02
1.375295594334602356e-02
1.377829909324645996e-02
1.378991920500993729e-02
1.393612287938594818e-02
1.384664513170719147e-02
1.324510294944047928e-02
1.361022517085075378e-02
1.283546444028615952e-02
1.414960063993930817e-02
1.367717422544956207e-02
1.387081108987331390e-02
1.379812415689229965e-02
1.388621889054775238e-02
1.291298307478427887e-02
1.340633723884820938e-02
1.372934784740209579e-02
1.385773066431283951e-02
1.390878763049840927e-02
1.400113664567470551e-02
1.380591001361608505e-02
1.382532715797424316e-02
1.359121501445770264e-02
1.364487968385219574e-02
1.083312090486288071e-02
1.378454174846410751e-02
1.027841120958328247e-02
1.390188559889793396e-02
1.359616871923208237e-02
1.372507493942975998e-02
1.391932647675275803e-02
7.420770823955535889e-03
1.187607366591691971e-02
1.355649437755346298e-02
1.368185598403215408e-02
1.386132836341857910e-02
1.384654641151428223e-02
1.336471177637577057e-02
1.381315384060144424e-02
1.385350152850151062e-02
1.372252777218818665e-02
1.382833160459995270e-02
1.400007214397192001e-02
1.393254660069942474e-02
1.413729786872863770e-02
1.374463830143213272e-02
1.319805439561605453e-02
1.369882561266422272e-02
1.408040802925825119e-02
1.361139211803674698e-02
8.542191237211227417e-03
1.366850826889276505e-02
1.396688725799322128e-02
1.380162034183740616e-02
1.401610020548105240e-02
1.396705303341150284e-02
1.352650485932826996e-02
1.385268289595842361e-02
1.357798278331756592e-02
1.405108906328678131e-02
1.373609248548746109e-02
1.374272443354129791e-02
1.391517743468284607e-02
1.364210527390241623e-02
1.404370367527008057e-02
1.327457465231418610e-02
1.343062240630388260e-02
1.382347382605075836e-02
1.372728589922189713e-02
1.376352272927761078e-02
1.398648973554372787e-02
1.003966014832258224e-02
1.087629422545433044e-02
1.387536432594060898e-02
1.350467558950185776e-02
1.361321564763784409e-02
1.384923420846462250e-02
1.393268350511789322e-02
1.378352846950292587e-02
1.355413999408483505e-02
1.398867927491664886e-02
1.370259001851081848e-02
1.380900107324123383e-02
1.398638729006052017e-02
1.354115642607212067e-02
1.394195575267076492e-02
1.381866075098514557e-02
1.376600190997123718e-02
1.351138111203908920e-02
1.384461205452680588e-02
1.409234479069709778e-02
1.356671378016471863e-02
1.365312654525041580e-02
1.384653802961111069e-02
1.400936208665370941e-02
1.385539490729570389e-02
1.388131175190210342e-02
1.364095136523246765e-02
1.026032026857137680e-02
1.406191941350698471e-02
1.373847201466560364e-02
1.015998516231775284e-02
1.393722835928201675e-02
1.385493203997612000e-02
1.382640562951564789e-02
1.374986488372087479e-02
1.395709812641143799e-02
1.188747677952051163e-02
1.355078257620334625e-02
1.341817155480384827e-02
1.397672574967145920e-02
1.379192993044853210e-02
1.231964863836765289e-02
1.344907283782958984e-02
1.391506474465131760e-02
1.380836591124534607e-02
1.316737849265336990e-02
1.370667573064565659e-02
1.417064014822244644e-02
1.159993652254343033e-02
1.398934796452522278e-02
1.222816016525030136e-02
1.392456330358982086e-02
1.355949137359857559e-02
1.391719654202461243e-02
1.389337703585624695e-02
1.378394290804862976e-02
1.293174829334020615e-02
1.385270990431308746e-02
1.343054696917533875e-02
1.387419179081916809e-02
1.393310073763132095e-02
1.381297316402196884e-02
1.398791279643774033e-02
1.363227330148220062e-02
1.322360057383775711e-02
1.423740107566118240e-02
1.107148732990026474e-02
1.403433922678232193e-02
1.402234192937612534e-02
1.404656749218702316e-02
1.294242218136787415e-02
1.356053631752729416e-02
1.389999780803918839e-02
1.364031434059143066e-02
1.392340287566184998e-02
1.366773527115583420e-02
1.363030169159173965e-02
1.395895704627037048e-02
1.382289920002222061e-02
1.387960929423570633e-02
1.404543127864599228e-02
1.320073287934064865e-02
1.382549759000539780e-02
1.398772839456796646e-02
1.370452623814344406e-02
1.380839664489030838e-02
1.408355310559272766e-02
1.405981462448835373e-02
1.252801064401865005e-02
1.374400220811367035e-02
1.377842668443918228e-02
1.371353864669799805e-02
1.384600345045328140e-02
1.385472342371940613e-02
1.404137816280126572e-02
1.394680701196193695e-02
1.382003352046012878e-02
1.396020967513322830e-02
1.341157872229814529e-02
1.358302775770425797e-02
1.391412969678640366e-02
1.381226256489753723e-02
1.346684712916612625e-02
1.364887319505214691e-02
1.396432518959045410e-02
1.385621074587106705e-02
1.367933116853237152e-02
1.380545459687709808e-02
1.355332974344491959e-02
1.393827795982360840e-02
1.351872924715280533e-02
1.393627841025590897e-02
1.393502391874790192e-02
1.100821793079376221e-02
1.385075133293867111e-02
1.364472787827253342e-02
1.363322045654058456e-02
1.391937490552663803e-02
1.370653789490461349e-02
1.397330965846776962e-02
1.398414094001054764e-02
1.354126725345849991e-02
1.386536750942468643e-02
1.373455300927162170e-02
1.360507681965827942e-02
1.361099816858768463e-02
7.446992211043834686e-03
1.385476905852556229e-02
1.361142098903656006e-02
1.371174212545156479e-02
1.403240952640771866e-02
1.361011527478694916e-02
1.385372597724199295e-02
1.380668487399816513e-02
1.383136864751577377e-02
1.157751958817243576e-02
1.389197167009115219e-02
1.340601965785026550e-02
1.385065354406833649e-02
1.351755857467651367e-02
1.371805928647518158e-02
1.395465340465307236e-02
1.355478260666131973e-02
1.385319512337446213e-02
1.376759912818670273e-02
1.386214885860681534e-02
1.381220575422048569e-02
1.396212261170148849e-02
1.380303222686052322e-02
1.412986312061548233e-02
1.377023756504058838e-02
1.357629057019948959e-02
1.414264179766178131e-02
1.368342991918325424e-02
1.393057033419609070e-02
1.406301185488700867e-02
1.334108039736747742e-02
1.336111221462488174e-02
1.365958247333765030e-02
1.377714518457651138e-02
1.372876763343811035e-02
1.364231947809457779e-02
1.390739995986223221e-02
1.385357417166233063e-02
1.384096685796976089e-02
1.404320914298295975e-02
1.389366108924150467e-02
1.337096653878688812e-02
1.393667422235012054e-02
1.386244874447584152e-02
1.391871552914381027e-02
1.387686375528573990e-02
1.385112665593624115e-02
1.385133527219295502e-02
1.385553833097219467e-02
1.388982217758893967e-02
1.054407097399234772e-02
1.361257676035165787e-02
1.394180022180080414e-02
1.411251816898584366e-02
1.371464692056179047e-02
1.365442015230655670e-02
1.240304671227931976e-02
1.387518923729658127e-02
1.402650680392980576e-02
1.389481034129858017e-02
1.361835282295942307e-02
1.353425905108451843e-02
1.400604005903005600e-02
1.368256472051143646e-02
1.405911426991224289e-02
1.405153237283229828e-02
1.379886642098426819e-02
1.389700453728437424e-02
1.392934285104274750e-02
1.368583366274833679e-02
1.390850264579057693e-02
1.349509600549936295e-02
1.381801161915063858e-02
1.399265788495540619e-02
1.293951552361249924e-02
1.378206908702850342e-02
1.397059950977563858e-02
1.354015711694955826e-02
1.414166018366813660e-02
1.397362630814313889e-02
1.370066497474908829e-02
1.377758476883172989e-02
1.402372494339942932e-02
1.397502701729536057e-02
9.282627142965793610e-03
1.396132353693246841e-02
1.351994834840297699e-02
1.374144200235605240e-02
1.358209177851676941e-02
1.392635423690080643e-02
1.380499359220266342e-02
1.377380453050136566e-02
1.393623650074005127e-02
1.357658300548791885e-02
7.969362661242485046e-03
1.402118522673845291e-02
1.377411093562841415e-02
1.356138940900564194e-02
1.390204951167106628e-02
1.384450588375329971e-02
1.379564125090837479e-02
1.406657695770263672e-02
1.375404838472604752e-02
1.350987609475851059e-02
1.384662184864282608e-02
1.386879291385412216e-02
1.392358820885419846e-02
1.380245480686426163e-02
1.154441758990287781e-02
1.341473497450351715e-02
1.375259086489677429e-02
1.384501811116933823e-02
1.406396552920341492e-02
1.247515063732862473e-02
1.358504965901374817e-02
1.389265619218349457e-02
1.377647835761308670e-02
1.340549066662788391e-02
1.393936667591333389e-02
1.122010871767997742e-02
1.367301121354103088e-02
1.302134897559881210e-02
1.374558173120021820e-02
1.388684846460819244e-02
1.376147661358118057e-02
1.363006886094808578e-02
1.390650868415832520e-02
1.377184782177209854e-02
1.338471379131078720e-02
1.394108030945062637e-02
1.388993021100759506e-02
1.380887906998395920e-02
1.356859598308801651e-02
1.364971697330474854e-02
1.367794070392847061e-02
1.379080768674612045e-02
1.408157590776681900e-02
1.415552850812673569e-02
1.383754890412092209e-02
1.363859977573156357e-02
1.357164978981018066e-02
1.379765290766954422e-02
1.390552520751953125e-02
1.364207547158002853e-02
1.394245959818363190e-02
1.365384552627801895e-02
1.384309865534305573e-02
1.408679224550724030e-02
1.377044990658760071e-02
1.345037575811147690e-02
1.380680408328771591e-02
1.375971827656030655e-02
1.403903961181640625e-02
1.376666221767663956e-02
1.378990337252616882e-02
1.374194025993347168e-02
1.370545104146003723e-02
1.330871973186731339e-02
1.362196821719408035e-02
1.368505600839853287e-02
1.362996175885200500e-02
1.365319266915321350e-02
1.369699276983737946e-02
1.372930686920881271e-02
1.396560296416282654e-02
1.394136250019073486e-02
1.381128188222646713e-02
1.369469147175550461e-02
1.249106228351593018e-02
1.374388299882411957e-02
1.398593746125698090e-02
1.347613614052534103e-02
1.384202763438224792e-02
1.380462665110826492e-02
1.388876792043447495e-02
1.417123712599277496e-02
1.397067867219448090e-02
1.392348017543554306e-02
1.390955969691276550e-02
1.400944683700799942e-02
1.389819383621215820e-02
1.404892560094594955e-02
1.372305117547512054e-02
1.372700091451406479e-02
1.354459207504987717e-02
1.399672590196132660e-02
1.417086739093065262e-02
1.373841706663370132e-02
1.397934835404157639e-02
1.286030188202857971e-02
1.372718531638383865e-02
1.395082473754882812e-02
1.382187847048044205e-02
1.373997982591390610e-02
1.371013186872005463e-02
1.378130353987216949e-02
1.370091363787651062e-02
1.348970457911491394e-02
1.369257178157567978e-02
1.366568449884653091e-02
1.411892566829919815e-02
1.372780278325080872e-02
1.377210859209299088e-02
1.349280867725610733e-02
1.366619672626256943e-02
1.387777645140886307e-02
1.397766545414924622e-02
1.398928463459014893e-02
1.364762987941503525e-02
1.373864803463220596e-02
7.901281118392944336e-03
1.381828542798757553e-02
1.366657856851816177e-02
1.383214350789785385e-02
1.407575979828834534e-02
1.325271930545568466e-02
1.379450596868991852e-02
1.369061693549156189e-02
1.386548578739166260e-02
1.046501751989126205e-02
1.422667875885963440e-02
1.385825872421264648e-02
1.391714904457330704e-02
1.391930226236581802e-02
1.368415355682373047e-02
1.381063833832740784e-02
1.391823682934045792e-02
1.385375857353210449e-02
1.392573025077581406e-02
1.023129839450120926e-02
1.381016336381435394e-02
1.379166636615991592e-02
1.395980920642614365e-02
1.376865524798631668e-02
1.325724367052316666e-02
1.388059183955192566e-02
1.261708419770002365e-02
1.347322762012481689e-02
7.028502412140369415e-03
1.295105554163455963e-02
1.365211512893438339e-02
1.358940917998552322e-02
1.384255290031433105e-02
1.377573702484369278e-02
1.367332134395837784e-02
1.376642566174268723e-02
1.373549178242683411e-02
1.386331394314765930e-02
1.390452682971954346e-02
1.369229797273874283e-02
1.400691829621791840e-02
1.358436979353427887e-02
1.240540482103824615e-02
1.381218433380126953e-02
1.407245080918073654e-02
1.387921255081892014e-02
1.396281365305185318e-02
1.426151674240827560e-02
1.392908953130245209e-02
1.389923319220542908e-02
1.386687997728586197e-02
1.396274939179420471e-02
1.412399206310510635e-02
1.410095952451229095e-02
1.398116629570722580e-02
1.361324265599250793e-02
1.372503396123647690e-02
1.367334369570016861e-02
1.316696684807538986e-02
1.394815836101770401e-02
1.386511418968439102e-02
1.355583034455776215e-02
1.364070177078247070e-02
1.375137642025947571e-02
1.384490728378295898e-02
1.379298232495784760e-02
8.668031543493270874e-03
1.419895980507135391e-02
1.405388675630092621e-02
1.370843127369880676e-02
1.377018168568611145e-02
1.342132315039634705e-02
1.387354824692010880e-02
1.364655420184135437e-02
1.368159055709838867e-02
1.158824004232883453e-02
1.372485514730215073e-02
1.369574945420026779e-02
1.356344576925039291e-02
1.395928207784891129e-02
1.403133943676948547e-02
1.369279343634843826e-02
1.402162387967109680e-02
1.372644584625959396e-02
1.414593495428562164e-02
1.370353903621435165e-02
1.375398039817810059e-02
1.386426016688346863e-02
1.357899978756904602e-02
1.347273308783769608e-02
1.393947936594486237e-02
1.391255017369985580e-02
1.356105133891105652e-02
1.395709160715341568e-02
1.410570088773965836e-02
1.389978732913732529e-02
1.402672287076711655e-02
1.376286055892705917e-02
1.419224776327610016e-02
1.367112994194030762e-02
1.397136785089969635e-02
1.367259863764047623e-02
1.306245103478431702e-02
1.385684963315725327e-02
1.365389209240674973e-02
1.383356750011444092e-02
1.367937680333852768e-02
1.397453155368566513e-02
1.377896312624216080e-02
1.379864290356636047e-02
1.379904989153146744e-02
1.386841014027595520e-02
1.354462746530771255e-02
1.402893941849470139e-02
1.384691614657640457e-02
1.355192065238952637e-02
1.365107018500566483e-02
1.404874678701162338e-02
1.398779172450304031e-02
1.385353598743677139e-02
1.371303200721740723e-02
1.380492374300956726e-02
1.249001827090978622e-02
1.363893970847129822e-02
1.392976008355617523e-02
1.384822651743888855e-02
1.396445650607347488e-02
1.404278911650180817e-02
1.376352924853563309e-02
1.385283470153808594e-02
1.371050253510475159e-02
1.404123008251190186e-02
1.406484004110097885e-02
1.366179063916206360e-02
1.337464712560176849e-02
1.395616494119167328e-02
1.389407552778720856e-02
1.393526699393987656e-02
1.369894202798604965e-02
1.380944252014160156e-02
1.391832157969474792e-02
1.339656487107276917e-02
1.391268149018287659e-02
1.365684624761343002e-02
1.362381782382726669e-02
1.380908489227294922e-02
1.376096252351999283e-02
1.217617187649011612e-02
1.404159422963857651e-02
1.396645978093147278e-02
1.336819212883710861e-02
1.358756050467491150e-02
1.369517482817173004e-02
1.377031765878200531e-02
1.360149402171373367e-02
1.131509616971015930e-02
1.403161231428384781e-02
1.388366892933845520e-02
1.372871454805135727e-02
1.348668057471513748e-02
1.414383854717016220e-02
1.391009334474802017e-02
1.364265754818916321e-02
1.406711898744106293e-02
1.362775266170501709e-02
1.391091011464595795e-02
1.390194892883300781e-02
1.389163732528686523e-02
1.352540776133537292e-02
1.402384694665670395e-02
1.373796258121728897e-02
1.352944690734148026e-02
1.390168443322181702e-02
1.381312683224678040e-02
1.393266674131155014e-02
9.538403712213039398e-03
1.348726358264684677e-02
1.380087435245513916e-02
1.392604410648345947e-02
1.354705728590488434e-02
1.387198921293020248e-02
1.400199532508850098e-02
1.352200191468000412e-02
1.366330776363611221e-02
1.376501563936471939e-02
1.392595190554857254e-02
1.380264759063720703e-02
1.391335204243659973e-02
1.382564567029476166e-02
1.393154915422201157e-02
1.404371764510869980e-02
1.378390751779079437e-02
1.392118539661169052e-02
1.403395831584930420e-02
1.384921744465827942e-02
1.354505494236946106e-02
1.390019990503787994e-02
1.386257167905569077e-02
1.383228506892919540e-02
1.395990047603845596e-02
1.374206505715847015e-02
1.365606114268302917e-02
1.396887004375457764e-02
1.350409071892499924e-02
1.353343203663825989e-02
1.362026017159223557e-02
1.378163415938615799e-02
1.361758634448051453e-02
1.372169796377420425e-02
1.383893564343452454e-02
1.087989658117294312e-02
1.361362542957067490e-02
1.405749283730983734e-02
1.301815826445817947e-02
1.397980842739343643e-02
1.370783522725105286e-02
1.376545149832963943e-02
1.385735254734754562e-02
1.363823097199201584e-02
1.370830275118350983e-02
1.400707941502332687e-02
1.381325814872980118e-02
1.372373104095458984e-02
1.343648787587881088e-02
1.363374665379524231e-02
1.405645813792943954e-02
1.387695595622062683e-02
1.361086685210466385e-02
1.386164128780364990e-02
1.374421920627355576e-02
1.362414006143808365e-02
9.707670658826828003e-03
1.369811221957206726e-02
1.336399093270301819e-02
1.162181142717599869e-02
1.370744407176971436e-02
1.417122408747673035e-02
1.399689819663763046e-02
1.367951836436986923e-02
1.377436891198158264e-02
1.349567528814077377e-02
1.357580069452524185e-02
1.374760270118713379e-02
1.390006486326456070e-02
1.366259530186653137e-02
1.397072337567806244e-02
1.302171312272548676e-02
1.363182626664638519e-02
1.362771727144718170e-02
1.391294319182634354e-02
1.379569806158542633e-02
1.395169179886579514e-02
1.370547432452440262e-02
1.350853126496076584e-02
1.366856321692466736e-02
1.396288350224494934e-02
1.399333775043487549e-02
1.426970865577459335e-02
1.380519662052392960e-02
1.397779211401939392e-02
9.670726023614406586e-03
1.353382691740989685e-02
1.391964498907327652e-02
1.376243587583303452e-02
6.467075552791357040e-03
1.340609509497880936e-02
1.420381292700767517e-02
1.361783407628536224e-02
1.386586669832468033e-02
1.368066389113664627e-02
1.367872953414916992e-02
1.375841815024614334e-02
1.357010658830404282e-02
1.385569013655185699e-02
1.331465505063533783e-02
1.358051225543022156e-02
1.363885309547185898e-02
1.355725806206464767e-02
1.360991317778825760e-02
1.392193976789712906e-02
1.397234294563531876e-02
1.384329888969659805e-02
1.285731419920921326e-02
1.392506435513496399e-02
1.355706714093685150e-02
7.771614007651805878e-03
1.374907884746789932e-02
1.393494382500648499e-02
1.374688465148210526e-02
1.379804685711860657e-02
1.394400093704462051e-02
1.349102612584829330e-02
1.382607221603393555e-02
1.405275426805019379e-02
1.379726454615592957e-02
1.387240830808877945e-02
1.369377132505178452e-02
1.376690343022346497e-02
1.389608159661293030e-02
1.393527071923017502e-02
1.371217332780361176e-02
1.392845157533884048e-02
9.261158294975757599e-03
1.393094565719366074e-02
1.371758338063955307e-02
1.375272870063781738e-02
1.393736246973276138e-02
1.360624656081199646e-02
1.353342179208993912e-02
1.388807035982608795e-02
1.360975857824087143e-02
1.375644560903310776e-02
1.378605607897043228e-02
1.404704805463552475e-02
1.189857721328735352e-02
1.389115210622549057e-02
1.400806102901697159e-02
1.381840463727712631e-02
1.352056302130222321e-02
1.356991007924079895e-02
1.376390736550092697e-02
1.348788943141698837e-02
1.392041798681020737e-02
1.363581512123346329e-02
1.386148016899824142e-02
1.381394267082214355e-02
1.364372577518224716e-02
1.388411317020654678e-02
1.389317214488983154e-02
1.353653427213430405e-02
1.399410981684923172e-02
1.420817337930202484e-02
1.377715263515710831e-02
1.380134746432304382e-02
1.337497029453516006e-02
1.402093470096588135e-02
1.399165391921997070e-02
1.391493063420057297e-02
1.426428277045488358e-02
1.389645133167505264e-02
1.358328666538000107e-02
1.391160488128662109e-02
1.395433302968740463e-02
1.394948083907365799e-02
1.371746975928544998e-02
1.395911257714033127e-02
1.389274373650550842e-02
1.366405747830867767e-02
1.425156276673078537e-02
1.372190658003091812e-02
1.376458443701267242e-02
1.390804443508386612e-02
1.383946184068918228e-02
1.395474653691053391e-02
1.391721703112125397e-02
1.354233827441930771e-02
1.373805478215217590e-02
1.381174568086862564e-02
1.377701759338378906e-02
1.389967743307352066e-02
1.353468652814626694e-02
1.373027916997671127e-02
1.350504998117685318e-02
1.400171127170324326e-02
1.423808932304382324e-02
1.382546499371528625e-02
1.410796307027339935e-02
1.371738314628601074e-02
1.378893014043569565e-02
1.343414466828107834e-02
1.392210088670253754e-02
1.381810288876295090e-02
1.362994313240051270e-02
1.386643853038549423e-02
1.359444297850131989e-02
1.362975221127271652e-02
1.382322330027818680e-02
1.402725651860237122e-02
1.383935753256082535e-02
1.363092660903930664e-02
1.370599865913391113e-02
1.379649993032217026e-02
1.405508723109960556e-02
1.389756705611944199e-02
1.384714897722005844e-02
1.372734643518924713e-02
1.392093021422624588e-02
1.376389339566230774e-02
1.370088756084442139e-02
1.380926370620727539e-02
1.390371099114418030e-02
1.365706976503133774e-02
1.297150924801826477e-02
1.386123243719339371e-02
1.390942838042974472e-02
1.363218668848276138e-02
1.403577532619237900e-02
1.397770643234252930e-02
1.369925681501626968e-02
1.399922091513872147e-02
1.372622326016426086e-02
1.352195069193840027e-02
1.366879604756832123e-02
1.368665695190429688e-02
1.349327806383371353e-02
1.399605628103017807e-02
1.369768474251031876e-02
1.385841704905033112e-02
1.365173794329166412e-02
1.388565078377723694e-02
1.271487493067979813e-02
1.397476252168416977e-02
1.249830797314643860e-02
1.378440484404563904e-02
1.365624461323022842e-02
1.418314501643180847e-02
1.368268486112356186e-02
1.374138612300157547e-02
1.338691636919975281e-02
1.406911667436361313e-02
1.375442743301391602e-02
1.377374585717916489e-02
9.874337352812290192e-03
1.412235759198665619e-02
1.117807999253273010e-02
1.254614070057868958e-02
1.403020415455102921e-02
1.379879191517829895e-02
1.404976751655340195e-02
1.363695226609706879e-02
1.025029364973306656e-02
1.413230691105127335e-02
1.385969482362270355e-02
1.368997339159250259e-02
1.384924724698066711e-02
1.376691088080406189e-02
1.396735943853855133e-02
1.376029010862112045e-02
9.755994193255901337e-03
1.381123345345258713e-02
1.390962861478328705e-02
1.375539693981409073e-02
1.390372309833765030e-02
1.368255633860826492e-02
1.356940902769565582e-02
1.386999431997537613e-02
1.385019812732934952e-02
1.345409825444221497e-02
1.387194450944662094e-02
1.375943049788475037e-02
1.368794217705726624e-02
1.375735085457563400e-02
1.284707430750131607e-02
1.381585001945495605e-02
1.394212525337934494e-02
1.381923537701368332e-02
1.365789212286472321e-02
1.376157999038696289e-02
1.380015071481466293e-02
1.359850727021694183e-02
1.396705489605665207e-02
1.370424591004848480e-02
1.375318225473165512e-02
1.401487272232770920e-02
7.494470104575157166e-03
1.390923187136650085e-02
1.409464702010154724e-02
1.482471916824579239e-02
1.421171799302101135e-02
1.386636216193437576e-02
1.367388293147087097e-02
1.379587966948747635e-02
1.417315099388360977e-02
1.382640842348337173e-02
1.367823686450719833e-02
1.376226264983415604e-02
1.394641678780317307e-02
1.355935726314783096e-02
1.376074831932783127e-02
1.383998431265354156e-02
1.368530467152595520e-02
1.352890115231275558e-02
1.398738101124763489e-02
1.369381044059991837e-02
1.395187620073556900e-02
1.370536629110574722e-02
1.370131317526102066e-02
1.374168787151575089e-02
1.379137858748435974e-02
1.375858113169670105e-02
1.377020869404077530e-02
1.381372567266225815e-02
1.383237633854150772e-02
1.379366312175989151e-02
1.373922266066074371e-02
1.397082488983869553e-02
8.524909615516662598e-03
1.383253373205661774e-02
1.374088507145643234e-02
1.381333824247121811e-02
1.387482322752475739e-02
1.340267620980739594e-02
1.366499066352844238e-02
1.389606576412916183e-02
1.401694025844335556e-02
1.184357609599828720e-02
1.396105252206325531e-02
1.367063727229833603e-02
1.370120141655206680e-02
1.400017458945512772e-02
1.392709091305732727e-02
1.379099208861589432e-02
1.368577685207128525e-02
1.364708505570888519e-02
1.388186495751142502e-02
1.372090820223093033e-02
1.396928820759057999e-02
1.401724480092525482e-02
1.378348190337419510e-02
1.371036563068628311e-02
1.234683394432067871e-02
1.399154588580131531e-02
1.355131343007087708e-02
1.387824211269617081e-02
1.390308141708374023e-02
1.407532766461372375e-02
1.309030130505561829e-02
1.380104478448629379e-02
1.381432078778743744e-02
1.121514197438955307e-02
1.369392964988946915e-02
1.392866019159555435e-02
1.375417318195104599e-02
9.545225650072097778e-03
1.396040339022874832e-02
1.375494990497827530e-02
1.418501976877450943e-02
1.367989089339971542e-02
1.354116480797529221e-02
1.327717676758766174e-02
1.372161228209733963e-02
1.354343537241220474e-02
1.404031272977590561e-02
1.403854880481958389e-02
1.388243120163679123e-02
1.405593752861022949e-02
1.372079271823167801e-02
1.382979750633239746e-02
1.384168956428766251e-02
9.794730693101882935e-03
7.342010270804166794e-03
1.243506371974945068e-02
1.351325493305921555e-02
1.358771231025457382e-02
1.392084360122680664e-02
1.357586029917001724e-02
1.363790594041347504e-02
1.365554053336381912e-02
1.377026829868555069e-02
1.380076073110103607e-02
1.356291491538286209e-02
1.383254490792751312e-02
1.365828886628150940e-02
1.376168150454759598e-02
1.422023493796586990e-02
1.381723582744598389e-02
1.374976243823766708e-02
1.378455106168985367e-02
1.132185384631156921e-02
1.437041722238063812e-02
1.388039346784353256e-02
1.385016180574893951e-02
1.381146349012851715e-02
1.379918493330478668e-02
1.371091045439243317e-02
1.406794227659702301e-02
1.357198040932416916e-02
1.386833097785711288e-02
1.403814833611249924e-02
1.133373565971851349e-02
1.397624984383583069e-02
1.354908011853694916e-02
1.377635914832353592e-02
1.371534820646047592e-02
1.367876864969730377e-02
1.399970892816781998e-02
1.361808739602565765e-02
1.374062895774841309e-02
1.361249014735221863e-02
1.384772080928087234e-02
1.266202330589294434e-02
1.352124847471714020e-02
1.390790008008480072e-02
1.375896576792001724e-02
1.355826575309038162e-02
1.379546523094177246e-02
1.384364347904920578e-02
1.375753059983253479e-02
1.382793579250574112e-02
1.307736057788133621e-02
1.389676332473754883e-02
1.399208046495914459e-02
1.352209690958261490e-02
1.336675882339477539e-02
1.363950315862894058e-02
1.348072662949562073e-02
1.412347052246332169e-02
1.345167495310306549e-02
1.384396757930517197e-02
1.353959739208221436e-02
1.359069906175136566e-02
1.373635325580835342e-02
1.386970654129981995e-02
1.342864334583282471e-02
1.380972657352685928e-02
1.356312911957502365e-02
1.383059285581111908e-02
1.221266761422157288e-02
1.366189774125814438e-02
1.384765747934579849e-02
1.368323061615228653e-02
1.365307625383138657e-02
1.388962939381599426e-02
1.388742588460445404e-02
1.386240217834711075e-02
1.375977043062448502e-02
1.364772114902734756e-02
1.405142899602651596e-02
1.398789789527654648e-02
1.358538866043090820e-02
1.406323350965976715e-02
1.388652715831995010e-02
1.370903756469488144e-02
1.372687425464391708e-02
1.394156739115715027e-02
1.365055516362190247e-02
1.388795766979455948e-02
1.399869285523891449e-02
1.351076643913984299e-02
1.382207777351140976e-02
1.391469035297632217e-02
1.375968847423791885e-02
1.399950683116912842e-02
1.360989268869161606e-02
1.392123661935329437e-02
1.377843227237462997e-02
1.371753867715597153e-02
1.373020373284816742e-02
1.370029244571924210e-02
1.392418053001165390e-02
1.388793904334306717e-02
1.348350942134857178e-02
1.361044961959123611e-02
1.372812129557132721e-02
1.398401800543069839e-02
1.412284933030605316e-02
1.376868411898612976e-02
1.374415121972560883e-02
1.400006935000419617e-02
1.371662691235542297e-02
9.118011221289634705e-03
1.387634314596652985e-02
1.387396175414323807e-02
1.376668270677328110e-02
1.200480666011571884e-02
9.903870522975921631e-03
1.345108356326818466e-02
1.380548160523176193e-02
1.423157658427953720e-02
1.414019986987113953e-02
1.385295484215021133e-02
1.252051349729299545e-02
1.406301464885473251e-02
1.388020161539316177e-02
1.396079268306493759e-02
1.359477918595075607e-02
1.398691814392805099e-02
1.403472106903791428e-02
1.388620678335428238e-02
1.385349314659833908e-02
1.110608875751495361e-02
1.376998424530029297e-02
1.406245213001966476e-02
1.368342991918325424e-02
1.382161583751440048e-02
1.391931436955928802e-02
1.281076017767190933e-02
1.356018707156181335e-02
1.244739629328250885e-02
1.372025068849325180e-02
1.359896454960107803e-02
1.361736655235290527e-02
1.371547952294349670e-02
1.389294955879449844e-02
1.382993161678314209e-02
1.401124522089958191e-02
1.390576362609863281e-02
1.367991883307695389e-02
1.383389532566070557e-02
1.358853001147508621e-02
1.403771713376045227e-02
1.139383856207132339e-02
1.387931499630212784e-02
1.388836186379194260e-02
1.380839105695486069e-02
1.376697700470685959e-02
1.358278933912515640e-02
1.397657115012407303e-02
1.352528389543294907e-02
1.400886382907629013e-02
1.359073165804147720e-02
1.321749761700630188e-02
1.383174303919076920e-02
1.385264471173286438e-02
1.389728486537933350e-02
1.329118013381958008e-02
9.162378497421741486e-03
1.361743174493312836e-02
1.385041512548923492e-02
1.355543825775384903e-02
1.363743748515844345e-02
1.384013891220092773e-02
1.381345465779304504e-02
1.362496614456176758e-02
1.372769474983215332e-02
1.386389415711164474e-02
1.398902572691440582e-02
1.385705545544624329e-02
1.369651593267917633e-02
1.345338858664035797e-02
1.353608723729848862e-02
1.387865282595157623e-02
1.373490411788225174e-02
1.095176953822374344e-02
1.334531698375940323e-02
1.380396820604801178e-02
1.382321491837501526e-02
1.355936843901872635e-02
1.370626688003540039e-02
1.402593217790126801e-02
1.394690573215484619e-02
1.355613116174936295e-02
1.356621459126472473e-02
1.387398596853017807e-02
1.407071016728878021e-02
1.405734661966562271e-02
1.360767986625432968e-02
1.400300860404968262e-02
1.302590407431125641e-02
1.332007627934217453e-02
1.071420405060052872e-02
1.363065280020236969e-02
1.359603367745876312e-02
1.429220661520957947e-02
1.372664794325828552e-02
1.381322182714939117e-02
1.371167879551649094e-02
1.365234889090061188e-02
1.379843894392251968e-02
1.356457453221082687e-02
1.409691199660301208e-02
1.387579645961523056e-02
1.365508232265710831e-02
1.371330302208662033e-02
1.382310781627893448e-02
1.419229432940483093e-02
9.695681743323802948e-03
1.391231454908847809e-02
1.363293733447790146e-02
1.418468635529279709e-02
1.415586192160844803e-02
1.395686808973550797e-02
1.037219259887933731e-02
1.373347733169794083e-02
1.366136036813259125e-02
1.383345108479261398e-02
1.379394251853227615e-02
1.355713512748479843e-02
1.347311493009328842e-02
1.371501479297876358e-02
1.364949624985456467e-02
1.393082644790410995e-02
1.369089726358652115e-02
1.399266719818115234e-02
1.400851644575595856e-02
1.388164795935153961e-02
1.370745897293090820e-02
1.382580958306789398e-02
1.083853933960199356e-02
1.364776398986577988e-02
1.386358775198459625e-02
1.382726337760686874e-02
1.409383118152618408e-02
1.370150409638881683e-02
1.375696063041687012e-02
1.373613532632589340e-02
1.380211114883422852e-02
1.400237996131181717e-02
1.393981371074914932e-02
1.409909687936306000e-02
1.386449672281742096e-02
1.402683649212121964e-02
1.418386958539485931e-02
1.367003843188285828e-02
1.370080374181270599e-02
1.366632897406816483e-02
1.362658943980932236e-02
1.369342766702175140e-02
1.356504205614328384e-02
1.387857552617788315e-02
1.391037460416555405e-02
1.368021685630083084e-02
1.355480775237083435e-02
1.323811616748571396e-02
1.363432966172695160e-02
1.369987055659294128e-02
1.382824219763278961e-02
1.327612716704607010e-02
1.371470373123884201e-02
1.384714804589748383e-02
1.370661240071058273e-02
1.378043089061975479e-02
1.373791042715311050e-02
1.398018561303615570e-02
1.396362856030464172e-02
1.385458465665578842e-02
1.401022169739007950e-02
1.397573295980691910e-02
1.375339552760124207e-02
1.371461525559425354e-02
1.362689211964607239e-02
1.368138194084167480e-02
1.404910720884799957e-02
1.278348919004201889e-02
1.363584026694297791e-02
1.382462587207555771e-02
1.367169339209794998e-02
1.357832178473472595e-02
1.417630072683095932e-02
1.355435233563184738e-02
1.370433252304792404e-02
1.381104253232479095e-02
1.129674259573221207e-02
1.391261536628007889e-02
1.331647112965583801e-02
1.399112865328788757e-02
1.412403956055641174e-02
1.350551284849643707e-02
1.325720455497503281e-02
1.393710169941186905e-02
1.351275481283664703e-02
1.391647104173898697e-02
1.412883680313825607e-02
1.375911291688680649e-02
1.347072515636682510e-02
1.341461762785911560e-02
1.369974017143249512e-02
1.377870235592126846e-02
1.381375733762979507e-02
1.381429191678762436e-02
1.380739733576774597e-02
1.386903598904609680e-02
1.358917634934186935e-02
1.228068675845861435e-02
1.395072601735591888e-02
1.385859306901693344e-02
1.349197886884212494e-02
1.379732135683298111e-02
1.376773044466972351e-02
1.387729682028293610e-02
1.400549057871103287e-02
1.354860048741102219e-02
1.377373654395341873e-02
1.212613936513662338e-02
1.365478243678808212e-02
1.375243160873651505e-02
1.375300250947475433e-02
1.393092237412929535e-02
1.393334474414587021e-02
1.373935863375663757e-02
1.409860514104366302e-02
1.373739540576934814e-02
1.390627026557922363e-02
1.352228503674268723e-02
1.379796303808689117e-02
1.372935436666011810e-02
1.403553877025842667e-02
1.400651037693023682e-02
1.384035032242536545e-02
1.377240754663944244e-02
1.394515670835971832e-02
1.382606662809848785e-02
1.392221357673406601e-02
1.381472311913967133e-02
1.378784235566854477e-02
1.365354098379611969e-02
1.396792568266391754e-02
1.304803136736154556e-02
1.357046607881784439e-02
1.398260518908500671e-02
1.383789535611867905e-02
1.361553091555833817e-02
1.344253029674291611e-02
1.375623699277639389e-02
1.391623076051473618e-02
1.380814239382743835e-02
1.375326607376337051e-02
1.377374585717916489e-02
1.400368846952915192e-02
1.381145324558019638e-02
1.360730733722448349e-02
1.373455300927162170e-02
1.380474213510751724e-02
1.393566653132438660e-02
1.395911350846290588e-02
1.412430126219987869e-02
1.364846620708703995e-02
1.412804797291755676e-02
1.341107115149497986e-02
1.370785851031541824e-02
1.380455866456031799e-02
1.382366940379142761e-02
1.344434637576341629e-02
1.382886525243520737e-02
1.389096584171056747e-02
1.385775208473205566e-02
1.374875009059906006e-02
1.373593602329492569e-02
1.393985468894243240e-02
1.397978141903877258e-02
1.388334296643733978e-02
1.386266108602285385e-02
1.390907447785139084e-02
1.388624869287014008e-02
1.087026204913854599e-02
1.366126444190740585e-02
1.372416689991950989e-02
1.406512595713138580e-02
1.385536510497331619e-02
1.372112240642309189e-02
1.377474423497915268e-02
1.389760617166757584e-02
1.230747904628515244e-02
1.361155789345502853e-02
1.392019726336002350e-02
1.381231937557458878e-02
1.397081650793552399e-02
1.370819285511970520e-02
1.396093983203172684e-02
1.378807425498962402e-02
1.395680941641330719e-02
1.387978438287973404e-02
1.435317005962133408e-02
1.363979931920766830e-02
1.373823359608650208e-02
1.364850718528032303e-02
1.386254094541072845e-02
1.368501875549554825e-02
1.341542229056358337e-02
1.380113605409860611e-02
1.276481430977582932e-02
1.364783942699432373e-02
1.389903388917446136e-02
1.402263995260000229e-02
1.358008291572332382e-02
1.402296498417854309e-02
1.384571753442287445e-02
1.313673332333564758e-02
1.374782714992761612e-02
1.369487587362527847e-02
1.258094515651464462e-02
1.381571963429450989e-02
1.338384952396154404e-02
1.378207467496395111e-02
1.324102282524108887e-02
1.355299912393093109e-02
1.377599034458398819e-02
1.195065304636955261e-02
1.317348703742027283e-02
1.362513937056064606e-02
1.309296395629644394e-02
1.371405739337205887e-02
1.376918237656354904e-02
1.376396138221025467e-02
1.362572237849235535e-02
1.388033665716648102e-02
1.403711643069982529e-02
1.357949897646903992e-02
1.383732259273529053e-02
1.369837205857038498e-02
1.382094528526067734e-02
1.407029945403337479e-02
1.368095353245735168e-02
1.377585530281066895e-02
1.380369160324335098e-02
1.381856296211481094e-02
1.394751947373151779e-02
1.381854806095361710e-02
1.387021318078041077e-02
1.394372619688510895e-02
1.123325433582067490e-02
1.323635224252939224e-02
1.408200338482856750e-02
1.361875329166650772e-02
