<system>Protocol: Active. Attitude: Sassy.</system>
1.440315786749124527e-02
1.441444084048271179e-02
1.367574371397495270e-02
1.381366327404975891e-02
1.469925697892904282e-02
1.431219652295112610e-02
1.464820746332406998e-02
1.329351402819156647e-02
1.379740517586469650e-02
1.427531801164150238e-02
1.409577485173940659e-02
1.410078350454568863e-02
1.256677415221929550e-02
1.411399524658918381e-02
1.437633018940687180e-02
1.408620271831750870e-02
1.268446072936058044e-02
1.418359670788049698e-02
1.376256346702575684e-02
1.465284731239080429e-02
1.436852011829614639e-02
1.368936616927385330e-02
1.417269185185432434e-02
1.346738357096910477e-02
1.379320118576288223e-02
1.429914031177759171e-02
1.444391999393701553e-02
1.394070591777563095e-02
1.395458262413740158e-02
1.429831702262163162e-02
1.102147437632083893e-02
1.357508357614278793e-02
1.349924132227897644e-02
1.470315456390380859e-02
1.428045332431793213e-02
8.030978031456470490e-03
1.332556921988725662e-02
1.412383373826742172e-02
1.426152791827917099e-02
1.248248014599084854e-02
1.424115058034658432e-02
1.361235883086919785e-02
1.433752104640007019e-02
1.401898264884948730e-02
1.286937948316335678e-02
1.340604200959205627e-02
1.377040706574916840e-02
9.346290491521358490e-03
1.464543864130973816e-02
1.362257543951272964e-02
1.351620163768529892e-02
1.378676574677228928e-02
1.421599462628364563e-02
1.415686216205358505e-02
1.338796224445104599e-02
1.423690840601921082e-02
1.419054809957742691e-02
1.411319896578788757e-02
1.347404439002275467e-02
1.369049306958913803e-02
1.411683019250631332e-02
1.423175912350416183e-02
1.388211175799369812e-02
1.429202593863010406e-02
1.427483186125755310e-02
1.380519010126590729e-02
1.409367844462394714e-02
1.368516683578491211e-02
1.427501440048217773e-02
1.307743508368730545e-02
1.354864612221717834e-02
9.665336459875106812e-03
1.387202460318803787e-02
1.417468208819627762e-02
1.364432368427515030e-02
1.440743170678615570e-02
1.369238458573818207e-02
1.457006391137838364e-02
1.430999860167503357e-02
8.478719741106033325e-03
1.435947138816118240e-02
1.388494763523340225e-02
1.403386238962411880e-02
1.352522335946559906e-02
1.440507452934980392e-02
1.428110338747501373e-02
1.397853810340166092e-02
1.387624163180589676e-02
1.380562223494052887e-02
1.320928893983364105e-02
1.367988344281911850e-02
1.381649356335401535e-02
1.413988787680864334e-02
1.440459210425615311e-02
1.419110223650932312e-02
1.434214785695075989e-02
1.431039534509181976e-02
1.327974162995815277e-02
1.395065803080797195e-02
1.204590871930122375e-02
1.419756654649972916e-02
1.417019125074148178e-02
1.445865258574485779e-02
1.421847380697727203e-02
1.376504637300968170e-02
1.402381155639886856e-02
1.390149816870689392e-02
1.424337271600961685e-02
1.384067628532648087e-02
1.418103370815515518e-02
1.314951386302709579e-02
1.274666190147399902e-02
1.317575480788946152e-02
1.162382122129201889e-02
1.323251985013484955e-02
1.409061904996633530e-02
1.408674195408821106e-02
1.299495995044708252e-02
1.306372787803411484e-02
1.355834398418664932e-02
1.370843034237623215e-02
1.399350166320800781e-02
1.352409180253744125e-02
1.392718311399221420e-02
1.372748613357543945e-02
1.367790624499320984e-02
1.449250057339668274e-02
1.335701253265142441e-02
1.419904828071594238e-02
1.349491160362958908e-02
1.400749012827873230e-02
1.377989072352647781e-02
1.356838550418615341e-02
1.394785847514867783e-02
1.335192378610372543e-02
1.391734089702367783e-02
1.415171939879655838e-02
1.413048245012760162e-02
1.452345214784145355e-02
1.362270675599575043e-02
1.430310402065515518e-02
1.417082268744707108e-02
1.378302928060293198e-02
1.422397419810295105e-02
1.383161544799804688e-02
1.365344598889350891e-02
1.261856500059366226e-02
1.260164473205804825e-02
1.403518952429294586e-02
1.357616391032934189e-02
1.158394850790500641e-02
1.410675980150699615e-02
1.438982877880334854e-02
1.429483294486999512e-02
1.329204440116882324e-02
1.320373173803091049e-02
1.230104360729455948e-02
1.419217232614755630e-02
1.390364486724138260e-02
1.315210387110710144e-02
1.427682954818010330e-02
1.433321926742792130e-02
1.347197685390710831e-02
1.376864872872829437e-02
1.422536931931972504e-02
1.463060360401868820e-02
1.397034525871276855e-02
1.363957207649946213e-02
1.417113468050956726e-02
1.372408866882324219e-02
1.411712169647216797e-02
1.376010756939649582e-02
1.400440558791160583e-02
1.367927808314561844e-02
1.444005966186523438e-02
1.401962619274854660e-02
1.340966764837503433e-02
1.438250299543142319e-02
1.362768094986677170e-02
1.349620614200830460e-02
1.397691294550895691e-02
1.397528313100337982e-02
1.471386570483446121e-02
1.359668094664812088e-02
1.212383899837732315e-02
1.360522862523794174e-02
1.438434701412916183e-02
1.417150534689426422e-02
1.403325237333774567e-02
1.208626944571733475e-02
1.379381120204925537e-02
1.353774592280387878e-02
1.305214967578649521e-02
1.326666865497827530e-02
1.291303243488073349e-02
1.314516924321651459e-02
1.335503254085779190e-02
1.334657147526741028e-02
1.226878445595502853e-02
1.318549457937479019e-02
1.388275902718305588e-02
1.409101858735084534e-02
1.182704046368598938e-02
1.361359562724828720e-02
1.383900642395019531e-02
1.410862710326910019e-02
1.392360962927341461e-02
1.363090798258781433e-02
1.455169357359409332e-02
1.441986765712499619e-02
1.404334232211112976e-02
1.343865785747766495e-02
1.184439938515424728e-02
1.348489802330732346e-02
1.190935168415307999e-02
1.384797133505344391e-02
1.399552170187234879e-02
1.354140415787696838e-02
1.369361020624637604e-02
1.191008649766445160e-02
1.083174068480730057e-02
1.388658210635185242e-02
1.399437803775072098e-02
9.489521384239196777e-03
1.416674163192510605e-02
1.388739887624979019e-02
1.412407122552394867e-02
1.439355406910181046e-02
1.430229190737009048e-02
1.312313321977853775e-02
1.452096365392208099e-02
1.129615958780050278e-02
1.372261252254247665e-02
1.443751435726881027e-02
1.358713116496801376e-02
1.420116052031517029e-02
1.342800632119178772e-02
1.393539272248744965e-02
1.307330746203660965e-02
1.272143702954053879e-02
1.401698589324951172e-02
1.369521860033273697e-02
1.410976890474557877e-02
1.231341157108545303e-02
1.360746659338474274e-02
1.261375937610864639e-02
1.416082028299570084e-02
1.255997736006975174e-02
1.452582795172929764e-02
1.431106962263584137e-02
1.405556779354810715e-02
1.273226458579301834e-02
1.328557636588811874e-02
1.397082488983869553e-02
1.363740209490060806e-02
1.365027111023664474e-02
1.386157516390085220e-02
1.333133317530155182e-02
1.448747143149375916e-02
1.377058681100606918e-02
1.376240607351064682e-02
1.389119308441877365e-02
1.401439681649208069e-02
1.349751558154821396e-02
1.371470186859369278e-02
1.456687692552804947e-02
1.387974899262189865e-02
1.378186978399753571e-02
1.413232367485761642e-02
1.409529522061347961e-02
1.411327812820672989e-02
1.389200054109096527e-02
1.358529087156057358e-02
1.345831528306007385e-02
1.302761770784854889e-02
9.357463568449020386e-03
1.424735132604837418e-02
1.441517472267150879e-02
1.405016425997018814e-02
1.311860885471105576e-02
1.417705696076154709e-02
1.341891195625066757e-02
1.415882073342800140e-02
1.400340534746646881e-02
1.388148032128810883e-02
1.343713607639074326e-02
1.427830103784799576e-02
1.417442876845598221e-02
1.402772963047027588e-02
1.403114758431911469e-02
1.285939756780862808e-02
1.387630682438611984e-02
1.289890799671411514e-02
1.443555951118469238e-02
1.091738510876893997e-02
1.410996355116367340e-02
1.364328060299158096e-02
1.161060016602277756e-02
1.407706737518310547e-02
1.367196068167686462e-02
1.411181781440973282e-02
1.378232147544622421e-02
1.454170141369104385e-02
1.391024235635995865e-02
1.295307837426662445e-02
1.337715331465005875e-02
1.472847256809473038e-02
1.370987854897975922e-02
1.395148038864135742e-02
1.365794800221920013e-02
1.430199388414621353e-02
1.329162437468767166e-02
1.405562739819288254e-02
1.343560498207807541e-02
1.396846212446689606e-02
1.380084361881017685e-02
1.340455189347267151e-02
1.439545676112174988e-02
1.382832322269678116e-02
1.364257931709289551e-02
1.365590654313564301e-02
1.376237347722053528e-02
1.391791924834251404e-02
1.316340919584035873e-02
1.426981110125780106e-02
1.377123687416315079e-02
1.447184756398200989e-02
1.379505079239606857e-02
1.387723721563816071e-02
1.421392802149057388e-02
1.406711619347333908e-02
1.425978261977434158e-02
1.374024432152509689e-02
1.361756119877099991e-02
1.432908419519662857e-02
1.440389081835746765e-02
1.262938976287841797e-02
1.452175993472337723e-02
1.328757498413324356e-02
1.432249788194894791e-02
1.315158605575561523e-02
1.186123490333557129e-02
1.380901597440242767e-02
1.379514578729867935e-02
1.216574106365442276e-02
1.372676994651556015e-02
1.416469179093837738e-02
1.370193995535373688e-02
1.346635166555643082e-02
1.422724407166242599e-02
1.305049937218427658e-02
1.420177426189184189e-02
1.336622610688209534e-02
1.364529691636562347e-02
1.356064341962337494e-02
1.460548955947160721e-02
1.414233446121215820e-02
1.433375477790832520e-02
1.466254796832799911e-02
1.385471783578395844e-02
1.425169408321380615e-02
1.412751339375972748e-02
1.366144418716430664e-02
1.428592763841152191e-02
1.368012465536594391e-02
1.398828253149986267e-02
1.429489534348249435e-02
1.427354570478200912e-02
1.448222715407609940e-02
1.243180036544799805e-02
1.414624135941267014e-02
1.451745070517063141e-02
1.384101249277591705e-02
1.377129554748535156e-02
1.399791799485683441e-02
1.410192158073186874e-02
1.377274002879858017e-02
1.407458260655403137e-02
1.208396349102258682e-02
1.400841400027275085e-02
1.033110544085502625e-02
1.389296911656856537e-02
1.432205364108085632e-02
1.377157494425773621e-02
1.427842024713754654e-02
1.304038986563682556e-02
1.399140432476997375e-02
9.874987415969371796e-03
1.430599298328161240e-02
1.284804008901119232e-02
1.398640312254428864e-02
1.458106096833944321e-02
1.355266850441694260e-02
1.415475644171237946e-02
1.408730354160070419e-02
1.411302015185356140e-02
1.443191245198249817e-02
1.397550664842128754e-02
1.332480553537607193e-02
1.425892394036054611e-02
1.401492394506931305e-02
1.383954565972089767e-02
1.386507507413625717e-02
1.388004049658775330e-02
1.413780823349952698e-02
1.410180330276489258e-02
1.384307816624641418e-02
1.383251603692770004e-02
1.345356181263923645e-02
1.302631292492151260e-02
1.177702005952596664e-02
3.421419486403465271e-02
1.414216402918100357e-02
1.070572342723608017e-02
1.329236011952161789e-02
1.399866677820682526e-02
1.381273940205574036e-02
1.396672800183296204e-02
1.390519738197326660e-02
1.222340390086174011e-02
1.305915322154760361e-02
1.423893775790929794e-02
1.339017786085605621e-02
1.380482316017150879e-02
1.250049471855163574e-02
1.405472680926322937e-02
9.152800776064395905e-03
1.415027771145105362e-02
1.391530316323041916e-02
1.155716460198163986e-02
1.339477300643920898e-02
1.398457214236259460e-02
1.340301707386970520e-02
1.414919830858707428e-02
1.382975652813911438e-02
1.419371273368597031e-02
1.372844632714986801e-02
1.425198558717966080e-02
9.981876239180564880e-03
1.416127756237983704e-02
1.442158780992031097e-02
1.407565828412771225e-02
1.419464871287345886e-02
1.424118876457214355e-02
9.951752610504627228e-03
7.525009103119373322e-03
1.418530382215976715e-02
1.355097256600856781e-02
1.332330051809549332e-02
1.297731604427099228e-02
1.457609888166189194e-02
1.413051784038543701e-02
1.413866970688104630e-02
1.441813074052333832e-02
1.378555689007043839e-02
1.371669862419366837e-02
1.260972581803798676e-02
1.350280363112688065e-02
1.406599488109350204e-02
1.393798552453517914e-02
1.345556415617465973e-02
1.373548153787851334e-02
1.195639930665493011e-02
8.619785308837890625e-03
1.441058237105607986e-02
1.385939959436655045e-02
1.048059388995170593e-02
1.238372642546892166e-02
1.289456710219383240e-02
9.717081673443317413e-03
1.426540222018957138e-02
1.393282134085893631e-02
1.356329396367073059e-02
1.385776139795780182e-02
1.324459910392761230e-02
1.422958727926015854e-02
1.426131930202245712e-02
9.114948101341724396e-03
1.454356312751770020e-02
1.440268103033304214e-02
1.385239418596029282e-02
1.336423121392726898e-02
1.367802917957305908e-02
1.404292788356542587e-02
1.408186648041009903e-02
1.402174029499292374e-02
1.094729546457529068e-02
1.393113937228918076e-02
1.358705107122659683e-02
1.140320580452680588e-02
1.411151047796010971e-02
1.414675079286098480e-02
1.354670431464910507e-02
1.390588190406560898e-02
1.386136654764413834e-02
1.387249864637851715e-02
1.397290267050266266e-02
1.283483114093542099e-02
1.383169926702976227e-02
1.309249922633171082e-02
1.426764484494924545e-02
7.621994242072105408e-03
1.424369774758815765e-02
1.411194447427988052e-02
1.307768467813730240e-02
1.384355500340461731e-02
1.325667556375265121e-02
1.365545298904180527e-02
1.349318027496337891e-02
1.419486198574304581e-02
1.418911293148994446e-02
1.424246188253164291e-02
8.262794464826583862e-03
1.178804878145456314e-02
1.450095977634191513e-02
1.377593353390693665e-02
1.390017475932836533e-02
1.241372618824243546e-02
1.462639216333627701e-02
1.268968265503644943e-02
1.445344928652048111e-02
1.116556208580732346e-02
1.443413179367780685e-02
1.385814789682626724e-02
1.420204713940620422e-02
8.825128898024559021e-03
1.349339447915554047e-02
1.415321789681911469e-02
1.427069865167140961e-02
1.361819822341203690e-02
1.369194593280553818e-02
1.424321252852678299e-02
1.450547482818365097e-02
1.433723792433738708e-02
1.392580196261405945e-02
1.409618183970451355e-02
1.405283715575933456e-02
1.427872851490974426e-02
1.388035342097282410e-02
1.464496459811925888e-02
1.431301608681678772e-02
1.285613700747489929e-02
1.395519729703664780e-02
1.375136617571115494e-02
1.255897525697946548e-02
1.415060553699731827e-02
1.340474840253591537e-02
1.255869306623935699e-02
1.415391266345977783e-02
1.451183483004570007e-02
1.446224842220544815e-02
1.399877574294805527e-02
1.375591196119785309e-02
1.347412820905447006e-02
1.416577771306037903e-02
1.392235420644283295e-02
1.379040814936161041e-02
1.348936837166547775e-02
1.437267661094665527e-02
1.400817837566137314e-02
1.282662991434335709e-02
1.324152946472167969e-02
1.390066463500261307e-02
1.440588477998971939e-02
1.392362639307975769e-02
1.390767097473144531e-02
1.364949718117713928e-02
1.399223878979682922e-02
1.432941760867834091e-02
1.416231598705053329e-02
1.397762540727853775e-02
1.438767649233341217e-02
1.200107857584953308e-02
1.398165244609117508e-02
1.445720717310905457e-02
1.431723777204751968e-02
1.380416192114353180e-02
1.444762945175170898e-02
1.445972360670566559e-02
1.324829366058111191e-02
1.278049591928720474e-02
1.284130010753870010e-02
1.361734513193368912e-02
1.360112335532903671e-02
1.391892787069082260e-02
1.407313346862792969e-02
1.416496559977531433e-02
1.355412043631076813e-02
1.397300604730844498e-02
1.428861357271671295e-02
1.411265414208173752e-02
1.314635947346687317e-02
1.305266842246055603e-02
1.440782938152551651e-02
1.398607250303030014e-02
1.417994592338800430e-02
1.444031670689582825e-02
1.373377442359924316e-02
1.376111898571252823e-02
1.272376533597707748e-02
1.322205085307359695e-02
1.402496360242366791e-02
1.402578316628932953e-02
1.445575430989265442e-02
1.413629949092864990e-02
1.408388372510671616e-02
1.460159663110971451e-02
1.410349924117326736e-02
1.429296191781759262e-02
1.415086071938276291e-02
1.338524464517831802e-02
1.387980207800865173e-02
1.374346856027841568e-02
1.396681088954210281e-02
1.394806243479251862e-02
1.395433023571968079e-02
1.425392273813486099e-02
1.368370000272989273e-02
1.272114552557468414e-02
1.409109309315681458e-02
1.327910926192998886e-02
1.215753890573978424e-02
1.399673800915479660e-02
1.420884486287832260e-02
1.229619700461626053e-02
1.370793487876653671e-02
1.319092884659767151e-02
1.238616369664669037e-02
1.323570217937231064e-02
1.245870534330606461e-02
1.353776361793279648e-02
1.317882817238569260e-02
1.415926497429609299e-02
1.380779221653938293e-02
1.392646785825490952e-02
1.391167379915714264e-02
1.384717226028442383e-02
1.305793318897485733e-02
1.268121879547834396e-02
1.436336990445852280e-02
1.410840544849634171e-02
1.344108022749423981e-02
1.370570715516805649e-02
1.163071393966674805e-02
1.320488844066858292e-02
1.078810077160596848e-02
1.339495740830898285e-02
1.325960364192724228e-02
1.393688563257455826e-02
1.307264063507318497e-02
1.269364356994628906e-02
1.158109027892351151e-02
1.426426414400339127e-02
1.422354020178318024e-02
1.403263770043849945e-02
1.351942028850317001e-02
1.387603301554918289e-02
1.419812440872192383e-02
1.404446363449096680e-02
1.379845943301916122e-02
1.320522185415029526e-02
8.601970039308071136e-03
1.446392573416233063e-02
8.904434740543365479e-03
1.376484986394643784e-02
1.368455588817596436e-02
1.358082797378301620e-02
1.392207201570272446e-02
8.942442946135997772e-03
1.062265969812870026e-02
1.323209609836339951e-02
1.411592401564121246e-02
1.364550832659006119e-02
1.321419700980186462e-02
1.349567528814077377e-02
1.390717644244432449e-02
1.374733727425336838e-02
1.391384098678827286e-02
1.396976783871650696e-02
1.400776859372854233e-02
1.419749855995178223e-02
1.395637355744838715e-02
1.350981555879116058e-02
1.225087605416774750e-02
1.413844153285026550e-02
1.368950400501489639e-02
1.353418454527854919e-02
1.078297663480043411e-02
1.382169127464294434e-02
1.426985859870910645e-02
1.359323319047689438e-02
1.424898114055395126e-02
1.376406755298376083e-02
1.412509102374315262e-02
1.433362718671560287e-02
1.391394343227148056e-02
1.391356252133846283e-02
1.378021202981472015e-02
1.365943904966115952e-02
1.406840886920690536e-02
1.344711519777774811e-02
1.453276630491018295e-02
1.210476364940404892e-02
1.268182136118412018e-02
1.382482610642910004e-02
1.381416898220777512e-02
1.409039832651615143e-02
1.318667177110910416e-02
9.897667914628982544e-03
7.634323555976152420e-03
1.414415333420038223e-02
1.390367746353149414e-02
1.385258417576551437e-02
1.386667694896459579e-02
1.364583894610404968e-02
1.372447330504655838e-02
1.216318085789680481e-02
1.426603831350803375e-02
1.405906118452548981e-02
1.378828566521406174e-02
1.402440015226602554e-02
1.303759496659040451e-02
1.411685068160295486e-02
1.315442379564046860e-02
1.404446922242641449e-02
1.372358109802007675e-02
1.411679387092590332e-02
1.417019590735435486e-02
1.446741260588169098e-02
1.236689090728759766e-02
1.386777963489294052e-02
1.422780752182006836e-02
1.344597619026899338e-02
1.390238106250762939e-02
1.303962711244821548e-02
7.664840202778577805e-03
1.420945767313241959e-02
1.332223694771528244e-02
7.163514383137226105e-03
1.402702834457159042e-02
1.331417169421911240e-02
1.454926095902919769e-02
1.409821119159460068e-02
1.422310434281826019e-02
9.677233174443244934e-03
1.368395984172821045e-02
1.288075651973485947e-02
1.460660900920629501e-02
1.295481994748115540e-02
1.126408483833074570e-02
1.392490509897470474e-02
1.396655384451150894e-02
1.345430873334407806e-02
1.252743601799011230e-02
1.337184570729732513e-02
1.395126804709434509e-02
9.693798609077930450e-03
1.388305146247148514e-02
1.077604293823242188e-02
1.413810811936855316e-02
1.240404043346643448e-02
1.334678847342729568e-02
1.380244269967079163e-02
1.449454389512538910e-02
1.175087690353393555e-02
1.292777992784976959e-02
1.371623016893863678e-02
1.424653455615043640e-02
1.337662339210510254e-02
1.318944338709115982e-02
1.381415128707885742e-02
1.319966278970241547e-02
1.262952480465173721e-02
1.392498612403869629e-02
9.494537487626075745e-03
1.393753383308649063e-02
1.383249182254076004e-02
1.408161502331495285e-02
1.137031987309455872e-02
1.204006373882293701e-02
1.424077711999416351e-02
1.395028270781040192e-02
1.426199171692132950e-02
1.343832630664110184e-02
1.431416254490613937e-02
1.451620738953351974e-02
1.407992001622915268e-02
1.392892282456159592e-02
1.398537121713161469e-02
1.167993247509002686e-02
1.420713588595390320e-02
1.401260215789079666e-02
1.361083425581455231e-02
1.423462573438882828e-02
1.302003953605890274e-02
1.421852316707372665e-02
1.073393505066633224e-02
1.411870121955871582e-02
1.382716279476881027e-02
1.351199485361576080e-02
1.364771369844675064e-02
1.305089518427848816e-02
1.345415320247411728e-02
1.418919954448938370e-02
1.344177220016717911e-02
1.428112108260393143e-02
1.288841757923364639e-02
1.370596792548894882e-02
1.291459240019321442e-02
1.412081439048051834e-02
1.381878647953271866e-02
1.330452319234609604e-02
1.388272363692522049e-02
1.411471981555223465e-02
1.397346518933773041e-02
1.367424800992012024e-02
1.457448396831750870e-02
1.361242495477199554e-02
1.382553298026323318e-02
1.439263019710779190e-02
1.309754513204097748e-02
9.202415123581886292e-03
1.429527625441551208e-02
1.353566721081733704e-02
1.368765626102685928e-02
1.386457961052656174e-02
1.422350667417049408e-02
1.273493189364671707e-02
1.369952596724033356e-02
1.359730586409568787e-02
1.386673655360937119e-02
1.377992052584886551e-02
1.322512887418270111e-02
1.229765452444553375e-02
7.668794598430395126e-03
1.373872440308332443e-02
1.302576903253793716e-02
1.281823311001062393e-02
1.407899335026741028e-02
1.400262396782636642e-02
1.367951277643442154e-02
1.365942880511283875e-02
1.364724710583686829e-02
1.081844046711921692e-02
1.375703420490026474e-02
1.362974941730499268e-02
1.446686126291751862e-02
1.280257105827331543e-02
1.424998883157968521e-02
1.366711035370826721e-02
1.356087531894445419e-02
1.368532516062259674e-02
1.400476973503828049e-02
1.451741997152566910e-02
1.444572769105434418e-02
1.449631247669458389e-02
1.401755493134260178e-02
1.415641978383064270e-02
1.384282391518354416e-02
1.421724632382392883e-02
1.385532412678003311e-02
1.364385709166526794e-02
1.441951002925634384e-02
1.400984823703765869e-02
1.179061736911535263e-02
1.255324110388755798e-02
1.286767330020666122e-02
1.529316511005163193e-02
1.421772595494985580e-02
1.407531742006540298e-02
1.275780145078897476e-02
1.339656114578247070e-02
1.331309694796800613e-02
1.384728308767080307e-02
1.441777031868696213e-02
1.326613221317529678e-02
1.455326471477746964e-02
1.451033353805541992e-02
1.408763602375984192e-02
1.390866003930568695e-02
1.328696683049201965e-02
1.389033719897270203e-02
1.442896481603384018e-02
1.395525969564914703e-02
1.143869478255510330e-02
1.394793950021266937e-02
1.351038273423910141e-02
1.357051171362400055e-02
1.350024901330471039e-02
1.397320628166198730e-02
1.102241966873407364e-02
1.401790417730808258e-02
1.408753357827663422e-02
1.383760012686252594e-02
1.380092743784189224e-02
1.369009539484977722e-02
1.454156637191772461e-02
1.345577184110879898e-02
1.402122993022203445e-02
1.367150899022817612e-02
1.371464971452951431e-02
1.423047203570604324e-02
1.384237129241228104e-02
1.376804057508707047e-02
1.416618749499320984e-02
1.413152180612087250e-02
1.376913394778966904e-02
1.396233122795820236e-02
1.124635245651006699e-02
1.336884871125221252e-02
1.439381577074527740e-02
1.356910075992345810e-02
1.356596034020185471e-02
1.402995269745588303e-02
1.421102508902549744e-02
1.435967162251472473e-02
1.368732843548059464e-02
1.361479237675666809e-02
1.160761807113885880e-02
1.399176474660634995e-02
1.366875693202018738e-02
1.286733150482177734e-02
1.406077947467565536e-02
1.386027969419956207e-02
1.421903911978006363e-02
1.352451182901859283e-02
1.371992472559213638e-02
1.340070646256208420e-02
8.019826374948024750e-03
1.398507598787546158e-02
1.417964976280927658e-02
1.383529696613550186e-02
1.365369278937578201e-02
1.352389063686132431e-02
1.435971539467573166e-02
1.412522792816162109e-02
1.411699131131172180e-02
1.437774021178483963e-02
1.342945639044046402e-02
1.435415074229240417e-02
1.369054242968559265e-02
1.303241495043039322e-02
8.393767289817333221e-03
1.363943889737129211e-02
1.459903456270694733e-02
1.361869927495718002e-02
1.369116827845573425e-02
9.275551885366439819e-03
1.376625895500183105e-02
1.417036354541778564e-02
1.394079346209764481e-02
1.248573139309883118e-02
1.425334811210632324e-02
1.096175611019134521e-02
1.452271267771720886e-02
1.124900579452514648e-02
1.311699207872152328e-02
1.421890314668416977e-02
1.432409603148698807e-02
1.314808335155248642e-02
1.425899285823106766e-02
1.396572217345237732e-02
1.409908849745988846e-02
1.356136519461870193e-02
1.390829682350158691e-02
1.430578809231519699e-02
1.370204146951436996e-02
1.337435934692621231e-02
1.391959749162197113e-02
1.378796622157096863e-02
1.442702766507863998e-02
1.384448446333408356e-02
1.405808608978986740e-02
1.430361066013574600e-02
1.241023186594247818e-02
1.338530424982309341e-02
1.392425224184989929e-02
1.461868640035390854e-02
1.368515565991401672e-02
1.332400646060705185e-02
1.399494335055351257e-02
1.425607874989509583e-02
1.427062693983316422e-02
1.188554521650075912e-02
1.386163756251335144e-02
1.451447047293186188e-02
1.392920967191457748e-02
1.445744372904300690e-02
1.341422554105520248e-02
1.312032062560319901e-02
1.417605858296155930e-02
1.440841797739267349e-02
1.281536556780338287e-02
1.332455780357122421e-02
1.249877735972404480e-02
1.353841740638017654e-02
1.444610115140676498e-02
1.400400325655937195e-02
1.408430375158786774e-02
1.413513813167810440e-02
1.421856787055730820e-02
1.330614183098077774e-02
1.258907280862331390e-02
1.403963472694158554e-02
1.456000842154026031e-02
1.412973925471305847e-02
1.339096948504447937e-02
1.303576212376356125e-02
1.419202331453561783e-02
1.314575038850307465e-02
1.388935092836618423e-02
1.303111575543880463e-02
1.413110457360744476e-02
1.393487770110368729e-02
1.431907620280981064e-02
1.395090576261281967e-02
1.420456264168024063e-02
1.397257950156927109e-02
1.372573431581258774e-02
1.391046959906816483e-02
1.372649054974317551e-02
1.417169254273176193e-02
1.395442243665456772e-02
1.014689449220895767e-02
1.425010804086923599e-02
1.431792974472045898e-02
1.392125245183706284e-02
1.283714082092046738e-02
1.299234945327043533e-02
1.399620808660984039e-02
1.416868902742862701e-02
1.440833881497383118e-02
1.407779101282358170e-02
1.408648118376731873e-02
1.398554351180791855e-02
1.406853180378675461e-02
1.351594645529985428e-02
1.376694068312644958e-02
1.351129449903964996e-02
1.373282074928283691e-02
1.385316252708435059e-02
1.392472349107265472e-02
1.335679367184638977e-02
1.429036539047956467e-02
9.458968415856361389e-03
1.117934845387935638e-02
1.276477053761482239e-02
1.434541027992963791e-02
1.426950935274362564e-02
1.200969424098730087e-02
1.425029244273900986e-02
1.418852806091308594e-02
1.397499721497297287e-02
8.071792311966419220e-03
1.406237203627824783e-02
1.276136841624975204e-02
1.375129725784063339e-02
1.350046787410974503e-02
1.466839108616113663e-02
1.427018735557794571e-02
1.301268022507429123e-02
1.395525131374597549e-02
1.420087181031703949e-02
8.118590340018272400e-03
1.314800698310136795e-02
1.378665957599878311e-02
1.422607339918613434e-02
1.454720273613929749e-02
1.231843512505292892e-02
1.366078853607177734e-02
1.150518376380205154e-02
1.230415329337120056e-02
8.925079368054866791e-03
1.133779902011156082e-02
1.460932195186614990e-02
1.351195573806762695e-02
1.372242253273725510e-02
1.435382291674613953e-02
1.418104209005832672e-02
1.364616956561803818e-02
1.326376479119062424e-02
1.415990199893712997e-02
1.364549063146114349e-02
1.442455872893333435e-02
1.393350679427385330e-02
1.410018000751733780e-02
1.225733850151300430e-02
1.357842329889535904e-02
1.430556736886501312e-02
1.419947389513254166e-02
1.413498166948556900e-02
1.213860884308815002e-02
1.326488796621561050e-02
1.393910963088274002e-02
1.358506176620721817e-02
1.446260139346122742e-02
1.422843057662248611e-02
1.369689311832189560e-02
1.382700167596340179e-02
1.266901567578315735e-02
1.414600387215614319e-02
1.355300191789865494e-02
1.187929511070251465e-02
1.347760483622550964e-02
1.428695954382419586e-02
1.340290345251560211e-02
1.394849456846714020e-02
1.444303151220083237e-02
1.365897618234157562e-02
1.444547809660434723e-02
1.076266448944807053e-02
1.377982273697853088e-02
1.434074621647596359e-02
1.386384759098291397e-02
1.428298000246286392e-02
1.288923248648643494e-02
1.392435189336538315e-02
1.241345610469579697e-02
1.345773134380578995e-02
1.075697038322687149e-02
1.440730411559343338e-02
1.430411543697118759e-02
1.330266334116458893e-02
1.420475635677576065e-02
1.390154659748077393e-02
1.416734419763088226e-02
1.420926395803689957e-02
1.428036112338304520e-02
1.402044948190450668e-02
1.386879011988639832e-02
1.395248249173164368e-02
1.401964761316776276e-02
1.385132130235433578e-02
1.195507310330867767e-02
1.421817485243082047e-02
1.417396310716867447e-02
1.222704723477363586e-02
1.370353344827890396e-02
1.378595829010009766e-02
1.437880378216505051e-02
1.402971241623163223e-02
1.459653954952955246e-02
1.381786540150642395e-02
1.409786101430654526e-02
1.406581792980432510e-02
1.336884777992963791e-02
1.253337226808071136e-02
1.375782769173383713e-02
1.389798521995544434e-02
1.405377686023712158e-02
1.410697121173143387e-02
1.377532538026571274e-02
1.387423835694789886e-02
1.397328451275825500e-02
1.346044614911079407e-02
1.354470569640398026e-02
1.375061552971601486e-02
1.351793762296438217e-02
1.396203879266977310e-02
1.417017262428998947e-02
1.407692115753889084e-02
1.420890167355537415e-02
1.445157825946807861e-02
1.417009159922599792e-02
1.342129614204168320e-02
1.443769410252571106e-02
1.016960013657808304e-02
1.254285871982574463e-02
1.355517283082008362e-02
1.422717794775962830e-02
1.356769166886806488e-02
1.381293777376413345e-02
1.393400505185127258e-02
1.426580268889665604e-02
1.378957834094762802e-02
1.254667714238166809e-02
1.407949347048997879e-02
1.271101552993059158e-02
1.395631209015846252e-02
1.341795083135366440e-02
1.369203999638557434e-02
1.346999406814575195e-02
1.369526423513889313e-02
1.445715688169002533e-02
1.369719579815864563e-02
1.220797933638095856e-02
1.435415167361497879e-02
1.282516214996576309e-02
1.372402347624301910e-02
1.412184163928031921e-02
1.403157040476799011e-02
1.203827001154422760e-02
1.371792051941156387e-02
1.282415632158517838e-02
1.416534557938575745e-02
1.301430258899927139e-02
1.407118514180183411e-02
1.436395570635795593e-02
1.384013891220092773e-02
1.181703805923461914e-02
1.365809049457311630e-02
1.411276403814554214e-02
1.398612931370735168e-02
1.413751207292079926e-02
1.400144770741462708e-02
1.317777670919895172e-02
1.411211583763360977e-02
1.366876345127820969e-02
1.379978004842996597e-02
1.389851607382297516e-02
1.417864859104156494e-02
1.304944138973951340e-02
1.426385715603828430e-02
1.428107544779777527e-02
1.351739838719367981e-02
1.388464774936437607e-02
1.453109923750162125e-02
1.280991174280643463e-02
1.348471082746982574e-02
1.103553920984268188e-02
1.369009818881750107e-02
1.431872602552175522e-02
1.427226420491933823e-02
1.456848066300153732e-02
1.362480595707893372e-02
1.377437636256217957e-02
1.247493550181388855e-02
1.355361286550760269e-02
1.438800618052482605e-02
1.431323960423469543e-02
1.433637179434299469e-02
1.422645151615142822e-02
1.342347823083400726e-02
1.391045749187469482e-02
1.397040858864784241e-02
1.366554852575063705e-02
1.416385825723409653e-02
1.387791428714990616e-02
1.418770197778940201e-02
1.330475602298974991e-02
1.428222376853227615e-02
1.365698501467704773e-02
1.428386010229587555e-02
1.390944048762321472e-02
1.344207301735877991e-02
1.330039463937282562e-02
1.301847770810127258e-02
1.272172853350639343e-02
1.311641279608011246e-02
1.427220180630683899e-02
1.355407480150461197e-02
1.351135317236185074e-02
1.186644751578569412e-02
1.364234369248151779e-02
9.005826897919178009e-03
1.277062576264142990e-02
1.436901930719614029e-02
1.160874962806701660e-02
1.303242240101099014e-02
1.376382634043693542e-02
1.384606957435607910e-02
1.318435464054346085e-02
1.403704565018415451e-02
1.369674596935510635e-02
1.427346188575029373e-02
1.422061398625373840e-02
1.410862524062395096e-02
1.411234121769666672e-02
1.270653214305639267e-02
1.407039444893598557e-02
1.406157109886407852e-02
1.388715859502553940e-02
1.308252569288015366e-02
1.396950241178274155e-02
1.398620288819074631e-02
1.063697319477796555e-02
1.324109081178903580e-02
1.240121107548475266e-02
1.288237050175666809e-02
1.418107748031616211e-02
1.363711711019277573e-02
1.359389722347259521e-02
1.430870965123176575e-02
1.458649616688489914e-02
1.266832556575536728e-02
1.358476839959621429e-02
1.440056040883064270e-02
1.374936942011117935e-02
1.368000451475381851e-02
1.423278171569108963e-02
1.131612155586481094e-02
1.437208987772464752e-02
1.451202947646379471e-02
1.373508851975202560e-02
1.447669789195060730e-02
1.278255507349967957e-02
1.388075109571218491e-02
1.273509487509727478e-02
1.407375093549489975e-02
1.331978477537631989e-02
1.384424604475498199e-02
1.372995134443044662e-02
1.436150725930929184e-02
1.365328766405582428e-02
8.186351507902145386e-03
1.364782452583312988e-02
1.320323906838893890e-02
1.418327167630195618e-02
7.601870689541101456e-03
1.257441844791173935e-02
1.361864525824785233e-02
1.314251031726598740e-02
1.361334975808858871e-02
1.403641328215599060e-02
1.376016438007354736e-02
1.423917058855295181e-02
1.363235432654619217e-02
1.447959244251251221e-02
1.437807921320199966e-02
1.266201492398977280e-02
1.455531734973192215e-02
1.427938882261514664e-02
1.391766406595706940e-02
1.318208221346139908e-02
1.402396243065595627e-02
1.395920477807521820e-02
1.191364601254463196e-02
1.413967367261648178e-02
1.448343135416507721e-02
7.930483669042587280e-03
1.361114066094160080e-02
1.366339996457099915e-02
1.450814027339220047e-02
1.369706727564334869e-02
1.428054925054311752e-02
1.232251524925231934e-02
1.428471505641937256e-02
1.432894542813301086e-02
1.415999140590429306e-02
1.399414520710706711e-02
1.285794097930192947e-02
1.431458815932273865e-02
1.396721880882978439e-02
1.330215018242597580e-02
1.301156263798475266e-02
1.382798794656991959e-02
7.338413968682289124e-03
1.363486144691705704e-02
1.378114148974418640e-02
1.307316124439239502e-02
1.365521270781755447e-02
1.383345667272806168e-02
1.411840040236711502e-02
1.392228994518518448e-02
1.430659275501966476e-02
1.250556763261556625e-02
1.428715512156486511e-02
1.358533836901187897e-02
1.054771896451711655e-02
1.414396427571773529e-02
1.431982126086950302e-02
1.319434680044651031e-02
1.280364952981472015e-02
1.195354759693145752e-02
1.402786467224359512e-02
1.315238792449235916e-02
1.413095276802778244e-02
1.344072446227073669e-02
1.407023705542087555e-02
1.409008540213108063e-02
1.333403214812278748e-02
1.385248545557260513e-02
1.412542536854743958e-02
1.277837995439767838e-02
1.362402737140655518e-02
1.381877623498439789e-02
1.403841655701398849e-02
1.458417437970638275e-02
1.236693188548088074e-02
1.381845399737358093e-02
1.394324935972690582e-02
1.382058579474687576e-02
1.242678239941596985e-02
1.381296198815107346e-02
1.342428289353847504e-02
1.400237437337636948e-02
1.435797847807407379e-02
1.403393968939781189e-02
1.448357198387384415e-02
1.385833695530891418e-02
1.395274046808481216e-02
1.366545353084802628e-02
1.433723326772451401e-02
1.326398830860853195e-02
1.358676888048648834e-02
1.388190779834985733e-02
1.423143409192562103e-02
1.384684536606073380e-02
1.399366464465856552e-02
1.377458870410919189e-02
1.402640063315629959e-02
1.384390983730554581e-02
1.433280669152736664e-02
1.241047773510217667e-02
1.388458535075187683e-02
1.382034365087747574e-02
1.300336327403783798e-02
1.390890870243310928e-02
1.396296638995409012e-02
1.396964862942695618e-02
1.423047762364149094e-02
1.397249661386013031e-02
1.374822296202182770e-02
1.288056932389736176e-02
1.446695532649755478e-02
1.382991764694452286e-02
1.389975845813751221e-02
1.401610579341650009e-02
1.401563920080661774e-02
1.413818355649709702e-02
1.393369678407907486e-02
1.395807042717933655e-02
1.427988987416028976e-02
1.360526960343122482e-02
1.313941273838281631e-02
1.394026540219783783e-02
1.416875049471855164e-02
1.379818096756935120e-02
1.375130098313093185e-02
1.399842556565999985e-02
1.364262774586677551e-02
1.383060775697231293e-02
1.477222144603729248e-02
1.465065125375986099e-02
1.416481658816337585e-02
1.282839570194482803e-02
1.235535740852355957e-02
1.439112052321434021e-02
1.382943987846374512e-02
1.354555506259202957e-02
1.382707431912422180e-02
1.439001597464084625e-02
1.280455943197011948e-02
1.383674796670675278e-02
1.445677317678928375e-02
1.367063913494348526e-02
1.362878084182739258e-02
1.368555147200822830e-02
1.224444154649972916e-02
1.464904844760894775e-02
1.428350247442722321e-02
1.390619482845067978e-02
1.424546632915735245e-02
1.289610937237739563e-02
1.000075321644544601e-02
1.354253292083740234e-02
1.059146970510482788e-02
1.354829967021942139e-02
1.358889136463403702e-02
1.406376436352729797e-02
1.381211075931787491e-02
1.364971138536930084e-02
1.323382463306188583e-02
1.403062883764505386e-02
1.411671005189418793e-02
1.331533864140510559e-02
8.379379287362098694e-03
1.413139421492815018e-02
1.075041759759187698e-02
1.136660948395729065e-02
1.375775970518589020e-02
1.478274259716272354e-02
1.474543288350105286e-02
1.411008555442094803e-02
8.107487112283706665e-03
1.428190432488918304e-02
1.390720065683126450e-02
1.330186706036329269e-02
1.387604791671037674e-02
1.351396646350622177e-02
1.409063022583723068e-02
1.355624198913574219e-02
1.021195296198129654e-02
1.288140099495649338e-02
1.416268106549978256e-02
1.355638261884450912e-02
1.343399565666913986e-02
1.413956657052040100e-02
1.320298854261636734e-02
1.430439017713069916e-02
1.358677074313163757e-02
1.424620673060417175e-02
1.415252964943647385e-02
1.384694967418909073e-02
1.354771573096513748e-02
1.393157243728637695e-02
1.334517635405063629e-02
1.369112823158502579e-02
1.318588946014642715e-02
1.372396666556596756e-02
1.411063130944967270e-02
1.394445914775133133e-02
1.434098277240991592e-02
1.341251377016305923e-02
1.387001667171716690e-02
1.481118705123662949e-02
1.325886882841587067e-02
1.436678506433963776e-02
8.139263838529586792e-03
1.386778708547353745e-02
1.451341900974512100e-02
1.236586365848779678e-02
1.437732018530368805e-02
1.438392326235771179e-02
1.232668757438659668e-02
1.325611863285303116e-02
1.393676176667213440e-02
1.387295126914978027e-02
1.378141343593597412e-02
1.377502176910638809e-02
1.434909086674451828e-02
1.302379928529262543e-02
1.388652995228767395e-02
1.402283366769552231e-02
1.369198039174079895e-02
1.325464248657226562e-02
1.385253947228193283e-02
1.357723120599985123e-02
1.345922984182834625e-02
1.342142745852470398e-02
1.393018290400505066e-02
1.481254398822784424e-02
1.430008187890052795e-02
1.357132289558649063e-02
1.394861098378896713e-02
1.427536923438310623e-02
1.357251126319169998e-02
1.433560624718666077e-02
1.383189484477043152e-02
1.396744884550571442e-02
1.043998543173074722e-02
1.431146264076232910e-02
1.426681224256753922e-02
1.377140264958143234e-02
1.427767239511013031e-02
1.404288690537214279e-02
1.359348092228174210e-02
1.353778503835201263e-02
1.351757440716028214e-02
1.067345682531595230e-02
1.396255567669868469e-02
1.348445378243923187e-02
1.360939815640449524e-02
1.438290998339653015e-02
1.397622469812631607e-02
1.305795833468437195e-02
1.410030201077461243e-02
1.437278371304273605e-02
1.430836599320173264e-02
1.402789354324340820e-02
1.403025910258293152e-02
1.295530796051025391e-02
1.325074955821037292e-02
1.306682545691728592e-02
1.041314844042062759e-02
1.377755962312221527e-02
1.449115667492151260e-02
1.470090355724096298e-02
1.399676129221916199e-02
1.512818969786167145e-02
1.139545440673828125e-02
1.324863731861114502e-02
1.374157425016164780e-02
1.233471557497978210e-02
1.402999833226203918e-02
1.457179989665746689e-02
1.302887219935655594e-02
1.069166418164968491e-02
1.408764719963073730e-02
1.394012011587619781e-02
1.477742474526166916e-02
1.358110271394252777e-02
1.426093839108943939e-02
1.277288794517517090e-02
1.376328431069850922e-02
1.407457329332828522e-02
1.417541783303022385e-02
1.396594848483800888e-02
1.394587755203247070e-02
1.282425317913293839e-02
1.410666480660438538e-02
1.457411050796508789e-02
1.452221069484949112e-02
1.130701508373022079e-02
8.464484475553035736e-03
1.157460175454616547e-02
1.331265829503536224e-02
1.389375235885381699e-02
1.370358187705278397e-02
1.374334935098886490e-02
1.395693421363830566e-02
1.354890782386064529e-02
1.210873108357191086e-02
1.420795265585184097e-02
1.332244556397199631e-02
1.401781197637319565e-02
1.350229419767856598e-02
1.311783120036125183e-02
1.409451011568307877e-02
1.427588704973459244e-02
1.409789547324180603e-02
1.458325609564781189e-02
9.186596609652042389e-03
1.355464849621057510e-02
1.427371893078088760e-02
1.336366496980190277e-02
1.390339061617851257e-02
1.251167338341474533e-02
1.363823935389518738e-02
1.374728325754404068e-02
1.402672752737998962e-02
1.378915272653102875e-02
1.493023429065942764e-02
9.042182005941867828e-03
1.414431724697351456e-02
1.401671767234802246e-02
1.373140420764684677e-02
1.358599308878183365e-02
1.341799739748239517e-02
1.406036410480737686e-02
1.437217835336923599e-02
1.409892644733190536e-02
1.262714620679616928e-02
1.343397796154022217e-02
1.157293375581502914e-02
1.425059232860803604e-02
1.400903705507516861e-02
1.387978158891201019e-02
1.370999217033386230e-02
1.355070713907480240e-02
1.440659817308187485e-02
1.340727135539054871e-02
1.375691313296556473e-02
1.271310448646545410e-02
1.399934850633144379e-02
1.390344183892011642e-02
1.325003523379564285e-02
1.215014141052961349e-02
1.318159699440002441e-02
1.399557013064622879e-02
1.413809135556221008e-02
1.296363677829504013e-02
1.431072968989610672e-02
1.383832469582557678e-02
1.340975239872932434e-02
1.403154525905847549e-02
1.409969944506883621e-02
1.239034626632928848e-02
1.404475513845682144e-02
1.369771640747785568e-02
1.454179827123880386e-02
1.195498183369636536e-02
1.375556550920009613e-02
1.371370255947113037e-02
1.420709863305091858e-02
1.342634763568639755e-02
1.446170825511217117e-02
1.368414238095283508e-02
1.440101861953735352e-02
1.408132910728454590e-02
1.340443547815084457e-02
1.398177817463874817e-02
1.428012829273939133e-02
1.265337131917476654e-02
1.408596709370613098e-02
1.428690459579229355e-02
1.373496931046247482e-02
1.252903137356042862e-02
1.440089009702205658e-02
1.350138708949089050e-02
1.454477105289697647e-02
1.381496991962194443e-02
1.393752451986074448e-02
1.342809200286865234e-02
1.367299910634756088e-02
1.304585579782724380e-02
1.397166773676872253e-02
1.389393489807844162e-02
1.420439127832651138e-02
1.365448441356420517e-02
1.399386022239923477e-02
1.387624070048332214e-02
1.384322438389062881e-02
1.384033169597387314e-02
1.428996399044990540e-02
1.369477156549692154e-02
1.406127773225307465e-02
1.391558069735765457e-02
1.448669750243425369e-02
1.362484972923994064e-02
1.311851665377616882e-02
1.432083640247583389e-02
1.361210737377405167e-02
1.412101462483406067e-02
8.568007498979568481e-03
1.405228767544031143e-02
1.414947118610143661e-02
1.435650885105133057e-02
1.010010950267314911e-02
1.499476376920938492e-02
1.309872791171073914e-02
1.452209055423736572e-02
1.376390736550092697e-02
1.363387051969766617e-02
1.378105487674474716e-02
1.129364315420389175e-02
1.441135723143815994e-02
1.431179605424404144e-02
1.365673448890447617e-02
1.404144428670406342e-02
1.367908995598554611e-02
1.410647388547658920e-02
1.416624989360570908e-02
1.452533621340990067e-02
1.210111379623413086e-02
1.399816852062940598e-02
1.391848362982273102e-02
1.422420144081115723e-02
1.375438552349805832e-02
1.410041842609643936e-02
1.105751190334558487e-02
1.349109690636396408e-02
1.132355537265539169e-02
1.439717411994934082e-02
1.397792343050241470e-02
1.402979809790849686e-02
1.385715045034885406e-02
1.441127993166446686e-02
1.299546100199222565e-02
1.374489720910787582e-02
1.419791299849748611e-02
1.344978250563144684e-02
1.421827357262372971e-02
1.433378178626298904e-02
1.358435768634080887e-02
9.271323680877685547e-03
1.456490252166986465e-02
1.418615598231554031e-02
1.424116827547550201e-02
1.365000661462545395e-02
1.350597664713859558e-02
1.368464529514312744e-02
1.260867714881896973e-02
1.319372095167636871e-02
1.358202472329139709e-02
1.192286703735589981e-02
1.402825396507978439e-02
1.308105513453483582e-02
1.413343194872140884e-02
1.362417731434106827e-02
9.451611898839473724e-03
1.358469389379024506e-02
1.424493826925754547e-02
1.455320417881011963e-02
1.441967766731977463e-02
1.411545835435390472e-02
1.467071566730737686e-02
1.380430068820714951e-02
1.385425962507724762e-02
1.359930261969566345e-02
1.355470623821020126e-02
1.440873835235834122e-02
1.410462893545627594e-02
1.177318114787340164e-02
1.344081759452819824e-02
1.381337363272905350e-02
1.405594032257795334e-02
7.651485968381166458e-03
1.203538104891777039e-02
1.364010851830244064e-02
1.434307731688022614e-02
1.366973202675580978e-02
1.339756604284048080e-02
1.394340675324201584e-02
1.417489722371101379e-02
1.380554400384426117e-02
1.304802671074867249e-02
1.368719898164272308e-02
1.414649840444326401e-02
1.342302467674016953e-02
1.413904782384634018e-02
1.393293216824531555e-02
1.171555556356906891e-02
1.341136638075113297e-02
9.085523895919322968e-03
1.366120018064975739e-02
1.393177825957536697e-02
1.401635725051164627e-02
1.347763929516077042e-02
1.398853585124015808e-02
1.409454643726348877e-02
1.358159817755222321e-02
1.291101891547441483e-02
1.460829656571149826e-02
1.407260540872812271e-02
1.354985032230615616e-02
1.312416419386863708e-02
1.342623308300971985e-02
1.452881377190351486e-02
1.361604966223239899e-02
1.030098740011453629e-02
1.360192243009805679e-02
1.388300955295562744e-02
1.428357046097517014e-02
1.371350325644016266e-02
1.420154795050621033e-02
9.435947984457015991e-03
1.390110328793525696e-02
1.329140644520521164e-02
1.454864814877510071e-02
1.379218697547912598e-02
1.422238443046808243e-02
1.432048995047807693e-02
1.349388994276523590e-02
1.444188039749860764e-02
1.363915856927633286e-02
1.419844944030046463e-02
1.400658395141363144e-02
1.367634814232587814e-02
1.383591815829277039e-02
1.441641524434089661e-02
1.404348853975534439e-02
7.787860464304685593e-03
1.344820857048034668e-02
1.399031560868024826e-02
1.371560618281364441e-02
1.365090906620025635e-02
1.410473603755235672e-02
1.358512602746486664e-02
1.394953206181526184e-02
1.375454012304544449e-02
1.392792817205190659e-02
1.404091436415910721e-02
1.353271584957838058e-02
1.434621494263410568e-02
1.335048023611307144e-02
1.396349910646677017e-02
1.398938894271850586e-02
1.455496530979871750e-02
1.382485870271921158e-02
1.407916471362113953e-02
1.407223381102085114e-02
1.358280237764120102e-02
1.439706422388553619e-02
1.389122847467660904e-02
1.426096912473440170e-02
1.352666411548852921e-02
1.245446596294641495e-02
1.333636604249477386e-02
1.273942831903696060e-02
1.337800081819295883e-02
1.304928679019212723e-02
1.395001448690891266e-02
1.466264761984348297e-02
1.406831480562686920e-02
1.431470550596714020e-02
1.398557703942060471e-02
1.375302113592624664e-02
1.433902885764837265e-02
1.387747284024953842e-02
1.418331358581781387e-02
1.456245500594377518e-02
1.353160385042428970e-02
1.420560479164123535e-02
1.364959403872489929e-02
1.361229643225669861e-02
1.346268411725759506e-02
1.131942681968212128e-02
1.404497865587472916e-02
1.361153088510036469e-02
1.344620622694492340e-02
1.327330805361270905e-02
1.423107180744409561e-02
1.402667444199323654e-02
1.257876772433519363e-02
1.358089130371809006e-02
9.579674340784549713e-03
1.290619373321533203e-02
1.349851768463850021e-02
1.445394754409790039e-02
1.405067648738622665e-02
1.384102739393711090e-02
1.392564177513122559e-02
1.431088242679834366e-02
1.402390003204345703e-02
1.383635122328996658e-02
1.406654063612222672e-02
1.392699871212244034e-02
1.272241398692131042e-02
1.260556373745203018e-02
1.434880774468183517e-02
1.394766289740800858e-02
1.399679854512214661e-02
1.415080111473798752e-02
1.363407168537378311e-02
1.437329966574907303e-02
1.412814576178789139e-02
9.266043081879615784e-03
1.372569147497415543e-02
1.417529489845037460e-02
1.363681349903345108e-02
1.435919385403394699e-02
1.413243450224399567e-02
1.413106545805931091e-02
1.420167088508605957e-02
1.256639137864112854e-02
1.366535946726799011e-02
1.018463447690010071e-02
1.381926145404577255e-02
1.385063026100397110e-02
1.431345380842685699e-02
1.330215856432914734e-02
1.268016453832387924e-02
1.430938765406608582e-02
1.430730149149894714e-02
1.391074340790510178e-02
1.442648749798536301e-02
1.406896114349365234e-02
1.386948768049478531e-02
1.422864198684692383e-02
1.389494817703962326e-02
1.357091870158910751e-02
1.359881833195686340e-02
1.365910563617944717e-02
1.379754301160573959e-02
1.414356473833322525e-02
1.386111881583929062e-02
1.383009552955627441e-02
1.487294398248195648e-02
1.364635862410068512e-02
1.312122587114572525e-02
1.158467307686805725e-02
1.300107873976230621e-02
1.442659460008144379e-02
1.427474617958068848e-02
1.412771362811326981e-02
1.385486964136362076e-02
1.375968847423791885e-02
1.423448324203491211e-02
1.382230874150991440e-02
1.444433256983757019e-02
1.441420707851648331e-02
1.395390927791595459e-02
1.404000166803598404e-02
1.387914735823869705e-02
1.340931933373212814e-02
1.410307828336954117e-02
1.436202600598335266e-02
1.413008850067853928e-02
1.440797839313745499e-02
1.360177900642156601e-02
1.317182183265686035e-02
1.266003213822841644e-02
1.390599086880683899e-02
1.341428514569997787e-02
1.371312793344259262e-02
1.425988040864467621e-02
1.415822189301252365e-02
1.348815951496362686e-02
1.410850975662469864e-02
1.437365356832742691e-02
1.444912329316139221e-02
1.336072292178869247e-02
1.455165352672338486e-02
1.308285351842641830e-02
1.327276136726140976e-02
1.357379835098981857e-02
1.352088805288076401e-02
8.208452723920345306e-03
1.369345467537641525e-02
1.434381026774644852e-02
1.440276857465505600e-02
1.357054710388183594e-02
1.282740477472543716e-02
1.431402564048767090e-02
1.430049445480108261e-02
1.082154829055070877e-02
1.405023969709873199e-02
1.283552404493093491e-02
1.430976763367652893e-02
1.347704511135816574e-02
1.384811662137508392e-02
1.372179947793483734e-02
1.371305342763662338e-02
1.248372439295053482e-02
1.360668893903493881e-02
1.393364742398262024e-02
1.335799321532249451e-02
1.414394006133079529e-02
1.429797150194644928e-02
1.430854760110378265e-02
1.393440738320350647e-02
1.429155189543962479e-02
1.434212084859609604e-02
1.104097440838813782e-02
1.444832049310207367e-02
1.368256565183401108e-02
1.401947811245918274e-02
1.314454711973667145e-02
1.372348144650459290e-02
1.447723712772130966e-02
1.359626930207014084e-02
1.413688901811838150e-02
1.395756844431161880e-02
1.385404821485280991e-02
1.403908059000968933e-02
1.465106941759586334e-02
1.399435009807348251e-02
1.345401164144277573e-02
1.418665330857038498e-02
1.413001026958227158e-02
1.013597752898931503e-02
1.383464410901069641e-02
1.316929981112480164e-02
1.108401454985141754e-02
1.421219389885663986e-02
1.365202665328979492e-02
1.399578526616096497e-02
1.364661101251840591e-02
1.295018475502729416e-02
1.396845653653144836e-02
1.460687909275293350e-02
1.329904515296220779e-02
1.420714892446994781e-02
1.320869289338588715e-02
1.361156161874532700e-02
1.444997545331716537e-02
1.351722516119480133e-02
1.470836345106363297e-02
1.402815617620944977e-02
1.400036737322807312e-02
1.436776202172040939e-02
1.371935103088617325e-02
1.335546746850013733e-02
1.042194198817014694e-02
1.372544374316930771e-02
1.406301464885473251e-02
1.314317528158426285e-02
