<system>Protocol: Active. Attitude: Sassy.</system>
5.582150071859359741e-02
5.484751611948013306e-02
6.004649400711059570e-02
6.030849367380142212e-02
5.771608278155326843e-02
5.837053060531616211e-02
5.455388128757476807e-02
5.289487540721893311e-02
6.758712977170944214e-02
6.459599733352661133e-02
5.515745654702186584e-02
5.842558294534683228e-02
6.614062935113906860e-02
5.744929611682891846e-02
5.710605531930923462e-02
4.849714040756225586e-02
5.379541218280792236e-02
6.301508843898773193e-02
5.799043178558349609e-02
5.984118580818176270e-02
6.082747131586074829e-02
6.058857217431068420e-02
5.798652395606040955e-02
5.401640385389328003e-02
5.343068763613700867e-02
5.786599963903427124e-02
5.923205614089965820e-02
6.029782816767692566e-02
6.509526073932647705e-02
4.844978451728820801e-02
5.518994480371475220e-02
5.941342562437057495e-02
7.032210379838943481e-02
5.998483672738075256e-02
6.318628787994384766e-02
5.988764017820358276e-02
6.134591251611709595e-02
5.295603722333908081e-02
6.404142081737518311e-02
5.712466314435005188e-02
5.978757888078689575e-02
5.584233254194259644e-02
6.026887148618698120e-02
6.096748262643814087e-02
6.406609714031219482e-02
6.409747898578643799e-02
5.264919251203536987e-02
5.989097058773040771e-02
6.079135835170745850e-02
5.884445458650588989e-02
5.654388666152954102e-02
6.292518973350524902e-02
5.716609582304954529e-02
6.274301558732986450e-02
5.683456733822822571e-02
4.835121706128120422e-02
6.035111844539642334e-02
5.740778148174285889e-02
5.312382429838180542e-02
5.781186372041702271e-02
5.786519870162010193e-02
5.488462001085281372e-02
6.566124409437179565e-02
6.035177409648895264e-02
5.981360375881195068e-02
5.473393946886062622e-02
5.231247097253799438e-02
5.031540617346763611e-02
6.205956265330314636e-02
6.048550829291343689e-02
5.547475069761276245e-02
5.198642611503601074e-02
4.978375509381294250e-02
6.071959435939788818e-02
5.996481329202651978e-02
6.174501031637191772e-02
5.494873598217964172e-02
4.931201040744781494e-02
5.676572024822235107e-02
4.549499601125717163e-02
5.922053754329681396e-02
5.730574205517768860e-02
5.189215391874313354e-02
6.154684349894523621e-02
5.762572586536407471e-02
5.987543985247612000e-02
4.964878410100936890e-02
5.720420926809310913e-02
5.626861751079559326e-02
5.403475463390350342e-02
5.427129566669464111e-02
6.119747832417488098e-02
4.425866901874542236e-02
6.065492331981658936e-02
6.322760879993438721e-02
6.105563044548034668e-02
6.473943591117858887e-02
5.597418174147605896e-02
5.995769798755645752e-02
6.000205501914024353e-02
6.085479259490966797e-02
5.405407398939132690e-02
6.176374852657318115e-02
5.181615054607391357e-02
6.653963029384613037e-02
5.320254713296890259e-02
5.503998696804046631e-02
5.997567623853683472e-02
5.934541672468185425e-02
6.260131299495697021e-02
5.473252385854721069e-02
5.759232118725776672e-02
5.991251766681671143e-02
5.970700085163116455e-02
5.894125998020172119e-02
5.962340161204338074e-02
6.723842024803161621e-02
6.147742271423339844e-02
5.608224868774414062e-02
6.264975666999816895e-02
5.788712203502655029e-02
5.868376791477203369e-02
5.500341206789016724e-02
5.895185843110084534e-02
5.892617627978324890e-02
5.785319209098815918e-02
5.539517849683761597e-02
5.594737082719802856e-02
4.727226495742797852e-02
5.823101103305816650e-02
6.019071862101554871e-02
5.911596864461898804e-02
5.371800065040588379e-02
6.377731263637542725e-02
5.735794454813003540e-02
5.295299738645553589e-02
5.098761618137359619e-02
5.392467975616455078e-02
6.266950070858001709e-02
5.139099806547164917e-02
5.564048886299133301e-02
5.139574408531188965e-02
5.188247561454772949e-02
5.761025473475456238e-02
5.703136697411537170e-02
5.970665812492370605e-02
5.254760012030601501e-02
5.816819518804550171e-02
5.841169506311416626e-02
6.075186654925346375e-02
5.715935677289962769e-02
6.574459373950958252e-02
5.679116025567054749e-02
6.297104060649871826e-02
5.928117781877517700e-02
5.974777787923812866e-02
5.498959869146347046e-02
4.891220852732658386e-02
5.873298645019531250e-02
5.703381076455116272e-02
5.628501623868942261e-02
5.205222964286804199e-02
5.246432498097419739e-02
5.512009188532829285e-02
5.226292461156845093e-02
5.925629287958145142e-02
5.333895236253738403e-02
6.877666711807250977e-02
6.087394058704376221e-02
5.919695645570755005e-02
6.161423400044441223e-02
5.931926518678665161e-02
5.993603914976119995e-02
5.871529132127761841e-02
5.553193017840385437e-02
5.449703335762023926e-02
5.614650994539260864e-02
5.500788986682891846e-02
5.840259417891502380e-02
5.364817380905151367e-02
5.689633637666702271e-02
6.226095557212829590e-02
5.024689435958862305e-02
5.891294404864311218e-02
6.018169969320297241e-02
5.246630311012268066e-02
5.696623772382736206e-02
5.772059783339500427e-02
6.274431198835372925e-02
6.193440407514572144e-02
5.148739740252494812e-02
6.712487339973449707e-02
5.712891370058059692e-02
5.214314162731170654e-02
5.953029915690422058e-02
5.409681051969528198e-02
5.806788057088851929e-02
6.365483999252319336e-02
6.118406355381011963e-02
5.949822813272476196e-02
5.009721964597702026e-02
6.737264990806579590e-02
5.688037723302841187e-02
5.854725092649459839e-02
5.566703528165817261e-02
5.908738076686859131e-02
5.573235824704170227e-02
6.483034789562225342e-02
6.802109628915786743e-02
5.849263072013854980e-02
6.047386676073074341e-02
5.416394025087356567e-02
5.837996676564216614e-02
5.376875028014183044e-02
6.247151643037796021e-02
5.764707922935485840e-02
6.058444455265998840e-02
5.168612301349639893e-02
5.553252995014190674e-02
5.377279967069625854e-02
6.530112028121948242e-02
5.077324807643890381e-02
6.088119000196456909e-02
6.223927438259124756e-02
5.066238343715667725e-02
5.357915908098220825e-02
5.829207226634025574e-02
6.094538047909736633e-02
5.740584060549736023e-02
5.700055137276649475e-02
5.964973568916320801e-02
5.138260871171951294e-02
5.313886702060699463e-02
5.983023345470428467e-02
5.460780858993530273e-02
5.735689401626586914e-02
5.743847042322158813e-02
6.491569429636001587e-02
5.483983084559440613e-02
5.107062682509422302e-02
6.103555113077163696e-02
6.071139872074127197e-02
6.065743416547775269e-02
5.733856558799743652e-02
5.017779394984245300e-02
5.865371972322463989e-02
5.726526677608489990e-02
5.894562974572181702e-02
5.465331673622131348e-02
6.002223491668701172e-02
6.117140129208564758e-02
5.586247146129608154e-02
5.781542509794235229e-02
5.660185962915420532e-02
5.887945741415023804e-02
5.520879477262496948e-02
6.927878409624099731e-02
5.618941038846969604e-02
5.897369235754013062e-02
5.898723006248474121e-02
5.814679712057113647e-02
5.412399768829345703e-02
5.206750333309173584e-02
6.101634725928306580e-02
5.386229231953620911e-02
5.808547884225845337e-02
5.365138128399848938e-02
5.707638338208198547e-02
6.459394842386245728e-02
5.874072760343551636e-02
6.051717698574066162e-02
5.900365859270095825e-02
5.355772376060485840e-02
5.467506125569343567e-02
5.053751170635223389e-02
5.417769774794578552e-02
5.040910094976425171e-02
6.781539320945739746e-02
5.646852403879165649e-02
5.874348059296607971e-02
5.889171361923217773e-02
5.940343439579010010e-02
5.949801206588745117e-02
5.744572728872299194e-02
5.821474641561508179e-02
5.761823430657386780e-02
5.944674834609031677e-02
6.109385192394256592e-02
5.402693897485733032e-02
5.397492647171020508e-02
6.419773399829864502e-02
5.941510573029518127e-02
4.984055459499359131e-02
6.120038777589797974e-02
6.025985628366470337e-02
5.426894128322601318e-02
5.361893028020858765e-02
5.462621897459030151e-02
6.111862510442733765e-02
6.045889109373092651e-02
5.959971621632575989e-02
5.097192525863647461e-02
5.657619982957839966e-02
5.897450447082519531e-02
5.643197149038314819e-02
6.129530817270278931e-02
4.956847429275512695e-02
5.855229496955871582e-02
4.977399110794067383e-02
5.614133551716804504e-02
6.429574638605117798e-02
6.161510571837425232e-02
5.505570769309997559e-02
5.112602561712265015e-02
5.550537258386611938e-02
5.930530279874801636e-02
5.375760048627853394e-02
5.287488549947738647e-02
6.393094360828399658e-02
5.970477685332298279e-02
6.659176945686340332e-02
5.381887406110763550e-02
5.751099810004234314e-02
5.279447138309478760e-02
5.499751865863800049e-02
5.293246731162071228e-02
5.748541280627250671e-02
5.910225957632064819e-02
6.392371654510498047e-02
5.975180119276046753e-02
5.789504200220108032e-02
5.949528142809867859e-02
5.940931290388107300e-02
5.548508465290069580e-02
5.314882099628448486e-02
5.315386876463890076e-02
6.286528706550598145e-02
5.991841107606887817e-02
5.522924661636352539e-02
5.494387075304985046e-02
5.354673415422439575e-02
6.353600323200225830e-02
5.712394788861274719e-02
5.684085562825202942e-02
5.462171882390975952e-02
6.764642894268035889e-02
6.125868111848831177e-02
5.590680241584777832e-02
6.385496258735656738e-02
6.742977350950241089e-02
5.774649977684020996e-02
5.733433738350868225e-02
5.307876691222190857e-02
5.981653928756713867e-02
6.205923110246658325e-02
5.935334414243698120e-02
5.494825169444084167e-02
5.811516195535659790e-02
6.095922365784645081e-02
4.725205898284912109e-02
5.720862373709678650e-02
5.810138210654258728e-02
5.984282493591308594e-02
5.399558693170547485e-02
5.273358523845672607e-02
6.447003781795501709e-02
6.252800673246383667e-02
5.423131585121154785e-02
6.001959368586540222e-02
5.666038393974304199e-02
5.572193115949630737e-02
6.201023608446121216e-02
5.485475435853004456e-02
6.540307402610778809e-02
6.472365558147430420e-02
5.910225212574005127e-02
6.989523768424987793e-02
4.782471433281898499e-02
5.275846645236015320e-02
6.176460906863212585e-02
5.061635747551918030e-02
5.051691085100173950e-02
5.740503221750259399e-02
5.356565117835998535e-02
5.537547171115875244e-02
5.939047038555145264e-02
5.550032109022140503e-02
6.132929027080535889e-02
4.829518496990203857e-02
6.167062744498252869e-02
6.457810103893280029e-02
5.592744052410125732e-02
5.411154031753540039e-02
5.579939484596252441e-02
6.237797439098358154e-02
5.596589297056198120e-02
5.666101723909378052e-02
5.376731604337692261e-02
6.147644296288490295e-02
6.340878456830978394e-02
5.822869390249252319e-02
6.109137460589408875e-02
6.676019728183746338e-02
5.818011984229087830e-02
5.985915288329124451e-02
5.146280676126480103e-02
5.958863720297813416e-02
5.192051082849502563e-02
5.396598204970359802e-02
5.887009575963020325e-02
6.555460393428802490e-02
5.631810054183006287e-02
5.070488899946212769e-02
5.675712227821350098e-02
4.655183851718902588e-02
4.554056376218795776e-02
6.248985230922698975e-02
5.710907280445098877e-02
5.904880538582801819e-02
4.847622662782669067e-02
6.012383475899696350e-02
4.970490932464599609e-02
4.841617122292518616e-02
7.087611407041549683e-02
5.079491809010505676e-02
6.096832454204559326e-02
5.441950261592864990e-02
5.209954082965850830e-02
5.774462968111038208e-02
5.796417593955993652e-02
5.542844906449317932e-02
6.019797176122665405e-02
5.481220036745071411e-02
6.699435412883758545e-02
5.450258404016494751e-02
5.383962765336036682e-02
6.611756235361099243e-02
5.310290679335594177e-02
6.439866125583648682e-02
5.792474746704101562e-02
5.500846356153488159e-02
5.787645280361175537e-02
5.302282422780990601e-02
6.238043680787086487e-02
5.218906700611114502e-02
6.381817907094955444e-02
5.037470161914825439e-02
5.136251449584960938e-02
5.822042375802993774e-02
5.366278439760208130e-02
5.194493755698204041e-02
5.976011231541633606e-02
5.631700530648231506e-02
6.076415628194808960e-02
6.019223108887672424e-02
6.169915571808815002e-02
6.384778022766113281e-02
5.555170029401779175e-02
5.089474469423294067e-02
5.718008056282997131e-02
6.385212391614913940e-02
5.659687891602516174e-02
5.609498545527458191e-02
5.755328387022018433e-02
5.671704933047294617e-02
5.051092058420181274e-02
4.565554857254028320e-02
5.613999068737030029e-02
6.337445974349975586e-02
5.788270756602287292e-02
5.548383295536041260e-02
5.926554650068283081e-02
5.119922757148742676e-02
5.744967982172966003e-02
6.009723618626594543e-02
5.801887065172195435e-02
6.081388890743255615e-02
5.421338602900505066e-02
6.130470335483551025e-02
6.160428747534751892e-02
6.182215362787246704e-02
5.505525320768356323e-02
6.343460083007812500e-02
5.803433805704116821e-02
6.284733116626739502e-02
5.978893861174583435e-02
6.335429847240447998e-02
5.787375196814537048e-02
5.952075123786926270e-02
6.293575465679168701e-02
6.069148331880569458e-02
6.021245568990707397e-02
6.193929910659790039e-02
5.426804721355438232e-02
5.273617804050445557e-02
6.255864351987838745e-02
5.100717395544052124e-02
5.465027689933776855e-02
5.494637414813041687e-02
4.959513992071151733e-02
5.342690646648406982e-02
5.981525033712387085e-02
5.709312483668327332e-02
5.133032426238059998e-02
6.411266326904296875e-02
6.100661680102348328e-02
5.935061350464820862e-02
5.931248143315315247e-02
5.181913077831268311e-02
5.688315629959106445e-02
6.243716925382614136e-02
6.202429533004760742e-02
6.027566641569137573e-02
5.813562124967575073e-02
6.045054644346237183e-02
5.282664671540260315e-02
6.795082986354827881e-02
5.833794921636581421e-02
5.317905917763710022e-02
5.847586691379547119e-02
5.725386366248130798e-02
5.663710832595825195e-02
5.798901617527008057e-02
5.133942514657974243e-02
5.065462738275527954e-02
6.162353605031967163e-02
6.089190021157264709e-02
5.706762149930000305e-02
4.647431895136833191e-02
5.572323501110076904e-02
6.224271655082702637e-02
4.955246299505233765e-02
5.823987722396850586e-02
6.059360504150390625e-02
6.235958635807037354e-02
5.016428232192993164e-02
5.441103130578994751e-02
6.392623484134674072e-02
5.345050245523452759e-02
5.997869372367858887e-02
6.073767691850662231e-02
5.990721657872200012e-02
5.831806361675262451e-02
5.207563191652297974e-02
6.431344151496887207e-02
6.277679651975631714e-02
5.507405102252960205e-02
5.231351405382156372e-02
5.744847282767295837e-02
4.542838037014007568e-02
5.973659455776214600e-02
4.619624465703964233e-02
5.919114127755165100e-02
6.124375760555267334e-02
6.152748316526412964e-02
6.237107142806053162e-02
6.014256179332733154e-02
5.666827410459518433e-02
6.066159158945083618e-02
6.192006170749664307e-02
6.273441016674041748e-02
5.789587646722793579e-02
5.449568480253219604e-02
6.022491306066513062e-02
6.052746623754501343e-02
5.354882031679153442e-02
5.411825701594352722e-02
5.420555919408798218e-02
5.469443649053573608e-02
5.142372101545333862e-02
5.657893419265747070e-02
5.761772021651268005e-02
5.548876523971557617e-02
5.793686583638191223e-02
5.601482838392257690e-02
5.585870891809463501e-02
5.690322816371917725e-02
6.344807893037796021e-02
6.191782280802726746e-02
6.148028373718261719e-02
5.331344157457351685e-02
4.963289946317672729e-02
5.968859791755676270e-02
6.209683045744895935e-02
5.605503916740417480e-02
6.410375237464904785e-02
4.901362210512161255e-02
5.717263370752334595e-02
6.297767162322998047e-02
5.598050355911254883e-02
6.335775554180145264e-02
5.750207602977752686e-02
5.919650942087173462e-02
5.475698038935661316e-02
5.845770239830017090e-02
5.833240225911140442e-02
5.709325522184371948e-02
5.925355851650238037e-02
5.636818706989288330e-02
5.734094977378845215e-02
5.691390484571456909e-02
5.864616110920906067e-02
6.129228323698043823e-02
5.416317656636238098e-02
5.063177645206451416e-02
5.477448552846908569e-02
5.638857185840606689e-02
5.702704936265945435e-02
4.958277568221092224e-02
6.020445376634597778e-02
5.774429067969322205e-02
6.693474203348159790e-02
5.268406122922897339e-02
6.479209661483764648e-02
5.677467212080955505e-02
6.282775104045867920e-02
5.670675262808799744e-02
6.868515908718109131e-02
5.123206600546836853e-02
5.975143611431121826e-02
5.651514232158660889e-02
5.141022801399230957e-02
5.746678635478019714e-02
6.030622869729995728e-02
5.475864559412002563e-02
5.651731789112091064e-02
6.242355704307556152e-02
5.262902006506919861e-02
5.415639653801918030e-02
6.024290621280670166e-02
5.101131275296211243e-02
6.468117982149124146e-02
5.920662358403205872e-02
5.093109980225563049e-02
5.173587799072265625e-02
5.750565975904464722e-02
5.832071602344512939e-02
6.414723396301269531e-02
5.635553970932960510e-02
5.346923694014549255e-02
5.638935416936874390e-02
5.451302975416183472e-02
5.302813649177551270e-02
4.894702881574630737e-02
6.150981411337852478e-02
6.355051696300506592e-02
5.481973290443420410e-02
5.778801068663597107e-02
5.085760354995727539e-02
5.032192915678024292e-02
5.472851544618606567e-02
6.197073310613632202e-02
5.426005646586418152e-02
5.878387391567230225e-02
5.378858372569084167e-02
4.922616481781005859e-02
5.443378537893295288e-02
6.036024540662765503e-02
5.946747958660125732e-02
6.000766903162002563e-02
5.039358884096145630e-02
4.653326421976089478e-02
5.774244293570518494e-02
6.264028698205947876e-02
5.086299031972885132e-02
5.791995674371719360e-02
5.635743588209152222e-02
5.754233151674270630e-02
6.345102936029434204e-02
5.908264964818954468e-02
6.034009158611297607e-02
6.082542985677719116e-02
5.895756930112838745e-02
5.661309510469436646e-02
5.692290142178535461e-02
6.182476878166198730e-02
5.562321841716766357e-02
6.469099223613739014e-02
6.292176991701126099e-02
5.476300045847892761e-02
5.418172106146812439e-02
5.374564602971076965e-02
5.555565655231475830e-02
5.960980802774429321e-02
6.417141109704971313e-02
5.620170757174491882e-02
6.053166463971138000e-02
6.044960021972656250e-02
6.125804781913757324e-02
5.500771850347518921e-02
5.522168427705764771e-02
5.761674046516418457e-02
5.753155797719955444e-02
5.982794612646102905e-02
5.920503288507461548e-02
4.864269122481346130e-02
5.914964526891708374e-02
5.583384260535240173e-02
5.774424225091934204e-02
6.032507866621017456e-02
5.355208739638328552e-02
6.046596914529800415e-02
5.047243461012840271e-02
5.577398464083671570e-02
5.556575953960418701e-02
6.425143778324127197e-02
6.176908314228057861e-02
5.254293978214263916e-02
5.258238315582275391e-02
5.404046177864074707e-02
6.365290284156799316e-02
5.744651332497596741e-02
6.243233382701873779e-02
5.205439776182174683e-02
5.747932940721511841e-02
5.978045240044593811e-02
5.810241028666496277e-02
5.814320221543312073e-02
6.410545855760574341e-02
5.851583927869796753e-02
5.865255743265151978e-02
5.674148723483085632e-02
5.674254149198532104e-02
6.066245585680007935e-02
6.038552895188331604e-02
5.532523244619369507e-02
5.951295047998428345e-02
5.556489527225494385e-02
6.303390860557556152e-02
5.802524089813232422e-02
6.158627569675445557e-02
5.161497741937637329e-02
5.849696695804595947e-02
5.906495451927185059e-02
5.944772809743881226e-02
5.187556147575378418e-02
5.932331830263137817e-02
5.586152151226997375e-02
6.000756472349166870e-02
6.235488504171371460e-02
5.748549848794937134e-02
5.444641411304473877e-02
5.855619907379150391e-02
6.655208021402359009e-02
4.896486550569534302e-02
6.332486867904663086e-02
5.196524411439895630e-02
5.597150325775146484e-02
5.713383853435516357e-02
4.931934922933578491e-02
6.137363240122795105e-02
5.393911153078079224e-02
5.213929712772369385e-02
5.517368763685226440e-02
5.363171175122261047e-02
5.761685967445373535e-02
6.227763369679450989e-02
5.848629772663116455e-02
5.800671502947807312e-02
6.102685257792472839e-02
5.737021937966346741e-02
5.694545805454254150e-02
5.724216625094413757e-02
6.260414421558380127e-02
5.548484623432159424e-02
5.241545289754867554e-02
6.256139278411865234e-02
5.593505501747131348e-02
4.871135950088500977e-02
6.731215119361877441e-02
5.737493932247161865e-02
6.111098453402519226e-02
5.486385524272918701e-02
5.886663496494293213e-02
6.246454268693923950e-02
5.878072232007980347e-02
5.430318415164947510e-02
5.651389807462692261e-02
5.583265423774719238e-02
6.152056902647018433e-02
5.934882164001464844e-02
5.889307707548141479e-02
5.315287411212921143e-02
4.619399458169937134e-02
6.025607138872146606e-02
6.215925887227058411e-02
5.479545518755912781e-02
5.025666579604148865e-02
5.556623637676239014e-02
5.929763242602348328e-02
5.675372481346130371e-02
6.110674142837524414e-02
6.144296377897262573e-02
5.924630165100097656e-02
5.650836229324340820e-02
5.937431007623672485e-02
5.518500506877899170e-02
5.807879567146301270e-02
4.989316314458847046e-02
5.584193393588066101e-02
6.475209444761276245e-02
5.995291471481323242e-02
5.388808995485305786e-02
4.824229702353477478e-02
5.427636578679084778e-02
5.594047904014587402e-02
5.213599279522895813e-02
5.430812016129493713e-02
6.034869700670242310e-02
5.725251138210296631e-02
5.181285738945007324e-02
5.976784974336624146e-02
5.720130354166030884e-02
5.565689504146575928e-02
5.374889075756072998e-02
5.502022057771682739e-02
6.383241713047027588e-02
5.564498528838157654e-02
5.753175169229507446e-02
5.489975959062576294e-02
5.699901655316352844e-02
5.561275035142898560e-02
6.302265822887420654e-02
4.799269139766693115e-02
5.654554069042205811e-02
5.583832785487174988e-02
5.348194390535354614e-02
5.695997923612594604e-02
5.264463648200035095e-02
5.690634250640869141e-02
5.842247232794761658e-02
5.713007599115371704e-02
5.983944982290267944e-02
5.463194474577903748e-02
5.397253483533859253e-02
6.540691107511520386e-02
6.556266546249389648e-02
6.107965111732482910e-02
5.343472212553024292e-02
5.795859172940254211e-02
6.244873255491256714e-02
5.841188132762908936e-02
6.248085573315620422e-02
5.702368170022964478e-02
6.318777799606323242e-02
5.738098546862602234e-02
5.870586633682250977e-02
5.226650834083557129e-02
5.227033793926239014e-02
5.525627359747886658e-02
6.366189569234848022e-02
5.878701061010360718e-02
5.651780590415000916e-02
6.429694592952728271e-02
5.691596493124961853e-02
6.242811307311058044e-02
6.639129668474197388e-02
6.586994975805282593e-02
5.749515071511268616e-02
4.968930408358573914e-02
5.770720541477203369e-02
5.750323459506034851e-02
5.318185314536094666e-02
6.450524926185607910e-02
6.252105534076690674e-02
5.566726252436637878e-02
5.393305793404579163e-02
6.555740535259246826e-02
5.830021575093269348e-02
5.566460266709327698e-02
6.181836500763893127e-02
5.822929739952087402e-02
5.529682338237762451e-02
5.897930264472961426e-02
5.300686508417129517e-02
5.799987167119979858e-02
5.571692809462547302e-02
5.181286856532096863e-02
5.025755614042282104e-02
5.585303157567977905e-02
5.731192231178283691e-02
5.511239916086196899e-02
6.109369546175003052e-02
6.254012137651443481e-02
5.791414901614189148e-02
6.168132647871971130e-02
5.299375951290130615e-02
5.942340195178985596e-02
5.627360194921493530e-02
6.220165267586708069e-02
5.795071274042129517e-02
6.201064214110374451e-02
5.601429194211959839e-02
6.024965271353721619e-02
5.620487034320831299e-02
6.109245866537094116e-02
5.245844647288322449e-02
5.052625387907028198e-02
5.088826268911361694e-02
5.933900550007820129e-02
5.743767321109771729e-02
6.248247995972633362e-02
5.414380878210067749e-02
5.593355745077133179e-02
5.149133503437042236e-02
5.107422173023223877e-02
5.909315496683120728e-02
5.903514102101325989e-02
5.263012647628784180e-02
5.157232284545898438e-02
6.093248724937438965e-02
5.369500070810317993e-02
5.359480530023574829e-02
5.561153590679168701e-02
5.933985114097595215e-02
6.303015351295471191e-02
5.668321996927261353e-02
5.330776423215866089e-02
5.496574565768241882e-02
4.710557311773300171e-02
6.805713474750518799e-02
5.921075120568275452e-02
6.015104427933692932e-02
5.645914375782012939e-02
5.256262049078941345e-02
5.814335495233535767e-02
5.395466089248657227e-02
5.889256671071052551e-02
5.619303509593009949e-02
5.510169267654418945e-02
6.514717638492584229e-02
5.717115104198455811e-02
6.257992237806320190e-02
5.212729796767234802e-02
5.287890136241912842e-02
5.369145423173904419e-02
5.920574069023132324e-02
5.457844957709312439e-02
6.404049694538116455e-02
6.505307555198669434e-02
5.259136855602264404e-02
5.958369746804237366e-02
5.807802453637123108e-02
5.234536156058311462e-02
6.443513929843902588e-02
5.991907417774200439e-02
5.558788776397705078e-02
5.962290987372398376e-02
5.693486705422401428e-02
5.737607926130294800e-02
6.540163606405258179e-02
5.967642739415168762e-02
5.797878280282020569e-02
6.355915963649749756e-02
5.699819698929786682e-02
6.197461113333702087e-02
5.203562974929809570e-02
5.765296146273612976e-02
5.670028924942016602e-02
5.180407315492630005e-02
5.567377060651779175e-02
6.861563026905059814e-02
5.777657404541969299e-02
6.306207180023193359e-02
5.744030326604843140e-02
5.225726217031478882e-02
5.301887914538383484e-02
6.190818548202514648e-02
6.299389898777008057e-02
5.778137221932411194e-02
6.139000877737998962e-02
5.415265634655952454e-02
5.437006801366806030e-02
5.713526159524917603e-02
5.595625936985015869e-02
5.508023500442504883e-02
5.105641856789588928e-02
4.994472861289978027e-02
4.813488572835922241e-02
5.763544142246246338e-02
6.412735581398010254e-02
5.290624126791954041e-02
6.539367139339447021e-02
5.021460354328155518e-02
5.119977891445159912e-02
5.824270844459533691e-02
6.001487746834754944e-02
5.475885421037673950e-02
5.718326568603515625e-02
5.796219408512115479e-02
5.267511308193206787e-02
5.294521898031234741e-02
6.134229898452758789e-02
5.883343517780303955e-02
6.406251341104507446e-02
4.830188304185867310e-02
6.056348234415054321e-02
5.288146436214447021e-02
5.696006491780281067e-02
5.967985466122627258e-02
5.628885701298713684e-02
4.873360320925712585e-02
5.520178377628326416e-02
6.062134355306625366e-02
6.172655522823333740e-02
5.323844030499458313e-02
5.066676437854766846e-02
5.201621726155281067e-02
5.720467120409011841e-02
5.650307983160018921e-02
5.754311382770538330e-02
5.617343634366989136e-02
6.435643136501312256e-02
4.595895111560821533e-02
5.657988786697387695e-02
5.743400752544403076e-02
6.636022031307220459e-02
6.211122125387191772e-02
5.826790630817413330e-02
5.432315543293952942e-02
5.182683095335960388e-02
6.431756913661956787e-02
5.436329543590545654e-02
4.932341724634170532e-02
5.368550866842269897e-02
5.207934230566024780e-02
5.162409693002700806e-02
4.854965209960937500e-02
5.797382444143295288e-02
6.344503909349441528e-02
5.707061663269996643e-02
5.463975667953491211e-02
6.204929947853088379e-02
5.632070079445838928e-02
5.097555369138717651e-02
5.794002115726470947e-02
6.011271476745605469e-02
4.543499648571014404e-02
5.877429991960525513e-02
6.187384948134422302e-02
5.978615581989288330e-02
5.734719336032867432e-02
6.036023050546646118e-02
6.534712016582489014e-02
5.982719734311103821e-02
5.629856884479522705e-02
5.185586214065551758e-02
6.048261374235153198e-02
5.992940813302993774e-02
5.587472766637802124e-02
6.045937538146972656e-02
5.810667946934700012e-02
5.824756994843482971e-02
5.849322304129600525e-02
5.304627120494842529e-02
5.406176298856735229e-02
6.061797589063644409e-02
5.760298669338226318e-02
5.726588517427444458e-02
6.098853796720504761e-02
5.310838669538497925e-02
6.006794795393943787e-02
6.363808363676071167e-02
5.836747214198112488e-02
5.153797194361686707e-02
5.493813753128051758e-02
5.543130636215209961e-02
5.856821313500404358e-02
6.472047418355941772e-02
6.311227381229400635e-02
6.097357347607612610e-02
5.569784343242645264e-02
5.329046025872230530e-02
6.198485195636749268e-02
5.925397947430610657e-02
5.531455203890800476e-02
6.717967242002487183e-02
5.580646544694900513e-02
5.516021698713302612e-02
6.271219253540039062e-02
6.059287488460540771e-02
5.761683732271194458e-02
5.783043801784515381e-02
5.954032018780708313e-02
5.529006943106651306e-02
5.945221334695816040e-02
6.215056404471397400e-02
5.260140448808670044e-02
5.716936290264129639e-02
6.548925489187240601e-02
5.311476066708564758e-02
6.911069154739379883e-02
6.150509417057037354e-02
4.934554919600486755e-02
5.534386634826660156e-02
5.223476514220237732e-02
5.271428078413009644e-02
6.406746804714202881e-02
5.563750863075256348e-02
6.213017553091049194e-02
4.918231815099716187e-02
5.726102739572525024e-02
6.677813827991485596e-02
5.785600095987319946e-02
6.121600419282913208e-02
6.376023590564727783e-02
5.602677166461944580e-02
5.488618463277816772e-02
6.514132022857666016e-02
5.436031520366668701e-02
5.701177567243576050e-02
5.780628323554992676e-02
5.183503404259681702e-02
5.885733291506767273e-02
5.478753149509429932e-02
5.566406250000000000e-02
5.979437008500099182e-02
5.361094698309898376e-02
5.314199626445770264e-02
6.271266937255859375e-02
6.261734664440155029e-02
6.292764842510223389e-02
5.190786719322204590e-02
6.343968212604522705e-02
5.991155654191970825e-02
6.586009263992309570e-02
5.332210659980773926e-02
6.137767806649208069e-02
6.447377800941467285e-02
5.039772763848304749e-02
6.461279839277267456e-02
5.482703447341918945e-02
5.442346259951591492e-02
5.671838670969009399e-02
5.065011233091354370e-02
5.539111047983169556e-02
6.404282152652740479e-02
6.447575986385345459e-02
5.687707662582397461e-02
5.608557909727096558e-02
5.536847561597824097e-02
5.262329801917076111e-02
5.744637548923492432e-02
6.167706102132797241e-02
5.251250416040420532e-02
5.788704007863998413e-02
5.536554381251335144e-02
5.777473747730255127e-02
5.325748771429061890e-02
5.307262763381004333e-02
6.220883131027221680e-02
5.790562927722930908e-02
6.537931412458419800e-02
5.544894933700561523e-02
6.185511127114295959e-02
6.453586369752883911e-02
5.425509810447692871e-02
5.658796429634094238e-02
5.765512585639953613e-02
6.514163315296173096e-02
5.843967199325561523e-02
5.982422083616256714e-02
6.341592967510223389e-02
5.998299270868301392e-02
5.019438266754150391e-02
6.011178717017173767e-02
5.999335646629333496e-02
5.399428680539131165e-02
6.240882724523544312e-02
6.357091665267944336e-02
5.489977821707725525e-02
6.563887000083923340e-02
5.811085179448127747e-02
5.057338997721672058e-02
5.717790126800537109e-02
5.484204366803169250e-02
5.919206887483596802e-02
5.850936472415924072e-02
5.259677395224571228e-02
5.744232982397079468e-02
5.646749585866928101e-02
5.397159606218338013e-02
5.520690232515335083e-02
5.228697508573532104e-02
5.414949357509613037e-02
5.792674422264099121e-02
5.382799357175827026e-02
5.085983872413635254e-02
5.987646430730819702e-02
4.905851185321807861e-02
5.852365121245384216e-02
5.094468593597412109e-02
6.181370466947555542e-02
5.214887112379074097e-02
5.506241321563720703e-02
5.673402547836303711e-02
5.171211063861846924e-02
6.094499677419662476e-02
5.803313106298446655e-02
5.832812562584877014e-02
5.261048674583435059e-02
5.712416768074035645e-02
5.895023047924041748e-02
6.150269880890846252e-02
5.348134040832519531e-02
5.232969671487808228e-02
5.658244341611862183e-02
6.241244077682495117e-02
6.193160265684127808e-02
5.767621845006942749e-02
5.190512537956237793e-02
5.075822770595550537e-02
5.050735548138618469e-02
6.078762561082839966e-02
5.484715104103088379e-02
5.614230781793594360e-02
5.245590209960937500e-02
6.118183583021163940e-02
6.213704869151115417e-02
5.941248312592506409e-02
6.704369187355041504e-02
6.339661777019500732e-02
4.912839829921722412e-02
6.323310732841491699e-02
5.546683073043823242e-02
6.035667657852172852e-02
6.039762869477272034e-02
5.753924325108528137e-02
4.613160341978073120e-02
4.925190657377243042e-02
4.537586867809295654e-02
5.927793681621551514e-02
5.154376849532127380e-02
4.994284361600875854e-02
6.993100047111511230e-02
5.841100215911865234e-02
6.127113476395606995e-02
5.958967655897140503e-02
5.910099297761917114e-02
5.988311767578125000e-02
4.890872538089752197e-02
6.087605282664299011e-02
5.579780787229537964e-02
5.440333858132362366e-02
5.559375509619712830e-02
5.675886943936347961e-02
5.017822608351707458e-02
5.777788162231445312e-02
4.943880066275596619e-02
6.362184137105941772e-02
5.473074689507484436e-02
5.993952229619026184e-02
6.903697550296783447e-02
5.507186427712440491e-02
5.672466754913330078e-02
5.540623143315315247e-02
5.060385912656784058e-02
5.750342458486557007e-02
5.352173000574111938e-02
5.159938707947731018e-02
5.609998106956481934e-02
5.179228633642196655e-02
6.173052638769149780e-02
5.294179916381835938e-02
5.332539230585098267e-02
5.773108452558517456e-02
7.193084806203842163e-02
5.948565900325775146e-02
6.066019088029861450e-02
5.306352302432060242e-02
5.691289901733398438e-02
5.813421681523323059e-02
6.482261419296264648e-02
6.204576790332794189e-02
5.701738595962524414e-02
6.873229146003723145e-02
5.916657298803329468e-02
5.522287636995315552e-02
5.929643288254737854e-02
5.802676454186439514e-02
5.385416746139526367e-02
6.633203476667404175e-02
5.739192292094230652e-02
5.544496327638626099e-02
5.857884138822555542e-02
5.662764608860015869e-02
7.245046645402908325e-02
6.300763040781021118e-02
5.596996098756790161e-02
5.773988366127014160e-02
5.920218303799629211e-02
5.625683069229125977e-02
5.150473117828369141e-02
5.890633165836334229e-02
5.548607558012008667e-02
5.910558253526687622e-02
5.685545876622200012e-02
6.098497658967971802e-02
5.486885085701942444e-02
6.213157251477241516e-02
6.139418110251426697e-02
5.516533553600311279e-02
5.927135050296783447e-02
5.755807459354400635e-02
5.558913201093673706e-02
6.157238781452178955e-02
5.732485651969909668e-02
5.305527150630950928e-02
5.759436264634132385e-02
5.749174952507019043e-02
5.859081447124481201e-02
5.562748014926910400e-02
5.618583410978317261e-02
5.481896549463272095e-02
5.724390968680381775e-02
6.301786750555038452e-02
6.002275645732879639e-02
6.205534189939498901e-02
5.286512523889541626e-02
6.413581967353820801e-02
5.283868312835693359e-02
5.628715455532073975e-02
5.914365127682685852e-02
6.054795905947685242e-02
6.622589379549026489e-02
5.954873561859130859e-02
6.060110032558441162e-02
5.984060466289520264e-02
5.666761472821235657e-02
6.051406264305114746e-02
5.813788622617721558e-02
6.470441818237304688e-02
5.374992266297340393e-02
5.936467275023460388e-02
6.254468858242034912e-02
6.390044838190078735e-02
5.448243767023086548e-02
5.407533794641494751e-02
6.810357421636581421e-02
5.609567090868949890e-02
5.565350502729415894e-02
5.118420720100402832e-02
5.858145281672477722e-02
4.887092113494873047e-02
6.246661022305488586e-02
6.192427128553390503e-02
4.930558800697326660e-02
5.076812952756881714e-02
5.264700949192047119e-02
5.445157364010810852e-02
5.973167717456817627e-02
5.275484919548034668e-02
5.385617911815643311e-02
6.522096693515777588e-02
5.387580394744873047e-02
5.439499393105506897e-02
6.009199842810630798e-02
5.625598505139350891e-02
6.157996505498886108e-02
6.444314122200012207e-02
5.666320025920867920e-02
5.890285968780517578e-02
5.743026360869407654e-02
5.846738070249557495e-02
5.939592421054840088e-02
5.979006364941596985e-02
5.416662618517875671e-02
5.282514542341232300e-02
6.106676161289215088e-02
6.246563047170639038e-02
6.015600264072418213e-02
5.597903206944465637e-02
5.569028481841087341e-02
6.077655404806137085e-02
5.574453622102737427e-02
6.129104644060134888e-02
5.381905287504196167e-02
6.264129281044006348e-02
5.714471638202667236e-02
6.441736966371536255e-02
6.399989128112792969e-02
5.508542060852050781e-02
5.258457362651824951e-02
5.357938632369041443e-02
5.896729603409767151e-02
5.761393159627914429e-02
6.450122594833374023e-02
5.189128220081329346e-02
6.034265458583831787e-02
6.122549623250961304e-02
5.370876938104629517e-02
5.111354589462280273e-02
6.443905830383300781e-02
5.579627305269241333e-02
5.714057385921478271e-02
6.369198113679885864e-02
6.436361372470855713e-02
5.837069079279899597e-02
6.290689110755920410e-02
5.852969363331794739e-02
5.705899000167846680e-02
5.225134640932083130e-02
5.555975809693336487e-02
6.176247075200080872e-02
5.783119052648544312e-02
6.395019590854644775e-02
5.210413038730621338e-02
5.813243240118026733e-02
5.548782646656036377e-02
5.108868330717086792e-02
5.464052408933639526e-02
6.098985299468040466e-02
5.876684188842773438e-02
5.951365083456039429e-02
5.141407251358032227e-02
5.862952396273612976e-02
6.107298657298088074e-02
6.177776306867599487e-02
5.169984325766563416e-02
5.836159363389015198e-02
4.695003852248191833e-02
6.477638334035873413e-02
5.441228300333023071e-02
6.118664517998695374e-02
5.599586293101310730e-02
5.206940695643424988e-02
6.362586468458175659e-02
6.606944650411605835e-02
5.254558473825454712e-02
5.832464993000030518e-02
5.975038185715675354e-02
5.928891524672508240e-02
6.553646922111511230e-02
5.609348043799400330e-02
5.922455340623855591e-02
5.334951728582382202e-02
5.860816687345504761e-02
5.870707705616950989e-02
6.328955292701721191e-02
6.475801765918731689e-02
5.831306427717208862e-02
4.860131442546844482e-02
5.869855731725692749e-02
4.807829856872558594e-02
4.937993735074996948e-02
5.988397821784019470e-02
5.387624353170394897e-02
5.806100741028785706e-02
6.140960752964019775e-02
6.088541448116302490e-02
6.299930065870285034e-02
6.014382839202880859e-02
5.893110111355781555e-02
5.250219255685806274e-02
5.696445703506469727e-02
5.186690390110015869e-02
5.444303900003433228e-02
5.859085172414779663e-02
5.853758007287979126e-02
5.234737321734428406e-02
5.723425745964050293e-02
5.698605254292488098e-02
5.785477161407470703e-02
5.965261161327362061e-02
5.781600996851921082e-02
5.913455784320831299e-02
6.000479683279991150e-02
5.722523480653762817e-02
5.517816543579101562e-02
6.032300740480422974e-02
5.655365809798240662e-02
5.225558578968048096e-02
5.690842121839523315e-02
5.792637914419174194e-02
5.780893191695213318e-02
6.482768058776855469e-02
6.271030008792877197e-02
5.833412706851959229e-02
5.359320715069770813e-02
6.071703135967254639e-02
5.624779313802719116e-02
5.081079900264739990e-02
6.058404594659805298e-02
5.441929399967193604e-02
5.157361924648284912e-02
5.746441334486007690e-02
5.784270912408828735e-02
6.165882200002670288e-02
5.474640056490898132e-02
6.080405041575431824e-02
5.704504996538162231e-02
6.880047917366027832e-02
5.252129957079887390e-02
5.914908275008201599e-02
5.170855671167373657e-02
5.725987255573272705e-02
6.737336516380310059e-02
5.369228124618530273e-02
6.148523092269897461e-02
6.605888903141021729e-02
5.829776823520660400e-02
5.489891394972801208e-02
5.186381191015243530e-02
5.704373866319656372e-02
5.470516905188560486e-02
6.028930470347404480e-02
6.007397547364234924e-02
5.085246264934539795e-02
5.388339608907699585e-02
5.957860872149467468e-02
5.738117173314094543e-02
6.125732511281967163e-02
5.823387578129768372e-02
5.798525363206863403e-02
5.484249442815780640e-02
5.600139126181602478e-02
5.649705231189727783e-02
5.189597606658935547e-02
5.798366665840148926e-02
6.396325677633285522e-02
6.070126593112945557e-02
5.727056413888931274e-02
6.337164342403411865e-02
5.963404476642608643e-02
6.207564100623130798e-02
5.819090455770492554e-02
5.456417798995971680e-02
5.826749652624130249e-02
5.563445761799812317e-02
6.145089864730834961e-02
5.435229465365409851e-02
5.158606171607971191e-02
5.972029268741607666e-02
5.737366899847984314e-02
6.277122348546981812e-02
5.326159670948982239e-02
5.813047289848327637e-02
6.148092076182365417e-02
6.458213180303573608e-02
6.008494645357131958e-02
5.659630522131919861e-02
5.928102880716323853e-02
5.020411312580108643e-02
6.451454758644104004e-02
6.444583833217620850e-02
4.804185777902603149e-02
5.538484454154968262e-02
5.268992483615875244e-02
5.788114666938781738e-02
5.997952446341514587e-02
6.172930076718330383e-02
5.785522609949111938e-02
5.708622187376022339e-02
6.121557578444480896e-02
5.078577250242233276e-02
6.857144087553024292e-02
5.748436599969863892e-02
5.405024066567420959e-02
5.468224734067916870e-02
6.018876284360885620e-02
4.974250495433807373e-02
5.609007924795150757e-02
5.905174463987350464e-02
5.956996977329254150e-02
5.445946007966995239e-02
5.194907635450363159e-02
6.162055581808090210e-02
6.078433245420455933e-02
5.749202519655227661e-02
6.230438873171806335e-02
6.443610787391662598e-02
5.534483492374420166e-02
5.550006404519081116e-02
5.759561061859130859e-02
5.822379142045974731e-02
5.851448327302932739e-02
6.376008689403533936e-02
6.103661656379699707e-02
6.117723882198333740e-02
5.854848027229309082e-02
6.145641580224037170e-02
6.110056489706039429e-02
6.356264650821685791e-02
5.910679697990417480e-02
5.267127975821495056e-02
5.277246236801147461e-02
6.776043027639389038e-02
5.477748811244964600e-02
6.239660829305648804e-02
4.665303975343704224e-02
6.073901802301406860e-02
6.028084084391593933e-02
5.539163947105407715e-02
6.185471266508102417e-02
6.141824275255203247e-02
6.013378500938415527e-02
5.835863575339317322e-02
5.702485889196395874e-02
5.980379879474639893e-02
5.535827577114105225e-02
5.430134385824203491e-02
5.472476407885551453e-02
5.778479576110839844e-02
5.955995991826057434e-02
5.909490585327148438e-02
5.436202511191368103e-02
5.598001182079315186e-02
5.817243456840515137e-02
5.634200200438499451e-02
6.254509836435317993e-02
5.954334884881973267e-02
5.046977847814559937e-02
5.918776988983154297e-02
6.262824684381484985e-02
5.166105926036834717e-02
6.260675191879272461e-02
5.346337705850601196e-02
5.696945264935493469e-02
5.177227407693862915e-02
5.845796316862106323e-02
5.030783265829086304e-02
5.991315841674804688e-02
5.617139115929603577e-02
5.882733315229415894e-02
6.043600291013717651e-02
6.070417910814285278e-02
6.218288838863372803e-02
5.981247872114181519e-02
5.528811365365982056e-02
5.447815358638763428e-02
5.516207218170166016e-02
5.930701270699501038e-02
5.683387070894241333e-02
6.111497431993484497e-02
6.718850135803222656e-02
5.150907859206199646e-02
5.369036644697189331e-02
6.680324673652648926e-02
5.988948047161102295e-02
5.909142643213272095e-02
5.815779417753219604e-02
6.359878182411193848e-02
6.056771427392959595e-02
6.143879145383834839e-02
6.210093200206756592e-02
5.703016370534896851e-02
5.669393762946128845e-02
6.147059798240661621e-02
6.315597891807556152e-02
5.705689638853073120e-02
4.773360490798950195e-02
6.003853678703308105e-02
6.241020932793617249e-02
5.221054702997207642e-02
4.761531949043273926e-02
5.978146940469741821e-02
5.716846138238906860e-02
5.447204411029815674e-02
6.057266145944595337e-02
6.110136955976486206e-02
5.427351966500282288e-02
6.165140122175216675e-02
5.461809039115905762e-02
5.201905220746994019e-02
4.749517887830734253e-02
5.954071506857872009e-02
5.707111954689025879e-02
5.164565145969390869e-02
6.010589376091957092e-02
6.115061789751052856e-02
5.354922264814376831e-02
6.016381084918975830e-02
6.188408285379409790e-02
5.256452038884162903e-02
5.544630438089370728e-02
5.722853168845176697e-02
5.761954933404922485e-02
5.929027870297431946e-02
6.043513119220733643e-02
5.861236155033111572e-02
5.374293029308319092e-02
6.207570061087608337e-02
5.478857085108757019e-02
5.495964735746383667e-02
6.102196127176284790e-02
5.926657095551490784e-02
5.657404661178588867e-02
5.250135436654090881e-02
6.488162279129028320e-02
6.228747218847274780e-02
5.990916490554809570e-02
7.033087313175201416e-02
5.941684544086456299e-02
5.741887539625167847e-02
5.797228217124938965e-02
5.579331517219543457e-02
5.922341346740722656e-02
5.279272049665451050e-02
5.542370304465293884e-02
5.547834932804107666e-02
5.833996832370758057e-02
4.726960510015487671e-02
5.231983959674835205e-02
5.742335692048072815e-02
5.288686230778694153e-02
5.881462991237640381e-02
6.525749713182449341e-02
5.089095234870910645e-02
4.984325915575027466e-02
6.356754899024963379e-02
5.977528542280197144e-02
5.949820578098297119e-02
5.053059011697769165e-02
5.653958767652511597e-02
5.804009735584259033e-02
5.800309032201766968e-02
5.151811614632606506e-02
5.878802761435508728e-02
6.453558057546615601e-02
5.350136756896972656e-02
5.448388308286666870e-02
5.467882007360458374e-02
5.539365112781524658e-02
5.840095505118370056e-02
5.796711519360542297e-02
5.800133198499679565e-02
5.812450125813484192e-02
5.881417915225028992e-02
6.083598732948303223e-02
6.784970313310623169e-02
5.166137963533401489e-02
5.854911729693412781e-02
5.761821195483207703e-02
5.528875812888145447e-02
5.730727314949035645e-02
6.461706757545471191e-02
6.784307956695556641e-02
6.074263527989387512e-02
5.706033483147621155e-02
6.222558766603469849e-02
5.929198116064071655e-02
6.457974761724472046e-02
5.394824966788291931e-02
5.825426429510116577e-02
6.186167895793914795e-02
6.291709840297698975e-02
5.748343467712402344e-02
6.167146563529968262e-02
4.775969311594963074e-02
5.180850625038146973e-02
5.693832412362098694e-02
5.985550954937934875e-02
5.233006179332733154e-02
5.790586397051811218e-02
5.866776406764984131e-02
6.279389560222625732e-02
6.390403211116790771e-02
5.489620938897132874e-02
5.744114890694618225e-02
5.803573876619338989e-02
6.531753391027450562e-02
5.440460145473480225e-02
5.963510647416114807e-02
5.638497695326805115e-02
6.492063403129577637e-02
5.879863351583480835e-02
5.804016813635826111e-02
5.631898716092109680e-02
6.296837329864501953e-02
5.682445317506790161e-02
5.463825166225433350e-02
6.373190134763717651e-02
5.254228413105010986e-02
6.203811615705490112e-02
5.614157021045684814e-02
5.752274394035339355e-02
5.578261986374855042e-02
6.001457571983337402e-02
5.101822689175605774e-02
5.669665709137916565e-02
5.910678952932357788e-02
5.172695219516754150e-02
6.137990206480026245e-02
6.283459812402725220e-02
5.809326469898223877e-02
5.251050367951393127e-02
5.681502446532249451e-02
5.932532995939254761e-02
6.343533098697662354e-02
6.065238267183303833e-02
5.630020052194595337e-02
5.771172791719436646e-02
6.166068464517593384e-02
6.279157847166061401e-02
6.538662314414978027e-02
5.624058097600936890e-02
4.744772613048553467e-02
5.723102018237113953e-02
5.435051769018173218e-02
6.185775250196456909e-02
4.751278460025787354e-02
5.452070385217666626e-02
5.556261539459228516e-02
5.225446447730064392e-02
6.285291910171508789e-02
5.751547962427139282e-02
5.908885598182678223e-02
6.802792847156524658e-02
5.637135356664657593e-02
6.017433479428291321e-02
6.080743670463562012e-02
4.938051849603652954e-02
5.506865680217742920e-02
5.739279836416244507e-02
4.901430383324623108e-02
6.353501230478286743e-02
6.251938641071319580e-02
5.201110243797302246e-02
5.376388132572174072e-02
6.191025674343109131e-02
6.320892274379730225e-02
6.296051293611526489e-02
6.048444658517837524e-02
5.710228532552719116e-02
6.248876452445983887e-02
5.826259404420852661e-02
5.821588635444641113e-02
5.851576477289199829e-02
5.386079847812652588e-02
5.766087770462036133e-02
5.851212143898010254e-02
6.573333591222763062e-02
5.425617843866348267e-02
5.423376709222793579e-02
5.056764930486679077e-02
5.421194434165954590e-02
5.748198181390762329e-02
5.789109319448471069e-02
5.919150263071060181e-02
6.296185404062271118e-02
5.465795844793319702e-02
5.728368088603019714e-02
6.054170802235603333e-02
5.719322711229324341e-02
5.724045634269714355e-02
5.768904834985733032e-02
6.137091293931007385e-02
6.006428971886634827e-02
5.906590819358825684e-02
5.890470743179321289e-02
5.596445128321647644e-02
5.716619640588760376e-02
5.973854660987854004e-02
6.240216642618179321e-02
5.675484985113143921e-02
5.379248410463333130e-02
6.622792780399322510e-02
5.633367598056793213e-02
6.185635924339294434e-02
6.747466325759887695e-02
5.640338361263275146e-02
6.358925998210906982e-02
6.242065876722335815e-02
5.295236408710479736e-02
5.993725359439849854e-02
5.609133839607238770e-02
6.801246106624603271e-02
4.969470947980880737e-02
5.386190861463546753e-02
5.207704752683639526e-02
5.796163156628608704e-02
5.947106704115867615e-02
5.784846842288970947e-02
6.407358497381210327e-02
5.883419141173362732e-02
5.673238262534141541e-02
6.306553632020950317e-02
5.376429110765457153e-02
5.498878285288810730e-02
5.904076620936393738e-02
6.197752058506011963e-02
6.279931962490081787e-02
6.010396033525466919e-02
5.886388570070266724e-02
5.713997408747673035e-02
5.431286245584487915e-02
5.397436022758483887e-02
6.029454246163368225e-02
5.667185783386230469e-02
6.126585975289344788e-02
4.709956794977188110e-02
5.785028636455535889e-02
5.813961476087570190e-02
5.357296764850616455e-02
5.240205675363540649e-02
5.900986865162849426e-02
5.068961158394813538e-02
5.836951732635498047e-02
5.691133439540863037e-02
5.561352521181106567e-02
6.145137920975685120e-02
5.620032176375389099e-02
6.731629371643066406e-02
5.974277481436729431e-02
5.826207995414733887e-02
5.396213755011558533e-02
6.160549074411392212e-02
6.201853603124618530e-02
6.432846188545227051e-02
6.325727701187133789e-02
5.482212826609611511e-02
6.005670130252838135e-02
6.401366740465164185e-02
5.961170047521591187e-02
4.831683635711669922e-02
5.375966057181358337e-02
6.427809596061706543e-02
6.093455851078033447e-02
6.603969633579254150e-02
5.819662660360336304e-02
5.898228287696838379e-02
6.155180558562278748e-02
6.115453317761421204e-02
5.297513678669929504e-02
5.960576236248016357e-02
5.516804009675979614e-02
5.950680747628211975e-02
6.442623585462570190e-02
6.011704355478286743e-02
5.473327636718750000e-02
5.410813167691230774e-02
5.637793987989425659e-02
6.368003040552139282e-02
6.273713707923889160e-02
5.532888695597648621e-02
5.471115186810493469e-02
6.019370630383491516e-02
5.179370939731597900e-02
6.046397238969802856e-02
5.582246929407119751e-02
4.939675331115722656e-02
5.284579843282699585e-02
6.327869743108749390e-02
6.038222461938858032e-02
6.338060647249221802e-02
5.087336152791976929e-02
5.472914874553680420e-02
5.181804671883583069e-02
5.592645704746246338e-02
5.882769078016281128e-02
5.520154535770416260e-02
5.282074958086013794e-02
5.339469388127326965e-02
5.193702131509780884e-02
5.430481210350990295e-02
6.099880486726760864e-02
5.909956991672515869e-02
5.047101527452468872e-02
5.633008480072021484e-02
5.420707166194915771e-02
6.222430616617202759e-02
6.163977459073066711e-02
6.542812287807464600e-02
5.628250539302825928e-02
5.723228305578231812e-02
5.503667145967483521e-02
5.081612616777420044e-02
5.606877803802490234e-02
5.500305444002151489e-02
6.394749134778976440e-02
5.888114497065544128e-02
5.607470124959945679e-02
4.985016584396362305e-02
6.381622701883316040e-02
6.512115895748138428e-02
6.055584922432899475e-02
5.931094288825988770e-02
5.172441154718399048e-02
5.467350780963897705e-02
4.799863696098327637e-02
6.158307194709777832e-02
6.161293387413024902e-02
5.742895603179931641e-02
5.782100185751914978e-02
5.673498660326004028e-02
6.200375407934188843e-02
5.708664655685424805e-02
5.748072639107704163e-02
5.501583591103553772e-02
5.511312186717987061e-02
6.361319869756698608e-02
5.580403655767440796e-02
5.405438691377639771e-02
6.287246942520141602e-02
5.604069679975509644e-02
6.142338365316390991e-02
7.108856737613677979e-02
5.863737687468528748e-02
5.521607026457786560e-02
5.445628613233566284e-02
6.125924363732337952e-02
5.933111160993576050e-02
5.957841873168945312e-02
4.781799763441085815e-02
5.374927818775177002e-02
6.359580159187316895e-02
5.832813680171966553e-02
6.191229075193405151e-02
6.149751693010330200e-02
4.951536282896995544e-02
5.798657611012458801e-02
5.876889079809188843e-02
6.480979919433593750e-02
5.608001351356506348e-02
6.638248264789581299e-02
5.785832554101943970e-02
6.121852248907089233e-02
6.341678649187088013e-02
5.777726322412490845e-02
6.793066859245300293e-02
5.815179646015167236e-02
5.714087933301925659e-02
5.882867425680160522e-02
5.738375708460807800e-02
6.326931715011596680e-02
6.116908788681030273e-02
6.199530139565467834e-02
6.257579475641250610e-02
5.228532850742340088e-02
6.110110133886337280e-02
5.540584400296211243e-02
5.387546867132186890e-02
6.627708673477172852e-02
5.405227467417716980e-02
5.035896599292755127e-02
6.215923279523849487e-02
5.252826586365699768e-02
5.356620252132415771e-02
5.887496471405029297e-02
5.841586738824844360e-02
5.765357613563537598e-02
5.256012082099914551e-02
5.176192894577980042e-02
6.474264711141586304e-02
5.971398949623107910e-02
5.106995999813079834e-02
6.107454746961593628e-02
5.073174089193344116e-02
