<system>Protocol: Active. Attitude: Sassy.</system>
1.445781625807285309e-02
1.718735694885253906e-02
1.601286418735980988e-02
1.377146132290363312e-02
1.599281281232833862e-02
1.488372031599283218e-02
1.715215668082237244e-02
1.678813807666301727e-02
1.457000896334648132e-02
1.645367220044136047e-02
1.609108969569206238e-02
1.658653095364570618e-02
1.496764551848173141e-02
1.535359676927328110e-02
1.756277307868003845e-02
1.632304489612579346e-02
1.602077856659889221e-02
1.705242320895195007e-02
1.592263206839561462e-02
1.780374720692634583e-02
1.496389135718345642e-02
1.570496335625648499e-02
1.586799882352352142e-02
1.589920371770858765e-02
1.453742478042840958e-02
1.705045625567436218e-02
1.460733730345964432e-02
1.636141538619995117e-02
1.778450235724449158e-02
1.454797293990850449e-02
1.843590848147869110e-02
1.597266830503940582e-02
