<system>Protocol: Active. Attitude: Sassy.</system>
1.599799282848834991e-02
1.506571285426616669e-02
1.685225218534469604e-02
1.390458177775144577e-02
1.703483425080776215e-02
1.724423654377460480e-02
9.905931539833545685e-03
1.997253298759460449e-02
1.510849781334400177e-02
1.642287895083427429e-02
1.656183600425720215e-02
1.848673261702060699e-02
1.914457231760025024e-02
1.614103652536869049e-02
1.796519756317138672e-02
1.783899590373039246e-02
2.012909576296806335e-02
1.887689530849456787e-02
1.607891172170639038e-02
1.893142983317375183e-02
1.615010574460029602e-02
1.646871306002140045e-02
1.622687838971614838e-02
1.730418577790260315e-02
1.724537089467048645e-02
1.656107604503631592e-02
1.820658706128597260e-02
1.652429811656475067e-02
1.317120995372533798e-02
1.553959865123033524e-02
1.062775403261184692e-02
1.629211008548736572e-02
1.886134222149848938e-02
1.688442379236221313e-02
1.547821797430515289e-02
1.430162973701953888e-02
1.573805138468742371e-02
1.754168048501014709e-02
1.646046154201030731e-02
1.672405563294887543e-02
1.478969678282737732e-02
1.677183434367179871e-02
1.781940646469593048e-02
1.407502777874469757e-02
1.980171725153923035e-02
1.452761702239513397e-02
1.513807475566864014e-02
1.838453859090805054e-02
1.690084487199783325e-02
1.476849801838397980e-02
1.382429152727127075e-02
1.646278612315654755e-02
1.301609352231025696e-02
1.707147993147373199e-02
1.599593833088874817e-02
1.457966305315494537e-02
1.604886725544929504e-02
1.599667593836784363e-02
1.772282272577285767e-02
1.562476623803377151e-02
1.541725080460309982e-02
1.635754853487014771e-02
2.000113390386104584e-02
1.382762752473354340e-02
