<system>Protocol: Active. Attitude: Sassy.</system>
1.048251055181026459e-02
1.030505914241075516e-02
1.085725240409374237e-02
1.219525188207626343e-02
1.071301102638244629e-02
1.174295414239168167e-02
1.051172055304050446e-02
1.058289315551519394e-02
1.056354492902755737e-02
1.084422878921031952e-02
1.055654417723417282e-02
1.034866645932197571e-02
1.121009886264801025e-02
1.074316911399364471e-02
1.014124043285846710e-02
1.097205653786659241e-02
1.115033403038978577e-02
1.037457585334777832e-02
1.040505897253751755e-02
1.026494614779949188e-02
1.070184446871280670e-02
1.055264845490455627e-02
1.024356111884117126e-02
1.055175997316837311e-02
1.063354033976793289e-02
1.041673775762319565e-02
1.050871144980192184e-02
1.103106141090393066e-02
1.036304607987403870e-02
1.056800130754709244e-02
1.053712423890829086e-02
1.025520451366901398e-02
1.022036001086235046e-02
1.035801973193883896e-02
1.056458987295627594e-02
1.007747277617454529e-02
1.033044233918190002e-02
1.051109097898006439e-02
1.048893295228481293e-02
1.063129957765340805e-02
1.028068829327821732e-02
1.099551375955343246e-02
1.126075536012649536e-02
1.047686487436294556e-02
1.047831214964389801e-02
1.299865916371345520e-02
1.073183305561542511e-02
1.154702715575695038e-02
1.024155318737030029e-02
1.069890428334474564e-02
1.093078404664993286e-02
1.052609365433454514e-02
1.042322628200054169e-02
1.020910032093524933e-02
1.069335546344518661e-02
1.072157733142375946e-02
1.055925432592630386e-02
1.069477386772632599e-02
1.046971511095762253e-02
1.069435290992259979e-02
1.036755181849002838e-02
1.038631796836853027e-02
1.104914397001266479e-02
1.043891720473766327e-02
1.094347797334194183e-02
1.027160976082086563e-02
1.040895655751228333e-02
1.029123086482286453e-02
1.029136963188648224e-02
1.109625957906246185e-02
1.205412857234477997e-02
1.137910597026348114e-02
1.017073076218366623e-02
1.070378534495830536e-02
1.078764721751213074e-02
1.024881470948457718e-02
1.059982366859912872e-02
1.029304228723049164e-02
1.045407541096210480e-02
1.184874773025512695e-02
1.008152775466442108e-02
1.111714541912078857e-02
1.037120819091796875e-02
1.075953058898448944e-02
1.013505831360816956e-02
1.124689728021621704e-02
9.970283135771751404e-03
1.020941883325576782e-02
1.054059341549873352e-02
1.026195660233497620e-02
1.044620759785175323e-02
1.026117894798517227e-02
1.006736233830451965e-02
1.043472066521644592e-02
1.021317951381206512e-02
1.329079084098339081e-02
1.013163570314645767e-02
1.037058699876070023e-02
1.141626108437776566e-02
1.037901081144809723e-02
1.073873415589332581e-02
1.097436435520648956e-02
1.026797294616699219e-02
1.057961024343967438e-02
1.260695047676563263e-02
1.038483716547489166e-02
1.010564435273408890e-02
1.110740564763545990e-02
1.039561815559864044e-02
1.073084212839603424e-02
1.015925034880638123e-02
1.048935391008853912e-02
1.056804973632097244e-02
1.020018476992845535e-02
1.006756536662578583e-02
1.012740656733512878e-02
1.057636737823486328e-02
1.153363659977912903e-02
1.069352589547634125e-02
1.012617908418178558e-02
1.109997928142547607e-02
1.072929054498672485e-02
1.037865504622459412e-02
1.054012775421142578e-02
1.034248527139425278e-02
1.049825549125671387e-02
1.057306397706270218e-02
1.114705577492713928e-02
1.021570712327957153e-02
1.049179490655660629e-02
1.017572265118360519e-02
1.037332974374294281e-02
1.040373556315898895e-02
1.065022684633731842e-02
1.068221498280763626e-02
1.055893301963806152e-02
1.074163056910037994e-02
1.025772932916879654e-02
1.037565618753433228e-02
1.070771273225545883e-02
1.030870154500007629e-02
9.973797015845775604e-03
1.058363914489746094e-02
1.028107572346925735e-02
1.032930705696344376e-02
1.096479222178459167e-02
1.077196560800075531e-02
1.131358835846185684e-02
1.038144901394844055e-02
1.070136390626430511e-02
1.229073666036128998e-02
1.030039880424737930e-02
1.042830850929021835e-02
1.017005369067192078e-02
1.076090894639492035e-02
1.001696567982435226e-02
9.865951724350452423e-03
1.017757877707481384e-02
1.066482625901699066e-02
1.014925260096788406e-02
1.055982895195484161e-02
1.043700426816940308e-02
1.040411740541458130e-02
1.060517318546772003e-02
1.039359159767627716e-02
1.077492535114288330e-02
1.086002867668867111e-02
1.055312622338533401e-02
1.071627996861934662e-02
1.058027707040309906e-02
1.038935966789722443e-02
1.087311841547489166e-02
1.037135720252990723e-02
1.086577028036117554e-02
1.046950556337833405e-02
1.113550271838903427e-02
1.055201794952154160e-02
1.070841215550899506e-02
1.064964849501848221e-02
1.150490809231996536e-02
1.023389585316181183e-02
1.063285209238529205e-02
1.061686314642429352e-02
1.041093654930591583e-02
1.137499511241912842e-02
1.060822699218988419e-02
1.008210331201553345e-02
1.021358370780944824e-02
1.039132755249738693e-02
1.067912299185991287e-02
1.052214019000530243e-02
1.044025737792253494e-02
1.025111787021160126e-02
1.008653547614812851e-02
1.175569836050271988e-02
1.022955961525440216e-02
1.126427017152309418e-02
1.045979373157024384e-02
1.109771244227886200e-02
1.062009204179048538e-02
1.102180406451225281e-02
1.039497554302215576e-02
1.045832596719264984e-02
1.059913821518421173e-02
1.059128437191247940e-02
1.082598883658647537e-02
1.013717986643314362e-02
1.040587108582258224e-02
1.069725211709737778e-02
1.058386079967021942e-02
1.088906265795230865e-02
1.051496434956789017e-02
1.155995018780231476e-02
1.036034896969795227e-02
1.074509695172309875e-02
1.067925989627838135e-02
1.072234660387039185e-02
9.936319664120674133e-03
1.023809425532817841e-02
1.024441048502922058e-02
1.122308522462844849e-02
1.101963780820369720e-02
1.066432520747184753e-02
1.434518583118915558e-02
1.086741685867309570e-02
1.004418730735778809e-02
1.043693907558917999e-02
1.040512509644031525e-02
1.040632557123899460e-02
1.045675482600927353e-02
1.030497346073389053e-02
1.160866860300302505e-02
1.039044652134180069e-02
1.019265037029981613e-02
1.015186868607997894e-02
1.091080810874700546e-02
1.044691726565361023e-02
1.104620285332202911e-02
1.070430129766464233e-02
1.084459014236927032e-02
1.072064787149429321e-02
1.052624918520450592e-02
1.089510880410671234e-02
1.048676390200853348e-02
1.062311977148056030e-02
1.072088163346052170e-02
1.059653423726558685e-02
1.069726236164569855e-02
1.043292228132486343e-02
1.025832816958427429e-02
1.034237816929817200e-02
1.120199542492628098e-02
1.012555602937936783e-02
1.005652453750371933e-02
1.046273484826087952e-02
1.103887520730495453e-02
1.013323664665222168e-02
1.031308714300394058e-02
1.029061526060104370e-02
1.069318503141403198e-02
1.053900830447673798e-02
1.021663658320903778e-02
9.858079254627227783e-03
9.916439652442932129e-03
1.059751212596893311e-02
1.024645194411277771e-02
1.040775328874588013e-02
1.159274950623512268e-02
1.027626357972621918e-02
1.044866256415843964e-02
1.016589067876338959e-02
1.061154156923294067e-02
1.084756292402744293e-02
1.030567102134227753e-02
1.066198572516441345e-02
1.000666152685880661e-02
1.076948642730712891e-02
1.080799661576747894e-02
1.059722527861595154e-02
1.051023602485656738e-02
1.033010054379701614e-02
1.043759286403656006e-02
1.019526273012161255e-02
1.037186197936534882e-02
1.020948588848114014e-02
1.055756583809852600e-02
1.059460453689098358e-02
1.052864268422126770e-02
1.052318140864372253e-02
1.087351236492395401e-02
1.191609632223844528e-02
1.038233935832977295e-02
1.059654541313648224e-02
1.096007321029901505e-02
1.344116404652595520e-02
1.009115763008594513e-02
1.057301368564367294e-02
1.328000985085964203e-02
1.015098951756954193e-02
1.006381772458553314e-02
1.044411305338144302e-02
1.033632643520832062e-02
1.050894334912300110e-02
1.119195297360420227e-02
1.054452732205390930e-02
1.027747429907321930e-02
1.065692491829395294e-02
1.058409176766872406e-02
1.070518884807825089e-02
1.059537287801504135e-02
1.041738968342542648e-02
1.151064410805702209e-02
1.023212820291519165e-02
1.033824495971202850e-02
1.083120331168174744e-02
1.052171643823385239e-02
1.018621586263179779e-02
1.157446391880512238e-02
1.053686905652284622e-02
1.041150558739900589e-02
1.029877457767724991e-02
1.047277264297008514e-02
1.035918667912483215e-02
1.270181778818368912e-02
1.043028291314840317e-02
1.073020882904529572e-02
1.017648167908191681e-02
1.023219339549541473e-02
1.057121902704238892e-02
1.006174832582473755e-02
1.025736704468727112e-02
1.067655161023139954e-02
1.041293796151876450e-02
1.053547114133834839e-02
1.024787407368421555e-02
1.030509639531373978e-02
1.061459351330995560e-02
1.014354079961776733e-02
1.087599992752075195e-02
1.025003194808959961e-02
1.102011650800704956e-02
1.041534822434186935e-02
1.073024049401283264e-02
1.067767757922410965e-02
1.238790154457092285e-02
1.069848984479904175e-02
1.004679873585700989e-02
1.090088859200477600e-02
1.062042266130447388e-02
1.056024059653282166e-02
1.095437258481979370e-02
1.066685840487480164e-02
1.101263053715229034e-02
1.063364464789628983e-02
1.057809870690107346e-02
1.016874425113201141e-02
1.056523621082305908e-02
1.045860722661018372e-02
1.033950783312320709e-02
1.051426213234663010e-02
1.100227702409029007e-02
1.075665093958377838e-02
1.076805591583251953e-02
1.041769795119762421e-02
1.046453602612018585e-02
1.205401960760354996e-02
1.035534217953681946e-02
1.036584004759788513e-02
1.064516138285398483e-02
1.072738505899906158e-02
1.065905112773180008e-02
1.179917901754379272e-02
1.055129617452621460e-02
1.067178230732679367e-02
1.027841866016387939e-02
1.002068817615509033e-02
1.035070046782493591e-02
1.072361133992671967e-02
1.232732646167278290e-02
1.083547063171863556e-02
1.775329932570457458e-02
1.033498533070087433e-02
1.052789948880672455e-02
1.032635010778903961e-02
1.097463071346282959e-02
1.069588493555784225e-02
1.015611365437507629e-02
1.466282829642295837e-02
1.021349057555198669e-02
1.122233737260103226e-02
1.064677909016609192e-02
1.030516065657138824e-02
1.060159411281347275e-02
1.066153123974800110e-02
1.021054852753877640e-02
1.089346129447221756e-02
1.081164926290512085e-02
1.040272228419780731e-02
1.064557395875453949e-02
1.273015514016151428e-02
1.059964671730995178e-02
1.040557026863098145e-02
1.056157797574996948e-02
1.068738475441932678e-02
1.059786975383758545e-02
1.033362187445163727e-02
1.045749988406896591e-02
1.004003919661045074e-02
1.005809940397739410e-02
1.083066966384649277e-02
1.020080037415027618e-02
4.893404245376586914e-02
1.034273393452167511e-02
1.159841287881135941e-02
1.005919557064771652e-02
1.056142989546060562e-02
1.065072417259216309e-02
1.037073135375976562e-02
1.013040449470281601e-02
1.011752244085073471e-02
1.093515194952487946e-02
1.027237623929977417e-02
1.003517583012580872e-02
1.030038017779588699e-02
1.347568072378635406e-02
1.057463139295578003e-02
1.016652956604957581e-02
9.907295927405357361e-03
1.020637713372707367e-02
1.126600056886672974e-02
1.022166013717651367e-02
1.054737530648708344e-02
1.024518907070159912e-02
1.080469787120819092e-02
1.035187207162380219e-02
1.026987470686435699e-02
1.035736966878175735e-02
1.098337769508361816e-02
1.114287227392196655e-02
1.071599125862121582e-02
1.052715163677930832e-02
1.016339473426342010e-02
1.066195219755172729e-02
1.026374101638793945e-02
1.411353610455989838e-02
1.066684909164905548e-02
1.075132563710212708e-02
1.060766540467739105e-02
1.026937551796436310e-02
1.050773262977600098e-02
1.047870144248008728e-02
1.051922328770160675e-02
1.062149368226528168e-02
1.073596067726612091e-02
1.077697053551673889e-02
1.095248386263847351e-02
1.051606424152851105e-02
1.339278928935527802e-02
1.059676893055438995e-02
1.100655272603034973e-02
1.050323247909545898e-02
9.847551584243774414e-03
1.068690512329339981e-02
9.139183908700942993e-03
1.069458760321140289e-02
1.077361218631267548e-02
1.047464646399021149e-02
1.117906160652637482e-02
1.030723378062248230e-02
1.032919622957706451e-02
1.031380519270896912e-02
1.033071801066398621e-02
1.064399257302284241e-02
1.034627668559551239e-02
1.041363924741744995e-02
1.041568070650100708e-02
1.030731014907360077e-02
1.123959757387638092e-02
1.041172165423631668e-02
1.045657787472009659e-02
1.034196466207504272e-02
1.060195453464984894e-02
1.058981101959943771e-02
1.049457676708698273e-02
1.058891229331493378e-02
1.274421252310276031e-02
2.426149323582649231e-02
1.014604885131120682e-02
1.010654494166374207e-02
1.295178383588790894e-02
1.046480890363454819e-02
1.036293432116508484e-02
1.020537689328193665e-02
1.028241962194442749e-02
1.055081561207771301e-02
1.067376695573329926e-02
1.258675195276737213e-02
1.134540513157844543e-02
1.058900728821754456e-02
1.048825308680534363e-02
1.082035433501005173e-02
1.134869270026683807e-02
1.001374702900648117e-02
1.023451704531908035e-02
1.064927875995635986e-02
1.053730305284261703e-02
1.071150973439216614e-02
1.025137305259704590e-02
1.070667617022991180e-02
1.070687267929315567e-02
1.098472345620393753e-02
1.039196923375129700e-02
1.788802444934844971e-02
1.040375791490077972e-02
1.008041761815547943e-02
1.064845826476812363e-02
9.863607585430145264e-03
1.073792297393083572e-02
1.035216543823480606e-02
1.059929654002189636e-02
1.038192771375179291e-02
1.062927581369876862e-02
1.107822638005018234e-02
1.042351033538579941e-02
1.081613078713417053e-02
1.194950379431247711e-02
1.088831666857004166e-02
1.043596863746643066e-02
1.136910356581211090e-02
1.120179984718561172e-02
1.037800405174493790e-02
1.052638050168752670e-02
1.054073404520750046e-02
1.041505578905344009e-02
1.072762068361043930e-02
1.065498497337102890e-02
1.064546126872301102e-02
1.043295487761497498e-02
1.029699295759201050e-02
1.034625433385372162e-02
1.053631864488124847e-02
1.117757614701986313e-02
1.051663793623447418e-02
1.047161221504211426e-02
1.070379093289375305e-02
1.118230633437633514e-02
1.009454205632209778e-02
1.003231573849916458e-02
1.005624234676361084e-02
1.005685329437255859e-02
1.032885443419218063e-02
1.056732609868049622e-02
1.035079918801784515e-02
1.032287813723087311e-02
1.027876976877450943e-02
1.024852879345417023e-02
1.033988222479820251e-02
1.015363540500402451e-02
1.027294620871543884e-02
1.066411845386028290e-02
1.090925000607967377e-02
1.032804884016513824e-02
1.011172868311405182e-02
1.041533052921295166e-02
1.067633554339408875e-02
1.038385182619094849e-02
1.086541078984737396e-02
1.037778425961732864e-02
1.049512159079313278e-02
1.017926074564456940e-02
1.056146435439586639e-02
1.075687259435653687e-02
1.140019576996564865e-02
1.022411044687032700e-02
1.053190976381301880e-02
1.044050417840480804e-02
1.023007649928331375e-02
1.037150248885154724e-02
1.042619161307811737e-02
1.080316957086324692e-02
1.154526975005865097e-02
1.127038802951574326e-02
1.078082621097564697e-02
1.032879482954740524e-02
1.095671951770782471e-02
1.047982275485992432e-02
1.071463804692029953e-02
1.052673999220132828e-02
1.059320569038391113e-02
1.014030817896127701e-02
1.051706448197364807e-02
1.034896168857812881e-02
1.166079752147197723e-02
1.038481108844280243e-02
1.015425473451614380e-02
1.024047750979661942e-02
1.033657044172286987e-02
1.050968840718269348e-02
1.018458418548107147e-02
1.032048556953668594e-02
1.356427744030952454e-02
1.089868135750293732e-02
1.061561889946460724e-02
1.091045048087835312e-02
1.238660514354705811e-02
1.026193052530288696e-02
1.042688824236392975e-02
1.039481163024902344e-02
1.093658339232206345e-02
1.045391336083412170e-02
1.074707880616188049e-02
1.003969553858041763e-02
1.072999648749828339e-02
1.051226444542407990e-02
1.030514203011989594e-02
1.017073541879653931e-02
1.144482847303152084e-02
9.911260567605495453e-03
1.151963323354721069e-02
1.046607457101345062e-02
1.004236936569213867e-02
1.038738526403903961e-02
1.051712222397327423e-02
1.114779803901910782e-02
1.746863871812820435e-02
1.030712574720382690e-02
1.046728342771530151e-02
1.102960854768753052e-02
1.015237811952829361e-02
1.017647050321102142e-02
1.026543136686086655e-02
1.086620986461639404e-02
1.087488234043121338e-02
1.086029969155788422e-02
1.044353656470775604e-02
1.061798632144927979e-02
1.058401353657245636e-02
1.031012553721666336e-02
1.069462206214666367e-02
1.034670323133468628e-02
1.084313914179801941e-02
1.016467995941638947e-02
1.019561942666769028e-02
1.100690849125385284e-02
1.177199184894561768e-02
1.082928106188774109e-02
1.031430158764123917e-02
1.078405603766441345e-02
1.050564460456371307e-02
1.094071660190820694e-02
1.048243883997201920e-02
1.117323990911245346e-02
1.170400530099868774e-02
1.100744493305683136e-02
1.022189483046531677e-02
1.084490679204463959e-02
1.075266022235155106e-02
1.031059958040714264e-02
1.022388972342014313e-02
1.017289422452449799e-02
1.056022662669420242e-02
1.054514758288860321e-02
1.030513644218444824e-02
1.317329145967960358e-02
1.077680476009845734e-02
1.045110821723937988e-02
1.049852184951305389e-02
1.047196425497531891e-02
2.223129943013191223e-02
1.031777635216712952e-02
1.105478033423423767e-02
1.093943789601325989e-02
1.078452914953231812e-02
1.037265360355377197e-02
1.052010618150234222e-02
1.028196886181831360e-02
1.037752069532871246e-02
1.055756863206624985e-02
1.064131315797567368e-02
1.026750635355710983e-02
1.050821039825677872e-02
1.041936129331588745e-02
1.009185705333948135e-02
1.051742210984230042e-02
1.026788074523210526e-02
1.029310747981071472e-02
1.049890555441379547e-02
2.294578775763511658e-02
1.022589020431041718e-02
1.045889779925346375e-02
1.072051655501127243e-02
1.033201161772012711e-02
1.088042743504047394e-02
1.068630814552307129e-02
1.057340297847986221e-02
1.040763873606920242e-02
1.055020559579133987e-02
1.014780625700950623e-02
1.049892045557498932e-02
1.047119218856096268e-02
1.080590486526489258e-02
1.053256168961524963e-02
1.171631179749965668e-02
1.072084996849298477e-02
1.070301048457622528e-02
1.044188532978296280e-02
1.050200872123241425e-02
1.055973023176193237e-02
1.380193606019020081e-02
1.048796437680721283e-02
1.073885150253772736e-02
1.036316435784101486e-02
1.028569974005222321e-02
1.071011368185281754e-02
9.884064085781574249e-03
1.102986000478267670e-02
1.078399270772933960e-02
1.062969304621219635e-02
1.069673337042331696e-02
1.024535205215215683e-02
1.022741012275218964e-02
1.023294497281312943e-02
1.075334474444389343e-02
1.219022553414106369e-02
1.060819905251264572e-02
1.063813734799623489e-02
1.036526262760162354e-02
1.021947339177131653e-02
1.044441387057304382e-02
1.053239405155181885e-02
1.059738360345363617e-02
1.069509238004684448e-02
1.120733749121427536e-02
1.052429527044296265e-02
1.089953724294900894e-02
1.000724360346794128e-02
1.062821038067340851e-02
1.120625808835029602e-02
1.058962568640708923e-02
1.018145307898521423e-02
1.059695705771446228e-02
1.058964058756828308e-02
1.054798625409603119e-02
1.078299246728420258e-02
1.118413545191287994e-02
1.075697597116231918e-02
1.111314445734024048e-02
1.053591817617416382e-02
1.032300386577844620e-02
1.299212127923965454e-02
1.062372513115406036e-02
1.067833043634891510e-02
1.099315565079450607e-02
1.464394573122262955e-02
1.051035430282354355e-02
1.060936972498893738e-02
1.042047794908285141e-02
1.041432470083236694e-02
1.443864591419696808e-02
1.070536859333515167e-02
1.049701869487762451e-02
1.050240732729434967e-02
1.040469668805599213e-02
1.035803463310003281e-02
1.023509353399276733e-02
1.187355257570743561e-02
1.077433116734027863e-02
1.038791239261627197e-02
1.072383113205432892e-02
1.088711060583591461e-02
1.069827750325202942e-02
1.162248477339744568e-02
1.090159639716148376e-02
1.040984224528074265e-02
1.019074395298957825e-02
1.078228093683719635e-02
1.095606759190559387e-02
1.037020888179540634e-02
1.103042066097259521e-02
1.127817109227180481e-02
1.035227999091148376e-02
1.032273005694150925e-02
1.057587377727031708e-02
1.063723489642143250e-02
1.073829364031553268e-02
1.054503768682479858e-02
1.053393539041280746e-02
1.039005909115076065e-02
1.039114035665988922e-02
1.038067508488893509e-02
1.058553345501422882e-02
1.043620891869068146e-02
1.056360173970460892e-02
1.081370189785957336e-02
1.013673283159732819e-02
1.033947803080081940e-02
1.075254194438457489e-02
1.019360404461622238e-02
1.006933208554983139e-02
1.010541897267103195e-02
1.036543678492307663e-02
1.046505291014909744e-02
1.197498105466365814e-02
1.055002771317958832e-02
1.045796647667884827e-02
1.037495303899049759e-02
1.056990493088960648e-02
1.045740954577922821e-02
1.092351134866476059e-02
1.075545139610767365e-02
1.084381248801946640e-02
1.051701046526432037e-02
1.044639293104410172e-02
1.082663051784038544e-02
1.035977900028228760e-02
1.032493263483047485e-02
1.043274626135826111e-02
1.019425876438617706e-02
1.005026325583457947e-02
1.073616184294223785e-02
1.046918984502553940e-02
1.039514690637588501e-02
1.062765903770923615e-02
1.085826195776462555e-02
1.019863225519657135e-02
1.016479730606079102e-02
1.056594587862491608e-02
1.083672232925891876e-02
1.047078706324100494e-02
9.998508729040622711e-03
1.060579717159271240e-02
1.060596294701099396e-02
1.095865853130817413e-02
1.027411315590143204e-02
2.016178891062736511e-02
1.034865342080593109e-02
1.014040969312191010e-02
1.048914249986410141e-02
1.063522323966026306e-02
1.073382794857025146e-02
1.008091121912002563e-02
1.013589464128017426e-02
1.054644584655761719e-02
1.101161539554595947e-02
1.049396209418773651e-02
1.084964722394943237e-02
1.040202938020229340e-02
1.016531698405742645e-02
1.038235053420066833e-02
1.148738898336887360e-02
1.034313254058361053e-02
1.048794016242027283e-02
1.031379587948322296e-02
1.060324255377054214e-02
1.045262441039085388e-02
1.048259437084197998e-02
1.023502182215452194e-02
1.078272424638271332e-02
1.057447865605354309e-02
1.076666265726089478e-02
1.068064011633396149e-02
1.078437454998493195e-02
1.025691814720630646e-02
1.038910076022148132e-02
1.089943945407867432e-02
1.030693668872117996e-02
1.073473412543535233e-02
1.035456731915473938e-02
1.012406498193740845e-02
1.304694917052984238e-02
1.094562746584415436e-02
1.031638123095035553e-02
1.052153576165437698e-02
1.076432224363088608e-02
1.015301141887903214e-02
1.092496514320373535e-02
1.027422398328781128e-02
1.056339684873819351e-02
1.028937008231878281e-02
1.015331223607063293e-02
1.022171508520841599e-02
1.031939871609210968e-02
1.031113043427467346e-02
1.051146350800991058e-02
1.901001110672950745e-02
1.082371547818183899e-02
1.037607714533805847e-02
1.060284394770860672e-02
1.081069000065326691e-02
1.055997610092163086e-02
1.119465287774801254e-02
1.042311079800128937e-02
1.040226779878139496e-02
1.040637679398059845e-02
1.042641699314117432e-02
1.025200914591550827e-02
9.831490926444530487e-03
1.060106232762336731e-02
1.057806704193353653e-02
1.058380026370286942e-02
1.094315759837627411e-02
1.106480974704027176e-02
1.071226783096790314e-02
1.031164824962615967e-02
1.088598743081092834e-02
1.103511825203895569e-02
1.007075514644384384e-02
1.030453667044639587e-02
1.030754018574953079e-02
1.030706800520420074e-02
1.046851370483636856e-02
1.068492978811264038e-02
1.054590661078691483e-02
1.067441981285810471e-02
1.049211621284484863e-02
1.028779521584510803e-02
1.185257360339164734e-02
9.962818585336208344e-03
1.608902215957641602e-02
1.067166589200496674e-02
1.048979535698890686e-02
1.069272123277187347e-02
1.033476553857326508e-02
1.087633520364761353e-02
1.115714758634567261e-02
9.966596961021423340e-03
1.053032465279102325e-02
1.047217007726430893e-02
8.728881366550922394e-03
1.102228090167045593e-02
9.973136708140373230e-03
1.039040461182594299e-02
1.048688217997550964e-02
1.062120962888002396e-02
1.041469350457191467e-02
1.088649965822696686e-02
1.055931672453880310e-02
1.032426394522190094e-02
1.013728603720664978e-02
1.055457629263401031e-02
1.036747545003890991e-02
1.058897562325000763e-02
1.136585976928472519e-02
1.078129559755325317e-02
1.061176508665084839e-02
1.046687737107276917e-02
1.036197133362293243e-02
1.159062702208757401e-02
1.033481769263744354e-02
1.034958846867084503e-02
1.470734365284442902e-02
1.045086327940225601e-02
1.050220616161823273e-02
1.149971783161163330e-02
1.072610542178153992e-02
1.162033993750810623e-02
1.016977056860923767e-02
1.005173288285732269e-02
1.047912240028381348e-02
1.102322340011596680e-02
1.098288781940937042e-02
1.026250794529914856e-02
1.035053841769695282e-02
1.069520972669124603e-02
1.028775610029697418e-02
1.027003675699234009e-02
1.054907031357288361e-02
1.072380784898996353e-02
1.067567989230155945e-02
1.020569633692502975e-02
1.010278332978487015e-02
1.075931079685688019e-02
1.043483987450599670e-02
1.143483724445104599e-02
1.057579182088375092e-02
1.016605831682682037e-02
1.093451119959354401e-02
1.075891405344009399e-02
1.064005121588706970e-02
1.047704555094242096e-02
1.077812723815441132e-02
1.055794768035411835e-02
1.040006708353757858e-02
1.014296151697635651e-02
1.042372174561023712e-02
1.059659384191036224e-02
1.022355537861585617e-02
1.029012072831392288e-02
1.089059934020042419e-02
1.089267246425151825e-02
1.035275124013423920e-02
1.103932317346334457e-02
1.102105155587196350e-02
1.059737801551818848e-02
1.072440296411514282e-02
1.047833729535341263e-02
1.034840848296880722e-02
1.099715661257505417e-02
1.051001623272895813e-02
1.037683710455894470e-02
1.058363355696201324e-02
9.859686717391014099e-03
1.462453790009021759e-02
1.075820624828338623e-02
1.039919536560773849e-02
1.046874001622200012e-02
1.054471079260110855e-02
1.216918043792247772e-02
1.060056313872337341e-02
9.950177744030952454e-03
1.050233095884323120e-02
1.085397973656654358e-02
1.081123854964971542e-02
1.021574530750513077e-02
1.048419997096061707e-02
1.054224371910095215e-02
1.071666739881038666e-02
1.017074100673198700e-02
1.020479947328567505e-02
1.071322336792945862e-02
1.048576086759567261e-02
1.047560200095176697e-02
1.039286050945520401e-02
1.122693996876478195e-02
1.060482300817966461e-02
1.024393551051616669e-02
1.032978855073451996e-02
1.108248904347419739e-02
1.054463908076286316e-02
1.042343582957983017e-02
1.057056430727243423e-02
1.070796977728605270e-02
1.031250692903995514e-02
1.025960966944694519e-02
1.064339838922023773e-02
1.016802154481410980e-02
1.061727665364742279e-02
1.079733483493328094e-02
1.027500256896018982e-02
1.080149970948696136e-02
1.037439703941345215e-02
9.951857849955558777e-03
1.084255706518888474e-02
1.051622070372104645e-02
2.435901761054992676e-02
1.111147552728652954e-02
1.039929967373609543e-02
1.101090386509895325e-02
1.088380999863147736e-02
1.116164959967136383e-02
1.073627360165119171e-02
1.030182465910911560e-02
1.019564829766750336e-02
1.133273355662822723e-02
9.973675012588500977e-03
1.074126921594142914e-02
1.056096144020557404e-02
1.091438252478837967e-02
1.083378680050373077e-02
1.027537323534488678e-02
1.065360009670257568e-02
1.018670015037059784e-02
1.063492894172668457e-02
1.051379647105932236e-02
1.052980124950408936e-02
1.029013842344284058e-02
1.092229783535003662e-02
9.920451790094375610e-03
1.017522253096103668e-02
1.061827503144741058e-02
1.066998392343521118e-02
1.102410536259412766e-02
3.271564468741416931e-02
1.092335954308509827e-02
1.006204355508089066e-02
1.029720902442932129e-02
1.047738734632730484e-02
1.011903025209903717e-02
1.039467751979827881e-02
1.064220350235700607e-02
1.025545969605445862e-02
1.059787534177303314e-02
1.064860075712203979e-02
1.092485897243022919e-02
1.036496460437774658e-02
1.051821932196617126e-02
1.221216563135385513e-02
1.057089958339929581e-02
1.019086129963397980e-02
9.950667619705200195e-03
1.066872477531433105e-02
1.235087681561708450e-02
1.189056877046823502e-02
1.058300584554672241e-02
1.028589438647031784e-02
9.974172338843345642e-03
1.044885441660881042e-02
1.039469987154006958e-02
1.048093754798173904e-02
1.065417658537626266e-02
1.065656263381242752e-02
1.035691332072019577e-02
1.026561111211776733e-02
1.090357638895511627e-02
1.092861406505107880e-02
1.062004640698432922e-02
1.058731880038976669e-02
1.113140210509300232e-02
1.036892272531986237e-02
1.029092073440551758e-02
2.069165743887424469e-02
1.041545625776052475e-02
1.036538742482662201e-02
1.043434441089630127e-02
1.046741753816604614e-02
1.005218457430601120e-02
1.059537567198276520e-02
1.312119979411363602e-02
1.043548993766307831e-02
1.359800342470407486e-02
1.075836922973394394e-02
1.043635047972202301e-02
1.066447328776121140e-02
1.028441637754440308e-02
1.029628328979015350e-02
1.066011935472488403e-02
1.095474883913993835e-02
1.065938919782638550e-02
1.052908133715391159e-02
1.031120121479034424e-02
1.031539961695671082e-02
1.043534092605113983e-02
1.080952025949954987e-02
1.012154202908277512e-02
1.063585653901100159e-02
1.045812107622623444e-02
1.072616130113601685e-02
1.070193201303482056e-02
1.061759795993566513e-02
1.048382092267274857e-02
1.040584035217761993e-02
1.010433956980705261e-02
1.049947179853916168e-02
1.058952044695615768e-02
1.043096370995044708e-02
1.043054088950157166e-02
1.076971646398305893e-02
9.890373796224594116e-03
1.059107575565576553e-02
1.058786362409591675e-02
1.369541883468627930e-02
1.070370059460401535e-02
1.045371033251285553e-02
1.002274639904499054e-02
1.016752980649471283e-02
1.114513725042343140e-02
1.066956669092178345e-02
1.062826998531818390e-02
1.010632235556840897e-02
1.030853576958179474e-02
1.066863071173429489e-02
1.012269221246242523e-02
1.055875979363918304e-02
1.042739581316709518e-02
1.060125604271888733e-02
1.004989538341760635e-02
1.157326623797416687e-02
1.091854367405176163e-02
1.017108000814914703e-02
1.089646667242050171e-02
1.093535311520099640e-02
1.054987777024507523e-02
1.053032651543617249e-02
1.018638722598552704e-02
1.031159982085227966e-02
1.092921942472457886e-02
1.061017066240310669e-02
1.042325422167778015e-02
1.152754109352827072e-02
9.984282776713371277e-03
1.032968517392873764e-02
1.025740802288055420e-02
1.077790372073650360e-02
1.074587181210517883e-02
1.048871502280235291e-02
1.094953529536724091e-02
1.005036197602748871e-02
9.962806478142738342e-03
1.036252826452255249e-02
1.049496047198772430e-02
1.091122627258300781e-02
1.117261312901973724e-02
1.026707608252763748e-02
1.019956916570663452e-02
1.047574728727340698e-02
1.020362973213195801e-02
1.034687831997871399e-02
1.109545491635799408e-02
1.073656324297189713e-02
1.210374291986227036e-02
1.079641934484243393e-02
1.062048971652984619e-02
1.063716225326061249e-02
1.080878078937530518e-02
1.019231416285037994e-02
1.030592806637287140e-02
1.029028650373220444e-02
1.068393979221582413e-02
1.036136038601398468e-02
1.023409329354763031e-02
1.040683221071958542e-02
1.024154294282197952e-02
1.038368977606296539e-02
1.037945225834846497e-02
1.046443916857242584e-02
1.019001193344593048e-02
1.068891026079654694e-02
1.052082888782024384e-02
1.041526161134243011e-02
2.110849134624004364e-02
1.056544575840234756e-02
1.039591245353221893e-02
1.013679336756467819e-02
1.035512611269950867e-02
1.071686483919620514e-02
1.009791437536478043e-02
1.131424121558666229e-02
1.057691685855388641e-02
1.022093370556831360e-02
1.036234572529792786e-02
1.023751776665449142e-02
1.087483484297990799e-02
1.070365868508815765e-02
9.961311705410480499e-03
1.062094606459140778e-02
1.041098404675722122e-02
1.095463242381811142e-02
1.063082180917263031e-02
1.036240719258785248e-02
1.047771703451871872e-02
1.036257483065128326e-02
1.072987169027328491e-02
1.111503317952156067e-02
1.116284634917974472e-02
1.036584004759788513e-02
1.046479772776365280e-02
1.015004329383373260e-02
1.088531967252492905e-02
1.037435419857501984e-02
1.091805659234523773e-02
1.050927489995956421e-02
1.069682184606790543e-02
1.003813184797763824e-02
1.038043387234210968e-02
1.019238773733377457e-02
1.094466634094715118e-02
1.023623533546924591e-02
1.141629926860332489e-02
1.038956176489591599e-02
1.046146266162395477e-02
1.065724808722734451e-02
1.065121591091156006e-02
1.074939034879207611e-02
1.055410876870155334e-02
1.058851182460784912e-02
1.038688141852617264e-02
1.028575096279382706e-02
1.044583879411220551e-02
1.012227311730384827e-02
1.059418823570013046e-02
1.052579097449779510e-02
1.012752391397953033e-02
1.052435487508773804e-02
1.084472239017486572e-02
1.025397516787052155e-02
1.640840619802474976e-02
1.078535243868827820e-02
1.144418120384216309e-02
1.376573182642459869e-02
1.026372704654932022e-02
1.032105647027492523e-02
1.077492162585258484e-02
1.062166318297386169e-02
1.107174437493085861e-02
1.081604324281215668e-02
1.039234362542629242e-02
1.100832317024469376e-02
1.059442758560180664e-02
1.038038451224565506e-02
1.019304059445858002e-02
1.051247306168079376e-02
1.062337309122085571e-02
1.040124520659446716e-02
1.037492975592613220e-02
1.017143204808235168e-02
1.081517804414033890e-02
1.022120378911495209e-02
1.090928260236978531e-02
1.058891788125038147e-02
1.074004918336868286e-02
1.010102592408657074e-02
1.111270673573017120e-02
1.038146205246448517e-02
1.043917611241340637e-02
1.073189172893762589e-02
1.047277264297008514e-02
1.036061625927686691e-02
1.059139426797628403e-02
2.444000914692878723e-02
1.016203500330448151e-02
1.080053485929965973e-02
1.034188643097877502e-02
1.083963736891746521e-02
1.051727868616580963e-02
1.045156829059123993e-02
1.073287054896354675e-02
1.059685554355382919e-02
1.056039705872535706e-02
1.080983318388462067e-02
1.185815408825874329e-02
1.061705593019723892e-02
9.995172731578350067e-03
1.043192669749259949e-02
1.097804214805364609e-02
1.044377125799655914e-02
1.068297307938337326e-02
1.405955292284488678e-02
1.045582164078950882e-02
1.006146986037492752e-02
8.846960961818695068e-03
1.039057597517967224e-02
1.064962707459926605e-02
1.043292693793773651e-02
1.006525568664073944e-02
1.074209623038768768e-02
1.106623746454715729e-02
1.033623795956373215e-02
1.043475139886140823e-02
1.027018483728170395e-02
1.025148201733827591e-02
1.071786042302846909e-02
1.033345237374305725e-02
1.006983965635299683e-02
1.111281476914882660e-02
1.036511547863483429e-02
1.028679683804512024e-02
9.353292174637317657e-03
1.074856705963611603e-02
1.066771429032087326e-02
1.081464439630508423e-02
1.030972320586442947e-02
1.043174881488084793e-02
1.060088817030191422e-02
1.035269815474748611e-02
1.063469424843788147e-02
1.019353978335857391e-02
1.084603182971477509e-02
1.002113800495862961e-02
1.067736838012933731e-02
1.057137735188007355e-02
1.040923222899436951e-02
1.063798274844884872e-02
1.017284113913774490e-02
1.134587079286575317e-02
1.035543903708457947e-02
1.047351211309432983e-02
1.020075380802154541e-02
1.049521006643772125e-02
1.095887273550033569e-02
1.012200117111206055e-02
1.030848734080791473e-02
1.056779921054840088e-02
1.006552297621965408e-02
1.046371273696422577e-02
1.021360978484153748e-02
1.069547422230243683e-02
1.034027896821498871e-02
1.048244349658489227e-02
1.129309274256229401e-02
1.058530062437057495e-02
1.025262288749217987e-02
1.044501457363367081e-02
1.182810030877590179e-02
1.096495985984802246e-02
1.124804839491844177e-02
1.050140336155891418e-02
1.036711037158966064e-02
1.092270575463771820e-02
1.082946080714464188e-02
1.022686436772346497e-02
1.062148809432983398e-02
1.051652152091264725e-02
1.078653801232576370e-02
1.040846854448318481e-02
1.013575121760368347e-02
1.071886532008647919e-02
1.039527542889118195e-02
1.033441908657550812e-02
1.055870205163955688e-02
1.038682833313941956e-02
1.047782599925994873e-02
1.066692359745502472e-02
1.027292851358652115e-02
1.094746217131614685e-02
1.045250613242387772e-02
1.010392792522907257e-02
1.433865632861852646e-02
1.067201793193817139e-02
1.036094408482313156e-02
1.062697172164916992e-02
1.050235424190759659e-02
1.044398266822099686e-02
1.041313260793685913e-02
1.072206161916255951e-02
1.057407073676586151e-02
1.061437465250492096e-02
1.054599974304437637e-02
1.060711592435836792e-02
1.052951533347368240e-02
1.041741110384464264e-02
1.080161053687334061e-02
1.046478003263473511e-02
1.021771971136331558e-02
1.033812202513217926e-02
1.015807874500751495e-02
1.054424419999122620e-02
1.062550023198127747e-02
1.017094030976295471e-02
1.030366495251655579e-02
1.102264598011970520e-02
9.967619553208351135e-03
1.068349368870258331e-02
1.040227711200714111e-02
1.021299324929714203e-02
1.065674051642417908e-02
1.033964846283197403e-02
1.121218316256999969e-02
1.051077619194984436e-02
1.056330557912588120e-02
1.064304634928703308e-02
1.037105359137058258e-02
1.040887273848056793e-02
1.091809570789337158e-02
1.091508194804191589e-02
1.043554767966270447e-02
1.097541116178035736e-02
1.074104476720094681e-02
1.334840059280395508e-02
1.096619851887226105e-02
1.061217952519655228e-02
1.075299177318811417e-02
1.036130357533693314e-02
1.033577136695384979e-02
1.038220897316932678e-02
3.816677629947662354e-02
1.026679575443267822e-02
1.089945621788501740e-02
1.050645858049392700e-02
1.080110669136047363e-02
1.083699427545070648e-02
1.058443821966648102e-02
1.074968464672565460e-02
1.069991849362850189e-02
1.051937416195869446e-02
1.157053746283054352e-02
1.084790565073490143e-02
1.106333639472723007e-02
1.031880453228950500e-02
1.232065632939338684e-02
1.116466894745826721e-02
1.026671193540096283e-02
1.066882163286209106e-02
9.962344542145729065e-03
1.082962565124034882e-02
9.818956255912780762e-03
1.059177797287702560e-02
1.019249670207500458e-02
1.025316584855318069e-02
1.063367165625095367e-02
1.015327870845794678e-02
1.066418923437595367e-02
1.093147695064544678e-02
2.071754261851310730e-02
1.069430913776159286e-02
1.072868611663579941e-02
1.055167615413665771e-02
1.077437121421098709e-02
1.061270199716091156e-02
1.101912092417478561e-02
1.059702318161725998e-02
1.015638932585716248e-02
1.022773794829845428e-02
1.029604859650135040e-02
1.078035309910774231e-02
1.051457040011882782e-02
1.057796832174062729e-02
1.073358952999114990e-02
1.040519028902053833e-02
1.061293296515941620e-02
1.025941874831914902e-02
9.995667263865470886e-03
1.033124234527349472e-02
1.036127097904682159e-02
1.204357296228408813e-02
1.088985241949558258e-02
1.066175010055303574e-02
1.133352890610694885e-02
1.036265306174755096e-02
1.000953651964664459e-02
1.059605181217193604e-02
1.041857153177261353e-02
1.222935318946838379e-02
1.046526338905096054e-02
1.045790500938892365e-02
1.042764913290739059e-02
1.036072522401809692e-02
1.049437187612056732e-02
1.034819707274436951e-02
1.048009283840656281e-02
1.049586758017539978e-02
1.078041363507509232e-02
1.053025387227535248e-02
1.058502495288848877e-02
1.264901179820299149e-02
1.060687191784381866e-02
1.036917697638273239e-02
1.024888083338737488e-02
1.067815348505973816e-02
1.047007925808429718e-02
1.014923490583896637e-02
1.034250669181346893e-02
1.029025204479694366e-02
1.014195475727319717e-02
1.055973395705223083e-02
1.024958025664091110e-02
1.067775487899780273e-02
1.066600531339645386e-02
1.046116370707750320e-02
1.040824688971042633e-02
1.066867262125015259e-02
1.740284264087677002e-02
1.119546871632337570e-02
1.073990669101476669e-02
1.092511136084794998e-02
1.069655362516641617e-02
1.064213644713163376e-02
1.057253684848546982e-02
1.022123172879219055e-02
1.063018292188644409e-02
1.204067096114158630e-02
1.048190146684646606e-02
1.075633428990840912e-02
1.063753105700016022e-02
1.002336107194423676e-02
1.054316200315952301e-02
1.045016013085842133e-02
1.052160933613777161e-02
1.027667336165904999e-02
1.056325808167457581e-02
1.078498549759387970e-02
1.017788145691156387e-02
1.050999201834201813e-02
1.069834083318710327e-02
1.023688912391662598e-02
1.147210225462913513e-02
1.047326624393463135e-02
1.050577405840158463e-02
1.080776751041412354e-02
1.122975628823041916e-02
1.090512052178382874e-02
1.059289835393428802e-02
1.174801960587501526e-02
1.071305293589830399e-02
1.513728406280279160e-02
1.014827005565166473e-02
1.055081374943256378e-02
1.038227137178182602e-02
1.588588580489158630e-02
1.070931926369667053e-02
9.761826135218143463e-03
1.056433282792568207e-02
1.041524112224578857e-02
1.063657738268375397e-02
1.040505990386009216e-02
1.147569529712200165e-02
1.036777719855308533e-02
1.052669528871774673e-02
1.048659998923540115e-02
1.044590212404727936e-02
1.052156277000904083e-02
1.077551301568746567e-02
1.001139543950557709e-02
1.043982990086078644e-02
2.282628417015075684e-02
2.099474333226680756e-02
1.256618089973926544e-02
1.036471407860517502e-02
1.038584113121032715e-02
1.084777619689702988e-02
1.108439732342958450e-02
1.061913277953863144e-02
1.063813827931880951e-02
9.937172755599021912e-03
1.043721102178096771e-02
1.047685276716947556e-02
1.043733954429626465e-02
1.044045109301805496e-02
1.074022613465785980e-02
1.051137875765562057e-02
1.063632126897573471e-02
1.065909117460250854e-02
1.087098289281129837e-02
1.143500395119190216e-02
1.140574179589748383e-02
1.048091612756252289e-02
1.012297440320253372e-02
1.082650944590568542e-02
1.129256747663021088e-02
1.010590232908725739e-02
1.036127097904682159e-02
1.045202836394309998e-02
1.039179041981697083e-02
1.041666418313980103e-02
1.121564581990242004e-02
1.034074928611516953e-02
1.035747956484556198e-02
1.041678711771965027e-02
1.132075395435094833e-02
1.063044369220733643e-02
9.997129440307617188e-03
1.041531935334205627e-02
1.037736237049102783e-02
1.079251151531934738e-02
1.040979847311973572e-02
1.149921119213104248e-02
1.038802042603492737e-02
1.031539030373096466e-02
1.087913662195205688e-02
1.036205515265464783e-02
1.025002449750900269e-02
1.067167986184358597e-02
1.059596799314022064e-02
1.038541458547115326e-02
1.093737874180078506e-02
1.020989473909139633e-02
1.174532435834407806e-02
1.062384061515331268e-02
1.068999618291854858e-02
1.037628576159477234e-02
1.128024887293577194e-02
1.019070670008659363e-02
1.067120581865310669e-02
1.074106525629758835e-02
1.015379838645458221e-02
1.054831128567457199e-02
1.041523180902004242e-02
1.056821458041667938e-02
1.064059510827064514e-02
1.072495616972446442e-02
1.091895252466201782e-02
1.043208874762058258e-02
1.555527653545141220e-02
1.064625754952430725e-02
1.049618981778621674e-02
1.070506777614355087e-02
1.052307989448308945e-02
1.050757989287376404e-02
1.018841378390789032e-02
1.105769909918308258e-02
1.053128205239772797e-02
1.042154803872108459e-02
1.034383848309516907e-02
1.076101884245872498e-02
1.073668710887432098e-02
1.044795662164688110e-02
1.089914981275796890e-02
1.034946925938129425e-02
1.042283698916435242e-02
1.088611595332622528e-02
1.099835336208343506e-02
1.068834401667118073e-02
1.056994311511516571e-02
1.002673991024494171e-02
1.000309083610773087e-02
1.028346922248601913e-02
1.017019525170326233e-02
1.014542486518621445e-02
1.088256668299436569e-02
1.002402044832706451e-02
1.073183678090572357e-02
1.005774829536676407e-02
1.045874319970607758e-02
1.089955214411020279e-02
1.028514560312032700e-02
1.022162567824125290e-02
1.056733168661594391e-02
1.058224402368068695e-02
1.163145713508129120e-02
1.119345054030418396e-02
1.075657550245523453e-02
1.045486982911825180e-02
1.015904452651739120e-02
1.038206927478313446e-02
1.075721625238656998e-02
1.146569941192865372e-02
1.078681088984012604e-02
1.031865458935499191e-02
1.009424775838851929e-02
1.101041305810213089e-02
2.243020944297313690e-02
1.041384041309356689e-02
1.103537157177925110e-02
1.017783954739570618e-02
1.049722172319889069e-02
1.063959300518035889e-02
1.125209592282772064e-02
1.093585602939128876e-02
1.073027960956096649e-02
1.030024513602256775e-02
1.036437042057514191e-02
1.022164151072502136e-02
1.075746025890111923e-02
1.005649007856845856e-02
1.050892844796180725e-02
1.547129452228546143e-02
1.045127306133508682e-02
1.019551791250705719e-02
1.104702986776828766e-02
1.023147068917751312e-02
1.074374560266733170e-02
1.072725094854831696e-02
1.088528148829936981e-02
1.125960052013397217e-02
1.085045374929904938e-02
1.066825259476900101e-02
1.060169097036123276e-02
1.038809679448604584e-02
1.001731213182210922e-02
1.019395049661397934e-02
1.069864816963672638e-02
1.010020077228546143e-02
1.030697114765644073e-02
1.014560274779796600e-02
1.019006036221981049e-02
1.105486974120140076e-02
1.088904403150081635e-02
1.076499000191688538e-02
1.063779741525650024e-02
1.044969446957111359e-02
1.095623709261417389e-02
1.077951490879058838e-02
1.057527400553226471e-02
1.066532917320728302e-02
1.042716950178146362e-02
1.036829780787229538e-02
1.149791665375232697e-02
1.042549312114715576e-02
1.062034629285335541e-02
1.070964243263006210e-02
1.056713238358497620e-02
1.445877738296985626e-02
1.050871796905994415e-02
1.045871898531913757e-02
1.063995808362960815e-02
1.045706775039434433e-02
1.048712059855461121e-02
1.075088139623403549e-02
1.072959601879119873e-02
1.069819927215576172e-02
1.043190527707338333e-02
1.044372469186782837e-02
1.057718880474567413e-02
1.075435616075992584e-02
1.240982115268707275e-02
1.015684381127357483e-02
1.026161387562751770e-02
1.063730008900165558e-02
1.107324101030826569e-02
1.113406289368867874e-02
1.007267273962497711e-02
1.043505501002073288e-02
1.109828054904937744e-02
1.029880158603191376e-02
1.044883020222187042e-02
1.007012650370597839e-02
1.039855368435382843e-02
1.016554515808820724e-02
1.022395491600036621e-02
1.031736843287944794e-02
1.100650429725646973e-02
1.059599407017230988e-02
1.018889155238866806e-02
1.132280752062797546e-02
1.051105000078678131e-02
1.007867977023124695e-02
1.076514367014169693e-02
1.064387895166873932e-02
1.105081941932439804e-02
1.018503308296203613e-02
1.053726766258478165e-02
1.080436725169420242e-02
1.284967176616191864e-02
1.079287938773632050e-02
1.060434803366661072e-02
1.049231085926294327e-02
1.025020331144332886e-02
1.044826954603195190e-02
1.091785542666912079e-02
1.053660176694393158e-02
1.029556058347225189e-02
1.630746573209762573e-02
1.053676009178161621e-02
1.060329563915729523e-02
1.063133589923381805e-02
1.034646481275558472e-02
1.186670269817113876e-02
1.369144301861524582e-02
1.043306104838848114e-02
1.080253534018993378e-02
1.028180029243230820e-02
1.053028553724288940e-02
1.089612953364849091e-02
1.036149077117443085e-02
1.076019741594791412e-02
1.024262793362140656e-02
1.076350733637809753e-02
1.021298766136169434e-02
1.048611570149660110e-02
1.042199507355690002e-02
1.007411628961563110e-02
9.973212145268917084e-03
1.038713008165359497e-02
1.101767458021640778e-02
1.006248034536838531e-02
1.049378328025341034e-02
1.066888868808746338e-02
1.048004813492298126e-02
1.026817224919795990e-02
1.032224297523498535e-02
1.036906056106090546e-02
1.027096994221210480e-02
1.041943766176700592e-02
1.082927919924259186e-02
1.081603951752185822e-02
1.058749668300151825e-02
1.068550162017345428e-02
1.051953341811895370e-02
1.051845960319042206e-02
1.025514863431453705e-02
1.077514328062534332e-02
1.093282643705606461e-02
1.071809977293014526e-02
1.068835705518722534e-02
1.063735503703355789e-02
1.070031337440013885e-02
1.023754663765430450e-02
1.050586532801389694e-02
1.105608697980642319e-02
1.052648853510618210e-02
1.059490256011486053e-02
1.036702375859022141e-02
1.036258693784475327e-02
1.043402403593063354e-02
1.050890516489744186e-02
1.046423427760601044e-02
1.048468425869941711e-02
1.059291325509548187e-02
1.061900984495878220e-02
1.043921895325183868e-02
1.022395119071006775e-02
1.032196730375289917e-02
1.051957160234451294e-02
1.077644992619752884e-02
1.044334564357995987e-02
1.042653433978557587e-02
1.044689957052469254e-02
1.046471763402223587e-02
1.079702749848365784e-02
1.047441735863685608e-02
1.055363379418849945e-02
1.052516140043735504e-02
9.947395883500576019e-03
1.080434024333953857e-02
1.025889255106449127e-02
1.037653535604476929e-02
1.046567782759666443e-02
1.069759391248226166e-02
1.105247903615236282e-02
1.059685926884412766e-02
1.054047141224145889e-02
1.037241891026496887e-02
1.026827935129404068e-02
9.902210906147956848e-03
1.033831574022769928e-02
1.034987904131412506e-02
1.061358116567134857e-02
1.048206444829702377e-02
1.034880429506301880e-02
1.068085245788097382e-02
1.057512871921062469e-02
1.047743391245603561e-02
1.087664440274238586e-02
1.082913391292095184e-02
1.044940203428268433e-02
1.041736826300621033e-02
1.035333331674337387e-02
1.068518776446580887e-02
1.233665831387042999e-02
1.087261922657489777e-02
1.063074544072151184e-02
1.052648760378360748e-02
1.019101496785879135e-02
1.059877313673496246e-02
1.088870130479335785e-02
1.039609871804714203e-02
1.403542794287204742e-02
1.069268025457859039e-02
1.082491874694824219e-02
1.073352806270122528e-02
1.108359545469284058e-02
1.039228774607181549e-02
1.008919253945350647e-02
1.051796786487102509e-02
1.069192215800285339e-02
1.023776270449161530e-02
1.053140312433242798e-02
1.342223212122917175e-02
1.030576135963201523e-02
1.073905359953641891e-02
1.069729961454868317e-02
1.042449194937944412e-02
1.014534570276737213e-02
1.030601095408201218e-02
1.085593737661838531e-02
1.002027001231908798e-02
1.058634743094444275e-02
1.019696239382028580e-02
1.123877521604299545e-02
1.006640307605266571e-02
1.036236807703971863e-02
1.044969074428081512e-02
1.029785163700580597e-02
1.001380942761898041e-02
1.004969887435436249e-02
1.030436623841524124e-02
1.030970364809036255e-02
1.062438637018203735e-02
1.070529595017433167e-02
1.058359351009130478e-02
1.077842712402343750e-02
1.067245379090309143e-02
1.032998133450746536e-02
1.033670827746391296e-02
1.012692600488662720e-02
1.029852591454982758e-02
1.072554942220449448e-02
1.061771623790264130e-02
1.103038713335990906e-02
1.019299402832984924e-02
1.028146687895059586e-02
1.049984525889158249e-02
1.056083291769027710e-02
1.026225276291370392e-02
1.025405339896678925e-02
1.052600331604480743e-02
1.061494462192058563e-02
1.082585845142602921e-02
1.013692002743482590e-02
1.073579210788011551e-02
1.050323247909545898e-02
1.038329675793647766e-02
1.040866598486900330e-02
1.074385177344083786e-02
9.875863790512084961e-03
1.039957813918590546e-02
1.088013127446174622e-02
1.041668839752674103e-02
1.007523201406002045e-02
1.070711761713027954e-02
1.020642742514610291e-02
1.008020527660846710e-02
1.062850933521986008e-02
1.052264403551816940e-02
1.101016439497470856e-02
1.016525924205780029e-02
1.052257977426052094e-02
1.075971312820911407e-02
1.034293882548809052e-02
1.033224351704120636e-02
1.092403568327426910e-02
1.030817907303571701e-02
1.033061929047107697e-02
1.058546826243400574e-02
1.069700252264738083e-02
1.073035039007663727e-02
1.048474200069904327e-02
1.372442208230495453e-02
1.040711626410484314e-02
1.038226205855607986e-02
1.033147051930427551e-02
1.023365929722785950e-02
1.044633425772190094e-02
1.044215541332960129e-02
1.045893505215644836e-02
1.201348286122083664e-02
1.039551571011543274e-02
1.181764714419841766e-02
1.055726967751979828e-02
1.061035040766000748e-02
1.019139494746923447e-02
1.050093956291675568e-02
1.255141757428646088e-02
1.076025143265724182e-02
9.799994528293609619e-03
1.310811471194028854e-02
1.021597348153591156e-02
1.014927960932254791e-02
1.050729211419820786e-02
1.133005693554878235e-02
1.043961569666862488e-02
1.022727135568857193e-02
1.251537539064884186e-02
1.047669909894466400e-02
1.038726046681404114e-02
1.127010025084018707e-02
1.070679351687431335e-02
1.039549987763166428e-02
1.042432896792888641e-02
1.044032163918018341e-02
1.026793010532855988e-02
1.078224182128906250e-02
1.047049090266227722e-02
1.037879195064306259e-02
1.044728606939315796e-02
1.060508005321025848e-02
1.027427054941654205e-02
1.057195197790861130e-02
1.069343835115432739e-02
1.073917467147111893e-02
1.015309058129787445e-02
1.018403004854917526e-02
1.022795774042606354e-02
9.977465495467185974e-03
1.065820828080177307e-02
1.086189039051532745e-02
1.088231708854436874e-02
1.052053645253181458e-02
1.033652387559413910e-02
