<system>Protocol: Active. Attitude: Sassy.</system>
1.396313030272722244e-02
1.370899379253387451e-02
1.411773357540369034e-02
1.403977628797292709e-02
1.357509475201368332e-02
1.381478272378444672e-02
1.362310443073511124e-02
1.398093067109584808e-02
1.362743321806192398e-02
1.388432364910840988e-02
1.395477633923292160e-02
1.374305691570043564e-02
1.408499199897050858e-02
1.397757325321435928e-02
1.358882244676351547e-02
1.404697541147470474e-02
1.443755906075239182e-02
1.339231990277767181e-02
1.391688548028469086e-02
1.345392130315303802e-02
1.363637205213308334e-02
1.410505827516317368e-02
1.369021181017160416e-02
1.425742544233798981e-02
1.338442787528038025e-02
1.373065914958715439e-02
1.382106263190507889e-02
1.376478467136621475e-02
1.397348847240209579e-02
1.366512849926948547e-02
1.310795638710260391e-02
1.387510634958744049e-02
1.418274082243442535e-02
1.372897718101739883e-02
1.374591980129480362e-02
1.038722787052392960e-02
1.400954369455575943e-02
1.385641656816005707e-02
1.372867543250322342e-02
1.469183526933193207e-02
1.384090166538953781e-02
1.401051040738821030e-02
1.349618472158908844e-02
1.382234971970319748e-02
1.410451531410217285e-02
1.425343193113803864e-02
1.377065200358629227e-02
1.255064923316240311e-02
1.386780105531215668e-02
1.406293269246816635e-02
1.387401856482028961e-02
1.404500845819711685e-02
1.384663674980401993e-02
1.406439021229743958e-02
1.375665608793497086e-02
1.380856707692146301e-02
1.378252450376749039e-02
1.398085057735443115e-02
1.399029418826103210e-02
1.378549356013536453e-02
1.402165368199348450e-02
1.370992977172136307e-02
1.397183258086442947e-02
1.406855601817369461e-02
1.343642827123403549e-02
1.361035183072090149e-02
1.410077791661024094e-02
1.383181847631931305e-02
1.377743203192949295e-02
1.418273057788610458e-02
1.420165970921516418e-02
1.241192501038312912e-02
1.358145754784345627e-02
1.349068805575370789e-02
1.393578574061393738e-02
1.401070691645145416e-02
1.434128638356924057e-02
1.380110438913106918e-02
1.368420477956533432e-02
1.145043689757585526e-02
1.381522417068481445e-02
1.389277260750532150e-02
1.361548528075218201e-02
1.412380021065473557e-02
1.370677072554826736e-02
1.466030720621347427e-02
1.373337861150503159e-02
1.393450424075126648e-02
1.342146005481481552e-02
1.413805410265922546e-02
1.381587889045476913e-02
1.377870980650186539e-02
1.398719940334558487e-02
1.386459451168775558e-02
1.378887053579092026e-02
1.422977726906538010e-02
1.367418840527534485e-02
1.397666893899440765e-02
1.388168614357709885e-02
1.409935299307107925e-02
1.405734661966562271e-02
1.362153608351945877e-02
1.360677834600210190e-02
1.370295882225036621e-02
1.427863631397485733e-02
1.368258241564035416e-02
1.398826297372579575e-02
1.366337854415178299e-02
1.365223620086908340e-02
1.346513908356428146e-02
1.431444287300109863e-02
1.421116665005683899e-02
1.379568781703710556e-02
1.424026116728782654e-02
1.412285305559635162e-02
1.374496426433324814e-02
1.376338955014944077e-02
1.405710913240909576e-02
1.398190297186374664e-02
1.382798794656991959e-02
1.393409911543130875e-02
1.363908126950263977e-02
1.405647303909063339e-02
1.363904867321252823e-02
1.397433318197727203e-02
1.380447112023830414e-02
1.346677541732788086e-02
1.412010286003351212e-02
1.404523290693759918e-02
1.424472127109766006e-02
1.378347631543874741e-02
1.411093398928642273e-02
1.396166346967220306e-02
1.408426836133003235e-02
1.370125915855169296e-02
1.410622242838144302e-02
1.401856821030378342e-02
1.385957282036542892e-02
1.352326944470405579e-02
1.409604772925376892e-02
1.363751385360956192e-02
1.368093490600585938e-02
1.389184221625328064e-02
1.380262617021799088e-02
1.396157499402761459e-02
1.410517655313014984e-02
1.425186078995466232e-02
1.385379675775766373e-02
1.378101762384176254e-02
1.380428113043308258e-02
1.383334118872880936e-02
1.408218126744031906e-02
1.405244134366512299e-02
1.369194593280553818e-02
1.412456110119819641e-02
1.394382212311029434e-02
1.395915728062391281e-02
1.371172070503234863e-02
1.387238129973411560e-02
1.447764597833156586e-02
1.377011835575103760e-02
1.379899401217699051e-02
1.403901819139719009e-02
1.363231241703033447e-02
1.382247544825077057e-02
1.367668434977531433e-02
1.383732818067073822e-02
1.396386697888374329e-02
1.355001982301473618e-02
1.410332601517438889e-02
1.340243499726057053e-02
1.411909144371747971e-02
1.348880585283041000e-02
1.359838806092739105e-02
1.364394742995500565e-02
1.369113381952047348e-02
1.429204083979129791e-02
1.375615596771240234e-02
1.400528755038976669e-02
1.382759492844343185e-02
1.418193615972995758e-02
1.356513891369104385e-02
1.367797888815402985e-02
1.431854069232940674e-02
1.310304645448923111e-02
1.367285009473562241e-02
1.363004371523857117e-02
1.379179954528808594e-02
1.371724251657724380e-02
1.378581579774618149e-02
1.367935538291931152e-02
1.367010083049535751e-02
1.400376483798027039e-02
1.430093403905630112e-02
1.427962817251682281e-02
1.409930922091007233e-02
1.446053106337785721e-02
1.404550392180681229e-02
1.415706891566514969e-02
1.380305923521518707e-02
1.373106334358453751e-02
1.397241652011871338e-02
1.431243121623992920e-02
1.374688651412725449e-02
1.374571397900581360e-02
1.397748198360204697e-02
1.366196293383836746e-02
1.393573824316263199e-02
1.376401819288730621e-02
1.367470994591712952e-02
1.392037514597177505e-02
1.410622987896203995e-02
1.439373847097158432e-02
1.392237190157175064e-02
1.424341276288032532e-02
1.377986464649438858e-02
1.397091709077358246e-02
1.389173511415719986e-02
1.348553504794836044e-02
1.367203518748283386e-02
1.376745384186506271e-02
1.325513049960136414e-02
1.388273295015096664e-02
1.029710937291383743e-02
1.375632919371128082e-02
1.351782958954572678e-02
1.359667256474494934e-02
1.381557900458574295e-02
1.376742683351039886e-02
1.370355766266584396e-02
1.366445980966091156e-02
1.399166509509086609e-02
1.372387446463108063e-02
1.388338766992092133e-02
1.380664668977260590e-02
1.353176590055227280e-02
1.368363574147224426e-02
1.394588313996791840e-02
1.413247641175985336e-02
1.411417499184608459e-02
1.401202008128166199e-02
1.404123846441507339e-02
1.382544636726379395e-02
1.374568138271570206e-02
1.393640693277120590e-02
1.430791057646274567e-02
1.386570930480957031e-02
1.440234202891588211e-02
1.381841860711574554e-02
1.356206554919481277e-02
1.396742183715105057e-02
1.387629751116037369e-02
1.384915132075548172e-02
1.415317319333553314e-02
1.361266337335109711e-02
1.384740136563777924e-02
1.386608276516199112e-02
1.397632714360952377e-02
1.361263636499643326e-02
1.380253117531538010e-02
1.424986962229013443e-02
1.394121441990137100e-02
1.376141700893640518e-02
1.382961496710777283e-02
1.442239526659250259e-02
1.372728031128644943e-02
1.360682770609855652e-02
1.372819580137729645e-02
1.346083823591470718e-02
1.380691025406122208e-02
1.398301776498556137e-02
1.379615347832441330e-02
1.376483403146266937e-02
1.398427411913871765e-02
1.452071312814950943e-02
6.786874961107969284e-03
1.371110323816537857e-02
1.350807026028633118e-02
1.397027354687452316e-02
1.367890834808349609e-02
1.380697730928659439e-02
1.405735965818166733e-02
1.364913024008274078e-02
1.418280228972434998e-02
1.375690381973981857e-02
1.373860612511634827e-02
1.374580059200525284e-02
1.411445438861846924e-02
1.361021306365728378e-02
1.393068395555019379e-02
1.387012377381324768e-02
1.370853278785943985e-02
1.432628277689218521e-02
1.391755696386098862e-02
1.264158450067043304e-02
1.364428177475929260e-02
1.380862947553396225e-02
1.403326634317636490e-02
1.368492562323808670e-02
1.384881418198347092e-02
1.416374649852514267e-02
1.385328173637390137e-02
1.368648093193769455e-02
1.393692102283239365e-02
1.418629195541143417e-02
1.399355847388505936e-02
1.360287424176931381e-02
1.402150746434926987e-02
1.397707778960466385e-02
1.384298782795667648e-02
1.394923031330108643e-02
1.399476174265146255e-02
1.383372303098440170e-02
1.395545527338981628e-02
1.418678369373083115e-02
1.367716118693351746e-02
1.399644836783409119e-02
1.399623788893222809e-02
1.386075839400291443e-02
1.387268025428056717e-02
1.354293152689933777e-02
1.391711737960577011e-02
1.339153572916984558e-02
1.383211091160774231e-02
1.353247091174125671e-02
1.402996107935905457e-02
1.381546910852193832e-02
1.367380097508430481e-02
1.377949025481939316e-02
1.394352316856384277e-02
1.381153706461191177e-02
1.383314467966556549e-02
1.385311689227819443e-02
1.386448834091424942e-02
1.383015792816877365e-02
1.370450295507907867e-02
1.399460807442665100e-02
1.390916109085083008e-02
1.425618492066860199e-02
1.382143422961235046e-02
1.421258505433797836e-02
1.407672557979822159e-02
1.383410952985286713e-02
1.396052539348602295e-02
1.384682394564151764e-02
1.380093675106763840e-02
1.346329133957624435e-02
1.393885258585214615e-02
1.380045805126428604e-02
1.342552900314331055e-02
1.407758519053459167e-02
1.358339190483093262e-02
1.377475634217262268e-02
1.375166699290275574e-02
1.390682533383369446e-02
1.402034144848585129e-02
1.404796261340379715e-02
1.371731236577033997e-02
1.378788612782955170e-02
1.356230769306421280e-02
1.362706720829010010e-02
1.388039905577898026e-02
1.392253581434488297e-02
1.364940311759710312e-02
1.382486801594495773e-02
1.514057163149118423e-02
1.400682330131530762e-02
1.381140388548374176e-02
1.403741538524627686e-02
1.412016060203313828e-02
1.396378874778747559e-02
1.368975639343261719e-02
1.420077960938215256e-02
1.386964879930019379e-02
1.372306700795888901e-02
1.376417558640241623e-02
1.406548265367746353e-02
1.373694743961095810e-02
1.320008002221584320e-02
1.356146018952131271e-02
1.020315196365118027e-02
1.372589729726314545e-02
1.391341723501682281e-02
1.399942580610513687e-02
1.349772606045007706e-02
1.424099225550889969e-02
1.360149960964918137e-02
1.251753885298967361e-02
1.368482783436775208e-02
1.382234133780002594e-02
1.395364478230476379e-02
1.371949631720781326e-02
1.407857611775398254e-02
1.366089563816785812e-02
1.341416593641042709e-02
1.375486887991428375e-02
1.372041180729866028e-02
1.369863469153642654e-02
1.404930092394351959e-02
1.425203122198581696e-02
1.367765106260776520e-02
1.402112841606140137e-02
1.388470735400915146e-02
1.375699602067470551e-02
1.369801443070173264e-02
1.366376318037509918e-02
1.396009884774684906e-02
1.392815075814723969e-02
1.398155093193054199e-02
1.372545398771762848e-02
1.452509127557277679e-02
3.138688951730728149e-02
1.400855742394924164e-02
1.338481064885854721e-02
1.398880872875452042e-02
1.392268016934394836e-02
1.382187660783529282e-02
1.352048479020595551e-02
1.379354298114776611e-02
1.397884730249643326e-02
1.412995532155036926e-02
1.345388498157262802e-02
1.430565398186445236e-02
1.370534300804138184e-02
1.299455761909484863e-02
1.374943647533655167e-02
1.236365083605051041e-02
1.382345892488956451e-02
1.371951028704643250e-02
1.392521336674690247e-02
1.382607501000165939e-02
1.392187178134918213e-02
1.391786616295576096e-02
1.379973813891410828e-02
1.393528655171394348e-02
1.381655130535364151e-02
1.344954408705234528e-02
1.363864168524742126e-02
1.361654791980981827e-02
1.381653267890214920e-02
1.403704844415187836e-02
1.424569170922040939e-02
1.350024901330471039e-02
1.395797170698642731e-02
1.031738426536321640e-02
1.025155466049909592e-02
1.376422122120857239e-02
1.386866811662912369e-02
1.354182418435811996e-02
1.428926270455121994e-02
1.379930321127176285e-02
1.373981777578592300e-02
1.374040450900793076e-02
1.374434866011142731e-02
1.389443594962358475e-02
1.397416833788156509e-02
1.409572642296552658e-02
1.412671431899070740e-02
1.408217195421457291e-02
1.386932097375392914e-02
1.428684964776039124e-02
1.390017010271549225e-02
1.430117711424827576e-02
1.313212234526872635e-02
1.353124063462018967e-02
1.415476109832525253e-02
1.364344079047441483e-02
1.414983067661523819e-02
1.416857168078422546e-02
1.310529187321662903e-02
1.333644334226846695e-02
1.384098548442125320e-02
1.404581125825643539e-02
1.420260034501552582e-02
1.425808295607566833e-02
1.406726147979497910e-02
1.396680995821952820e-02
1.277865096926689148e-02
1.378384605050086975e-02
1.362614240497350693e-02
1.426103711128234863e-02
1.403303071856498718e-02
1.395275630056858063e-02
1.382905803620815277e-02
1.378344837576150894e-02
1.371805649250745773e-02
8.892760612070560455e-03
1.415543816983699799e-02
1.384728029370307922e-02
1.332229003310203552e-02
1.358843781054019928e-02
1.342499814927577972e-02
1.379291061311960220e-02
1.372584328055381775e-02
1.380476076155900955e-02
1.378249190747737885e-02
1.372137572616338730e-02
1.425764057785272598e-02
1.408712659031152725e-02
1.413367688655853271e-02
1.350193656980991364e-02
1.085501071065664291e-02
1.381416246294975281e-02
1.378927193582057953e-02
1.385939680039882660e-02
1.383027806878089905e-02
1.375431381165981293e-02
1.389385852962732315e-02
1.396191120147705078e-02
1.366958301514387131e-02
1.399954315274953842e-02
1.375774107873439789e-02
7.555205840617418289e-03
1.392108481377363205e-02
1.350696384906768799e-02
1.381133776158094406e-02
1.393465325236320496e-02
1.427623908966779709e-02
1.355907879769802094e-02
1.413161214441061020e-02
1.366812922060489655e-02
1.386184897273778915e-02
1.388784032315015793e-02
1.387238223105669022e-02
1.399469934403896332e-02
1.240453124046325684e-02
1.404871605336666107e-02
1.392645575106143951e-02
1.383054815232753754e-02
1.379844266921281815e-02
1.377005223184823990e-02
1.401558425277471542e-02
1.369265001267194748e-02
1.366928499191999435e-02
1.369246002286672592e-02
1.378160715103149414e-02
1.404283102601766586e-02
1.377899292856454849e-02
1.424989104270935059e-02
1.375720463693141937e-02
1.374947652220726013e-02
1.388263702392578125e-02
1.366468146443367004e-02
1.395978871732950211e-02
1.422341540455818176e-02
1.385673321783542633e-02
1.414316054433584213e-02
1.404527109116315842e-02
1.365263853222131729e-02
1.366848032921552658e-02
1.358582638204097748e-02
1.374661084264516830e-02
1.381087582558393478e-02
1.408381853252649307e-02
1.358572766184806824e-02
1.422078255563974380e-02
1.379908248782157898e-02
1.401295419782400131e-02
1.362156961113214493e-02
1.341873407363891602e-02
1.408274099230766296e-02
1.398378610610961914e-02
1.396291889250278473e-02
1.370325963944196701e-02
1.367205753922462463e-02
1.390282902866601944e-02
1.312020979821681976e-02
1.372044067829847336e-02
1.389801781624555588e-02
1.386803109198808670e-02
1.370066031813621521e-02
1.378901675343513489e-02
1.418857183307409286e-02
1.373323239386081696e-02
1.400268077850341797e-02
1.370992697775363922e-02
1.362842321395874023e-02
1.384888961911201477e-02
1.341136917471885681e-02
1.426125410944223404e-02
1.437596417963504791e-02
1.412738952785730362e-02
1.393583975732326508e-02
1.376286707818508148e-02
1.389718707650899887e-02
1.400205492973327637e-02
1.381381787359714508e-02
1.398956216871738434e-02
1.383718568831682205e-02
1.377176400274038315e-02
1.375701930373907089e-02
1.397675555199384689e-02
1.409230753779411316e-02
1.387360692024230957e-02
1.386779174208641052e-02
1.385378558188676834e-02
1.369191706180572510e-02
1.377136912196874619e-02
1.360694970935583115e-02
1.432288344949483871e-02
1.413939241319894791e-02
1.347679179161787033e-02
1.349420566111803055e-02
1.344369258731603622e-02
1.427994575351476669e-02
1.376882474869489670e-02
1.396371051669120789e-02
1.364518608897924423e-02
1.373426988720893860e-02
1.365342736244201660e-02
1.367873791605234146e-02
1.411288417875766754e-02
1.348237693309783936e-02
1.384001132100820541e-02
1.366505119949579239e-02
1.366327609866857529e-02
1.371919829398393631e-02
1.385025773197412491e-02
1.429745182394981384e-02
1.390846446156501770e-02
1.390017662197351456e-02
1.400622166693210602e-02
1.413888111710548401e-02
1.357555016875267029e-02
1.285887137055397034e-02
1.408889517188072205e-02
1.308308262377977371e-02
1.446976605802774429e-02
1.387738250195980072e-02
1.419045124202966690e-02
1.380629278719425201e-02
1.377910375595092773e-02
1.418298576027154922e-02
1.399393472820520401e-02
1.356852613389492035e-02
1.414384040981531143e-02
1.383270230144262314e-02
1.432329043745994568e-02
1.399543881416320801e-02
1.372071448713541031e-02
1.358870510011911392e-02
1.390296220779418945e-02
1.380529440939426422e-02
1.397108100354671478e-02
1.414260547608137131e-02
1.400560699403285980e-02
1.419885549694299698e-02
1.380707975476980209e-02
1.390720810741186142e-02
1.397493761032819748e-02
1.420978549867868423e-02
1.490774191915988922e-02
1.388699095696210861e-02
1.376999821513891220e-02
1.368227973580360413e-02
1.400255225598812103e-02
1.370904128998517990e-02
1.385101955384016037e-02
1.361366547644138336e-02
1.378215290606021881e-02
1.374202314764261246e-02
1.246607303619384766e-02
1.353096682578325272e-02
1.151616871356964111e-02
1.431129779666662216e-02
1.387030724436044693e-02
1.387532707303762436e-02
1.388392411172389984e-02
7.595143746584653854e-03
1.286146603524684906e-02
1.382786314934492111e-02
1.365998107939958572e-02
1.425754372030496597e-02
1.405785139650106430e-02
1.345185283571481705e-02
1.388307847082614899e-02
1.387632545083761215e-02
1.398769952356815338e-02
1.370601262897253036e-02
1.365713495761156082e-02
1.406292989850044250e-02
1.377819851040840149e-02
1.389318145811557770e-02
1.406410336494445801e-02
1.377067249268293381e-02
1.395637355744838715e-02
1.390700694173574448e-02
8.683452382683753967e-03
1.373216416686773300e-02
1.361817400902509689e-02
1.377662457525730133e-02
1.385689899325370789e-02
1.403868757188320160e-02
1.388170942664146423e-02
1.348797325044870377e-02
1.401656586676836014e-02
1.397073827683925629e-02
1.394139789044857025e-02
1.387459319084882736e-02
1.380318123847246170e-02
1.406013872474431992e-02
1.357955578714609146e-02
1.388063747435808182e-02
1.424801070243120193e-02
1.372729893773794174e-02
1.384175475686788559e-02
1.402540877461433411e-02
1.410851720720529556e-02
1.024996954947710037e-02
1.167123671621084213e-02
1.408409699797630310e-02
1.387561764568090439e-02
1.372563838958740234e-02
1.378152891993522644e-02
1.379125192761421204e-02
1.413112506270408630e-02
1.460720319300889969e-02
1.376329734921455383e-02
1.373962126672267914e-02
1.374013628810644150e-02
1.390737202018499374e-02
1.433968823403120041e-02
1.367698982357978821e-02
1.462297793477773666e-02
1.391482353210449219e-02
1.390290819108486176e-02
1.409279741346836090e-02
1.381871197372674942e-02
1.376735512167215347e-02
1.433768868446350098e-02
1.394457742571830750e-02
1.368709839880466461e-02
1.404339913278818130e-02
1.369353756308555603e-02
1.412263233214616776e-02
1.063961535692214966e-02
1.394982729107141495e-02
1.417061686515808105e-02
1.107412483543157578e-02
1.378651615232229233e-02
1.418852526694536209e-02
1.368761062622070312e-02
1.371547300368547440e-02
1.369422674179077148e-02
1.324801053851842880e-02
1.373328361660242081e-02
1.423269510269165039e-02
1.374061405658721924e-02
1.434591133147478104e-02
1.358891092240810394e-02
1.404444035142660141e-02
1.374080218374729156e-02
1.404928602278232574e-02
1.394464448094367981e-02
1.385434065014123917e-02
1.385453902184963226e-02
1.311087515205144882e-02
1.387730799615383148e-02
1.167296245694160461e-02
1.358108781278133392e-02
1.403897441923618317e-02
1.408252026885747910e-02
1.386017166078090668e-02
1.361553743481636047e-02
1.367803011089563370e-02
1.484553609043359756e-02
1.385997328907251358e-02
1.393260154873132706e-02
1.383576914668083191e-02
1.390530262142419815e-02
1.390586234629154205e-02
1.394217088818550110e-02
1.401023194193840027e-02
1.385508850216865540e-02
1.280517224222421646e-02
1.416556630283594131e-02
1.399714034050703049e-02
1.403980329632759094e-02
1.414023619145154953e-02
1.399991475045681000e-02
1.361874863505363464e-02
1.380205992609262466e-02
1.390661951154470444e-02
1.404682639986276627e-02
1.374332234263420105e-02
1.343417074531316757e-02
1.410312857478857040e-02
1.373088080435991287e-02
1.379728037863969803e-02
1.419567782431840897e-02
1.378444675356149673e-02
1.377139706164598465e-02
1.404209528118371964e-02
1.413028873503208160e-02
1.436978578567504883e-02
1.364482939243316650e-02
1.291969697922468185e-02
1.393330749124288559e-02
1.386216934770345688e-02
1.417142990976572037e-02
1.388457976281642914e-02
1.412070356309413910e-02
1.450025755912065506e-02
1.349364500492811203e-02
1.389099936932325363e-02
1.387044880539178848e-02
1.399328187108039856e-02
1.363606471568346024e-02
1.421268191188573837e-02
1.399841066449880600e-02
1.373918261379003525e-02
1.393688656389713287e-02
1.367732044309377670e-02
1.375901978462934494e-02
1.392641104757785797e-02
1.368744019418954849e-02
1.357828173786401749e-02
1.377847138792276382e-02
1.410254277288913727e-02
1.381081342697143555e-02
1.388404052704572678e-02
1.290150359272956848e-02
1.385553274303674698e-02
1.373427268117666245e-02
1.354184653609991074e-02
1.374175865203142166e-02
1.367666665464639664e-02
1.388731040060520172e-02
1.414341107010841370e-02
1.421309355646371841e-02
1.374618057161569595e-02
1.406432781368494034e-02
1.385624054819345474e-02
1.436444185674190521e-02
7.534426171332597733e-03
1.380515936762094498e-02
1.415762398391962051e-02
1.373066660016775131e-02
1.386362034827470779e-02
1.376278698444366455e-02
1.390868704766035080e-02
1.396060269325971603e-02
1.403359975665807724e-02
1.216370426118373871e-02
1.357968058437108994e-02
1.370143517851829529e-02
1.359455939382314682e-02
1.402603741735219955e-02
1.372944191098213196e-02
1.410741545259952545e-02
1.408517733216285706e-02
1.390161272138357162e-02
1.393606700003147125e-02
1.376559119671583176e-02
1.370124612003564835e-02
1.349758543074131012e-02
1.371812727302312851e-02
1.385379768908023834e-02
1.369181554764509201e-02
1.366446632891893387e-02
1.407851930707693100e-02
1.419376954436302185e-02
1.347637176513671875e-02
1.362573262304067612e-02
1.464775577187538147e-02
1.406080368906259537e-02
1.399356685578823090e-02
1.342497672885656357e-02
1.370918657630681992e-02
1.372965611517429352e-02
1.460254192352294922e-02
1.393772754818201065e-02
1.404127199202775955e-02
1.377543527632951736e-02
1.371498499065637589e-02
1.416450459510087967e-02
1.389040984213352203e-02
1.372465211898088455e-02
1.387437526136636734e-02
1.372617203742265701e-02
1.401709858328104019e-02
1.393482461571693420e-02
1.372877322137355804e-02
1.391036156564950943e-02
1.023664232343435287e-02
1.373845338821411133e-02
1.386518683284521103e-02
1.404777448624372482e-02
1.370042003691196442e-02
1.369030401110649109e-02
1.335675083100795746e-02
1.383617520332336426e-02
1.399861183017492294e-02
1.379002537578344345e-02
1.408160571008920670e-02
1.383253652602434158e-02
1.394883077591657639e-02
1.401166990399360657e-02
1.397898141294717789e-02
1.405388955026865005e-02
1.378245279192924500e-02
1.371861901134252548e-02
1.429963018745183945e-02
1.368722878396511078e-02
1.390308234840631485e-02
1.384696923196315765e-02
1.384706888347864151e-02
1.370738819241523743e-02
1.393573079258203506e-02
1.393190957605838776e-02
1.396921835839748383e-02
1.369658764451742172e-02
1.431447360664606094e-02
1.369771454483270645e-02
1.362500153481960297e-02
1.405254006385803223e-02
1.378250680863857269e-02
1.395060773938894272e-02
8.703599683940410614e-03
1.377414818853139877e-02
1.407183706760406494e-02
1.411134283989667892e-02
1.385888457298278809e-02
1.380782481282949448e-02
1.371149439364671707e-02
1.396825909614562988e-02
1.389811001718044281e-02
1.420193072408437729e-02
8.485192432999610901e-03
1.379705686122179031e-02
1.385583542287349701e-02
1.384046394377946854e-02
1.345600560307502747e-02
1.401823107153177261e-02
1.354515273123979568e-02
1.368068810552358627e-02
1.388276182115077972e-02
1.354987546801567078e-02
1.386255677789449692e-02
1.387773826718330383e-02
1.368694845587015152e-02
1.424269657582044601e-02
1.232091430574655533e-02
1.348686497658491135e-02
1.388045586645603180e-02
1.408478897064924240e-02
1.401457097381353378e-02
1.244390942156314850e-02
1.355452835559844971e-02
1.381713803857564926e-02
1.434497442096471786e-02
1.437139231711626053e-02
1.353950891643762589e-02
1.203613355755805969e-02
1.377540268003940582e-02
1.403119321912527084e-02
1.346165779978036880e-02
1.365755405277013779e-02
1.396202202886343002e-02
1.372552756220102310e-02
1.375139318406581879e-02
1.376741472631692886e-02
1.368221361190080643e-02
1.425952557474374771e-02
1.401251461356878281e-02
1.369463279843330383e-02
1.393151003867387772e-02
1.387361250817775726e-02
1.387451589107513428e-02
1.392918732017278671e-02
1.387432869523763657e-02
1.405282225459814072e-02
1.369998697191476822e-02
1.362969912588596344e-02
1.412423606961965561e-02
1.381315942853689194e-02
1.402435079216957092e-02
1.366391777992248535e-02
1.379696466028690338e-02
1.379315555095672607e-02
1.399565115571022034e-02
1.351179555058479309e-02
1.333161070942878723e-02
1.399560365825891495e-02
1.377439498901367188e-02
1.415542606264352798e-02
1.333255134522914886e-02
1.373106241226196289e-02
1.425268966704607010e-02
1.468108966946601868e-02
1.387776155024766922e-02
1.408610586076974869e-02
1.363996509462594986e-02
1.412229333072900772e-02
1.418497040867805481e-02
1.410892605781555176e-02
1.394760329276323318e-02
1.381481532007455826e-02
1.379217859357595444e-02
1.339704170823097229e-02
1.383726671338081360e-02
1.415795646607875824e-02
1.283689681440591812e-02
1.380542200058698654e-02
1.368035003542900085e-02
1.374690793454647064e-02
1.362334564328193665e-02
1.419678051024675369e-02
1.415882445871829987e-02
1.383356098085641861e-02
1.356237288564443588e-02
1.430072821676731110e-02
1.392273977398872375e-02
1.405999995768070221e-02
1.393546536564826965e-02
1.398331299424171448e-02
1.374431885778903961e-02
1.357684470713138580e-02
1.412094198167324066e-02
1.376211922615766525e-02
1.401920523494482040e-02
1.390171051025390625e-02
1.388665661215782166e-02
1.391590479761362076e-02
1.398002728819847107e-02
1.375002320855855942e-02
1.395301893353462219e-02
1.412270125001668930e-02
1.409921608865261078e-02
1.375343278050422668e-02
1.410163845866918564e-02
1.375182624906301498e-02
1.374296005815267563e-02
1.371028460562229156e-02
1.414699759334325790e-02
1.348030008375644684e-02
1.397654507309198380e-02
1.402382180094718933e-02
1.412452384829521179e-02
1.392372883856296539e-02
1.374115981161594391e-02
1.395331975072622299e-02
1.422503031790256500e-02
1.381111983209848404e-02
7.483046036213636398e-03
1.402783114463090897e-02
1.422585640102624893e-02
1.384393591433763504e-02
1.362603064626455307e-02
1.428119186311960220e-02
1.358372531831264496e-02
1.385202724486589432e-02
1.368376333266496658e-02
1.251810509711503983e-02
1.361162588000297546e-02
1.361450273543596268e-02
1.395995076745748520e-02
1.407166197896003723e-02
1.373388245701789856e-02
1.394968386739492416e-02
1.375420950353145599e-02
1.379412971436977386e-02
1.384705305099487305e-02
1.149152591824531555e-02
1.391836628317832947e-02
1.379232201725244522e-02
1.389598194509744644e-02
1.339956279844045639e-02
1.436154451221227646e-02
1.382986549288034439e-02
1.331090927124023438e-02
1.407200377434492111e-02
7.368187885731458664e-03
1.325079426169395447e-02
1.368825230747461319e-02
1.392478123307228088e-02
1.427343767136335373e-02
1.374245621263980865e-02
1.378290075808763504e-02
1.387603580951690674e-02
1.381724234670400620e-02
1.380173489451408386e-02
1.394180953502655029e-02
1.374856196343898773e-02
1.376593112945556641e-02
1.344972010701894760e-02
1.215028762817382812e-02
1.414154563099145889e-02
1.364826317876577377e-02
1.358392834663391113e-02
1.369120832532644272e-02
1.371199171990156174e-02
1.403745636343955994e-02
1.418210659176111221e-02
1.374496892094612122e-02
1.360926590859889984e-02
1.374098379164934158e-02
1.407263241708278656e-02
1.400488708168268204e-02
1.383453886955976486e-02
1.382960937917232513e-02
1.398062705993652344e-02
1.461156643927097321e-02
1.423564646393060684e-02
1.406374946236610413e-02
1.384830195456743240e-02
1.380662247538566589e-02
1.371867116540670395e-02
1.367670018225908279e-02
1.367767527699470520e-02
1.008970197290182114e-02
1.388242281973361969e-02
1.381901744753122330e-02
1.401270832866430283e-02
1.378160621970891953e-02
1.388350687921047211e-02
1.382523123174905777e-02
1.457903161644935608e-02
1.396934129297733307e-02
1.263242401182651520e-02
1.364635210484266281e-02
1.364645641297101974e-02
1.409537252038717270e-02
1.379553321748971939e-02
1.393536571413278580e-02
1.381638366729021072e-02
1.400349102914333344e-02
1.359499618411064148e-02
1.371739897876977921e-02
1.370886806398630142e-02
1.405096892267465591e-02
1.377316471189260483e-02
1.387258805334568024e-02
1.404876913875341415e-02
1.385447662323713303e-02
1.408139988780021667e-02
1.417055167257785797e-02
1.392921805381774902e-02
1.377711258828639984e-02
1.353988051414489746e-02
1.376414671540260315e-02
1.386953238397836685e-02
1.401183661073446274e-02
1.396479364484548569e-02
1.387920696288347244e-02
1.378684025257825851e-02
1.352898404002189636e-02
1.389840152114629745e-02
1.341527607291936874e-02
1.365484204143285751e-02
1.370923500508069992e-02
1.379724219441413879e-02
1.378503814339637756e-02
1.402535475790500641e-02
1.379362121224403381e-02
1.413513347506523132e-02
1.364576723426580429e-02
1.399848237633705139e-02
1.392431650310754776e-02
1.385168079286813736e-02
1.385146658867597580e-02
1.371287740767002106e-02
1.353975757956504822e-02
1.364957168698310852e-02
1.370376907289028168e-02
1.362484041601419449e-02
1.359341107308864594e-02
1.415871735662221909e-02
1.428652927279472351e-02
1.375452894717454910e-02
1.444313209503889084e-02
1.398348901420831680e-02
1.406989712268114090e-02
1.386015769094228745e-02
1.409297063946723938e-02
1.453163009136915207e-02
1.415594574064016342e-02
1.413210667669773102e-02
1.385075692087411880e-02
1.372796669602394104e-02
1.394337322562932968e-02
1.400201674550771713e-02
1.392718870192766190e-02
1.411780435591936111e-02
1.420298218727111816e-02
1.394704915583133698e-02
1.364292483776807785e-02
1.392398402094841003e-02
1.385389920324087143e-02
1.353093702346086502e-02
1.359785161912441254e-02
1.321685221046209335e-02
1.385142561048269272e-02
1.410604082047939301e-02
1.350241061300039291e-02
1.411198172718286514e-02
1.380200684070587158e-02
1.383722107857465744e-02
1.376479584723711014e-02
1.233526691794395447e-02
1.395788788795471191e-02
1.406930759549140930e-02
1.363470591604709625e-02
1.401451136916875839e-02
1.392881199717521667e-02
1.430864538997411728e-02
1.381632965058088303e-02
1.423603296279907227e-02
1.379404682666063309e-02
1.372422929853200912e-02
1.384684722870588303e-02
1.415145117789506912e-02
1.365500688552856445e-02
1.379780564457178116e-02
1.367220934480428696e-02
1.368043944239616394e-02
1.390055939555168152e-02
1.424413919448852539e-02
1.383514329791069031e-02
9.438946843147277832e-03
1.393673755228519440e-02
1.391056552529335022e-02
1.356405019760131836e-02
1.376583054661750793e-02
1.410859543830156326e-02
1.361914351582527161e-02
1.416091341525316238e-02
1.377740595489740372e-02
1.359944697469472885e-02
1.388450339436531067e-02
1.381381414830684662e-02
1.413474045693874359e-02
1.407290063798427582e-02
1.398498471826314926e-02
1.402002293616533279e-02
1.362195611000061035e-02
1.388325449079275131e-02
1.366148237138986588e-02
1.372071821242570877e-02
1.401987951248884201e-02
1.362339779734611511e-02
1.396621484309434891e-02
1.396362483501434326e-02
1.368218939751386642e-02
1.442958693951368332e-02
1.397481560707092285e-02
1.408404391258955002e-02
1.386829093098640442e-02
1.424567028880119324e-02
1.405837573111057281e-02
1.413074415177106857e-02
1.393811684101819992e-02
1.392012927681207657e-02
1.384123228490352631e-02
1.257587317377328873e-02
1.404696144163608551e-02
1.420347020030021667e-02
1.398388668894767761e-02
1.421876624226570129e-02
1.385261211544275284e-02
1.456083357334136963e-02
1.382185611873865128e-02
1.394230034202337265e-02
1.397156994789838791e-02
1.389095466583967209e-02
1.378503441810607910e-02
1.376357674598693848e-02
1.355932746082544327e-02
1.395690999925136566e-02
1.371417008340358734e-02
1.403537392616271973e-02
1.401722710579633713e-02
1.381388306617736816e-02
1.385797653347253799e-02
1.409249380230903625e-02
1.072281878441572189e-02
1.331068295985460281e-02
1.393776759505271912e-02
1.259590964764356613e-02
1.400367077440023422e-02
1.373791601508855820e-02
1.392039656639099121e-02
1.366282906383275986e-02
1.354748569428920746e-02
1.411893963813781738e-02
1.405031885951757431e-02
1.374402921646833420e-02
1.387042365968227386e-02
1.382638793438673019e-02
1.401701569557189941e-02
1.429855916649103165e-02
1.378445047885179520e-02
1.383827067911624908e-02
1.398857310414314270e-02
1.395305991172790527e-02
1.420904137194156647e-02
1.395126339048147202e-02
1.415550708770751953e-02
1.367971859872341156e-02
1.393726747483015060e-02
1.414033677428960800e-02
1.420513726770877838e-02
1.398407481610774994e-02
1.384807191789150238e-02
1.164371613413095474e-02
1.387100853025913239e-02
1.445031072944402695e-02
1.353392563760280609e-02
6.695106625556945801e-03
1.411245204508304596e-02
1.412997301667928696e-02
1.426214352250099182e-02
1.355886459350585938e-02
1.348926033824682236e-02
1.424441859126091003e-02
1.392253674566745758e-02
1.395100448280572891e-02
1.385837513953447342e-02
1.363257132470607758e-02
1.431852579116821289e-02
1.381132286041975021e-02
1.378776039928197861e-02
1.385609805583953857e-02
1.423860713839530945e-02
1.399570703506469727e-02
1.386825647205114365e-02
1.370524521917104721e-02
1.371422689408063889e-02
1.396841742098331451e-02
8.611623197793960571e-03
1.397907081991434097e-02
1.390035450458526611e-02
1.388706266880035400e-02
1.415019389241933823e-02
1.344289164990186691e-02
1.379300560802221298e-02
1.394738350063562393e-02
1.391245704144239426e-02
1.355424802750349045e-02
1.386292558163404465e-02
1.415912713855504990e-02
1.351573690772056580e-02
1.365078147500753403e-02
1.465931627899408340e-02
1.415452640503644943e-02
1.384675502777099609e-02
1.033063326030969620e-02
1.385861355811357498e-02
1.367963477969169617e-02
1.372900325804948807e-02
1.366027630865573883e-02
1.380577404052019119e-02
1.391530968248844147e-02
1.371269859373569489e-02
1.355840917676687241e-02
1.388245541602373123e-02
1.361976936459541321e-02
1.396831311285495758e-02
1.210100855678319931e-02
1.350418291985988617e-02
1.388468407094478607e-02
1.439194474369287491e-02
1.403423491865396500e-02
1.398533489555120468e-02
1.385496184229850769e-02
1.403888128697872162e-02
1.338471379131078720e-02
1.367149129509925842e-02
1.406335737556219101e-02
1.396449469029903412e-02
1.410797238349914551e-02
1.437176112085580826e-02
1.402219198644161224e-02
1.406167354434728622e-02
1.371265947818756104e-02
1.420290116220712662e-02
1.350567582994699478e-02
1.371758244931697845e-02
1.411383226513862610e-02
1.364395581185817719e-02
1.376512553542852402e-02
1.366874016821384430e-02
1.413599308580160141e-02
1.408668514341115952e-02
1.377055980265140533e-02
1.357863191515207291e-02
1.399926468729972839e-02
1.415910199284553528e-02
1.373904384672641754e-02
1.406019274145364761e-02
1.384791452437639236e-02
1.376061514019966125e-02
1.416219864040613174e-02
1.373193785548210144e-02
1.378697156906127930e-02
1.396387536078691483e-02
1.373848877847194672e-02
1.378923095762729645e-02
1.397644821554422379e-02
1.381082925945520401e-02
1.371471676975488663e-02
1.377631071954965591e-02
1.391201280057430267e-02
1.417322736233472824e-02
1.374274119734764099e-02
1.380384806543588638e-02
1.402054820209741592e-02
1.427775062620639801e-02
1.370835956186056137e-02
1.357110217213630676e-02
1.408892031759023666e-02
1.371721830219030380e-02
1.368733029812574387e-02
1.375509891659021378e-02
1.368714496493339539e-02
1.408116426318883896e-02
1.369113940745592117e-02
1.400960050523281097e-02
1.376235205680131912e-02
1.406401116400957108e-02
1.407294534146785736e-02
1.374586205929517746e-02
1.385007705539464951e-02
1.382919307798147202e-02
1.389265339821577072e-02
1.381417270749807358e-02
1.373709645122289658e-02
1.372550707310438156e-02
1.384748425334692001e-02
1.399005018174648285e-02
1.364914700388908386e-02
1.417122222483158112e-02
1.376971602439880371e-02
1.388348266482353210e-02
1.367425080388784409e-02
1.433497387915849686e-02
1.346851792186498642e-02
1.384109817445278168e-02
1.404646597802639008e-02
1.381359901279211044e-02
1.384672895073890686e-02
1.363112404942512512e-02
1.406683120876550674e-02
1.375919580459594727e-02
1.346872746944427490e-02
1.369754318147897720e-02
1.358239725232124329e-02
1.389375980943441391e-02
1.441792212426662445e-02
1.361316721886396408e-02
1.403451245278120041e-02
1.383480988442897797e-02
1.393342111259698868e-02
1.418583374470472336e-02
1.508133485913276672e-02
1.410549599677324295e-02
1.387947797775268555e-02
1.398180518299341202e-02
1.401834562420845032e-02
1.407434977591037750e-02
1.378716528415679932e-02
1.367515046149492264e-02
1.389588043093681335e-02
1.380726415663957596e-02
1.419423799961805344e-02
1.451799832284450531e-02
1.125315204262733459e-02
1.396054588258266449e-02
1.222398784011602402e-02
1.294980011880397797e-02
1.381297968327999115e-02
1.402215752750635147e-02
1.403946522623300552e-02
1.359604205936193466e-02
1.162218954414129257e-02
1.362879481166601181e-02
1.365119498223066330e-02
1.400356646627187729e-02
1.396115683019161224e-02
1.410071924328804016e-02
1.368723902851343155e-02
1.384104508906602859e-02
9.710534475743770599e-03
1.407313067466020584e-02
1.394216809421777725e-02
1.416881754994392395e-02
1.384248770773410797e-02
1.377278845757246017e-02
1.401551160961389542e-02
1.390345115214586258e-02
1.393831707537174225e-02
1.393941882997751236e-02
1.380437053740024567e-02
1.384037174284458160e-02
1.388846430927515030e-02
1.377679780125617981e-02
1.339314784854650497e-02
1.395742502063512802e-02
1.429824531078338623e-02
1.398449763655662537e-02
1.379996538162231445e-02
1.378346700221300125e-02
1.407030504196882248e-02
1.389990653842687607e-02
1.369186863303184509e-02
1.360251009464263916e-02
1.381682790815830231e-02
1.364988647401332855e-02
8.331669494509696960e-03
1.358914934098720551e-02
1.367889996618032455e-02
1.337897777557373047e-02
1.392063219100236893e-02
1.360566262155771255e-02
1.389614865183830261e-02
1.367701310664415359e-02
1.374064758419990540e-02
1.388611271977424622e-02
1.387486979365348816e-02
1.386501453816890717e-02
1.356995943933725357e-02
1.393634453415870667e-02
1.373699679970741272e-02
1.380444690585136414e-02
1.393344905227422714e-02
1.368685439229011536e-02
1.354582235217094421e-02
1.387361250817775726e-02
1.386397518217563629e-02
1.382979378104209900e-02
1.361888088285923004e-02
1.353366393595933914e-02
1.388688944280147552e-02
1.407658401876688004e-02
1.357518043369054794e-02
1.355605199933052063e-02
1.427148934453725815e-02
1.377329509705305099e-02
1.384374219924211502e-02
1.385311223566532135e-02
8.476228453218936920e-03
1.401913724839687347e-02
1.378570590168237686e-02
1.388336345553398132e-02
1.371376309543848038e-02
1.360185537487268448e-02
1.386794354766607285e-02
1.405185740441083908e-02
1.388885173946619034e-02
1.372299715876579285e-02
1.379069685935974121e-02
1.413160562515258789e-02
1.379362307488918304e-02
1.381479296833276749e-02
1.384504511952400208e-02
1.368042547255754471e-02
1.388078648597002029e-02
1.375653780996799469e-02
1.394263748079538345e-02
1.394590176641941071e-02
1.368452049791812897e-02
1.408019661903381348e-02
1.381584163755178452e-02
1.390339341014623642e-02
1.359898690134286880e-02
1.399082876741886139e-02
1.367500983178615570e-02
1.377742085605859756e-02
1.365037914365530014e-02
1.375548448413610458e-02
1.402891520410776138e-02
1.398551464080810547e-02
1.365359686315059662e-02
1.254005078226327896e-02
1.394646707922220230e-02
1.378276385366916656e-02
1.436994876712560654e-02
9.848264046013355255e-03
1.356081292033195496e-02
1.393828168511390686e-02
1.384823117405176163e-02
1.396313030272722244e-02
1.375594176352024078e-02
1.373982802033424377e-02
1.409857254475355148e-02
1.365810073912143707e-02
1.406615413725376129e-02
1.407902594655752182e-02
1.376878377050161362e-02
1.403744611889123917e-02
1.437826082110404968e-02
1.363389845937490463e-02
1.383749768137931824e-02
9.678712114691734314e-03
7.788184098899364471e-03
1.314189936965703964e-02
1.392938848584890366e-02
1.395056303590536118e-02
1.428524870425462723e-02
1.389175560325384140e-02
1.367191690951585770e-02
1.384023483842611313e-02
1.435165014117956161e-02
1.405777130275964737e-02
1.390970591455698013e-02
1.379923429340124130e-02
1.390913128852844238e-02
1.402781065553426743e-02
1.387375313788652420e-02
1.371733006089925766e-02
1.392445247620344162e-02
1.417063083499670029e-02
1.306623127311468124e-02
1.423666439950466156e-02
1.369572244584560394e-02
1.407628692686557770e-02
1.375057362020015717e-02
1.421679649502038956e-02
1.382866222411394119e-02
1.418942492455244064e-02
1.365954522043466568e-02
1.391419768333435059e-02
1.362857501953840256e-02
1.275067683309316635e-02
1.399930473417043686e-02
1.339538488537073135e-02
1.403675880283117294e-02
1.386346574872732162e-02
1.397764962166547775e-02
1.388706918805837631e-02
1.380318682640790939e-02
1.406442746520042419e-02
1.371493097394704819e-02
1.395966205745935440e-02
1.376913767307996750e-02
1.378100831061601639e-02
1.395540870726108551e-02
1.380778010934591293e-02
1.409291289746761322e-02
1.382366102188825607e-02
1.366288587450981140e-02
1.404982525855302811e-02
1.384907960891723633e-02
1.343467738479375839e-02
1.393639110028743744e-02
1.365871727466583252e-02
1.388237159699201584e-02
1.425961591303348541e-02
1.387172564864158630e-02
1.361170690506696701e-02
1.391761004924774170e-02
1.377690955996513367e-02
1.393956784158945084e-02
1.374956313520669937e-02
1.429834403097629547e-02
1.365842577069997787e-02
1.404540892690420151e-02
1.388862170279026031e-02
1.421053614467382431e-02
1.387895550578832626e-02
1.399710122495889664e-02
1.266762893646955490e-02
1.381963770836591721e-02
1.403887476772069931e-02
1.402575056999921799e-02
1.407687738537788391e-02
1.353305019438266754e-02
1.386643666774034500e-02
1.413504406809806824e-02
1.345544494688510895e-02
1.409176830202341080e-02
1.385428104549646378e-02
1.382863521575927734e-02
1.464917603880167007e-02
1.369492989033460617e-02
1.381540577858686447e-02
1.407718937844038010e-02
1.385734602808952332e-02
1.330095808953046799e-02
1.382042374461889267e-02
1.391959097236394882e-02
1.386333908885717392e-02
1.399353519082069397e-02
1.394808292388916016e-02
1.361309923231601715e-02
1.364791672676801682e-02
1.351788360625505447e-02
1.387256011366844177e-02
1.397125050425529480e-02
1.409881375730037689e-02
1.356192864477634430e-02
1.396431960165500641e-02
1.396699342876672745e-02
1.373739168047904968e-02
1.373112108558416367e-02
1.378036197274923325e-02
1.366978604346513748e-02
1.384389959275722504e-02
1.359258685261011124e-02
1.380068063735961914e-02
1.388908550143241882e-02
1.365815475583076477e-02
1.367674674838781357e-02
1.416656374931335449e-02
9.816663339734077454e-03
1.371922716498374939e-02
1.402499992400407791e-02
1.353186275810003281e-02
1.278644707053899765e-02
8.732993155717849731e-03
1.393363159149885178e-02
1.377468649297952652e-02
1.404875796288251877e-02
1.392245013266801834e-02
1.424660440534353256e-02
1.408786512911319733e-02
1.384795084595680237e-02
1.379577163606882095e-02
1.392127480357885361e-02
1.388949714601039886e-02
1.410285290330648422e-02
1.367440540343523026e-02
1.371444854885339737e-02
1.381868496537208557e-02
1.215248927474021912e-02
1.374013815075159073e-02
1.389025710523128510e-02
1.389678195118904114e-02
1.413453556597232819e-02
1.445543766021728516e-02
1.386786997318267822e-02
1.409441884607076645e-02
1.371442340314388275e-02
1.378120481967926025e-02
1.376185473054647446e-02
1.381400879472494125e-02
1.385198254138231277e-02
1.388934813439846039e-02
1.438885647803544998e-02
1.375887636095285416e-02
1.358492393046617508e-02
1.406199112534523010e-02
1.346273347735404968e-02
1.364733185619115829e-02
1.414447464048862457e-02
1.277272310107946396e-02
1.363153196871280670e-02
1.385301724076271057e-02
1.367453113198280334e-02
1.390497479587793350e-02
1.431214902549982071e-02
1.357335131615400314e-02
1.387090701609849930e-02
1.432327367365360260e-02
1.433769520372152328e-02
1.386661455035209656e-02
1.401089224964380264e-02
1.413169223815202713e-02
1.394314132630825043e-02
1.351447030901908875e-02
8.814697153866291046e-03
1.361819263547658920e-02
1.370938774198293686e-02
1.405412796884775162e-02
1.389644201844930649e-02
1.393404323607683182e-02
1.353445928543806076e-02
1.412382069975137711e-02
1.387374196201562881e-02
1.379685197025537491e-02
1.391006447374820709e-02
1.368994358927011490e-02
1.393068768084049225e-02
1.383997779339551926e-02
1.394819095730781555e-02
1.373165007680654526e-02
1.409821584820747375e-02
1.259621698409318924e-02
1.429016981273889542e-02
1.400613784790039062e-02
1.373087521642446518e-02
1.374870538711547852e-02
1.399919111281633377e-02
1.372759975492954254e-02
1.338487025350332260e-02
1.390419993549585342e-02
1.414836570620536804e-02
1.394262630492448807e-02
1.364549994468688965e-02
1.392784155905246735e-02
1.372048910707235336e-02
1.380389090627431870e-02
1.395401358604431152e-02
1.380626764148473740e-02
1.277447585016489029e-02
1.391133386641740799e-02
1.372641883790493011e-02
1.398283336311578751e-02
1.389109808951616287e-02
1.370800379663705826e-02
1.398902852088212967e-02
1.435240730643272400e-02
1.431733928620815277e-02
1.358846668154001236e-02
1.381664909422397614e-02
1.390800438821315765e-02
1.387195941060781479e-02
1.417235191911458969e-02
1.369351148605346680e-02
1.404619216918945312e-02
1.008480414748191833e-02
1.375420484691858292e-02
1.386251766234636307e-02
1.374247949570417404e-02
1.384157780557870865e-02
1.369547005742788315e-02
1.096738036721944809e-02
1.382339838892221451e-02
1.394315715879201889e-02
1.369713526219129562e-02
1.414049230515956879e-02
1.401286199688911438e-02
1.372766215354204178e-02
1.392783783376216888e-02
1.363520044833421707e-02
1.369014382362365723e-02
1.360665541142225266e-02
1.355408504605293274e-02
1.389023102819919586e-02
1.413576304912567139e-02
1.402827166020870209e-02
1.345001719892024994e-02
1.105676218867301941e-02
1.382125541567802429e-02
1.378707028925418854e-02
1.370279118418693542e-02
1.383464317768812180e-02
1.365312933921813965e-02
1.406103372573852539e-02
1.354410964995622635e-02
1.372891943901777267e-02
1.411422807723283768e-02
1.390953082591295242e-02
1.400984916836023331e-02
1.384547352790832520e-02
1.397132780402898788e-02
1.416207943111658096e-02
1.347795687615871429e-02
1.362120267003774643e-02
1.389440335333347321e-02
1.382305286824703217e-02
1.373437605798244476e-02
1.392444409430027008e-02
1.359544601291418076e-02
1.421533152461051941e-02
1.391135528683662415e-02
1.406468357890844345e-02
1.393295731395483017e-02
1.405494008213281631e-02
1.399582065641880035e-02
1.379323843866586685e-02
1.358656957745552063e-02
1.369170937687158585e-02
1.356485486030578613e-02
1.388857699930667877e-02
1.371487416326999664e-02
1.389456074684858322e-02
1.389431953430175781e-02
1.387082319706678391e-02
1.386528369039297104e-02
1.361177861690521240e-02
1.330969296395778656e-02
1.404898520559072495e-02
1.355092786252498627e-02
1.386903319507837296e-02
1.374578475952148438e-02
1.404489949345588684e-02
1.367299351841211319e-02
1.384735759347677231e-02
1.375431101769208908e-02
1.364808436483144760e-02
1.402967609465122223e-02
1.424500346183776855e-02
1.390449609607458115e-02
1.427439413964748383e-02
1.405350957065820694e-02
1.225252449512481689e-02
1.451088767498731613e-02
1.357306912541389465e-02
1.384530030190944672e-02
1.378810405731201172e-02
1.345562562346458435e-02
1.392301637679338455e-02
1.394958421587944031e-02
1.388566289097070694e-02
1.386560127139091492e-02
1.388783846050500870e-02
1.373886223882436752e-02
1.433259807527065277e-02
1.423752307891845703e-02
1.364813093096017838e-02
1.413893699645996094e-02
1.377602294087409973e-02
1.388260442763566971e-02
1.408487465232610703e-02
1.374917663633823395e-02
1.359118428081274033e-02
1.205076929181814194e-02
1.374907419085502625e-02
1.394029334187507629e-02
1.392603851854801178e-02
1.364747900515794754e-02
1.385191362351179123e-02
1.398969255387783051e-02
1.365793123841285706e-02
1.421470381319522858e-02
1.381009910255670547e-02
1.373882684856653214e-02
1.404563430696725845e-02
1.373424008488655090e-02
1.359057705849409103e-02
1.413269899785518646e-02
1.443400699645280838e-02
1.369150634855031967e-02
1.379535440355539322e-02
1.358689460903406143e-02
1.403445657342672348e-02
1.390282716602087021e-02
1.399388909339904785e-02
1.357296667993068695e-02
1.402911543846130371e-02
1.366997975856065750e-02
1.398422755300998688e-02
1.382168475538492203e-02
1.372444629669189453e-02
1.381319761276245117e-02
1.395754795521497726e-02
1.358321588486433029e-02
1.384808123111724854e-02
1.433982886373996735e-02
1.388968899846076965e-02
1.414337847381830215e-02
1.397064328193664551e-02
1.371606346219778061e-02
1.372288074344396591e-02
1.385433878749608994e-02
1.383466087281703949e-02
1.391317509114742279e-02
1.395489647984504700e-02
1.395637076348066330e-02
1.379375252872705460e-02
1.385362353175878525e-02
1.405237521976232529e-02
1.376257184892892838e-02
1.364608481526374817e-02
1.376577373594045639e-02
1.393229141831398010e-02
1.371862366795539856e-02
1.387186255306005478e-02
1.374846417456865311e-02
1.344204787164926529e-02
1.418493315577507019e-02
1.406151149421930313e-02
1.377038005739450455e-02
1.389168296009302139e-02
1.408702693879604340e-02
1.365441083908081055e-02
1.385236997157335281e-02
1.383325830101966858e-02
1.377737242728471756e-02
1.363495271652936935e-02
1.383750047534704208e-02
1.401494350284337997e-02
1.383749488741159439e-02
1.410438027232885361e-02
1.418523117899894714e-02
1.413065288215875626e-02
1.430701371282339096e-02
1.137704867869615555e-02
1.404769625514745712e-02
1.385553739964962006e-02
1.378821674734354019e-02
1.381716039031744003e-02
1.413103006780147552e-02
1.356056891381740570e-02
1.350168511271476746e-02
1.397225353866815567e-02
1.389988418668508530e-02
1.350796781480312347e-02
1.401797216385602951e-02
1.421186886727809906e-02
1.379508152604103088e-02
1.391267124563455582e-02
1.413778308779001236e-02
1.382244192063808441e-02
1.368271745741367340e-02
1.454629935324192047e-02
1.404924131929874420e-02
1.369730196893215179e-02
1.353250350803136826e-02
1.399029511958360672e-02
1.392033975571393967e-02
1.364477258175611496e-02
1.363047957420349121e-02
1.409628987312316895e-02
1.379524823278188705e-02
1.393422391265630722e-02
1.376382168382406235e-02
1.413412299007177353e-02
1.395022589713335037e-02
1.367292739450931549e-02
1.399543043226003647e-02
1.376982685178518295e-02
1.363743189722299576e-02
1.007300708442926407e-02
1.354860048741102219e-02
1.355864759534597397e-02
1.400907058268785477e-02
1.392994727939367294e-02
1.367154717445373535e-02
1.369527541100978851e-02
1.333535276353359222e-02
1.363424398005008698e-02
1.425257977098226547e-02
1.419399026781320572e-02
1.382510457187891006e-02
1.377295609563589096e-02
1.370231434702873230e-02
1.391709782183170319e-02
1.394798234105110168e-02
1.366384886205196381e-02
1.409947965294122696e-02
1.400343235582113266e-02
1.385766826570034027e-02
1.427297201007604599e-02
1.429273840039968491e-02
1.355678681284189224e-02
1.386817730963230133e-02
1.369103509932756424e-02
1.397959981113672256e-02
1.380116119980812073e-02
1.402238011360168457e-02
1.394590735435485840e-02
1.363950408995151520e-02
1.159068383276462555e-02
1.340942922979593277e-02
1.381911989301443100e-02
1.392483618110418320e-02
