<system>Protocol: Active. Attitude: Sassy.</system>
-1.813396960496902466e-01
2.059840969741344452e-02
1.257272481918334961e+00
-1.877180933952331543e-01
1.217074990272521973e+00
-2.808869481086730957e-01
4.327781796455383301e-01
7.731177657842636108e-02
1.794238209724426270e+00
-5.621906518936157227e-01
-7.805840969085693359e-01
6.534498333930969238e-01
8.291234076023101807e-02
-1.945172250270843506e-01
-6.173741817474365234e-01
1.877062022686004639e-01
9.144693613052368164e-01
5.658979415893554688e-01
-5.972585082054138184e-01
-4.629472494125366211e-01
-4.776982963085174561e-01
3.025011122226715088e-01
1.106491684913635254e+00
-2.518530368804931641e+00
6.830736398696899414e-01
-4.255846440792083740e-01
-9.434677958488464355e-01
7.671433091163635254e-01
-1.079065442085266113e+00
1.804383635520935059e+00
-2.993767857551574707e-01
-8.642973750829696655e-02
9.489545822143554688e-01
4.698137044906616211e-01
-1.826613187789916992e+00
-6.408283710479736328e-01
-4.813430011272430420e-01
-5.083637833595275879e-01
-9.367872774600982666e-02
-4.556232690811157227e-01
-1.930265665054321289e+00
6.025245785713195801e-01
-3.094251751899719238e-01
2.228869199752807617e+00
-9.250588417053222656e-01
1.230077028274536133e+00
7.844525575637817383e-02
3.183805942535400391e-01
-1.703541874885559082e-01
1.513873457908630371e+00
7.301717996597290039e-01
-1.507204294204711914e+00
1.479542493820190430e+00
8.892170786857604980e-01
5.963306874036788940e-02
-5.194931626319885254e-01
-7.756867259740829468e-02
8.798887133598327637e-01
4.202518463134765625e-01
1.730196475982666016e-01
6.324011683464050293e-01
-6.453486680984497070e-01
-2.448466718196868896e-01
5.974317789077758789e-01
9.082010388374328613e-01
6.053113341331481934e-01
-2.229449748992919922e+00
-1.658924102783203125e+00
1.235821008682250977e+00
-4.387170374393463135e-01
8.981920778751373291e-03
-1.081458091735839844e+00
-1.515133380889892578e-01
1.544533610343933105e+00
-2.641670405864715576e-01
-1.215748190879821777e+00
-5.918088555335998535e-01
-2.341772079467773438e+00
2.139897823333740234e+00
1.034244537353515625e+00
1.365937948226928711e+00
-3.422195911407470703e-01
1.531280577182769775e-01
9.240546822547912598e-01
-6.437677145004272461e-01
-7.639104127883911133e-01
5.506224036216735840e-01
1.286698460578918457e+00
-9.499126076698303223e-01
-1.727904677391052246e+00
5.823498368263244629e-01
3.950847387313842773e-01
-3.141538500785827637e-01
-1.007865428924560547e+00
-1.103763222694396973e+00
-6.246816515922546387e-01
3.584609031677246094e-01
1.481485009193420410e+00
7.561934590339660645e-01
1.147700905799865723e+00
-1.347740769386291504e+00
1.503541111946105957e+00
4.844428002834320068e-01
-1.599640130996704102e+00
6.242347359657287598e-01
-2.368863373994827271e-01
1.935657113790512085e-01
-2.444828450679779053e-01
-8.375260233879089355e-01
7.928540706634521484e-01
-1.377826929092407227e+00
1.653936207294464111e-01
-5.505372583866119385e-02
-1.554636806249618530e-01
1.114046812057495117e+00
8.039826899766921997e-02
-1.040062785148620605e+00
4.624900966882705688e-02
-1.049784779548645020e+00
-9.395771026611328125e-01
2.956077754497528076e-01
1.109812498092651367e+00
-1.559820532798767090e+00
-2.723339013755321503e-02
1.635079145431518555e+00
9.406049251556396484e-01
4.819234609603881836e-01
-1.271944493055343628e-01
3.283215165138244629e-01
7.495533227920532227e-01
-4.477560520172119141e-01
-1.332102537155151367e+00
-8.028268218040466309e-01
2.011452466249465942e-01
-1.491051316261291504e+00
-2.415670156478881836e-01
-5.527585148811340332e-01
-4.505968093872070312e-01
-5.846008658409118652e-01
3.732560276985168457e-01
-5.160952731966972351e-02
1.255131959915161133e-01
7.651877403259277344e-02
3.687532544136047363e-01
-2.379636615514755249e-01
-1.400460004806518555e+00
1.117715597152709961e+00
-8.932794332504272461e-01
1.199057579040527344e+00
4.484885036945343018e-01
8.955203294754028320e-01
8.961712121963500977e-01
4.002976790070533752e-02
-2.351109981536865234e-01
6.351658105850219727e-01
-4.914373159408569336e-01
-4.235799238085746765e-02
-4.439744949340820312e-01
-8.415638804435729980e-01
1.416892558336257935e-01
4.279878139495849609e-01
-1.118286848068237305e+00
-8.997696638107299805e-01
-1.184016942977905273e+00
-4.583271741867065430e-01
-1.005602478981018066e+00
-8.111554980278015137e-01
2.018407136201858521e-01
7.765062451362609863e-01
-1.018730998039245605e+00
-1.117464423179626465e+00
7.901180386543273926e-01
-1.063523888587951660e+00
-7.893397659063339233e-02
-6.324697285890579224e-02
7.055990695953369141e-01
4.384220838546752930e-01
3.170461952686309814e-01
8.744665384292602539e-01
-6.402599811553955078e-01
8.779001832008361816e-01
-1.657511442899703979e-01
9.571826457977294922e-02
-2.575588822364807129e-01
1.380621314048767090e+00
4.783102869987487793e-01
7.928979396820068359e-01
-4.018424749374389648e-01
9.176803231239318848e-01
3.205460011959075928e-01
3.166361451148986816e-01
-5.471081733703613281e-01
-5.512657761573791504e-01
1.152362972497940063e-01
-5.448015406727790833e-02
-1.376924872398376465e+00
-7.076026797294616699e-01
5.556264519691467285e-01
1.140849113464355469e+00
-4.836412668228149414e-01
1.080954313278198242e+00
-9.806314706802368164e-01
-3.139567673206329346e-01
1.220955848693847656e+00
-3.335019350051879883e+00
-7.374401092529296875e-01
-2.344785213470458984e+00
1.755419850349426270e+00
7.585983872413635254e-01
1.305120706558227539e+00
-1.304687410593032837e-01
5.510966777801513672e-01
-2.798096537590026855e-01
8.834918737411499023e-01
5.545048117637634277e-01
2.507575511932373047e+00
6.311555951833724976e-02
1.092663288116455078e+00
5.726995468139648438e-01
4.636684358119964600e-01
-1.626229286193847656e+00
1.929057836532592773e+00
-9.686435461044311523e-01
-4.209319055080413818e-01
-3.217473328113555908e-01
-9.227158427238464355e-01
-1.494522571563720703e+00
-2.220320515334606171e-02
1.272944360971450806e-01
-2.421024292707443237e-01
-9.531792253255844116e-03
-2.379008382558822632e-01
1.821999996900558472e-01
-2.009868621826171875e-01
2.760739326477050781e-01
9.539067149162292480e-01
8.322644233703613281e-01
5.165909528732299805e-01
-4.284300208091735840e-01
8.324601650238037109e-01
1.023391604423522949e+00
5.848895907402038574e-01
1.039921164512634277e+00
2.319366782903671265e-01
-3.829048275947570801e-01
-1.267227292060852051e+00
8.964754343032836914e-01
-1.690434336662292480e+00
1.657880306243896484e+00
-8.416721224784851074e-01
-4.116215407848358154e-01
-5.041652321815490723e-01
1.319362878799438477e+00
1.199778541922569275e-02
1.191633224487304688e+00
9.938654899597167969e-01
1.310704231262207031e+00
-9.365856051445007324e-01
-9.333267807960510254e-01
1.154885530471801758e+00
-1.910794973373413086e-01
-1.775315999984741211e+00
1.135610222816467285e+00
1.416059136390686035e-01
-9.093185067176818848e-01
4.678170680999755859e-01
-1.874154448509216309e+00
-1.580855131149291992e+00
2.958401203155517578e+00
-3.205029666423797607e-01
-1.334464251995086670e-01
3.531923890113830566e-01
5.575844049453735352e-01
8.484765142202377319e-02
-5.208402872085571289e-01
-5.285254120826721191e-01
-6.697782874107360840e-01
3.158410489559173584e-01
9.739516377449035645e-01
-6.343423854559659958e-03
1.134525895118713379e+00
-1.486693173646926880e-01
-3.220178186893463135e-01
4.661668837070465088e-01
-1.121780872344970703e+00
3.913128376007080078e-01
2.355784326791763306e-01
-1.218829870223999023e+00
7.355735301971435547e-01
6.326685547828674316e-01
8.994175195693969727e-01
-7.616032958030700684e-01
-6.767211556434631348e-01
8.281317353248596191e-01
7.905365824699401855e-01
-1.873547434806823730e+00
1.117812395095825195e+00
-1.126126527786254883e+00
4.890315830707550049e-01
-3.066169843077659607e-02
-1.384767293930053711e+00
9.430678486824035645e-01
-3.808294236660003662e-01
1.645488023757934570e+00
1.346311330795288086e+00
8.431544303894042969e-01
-3.612132370471954346e-01
1.479240775108337402e+00
6.726443171501159668e-01
1.203152656555175781e+00
-5.978889018297195435e-02
-2.050588130950927734e+00
-3.803619444370269775e-01
-6.638148427009582520e-01
7.138558030128479004e-01
-7.604358196258544922e-01
2.026169449090957642e-01
-8.284304738044738770e-01
9.560129791498184204e-02
2.006744623184204102e+00
2.684713304042816162e-01
7.491682171821594238e-01
-6.862939596176147461e-01
5.715019106864929199e-01
-1.226596117019653320e+00
2.661563456058502197e-01
4.583453238010406494e-01
-5.102955922484397888e-02
3.740177750587463379e-01
-1.142436146736145020e+00
1.609983891248703003e-01
-4.355636835098266602e-01
1.493354290723800659e-01
6.330545991659164429e-03
9.126816987991333008e-01
-1.129305005073547363e+00
8.693194389343261719e-01
-3.952206969261169434e-01
-7.289507389068603516e-01
-5.335531011223793030e-02
-3.116473257541656494e-01
-4.044373333454132080e-01
-1.082947134971618652e+00
-1.703457236289978027e+00
-1.911039501428604126e-01
5.883507728576660156e-01
3.155114948749542236e-01
8.119970560073852539e-01
-1.223440766334533691e-01
1.354325115680694580e-01
-6.401205062866210938e-01
1.372282981872558594e+00
6.113089919090270996e-01
6.327808499336242676e-01
3.562062084674835205e-01
-5.787165164947509766e-01
-1.529130220413208008e+00
3.127944171428680420e-01
4.929744601249694824e-01
6.131333708763122559e-01
1.017483472824096680e+00
-5.383165478706359863e-01
1.152261495590209961e+00
7.108989953994750977e-01
-8.302016258239746094e-01
1.196569800376892090e-01
2.481744766235351562e+00
5.870291590690612793e-01
-3.457896113395690918e-01
4.195024967193603516e-01
-1.371995806694030762e+00
-7.688836753368377686e-02
3.898500204086303711e-01
6.940209120512008667e-02
1.449779123067855835e-01
1.906289577484130859e+00
5.041522979736328125e-01
1.953894793987274170e-01
5.790626406669616699e-01
-1.071929097175598145e+00
4.707226753234863281e-01
-9.965385794639587402e-01
-4.070188105106353760e-01
-1.147856235504150391e+00
-1.426049113273620605e+00
5.289365723729133606e-02
1.092222094535827637e+00
9.432646036148071289e-01
-4.210513234138488770e-01
-8.244247436523437500e-01
-1.161700367927551270e+00
9.693968296051025391e-01
3.330397605895996094e-01
1.033920049667358398e+00
-1.355159431695938110e-01
4.841900169849395752e-01
-6.713551282882690430e-02
-3.144290447235107422e+00
-2.251824438571929932e-01
3.447085916996002197e-01
5.601324513554573059e-02
-3.106327652931213379e-01
-5.782781839370727539e-01
-4.359000623226165771e-01
3.899223208427429199e-01
2.360769361257553101e-01
-4.658446013927459717e-01
-6.016669422388076782e-02
-1.231238722801208496e+00
-3.852603137493133545e-01
-4.182443916797637939e-01
-1.393347859382629395e+00
-1.471005320549011230e+00
-1.137340534478425980e-02
-2.210285902023315430e+00
-6.870155930519104004e-01
3.616533875465393066e-01
5.422690510749816895e-01
5.095061659812927246e-01
-2.361018061637878418e-01
-1.369812011718750000e+00
6.582176685333251953e-01
-9.143549203872680664e-01
1.024436354637145996e+00
-2.839607596397399902e-01
1.870049595832824707e+00
-9.545037746429443359e-01
-2.686935365200042725e-01
-4.792703986167907715e-01
1.150397419929504395e+00
1.342572689056396484e+00
2.611826896667480469e+00
-1.741035699844360352e+00
4.963488578796386719e-01
-1.420847475528717041e-01
-7.521113753318786621e-01
2.706899404525756836e+00
-7.161726355552673340e-01
-9.717216491699218750e-01
-3.743807077407836914e-01
-1.656616091728210449e+00
7.794477939605712891e-01
2.128908157348632812e+00
-8.306391239166259766e-01
4.322320520877838135e-01
-7.549858093261718750e-01
2.750712633132934570e-01
-5.049696564674377441e-01
-6.448415517807006836e-01
-6.112245097756385803e-02
-1.249643787741661072e-01
-1.285243988037109375e+00
-4.456857591867446899e-02
-8.494569659233093262e-01
-3.478616774082183838e-01
-2.437791526317596436e-01
6.179358363151550293e-01
6.734434515237808228e-03
-6.878991127014160156e-01
-4.875187277793884277e-01
1.280058979988098145e+00
6.786880493164062500e-01
-7.289254665374755859e-01
-2.757159173488616943e-01
-2.386513799428939819e-01
7.821466326713562012e-01
1.636772602796554565e-01
-4.418855011463165283e-01
8.253632783889770508e-01
-2.918761014938354492e+00
2.443210035562515259e-02
1.865468025207519531e+00
1.529585123062133789e-01
7.924284934997558594e-01
-1.042160615324974060e-01
-4.790866971015930176e-01
1.175302505493164062e+00
7.711298465728759766e-01
-5.316718220710754395e-01
8.721623420715332031e-01
-1.694192409515380859e+00
4.819553345441818237e-02
-3.073035478591918945e-01
3.288539350032806396e-01
1.987544298171997070e+00
8.769549131393432617e-01
9.449218213558197021e-02
-8.529447317123413086e-01
1.611860275268554688e+00
-1.610968351364135742e+00
-3.389848768711090088e-01
-1.389735579490661621e+00
1.304796338081359863e+00
-1.509961336851119995e-01
-1.181791543960571289e+00
-2.879159152507781982e-01
8.169646263122558594e-01
-1.254985034465789795e-01
-5.912683606147766113e-01
-7.922695875167846680e-01
-8.826417326927185059e-01
-6.850340366363525391e-01
-2.732854783535003662e-01
-2.138112068176269531e+00
-4.554964303970336914e-01
-1.227203369140625000e+00
9.625463485717773438e-01
6.807957291603088379e-01
-3.520298600196838379e-01
-9.830766171216964722e-02
1.184298157691955566e+00
3.330392539501190186e-01
1.203391194343566895e+00
1.910207748413085938e+00
8.575181365013122559e-01
1.561550348997116089e-01
5.208978056907653809e-01
7.115731835365295410e-01
6.224833130836486816e-01
-1.477073311805725098e+00
-3.797527551651000977e-01
-1.006805777549743652e+00
-7.967845201492309570e-01
-3.826835751533508301e-01
8.523052334785461426e-01
-6.831629276275634766e-01
2.914238274097442627e-01
2.471671104431152344e-01
-9.346276521682739258e-02
9.158830046653747559e-01
-3.556051850318908691e-01
-9.107192158699035645e-01
4.441840350627899170e-01
-4.765114486217498779e-01
-1.022747874259948730e+00
5.441879034042358398e-01
1.923530697822570801e+00
-9.102078676223754883e-01
1.794843435287475586e+00
-7.161015272140502930e-01
-1.159271836280822754e+00
-1.000930547714233398e+00
-1.068966150283813477e+00
1.456979036331176758e+00
-1.519890666007995605e+00
1.924807548522949219e+00
1.008667588233947754e+00
4.655010402202606201e-01
6.472733616828918457e-01
3.113762475550174713e-02
-7.145082950592041016e-01
-1.716754674911499023e+00
1.931097954511642456e-01
-9.789118766784667969e-01
-2.834908962249755859e-01
-3.021021187305450439e-01
-8.859608769416809082e-01
3.692602813243865967e-01
3.714258968830108643e-02
-1.336673140525817871e+00
8.003145456314086914e-03
-2.192522026598453522e-02
5.720545649528503418e-01
3.277813196182250977e-01
5.421221852302551270e-01
-1.748057961463928223e+00
5.748620629310607910e-01
3.574994504451751709e-01
-1.391364812850952148e+00
5.101303458213806152e-01
1.303239107131958008e+00
-1.359459757804870605e-01
7.146692872047424316e-01
1.119474887847900391e+00
-1.573098778724670410e+00
1.878653049468994141e+00
-5.962727069854736328e-01
-8.852717280387878418e-01
-6.848239898681640625e-01
-4.278568923473358154e-01
8.073190227150917053e-03
1.317942261695861816e+00
-4.139722138643264771e-02
9.098505973815917969e-01
-2.136177062988281250e+00
-1.168576359748840332e+00
-1.075958758592605591e-01
-4.135007560253143311e-01
-5.888155698776245117e-01
-3.785139322280883789e-01
-1.525506734848022461e+00
-8.423871397972106934e-01
-1.028983831405639648e+00
-4.029700756072998047e-01
9.023754000663757324e-01
8.008103370666503906e-01
-7.933493256568908691e-01
-1.863395452499389648e+00
7.652355730533599854e-02
-5.554937720298767090e-01
3.290452957153320312e-01
1.240517497062683105e+00
7.743824124336242676e-01
-6.272022128105163574e-01
3.755058050155639648e-01
5.008487105369567871e-01
7.151808738708496094e-01
3.943580389022827148e-01
-5.341799855232238770e-01
-8.443791866302490234e-01
6.986758112907409668e-01
-3.929584920406341553e-01
-7.961679100990295410e-01
6.514603495597839355e-01
-1.678024530410766602e+00
-1.602691262960433960e-01
4.444889426231384277e-01
2.996387481689453125e-01
-3.163965642452239990e-01
-2.551565468311309814e-01
-6.048808991909027100e-02
1.690948009490966797e+00
6.058487296104431152e-01
-1.493095993995666504e+00
1.150929927825927734e+00
-2.495206892490386963e-01
-4.512146115303039551e-01
3.625610768795013428e-01
-1.873961329460144043e+00
-7.935412973165512085e-02
-2.601928412914276123e-01
-2.116276472806930542e-01
3.724902570247650146e-01
-1.186189875006675720e-01
1.207546710968017578e+00
9.912178516387939453e-01
9.130309820175170898e-01
8.653094768524169922e-01
-3.171315193176269531e-01
-1.038342714309692383e+00
7.009210437536239624e-02
1.269484996795654297e+00
1.018214344978332520e+00
-1.085746809840202332e-01
-3.986416757106781006e-01
-4.465989172458648682e-01
-1.481731295585632324e+00
8.783535957336425781e-01
7.505834698677062988e-01
7.326399683952331543e-01
-1.689371585845947266e+00
-3.137118518352508545e-01
-3.513945937156677246e-01
-1.125838756561279297e+00
-9.801959991455078125e-01
-1.868768334388732910e+00
-6.367070674896240234e-01
-1.518169879913330078e+00
1.931743472814559937e-01
4.114531278610229492e-01
-5.214861035346984863e-01
4.266186356544494629e-01
8.035670518875122070e-01
7.739241719245910645e-01
-3.458863496780395508e-01
-6.628031134605407715e-01
1.030488252639770508e+00
1.843339920043945312e+00
-9.710348248481750488e-01
1.871858954429626465e+00
8.338174819946289062e-01
1.080207705497741699e+00
-2.471626847982406616e-01
1.591136813163757324e+00
-9.119712114334106445e-01
-1.780916213989257812e+00
-6.180452108383178711e-01
9.139312505722045898e-01
2.737405598163604736e-01
-3.116146922111511230e-01
2.665656805038452148e-01
-3.199122190475463867e+00
9.005916714668273926e-01
-2.240226507186889648e+00
-4.220417141914367676e-02
1.199185729026794434e+00
-4.587766528129577637e-01
3.303154408931732178e-01
9.571989774703979492e-01
2.793930768966674805e+00
-1.515371918678283691e+00
1.262686848640441895e-01
-2.186273336410522461e-01
-4.847071468830108643e-01
8.715022206306457520e-01
1.138672828674316406e+00
9.163157939910888672e-01
1.991842627525329590e+00
-5.688883066177368164e-01
1.598294854164123535e+00
-7.331955432891845703e-01
-1.540948003530502319e-01
-4.030027687549591064e-01
-6.364599466323852539e-01
4.287611544132232666e-01
1.001846075057983398e+00
7.266174256801605225e-02
8.670784831047058105e-01
1.769210934638977051e+00
5.862136483192443848e-01
-6.761444211006164551e-01
1.110201358795166016e+00
-4.611314833164215088e-01
-7.390177845954895020e-01
1.055656790733337402e+00
9.335856437683105469e-01
2.512368202209472656e+00
1.053754568099975586e+00
-5.820978879928588867e-01
1.891578555107116699e+00
-4.067295193672180176e-01
-4.430576786398887634e-02
-9.866306185722351074e-02
7.094458341598510742e-01
1.438303112983703613e+00
1.865828752517700195e+00
9.168700575828552246e-01
-2.077945321798324585e-01
-4.947435259819030762e-01
-1.668318063020706177e-01
-3.718749582767486572e-01
1.380976915359497070e+00
2.695861101150512695e+00
1.757200837135314941e+00
-1.759791612625122070e+00
-4.350742399692535400e-01
-2.432062625885009766e-01
-1.987464070320129395e+00
-3.032523989677429199e-01
-8.119403123855590820e-01
5.511887073516845703e-01
-1.349056959152221680e-01
-1.432270050048828125e+00
-8.188861608505249023e-02
9.411565661430358887e-01
2.579731643199920654e-01
-2.065121412277221680e+00
-7.410667538642883301e-01
1.715401530265808105e+00
4.329340755939483643e-01
2.212813794612884521e-01
-3.578909039497375488e-01
4.435357451438903809e-01
8.605182766914367676e-01
-7.871522903442382812e-01
-1.402877688407897949e+00
1.889618754386901855e+00
-3.839054405689239502e-01
-7.056244462728500366e-02
-7.905192971229553223e-01
-2.988260090351104736e-01
-5.312125086784362793e-01
-2.041242271661758423e-01
-6.757523417472839355e-01
8.801231384277343750e-01
-2.130706787109375000e+00
-3.663937151432037354e-01
-1.416216135025024414e+00
4.085271358489990234e-01
-1.667367935180664062e+00
3.224676102399826050e-02
2.006235569715499878e-01
-1.761588156223297119e-01
-1.787913322448730469e+00
-4.958581626415252686e-01
7.655107378959655762e-01
-1.832489132881164551e+00
-3.247049748897552490e-01
-1.739092022180557251e-01
-8.222962617874145508e-01
-2.389590591192245483e-01
1.056439399719238281e+00
-4.612139761447906494e-01
-1.593076229095458984e+00
7.627441734075546265e-02
1.493985891342163086e+00
2.501609027385711670e-01
-1.511475563049316406e+00
1.473598837852478027e+00
-2.745626449584960938e+00
-5.057620406150817871e-01
-1.741532385349273682e-01
-1.135800242424011230e+00
-1.205881476402282715e+00
-3.336861729621887207e-01
-8.956853747367858887e-01
1.358340382575988770e+00
3.735865280032157898e-02
9.989386796951293945e-01
5.572139620780944824e-01
-1.763980388641357422e+00
7.924178838729858398e-01
-2.823082685470581055e+00
2.882152497768402100e-01
-1.076144456863403320e+00
-3.979075849056243896e-01
-1.569558680057525635e-02
-6.564863920211791992e-01
-7.547690272331237793e-01
-1.378318428993225098e+00
-1.270844221115112305e+00
-5.323466062545776367e-01
8.359304666519165039e-01
1.592940539121627808e-01
1.036748170852661133e+00
1.405546665191650391e+00
1.087444186210632324e+00
-2.326562404632568359e-01
1.689252108335494995e-01
4.610962569713592529e-01
1.480319023132324219e+00
9.184626936912536621e-01
-1.023297667503356934e+00
9.820706844329833984e-01
2.463899999856948853e-01
5.880085229873657227e-01
-8.553534150123596191e-01
-1.264636635780334473e+00
-1.389514088630676270e+00
-1.743609905242919922e+00
3.368211686611175537e-01
2.116656452417373657e-01
-7.945964336395263672e-01
1.011682152748107910e+00
1.173795223236083984e+00
1.321944892406463623e-01
-7.336378693580627441e-01
6.979275494813919067e-02
9.665143489837646484e-01
-6.466366648674011230e-01
1.162762761116027832e+00
-5.372724533081054688e-01
-4.724549949169158936e-01
-1.173326134681701660e+00
-1.630589485168457031e+00
-1.853814572095870972e-01
7.155519127845764160e-01
5.268357992172241211e-01
-1.509371638298034668e+00
-4.131075739860534668e-01
7.979004383087158203e-01
6.200231313705444336e-01
-2.241848111152648926e-01
1.079125881195068359e+00
-1.268461823463439941e+00
-1.346235036849975586e+00
3.365256786346435547e-01
2.831199467182159424e-01
6.903103590011596680e-01
-4.267958104610443115e-01
-7.905120253562927246e-01
-1.000342607498168945e+00
2.539064884185791016e-01
-8.515902757644653320e-01
1.805147379636764526e-01
-1.845524907112121582e-01
9.373458623886108398e-01
1.328785419464111328e+00
-9.900370836257934570e-01
-1.154087424278259277e+00
1.290442824363708496e+00
6.895559430122375488e-01
1.396887302398681641e+00
1.168229058384895325e-01
4.532251060009002686e-01
4.385127425193786621e-01
5.523668527603149414e-01
-3.233535289764404297e-01
9.593338370323181152e-01
-9.798292517662048340e-01
-4.190633073449134827e-02
-8.984525799751281738e-01
-2.149588584899902344e+00
9.778028726577758789e-01
-8.644168376922607422e-01
1.949085950851440430e+00
-1.069276452064514160e+00
-1.427495330572128296e-01
-2.661942318081855774e-02
-1.126160383224487305e+00
-1.537615954875946045e-01
-2.804757356643676758e-01
8.714136481285095215e-01
-3.538082242012023926e-01
-6.462454199790954590e-01
7.208970785140991211e-01
4.258568286895751953e-01
4.982673525810241699e-01
-1.059052571654319763e-01
-5.506103634834289551e-01
-1.021214842796325684e+00
7.078917026519775391e-01
5.482364892959594727e-01
7.315735816955566406e-01
1.273378431797027588e-01
5.665257573127746582e-01
-4.468728601932525635e-01
1.930484890937805176e+00
-1.310513317584991455e-01
7.379975169897079468e-02
-1.263321787118911743e-01
6.501658558845520020e-01
-3.574233055114746094e-01
-3.029470443725585938e-01
-4.890038669109344482e-01
3.084037303924560547e-01
-1.277175426483154297e+00
7.857059240341186523e-01
6.783567070960998535e-01
-2.031883001327514648e-01
5.096796154975891113e-01
-3.292720913887023926e-01
-1.152454495429992676e+00
-1.896658301353454590e+00
-4.702421128749847412e-01
1.331854145973920822e-02
-3.869736790657043457e-01
7.575285434722900391e-02
1.756930947303771973e-01
5.379592776298522949e-01
-1.563739418983459473e+00
-6.643526554107666016e-01
-4.024118483066558838e-01
-1.814600706100463867e+00
1.883499383926391602e+00
-2.769704818725585938e+00
1.909499168395996094e+00
1.170961380004882812e+00
-2.340240478515625000e-01
4.507974386215209961e-01
1.157998085021972656e+00
8.945560455322265625e-01
-7.477146983146667480e-01
1.156506896018981934e+00
-9.342772960662841797e-01
1.248708486557006836e+00
-7.765352725982666016e-02
-1.232627987861633301e+00
4.049728810787200928e-01
1.284000396728515625e+00
-2.186558693647384644e-01
-4.420449733734130859e-01
-4.957529604434967041e-01
1.415927149355411530e-02
9.725220203399658203e-01
4.432635009288787842e-01
-1.070380687713623047e+00
-4.131078720092773438e-01
-6.911115646362304688e-01
1.622477293014526367e+00
-1.396714448928833008e+00
-7.450428605079650879e-01
8.493330478668212891e-01
8.984384536743164062e-01
-7.008975744247436523e-02
1.373080015182495117e+00
1.176358103752136230e+00
1.498797893524169922e+00
-7.988961338996887207e-01
-1.031386852264404297e+00
6.793782711029052734e-01
4.308916330337524414e-01
1.158187836408615112e-01
-3.201172649860382080e-01
9.118241071701049805e-01
-1.037747859954833984e+00
-1.385553240776062012e+00
1.744716018438339233e-01
-4.078890755772590637e-02
-6.606036424636840820e-01
9.282848238945007324e-01
-3.501184582710266113e-01
3.952523767948150635e-01
-2.263751626014709473e-01
-9.600051641464233398e-01
3.961082100868225098e-01
-1.284404516220092773e+00
-1.700415015220642090e+00
1.496802419424057007e-01
-2.081919908523559570e+00
-5.744584798812866211e-01
2.616866827011108398e+00
5.701422095298767090e-01
8.109752535820007324e-01
2.578772604465484619e-01
-6.706712245941162109e-01
1.121405839920043945e+00
-1.479884743690490723e+00
-2.090095132589340210e-01
-1.170676946640014648e+00
-6.981193423271179199e-01
2.580279111862182617e-01
3.659917414188385010e-01
2.704179286956787109e-01
4.170791804790496826e-01
-9.934611320495605469e-01
-2.490293979644775391e-02
1.372884660959243774e-01
-1.205451264977455139e-01
2.741887569427490234e-01
-8.514118790626525879e-01
2.088293313980102539e+00
-6.621231138706207275e-02
1.269596695899963379e+00
3.796973228454589844e-01
-1.205257847905158997e-01
7.583187818527221680e-01
-2.612915039062500000e+00
1.004855513572692871e+00
3.575128316879272461e-01
-1.613780021667480469e+00
1.577735066413879395e+00
4.612205922603607178e-01
-4.776083827018737793e-01
-6.303493976593017578e-01
2.289364784955978394e-01
-5.366789698600769043e-01
2.170225605368614197e-02
-2.884678542613983154e-01
-4.443898797035217285e-02
-1.123078942298889160e+00
-1.150802493095397949e+00
1.068942621350288391e-01
-3.416284918785095215e-01
-1.824136853218078613e+00
1.054237365722656250e+00
8.582450449466705322e-02
2.870062887668609619e-01
-3.869967460632324219e-01
1.303546190261840820e+00
1.319036781787872314e-01
3.820188716053962708e-02
-1.721768617630004883e+00
3.494686484336853027e-01
6.992549300193786621e-01
6.992672085762023926e-01
4.757059514522552490e-01
3.347113728523254395e-01
-1.192201972007751465e+00
-2.119575023651123047e+00
-4.899237453937530518e-01
-2.457617968320846558e-01
1.288057088851928711e+00
5.822830200195312500e-01
1.053637862205505371e+00
-1.324503779411315918e+00
-1.245437487959861755e-01
-5.174846053123474121e-01
6.969715952873229980e-01
2.450848817825317383e-01
-1.117168307304382324e+00
7.279590964317321777e-01
1.188704848289489746e+00
1.622615933418273926e+00
-1.356884956359863281e+00
-1.509845554828643799e-01
2.255775183439254761e-01
2.458949685096740723e-01
7.416876032948493958e-03
1.454593658447265625e+00
2.260693311691284180e+00
-1.477563142776489258e+00
1.049329161643981934e+00
-9.241834878921508789e-01
3.625308871269226074e-01
1.644218564033508301e+00
1.104260921478271484e+00
-1.029134273529052734e+00
8.965246081352233887e-01
2.574528157711029053e-01
-8.523029685020446777e-01
-2.709831297397613525e-01
-5.586445927619934082e-01
-2.516293823719024658e-01
7.469866871833801270e-01
6.703659892082214355e-01
4.197263419628143311e-01
3.650929331779479980e-01
2.117464303970336914e+00
-6.577352881431579590e-01
-9.917675852775573730e-01
9.945650100708007812e-01
9.057679027318954468e-02
-1.160341382026672363e+00
-4.118901491165161133e-02
-1.421002030372619629e+00
-6.051111221313476562e-01
-6.766262054443359375e-01
2.397691011428833008e+00
-1.618861913681030273e+00
3.546966314315795898e-01
6.298283934593200684e-01
5.540834069252014160e-01
-4.333884716033935547e-01
5.966786146163940430e-01
-2.340249419212341309e-01
2.452298551797866821e-01
8.346063494682312012e-01
-1.138890504837036133e+00
8.881975412368774414e-01
2.670514881610870361e-01
-6.852175593376159668e-01
9.267777204513549805e-01
1.097845315933227539e+00
2.068658918142318726e-01
4.304143786430358887e-01
-1.029999256134033203e+00
2.885325253009796143e-01
-7.331280112266540527e-01
-5.272511839866638184e-01
2.081501245498657227e+00
-1.222423911094665527e+00
7.416179776191711426e-01
3.291478455066680908e-01
-1.423158347606658936e-01
1.273523569107055664e+00
3.382914662361145020e-01
-6.593313217163085938e-01
1.610634207725524902e+00
-2.792726755142211914e-01
-1.266259670257568359e+00
-2.386465370655059814e-01
1.887813448905944824e+00
5.402321368455886841e-02
8.049334287643432617e-01
1.677683711051940918e+00
1.293631672859191895e+00
7.204529047012329102e-01
-1.788527006283402443e-03
-2.048546075820922852e-01
1.607267737388610840e+00
2.256314277648925781e+00
1.273168325424194336e+00
-6.607366800308227539e-01
-2.842706441879272461e-01
6.310379505157470703e-01
-1.916488856077194214e-01
1.377405285835266113e+00
4.131989479064941406e-01
2.414184093475341797e+00
-1.565165281295776367e+00
8.577858805656433105e-01
1.072131633758544922e+00
1.634109139442443848e+00
-1.679588854312896729e-01
-3.981561958789825439e-01
1.976722955703735352e+00
1.166517660021781921e-01
5.811853408813476562e-01
-1.121430158615112305e+00
-4.012152254581451416e-01
1.562906980514526367e+00
4.214437305927276611e-01
-3.795176148414611816e-01
-6.227245330810546875e-01
2.226325988769531250e+00
-6.265862584114074707e-01
-4.016883671283721924e-01
1.007479429244995117e+00
-1.344125747680664062e+00
6.546170711517333984e-01
5.114060044288635254e-01
1.048308730125427246e+00
-2.780897617340087891e-01
7.241581380367279053e-02
1.833270639181137085e-01
9.801791608333587646e-02
-1.220252394676208496e+00
-7.940421104431152344e-01
1.891127943992614746e+00
2.506950199604034424e-01
7.888658437877893448e-04
-4.328500926494598389e-01
4.881950840353965759e-02
5.268595218658447266e-01
-6.974130272865295410e-01
6.028057932853698730e-01
4.250531494617462158e-01
8.207201957702636719e-02
-9.877135157585144043e-01
-1.347693920135498047e+00
-1.550766944885253906e+00
-7.457337379455566406e-01
-1.283754557371139526e-01
3.516788184642791748e-01
-4.865823090076446533e-01
-1.146861314773559570e+00
-1.179874539375305176e-01
3.957538306713104248e-01
1.113312095403671265e-01
-9.776228070259094238e-01
-9.476801753044128418e-01
2.210040330886840820e+00
-1.156529307365417480e+00
1.148071646690368652e+00
1.875356197357177734e+00
-1.508939981460571289e+00
2.983213067054748535e-01
1.215498968958854675e-01
-1.489836931228637695e+00
-1.243664622306823730e+00
5.997158885002136230e-01
1.867099851369857788e-01
3.932273089885711670e-01
-7.274283170700073242e-01
-3.228586912155151367e-01
-3.819147646427154541e-01
1.739115118980407715e+00
2.647678554058074951e-01
1.104055762290954590e+00
-6.422358155250549316e-01
-1.934405803680419922e+00
-5.262358188629150391e-01
-1.785828709602355957e+00
-1.807015687227249146e-01
-1.261010169982910156e+00
-5.703591704368591309e-01
-9.516143202781677246e-01
-4.178685545921325684e-01
6.845462322235107422e-01
-1.511496901512145996e-01
3.176679611206054688e-01
-8.272047638893127441e-01
-1.005806565284729004e+00
-2.887441217899322510e-01
5.385022759437561035e-01
-1.684182137250900269e-02
3.909795582294464111e-01
-4.191125556826591492e-02
-1.366232395172119141e+00
-1.124903798103332520e+00
1.044061705470085144e-01
4.760076999664306641e-01
1.878388822078704834e-01
2.321467101573944092e-01
-1.961342841386795044e-01
1.268037796020507812e+00
7.338454127311706543e-01
-9.312877058982849121e-01
9.802591204643249512e-01
-2.813483953475952148e+00
-1.264036297798156738e+00
-1.623333394527435303e-01
4.973777234554290771e-01
-3.614327609539031982e-01
-1.986203193664550781e-01
1.452082872390747070e+00
-9.715920090675354004e-01
8.949149847030639648e-01
-6.164891719818115234e-01
-2.574350535869598389e-01
2.108647376298904419e-01
-7.791509628295898438e-01
-7.570636868476867676e-01
-2.774039208889007568e-01
1.022680163383483887e+00
-1.567172110080718994e-01
1.498280525207519531e+00
-1.664845198392868042e-01
3.787142783403396606e-02
-6.116713881492614746e-01
-8.402937650680541992e-01
1.234654188156127930e+00
5.606334805488586426e-01
1.681409001350402832e+00
5.311607122421264648e-01
1.451035857200622559e+00
8.651961684226989746e-01
-2.558387815952301025e-01
-3.459134995937347412e-01
8.107308149337768555e-01
8.337622284889221191e-01
5.124373361468315125e-02
9.506517052650451660e-01
7.000800371170043945e-01
-5.479874014854431152e-01
-1.813614010810852051e+00
1.092292189598083496e+00
-9.285624623298645020e-01
-9.917448759078979492e-01
-4.865522682666778564e-02
9.363896399736404419e-02
9.853678345680236816e-01
1.478310942649841309e+00
-1.206843614578247070e+00
-1.951836347579956055e+00
-1.998672842979431152e+00
-1.176848530769348145e+00
3.995395898818969727e-01
-2.763861119747161865e-01
1.388328552246093750e+00
-6.406516432762145996e-01
-1.136035323143005371e-01
1.553345441818237305e+00
-2.171611547470092773e+00
4.238094091415405273e-01
-1.050782203674316406e+00
2.396680414676666260e-01
-1.517455697059631348e+00
1.876521825790405273e+00
2.146885633468627930e+00
-4.626188576221466064e-01
-1.528544902801513672e+00
-3.360269367694854736e-01
2.087345868349075317e-01
6.902670264244079590e-01
-1.487402617931365967e-01
-1.724367141723632812e+00
1.365054547786712646e-01
-5.447924733161926270e-01
2.643881142139434814e-01
-3.672425448894500732e-01
-1.054380655288696289e+00
3.002538919448852539e+00
4.357870519161224365e-01
4.088705033063888550e-02
1.016984701156616211e+00
6.936016678810119629e-01
2.357052117586135864e-01
-1.054196245968341827e-02
1.216197848320007324e+00
1.023365855216979980e-01
-5.288927555084228516e-01
-2.170175909996032715e-01
-8.279420137405395508e-01
-4.585292339324951172e-01
1.489417999982833862e-01
-2.259413748979568481e-01
9.760727882385253906e-01
5.104061961174011230e-01
1.123600363731384277e+00
1.075390353798866272e-01
4.386937022209167480e-01
-1.218684911727905273e+00
6.045307517051696777e-01
5.159954428672790527e-01
5.643082261085510254e-01
-1.075441241264343262e+00
7.492598891258239746e-01
-3.387553617358207703e-02
4.319944083690643311e-01
1.787561655044555664e+00
1.714336395263671875e+00
-9.138200879096984863e-01
-1.120583891868591309e+00
-7.071422934532165527e-01
4.246525764465332031e-01
-9.705974161624908447e-02
-2.848512530326843262e-01
-5.032020211219787598e-01
3.939527571201324463e-01
-2.347360402345657349e-01
-4.873121976852416992e-01
2.458895444869995117e+00
-3.282055724412202835e-03
-4.583910405635833740e-01
-4.594861268997192383e-01
-1.572186589241027832e+00
-2.662620842456817627e-01
4.903414249420166016e-01
-9.627124071121215820e-01
1.497340083122253418e+00
-3.019393086433410645e-01
-3.222166597843170166e-01
1.045296430587768555e+00
-6.706753969192504883e-01
1.136461973190307617e+00
1.899030208587646484e-01
1.046387404203414917e-01
8.276365995407104492e-01
-1.205435693264007568e-01
-1.794347047805786133e+00
1.289822936058044434e+00
7.076152563095092773e-01
8.020832538604736328e-01
2.443670928478240967e-01
2.222305536270141602e+00
6.607566773891448975e-02
1.513356447219848633e+00
5.523446202278137207e-01
1.093203663825988770e+00
-7.631823420524597168e-01
-7.671616673469543457e-01
-1.220779180526733398e+00
1.988243341445922852e+00
-5.146398395299911499e-02
3.066005110740661621e-01
-1.407503783702850342e-01
1.809678554534912109e+00
-1.067402586340904236e-01
-5.650770068168640137e-01
-8.324031233787536621e-01
-2.518194615840911865e-01
-3.890742659568786621e-01
1.104310631752014160e+00
6.925022006034851074e-01
-5.102086663246154785e-01
-5.773028731346130371e-02
-1.126324534416198730e+00
2.084939479827880859e+00
4.950008094310760498e-01
-9.534593820571899414e-01
-8.561413288116455078e-01
1.844593137502670288e-01
7.903966307640075684e-01
1.594390511512756348e+00
1.306299865245819092e-01
-2.522280216217041016e-01
6.131891906261444092e-02
3.033440709114074707e-01
-2.214892655611038208e-01
-8.871391415596008301e-01
-7.152833044528961182e-02
-5.207878723740577698e-02
6.212119460105895996e-01
-1.125455021858215332e+00
1.490959525108337402e+00
-9.307274222373962402e-01
-1.755759865045547485e-01
1.826072573661804199e+00
-1.274807929992675781e+00
3.152413666248321533e-01
-9.076698869466781616e-02
1.095274448394775391e+00
1.268904566764831543e+00
-1.218690633773803711e+00
-1.196981787681579590e+00
2.203378677368164062e+00
7.282091379165649414e-01
2.428906597197055817e-02
1.025965094566345215e+00
1.062208890914916992e+00
1.235072314739227295e-01
-1.550254106521606445e+00
-3.467136919498443604e-01
7.150226235389709473e-01
-7.560001611709594727e-01
1.258615374565124512e+00
-2.268621444702148438e+00
-5.938066840171813965e-01
-1.511117100715637207e+00
-1.383243203163146973e+00
1.526977539062500000e+00
5.223703384399414062e-01
1.063277006149291992e+00
8.304618000984191895e-01
-2.156634092330932617e+00
-1.327103257179260254e+00
-6.358827948570251465e-01
1.997475177049636841e-01
-1.570590615272521973e+00
4.864999055862426758e-01
-1.154169082641601562e+00
4.745518565177917480e-01
7.578609585762023926e-01
-2.685610949993133545e-01
-1.173071503639221191e+00
-5.715367197990417480e-01
-7.984269261360168457e-01
2.171067476272583008e+00
-7.277392745018005371e-01
-4.295717477798461914e-01
-1.365917325019836426e+00
-9.264587759971618652e-01
4.511534273624420166e-01
3.202350810170173645e-02
-1.272572517395019531e+00
1.396091222763061523e+00
-2.393874675035476685e-01
9.983086585998535156e-02
8.660351037979125977e-01
1.695870310068130493e-01
1.229539394378662109e+00
1.435321450233459473e+00
-1.325274944305419922e+00
1.772284984588623047e+00
-8.397060036659240723e-01
-3.093782663345336914e-01
-4.961215257644653320e-01
6.064944267272949219e-01
-1.487997055053710938e+00
8.940759301185607910e-01
1.663409829139709473e+00
-6.253523230552673340e-01
6.335942149162292480e-01
1.959156244993209839e-01
-3.032324016094207764e-01
1.133951425552368164e+00
3.136756718158721924e-01
4.898239076137542725e-01
-5.095504224300384521e-02
1.005708217620849609e+00
2.212787121534347534e-01
4.774928689002990723e-01
2.836782336235046387e-01
-1.588015198707580566e+00
-6.197967529296875000e-01
-7.386109977960586548e-02
-1.269232630729675293e+00
-2.222075462341308594e-01
9.450042843818664551e-01
-3.205147385597229004e-01
1.294175833463668823e-01
8.331906199455261230e-01
-1.551427841186523438e-01
9.474685192108154297e-01
8.562163114547729492e-01
-6.438130140304565430e-01
-9.504128247499465942e-03
8.236041069030761719e-01
3.540140688419342041e-01
1.197633743286132812e+00
-1.209386467933654785e+00
5.005275011062622070e-01
1.470721125602722168e+00
8.671081811189651489e-02
1.599283337593078613e+00
8.039129972457885742e-01
7.480906844139099121e-01
-2.635939121246337891e-01
-2.225139379501342773e+00
8.806000351905822754e-01
-1.854514479637145996e+00
-2.247181385755538940e-01
7.299587726593017578e-01
-7.750452756881713867e-01
-6.431400179862976074e-01
-7.387840151786804199e-01
2.590828835964202881e-01
-1.604333877563476562e+00
5.619924664497375488e-01
1.347120285034179688e+00
-4.860858321189880371e-01
1.052202105522155762e+00
1.292612791061401367e+00
-3.088307678699493408e-01
1.346267908811569214e-01
-1.042102456092834473e+00
1.463269721716642380e-02
-2.887820899486541748e-01
5.777059793472290039e-01
4.244222939014434814e-01
3.890638351440429688e-01
-1.492147326469421387e+00
-7.197770476341247559e-01
2.666276097297668457e-01
4.404767230153083801e-02
4.224374890327453613e-02
3.352246284484863281e-01
4.555430114269256592e-01
-1.124794363975524902e+00
1.499181509017944336e+00
-1.465221643447875977e-01
1.389748215675354004e+00
-1.782392710447311401e-01
-4.051880240440368652e-01
1.099972724914550781e+00
8.671845793724060059e-01
4.141020774841308594e-01
9.158214330673217773e-01
-3.540590107440948486e-01
1.620709896087646484e+00
5.695604085922241211e-01
8.493929356336593628e-02
1.351614117622375488e+00
-6.209996342658996582e-01
-1.179900646209716797e+00
1.394300580024719238e+00
4.070068895816802979e-01
-1.502683281898498535e+00
2.296077907085418701e-01
2.916154451668262482e-02
6.037980914115905762e-01
-4.372727572917938232e-01
-1.296666979789733887e+00
-1.360921859741210938e-01
-1.656805157661437988e+00
1.316578030586242676e+00
3.149964511394500732e-01
-3.430895507335662842e-01
3.772578537464141846e-01
2.748433947563171387e-01
5.659180283546447754e-01
7.561674714088439941e-01
3.697807192802429199e-01
9.609326720237731934e-01
-6.458899974822998047e-01
-5.109907984733581543e-01
3.104496896266937256e-01
1.514145612716674805e+00
-7.532026767730712891e-01
-3.636672198772430420e-01
1.893069744110107422e+00
-3.969919383525848389e-01
1.109475135803222656e+00
2.024148702621459961e+00
-8.152084946632385254e-01
1.249282240867614746e+00
-4.124336838722229004e-01
5.245407819747924805e-01
1.138429284095764160e+00
1.426437973976135254e+00
8.323989808559417725e-02
-4.496666491031646729e-01
9.692184925079345703e-01
7.249689847230911255e-02
-8.064875602722167969e-01
-1.649830937385559082e+00
9.622331857681274414e-01
-1.499119997024536133e+00
-2.537312805652618408e-01
-1.927805542945861816e+00
-1.100388050079345703e+00
-1.162399411201477051e+00
4.357360303401947021e-01
9.722310304641723633e-01
1.368877172470092773e+00
-2.039838075637817383e+00
-7.627868056297302246e-01
3.315412402153015137e-01
7.700051069259643555e-01
1.195148229598999023e+00
6.070788204669952393e-02
8.093892931938171387e-01
-2.263165414333343506e-01
-1.208030804991722107e-01
-6.054326295852661133e-01
-8.316180706024169922e-01
5.711848139762878418e-01
-1.234680771827697754e+00
3.474020659923553467e-01
8.284910321235656738e-01
-1.946930646896362305e+00
4.403391778469085693e-01
1.590741157531738281e+00
8.841608762741088867e-01
-1.323020815849304199e+00
-7.673420906066894531e-01
1.289324522018432617e+00
-1.127274036407470703e+00
6.717557907104492188e-01
-2.908948659896850586e-01
1.280890703201293945e+00
-3.101233541965484619e-01
6.301887035369873047e-01
2.611940205097198486e-01
2.788621783256530762e-01
9.868749976158142090e-01
3.017266690731048584e-01
-6.549947261810302734e-01
-1.571928381919860840e+00
-1.590827703475952148e-01
1.192985653877258301e+00
1.726230144500732422e+00
-7.226038575172424316e-01
7.078904509544372559e-01
-1.078550934791564941e+00
-1.217694401741027832e+00
-6.601496338844299316e-01
-7.548964023590087891e-01
-4.311829209327697754e-01
-9.616391062736511230e-01
-1.455072402954101562e+00
-1.135451674461364746e+00
-6.347734332084655762e-01
1.264027595520019531e+00
9.554550051689147949e-01
9.515079855918884277e-01
-1.628345400094985962e-01
-6.036903262138366699e-01
4.110121130943298340e-01
1.337111473083496094e+00
-1.004932641983032227e+00
5.187321901321411133e-01
1.695246100425720215e-01
9.956434369087219238e-01
-1.347526311874389648e+00
3.329859301447868347e-02
-3.508329987525939941e-01
4.071666896343231201e-01
7.516024112701416016e-01
1.038338765501976013e-01
-2.977184578776359558e-02
-4.017311632633209229e-01
-2.207059040665626526e-02
-5.984277725219726562e-01
-1.823941618204116821e-01
1.657316327095031738e+00
-8.655077815055847168e-01
9.329397082328796387e-01
1.952350139617919922e+00
-7.688434123992919922e-01
6.969944238662719727e-01
-7.110347747802734375e-01
1.580859422683715820e+00
6.826160550117492676e-01
6.048352718353271484e-01
1.357037663459777832e+00
5.161246657371520996e-01
1.200751811265945435e-01
1.148496031761169434e+00
1.483533382415771484e-01
-3.753561377525329590e-01
-1.679071336984634399e-01
-8.924405574798583984e-01
-1.366824507713317871e+00
2.151029258966445923e-01
-2.247290313243865967e-01
-3.143663704395294189e-01
1.346007287502288818e-01
-7.998538613319396973e-01
3.239335119724273682e-01
9.508585333824157715e-01
1.682619214057922363e+00
-1.184322714805603027e+00
1.157330870628356934e+00
1.193496584892272949e+00
-4.725884273648262024e-02
-2.414538115262985229e-01
-2.828377962112426758e+00
-1.189702823758125305e-01
-5.985345244407653809e-01
-1.265163421630859375e+00
1.008176133036613464e-01
-1.088989496231079102e+00
-9.645926952362060547e-01
-4.892561137676239014e-01
-1.675543189048767090e-01
1.029964089393615723e+00
1.194473028182983398e+00
2.157410532236099243e-01
1.842951178550720215e+00
1.941885501146316528e-01
3.587927222251892090e-01
-7.257285714149475098e-01
-7.295485734939575195e-01
-3.286546945571899414e+00
7.789068222045898438e-01
5.987213253974914551e-01
-2.353299260139465332e-01
4.486089348793029785e-01
9.186652302742004395e-01
1.887221455574035645e+00
8.719076961278915405e-02
1.845484614372253418e+00
1.038923859596252441e+00
7.085806131362915039e-01
-5.838987231254577637e-01
1.077467918395996094e+00
-1.657473325729370117e+00
-7.950525283813476562e-01
-5.976065397262573242e-01
1.037038583308458328e-02
-8.615854978561401367e-01
1.869808316230773926e+00
-1.905171424150466919e-01
-5.505000799894332886e-02
4.730596542358398438e-01
-8.540038466453552246e-01
-2.597318172454833984e+00
-9.183275513350963593e-03
6.138207316398620605e-01
1.200503349304199219e+00
-9.770345091819763184e-01
1.385943174362182617e+00
-1.912839859724044800e-01
-1.524935126304626465e+00
-1.202134251594543457e+00
-5.599386096000671387e-01
-5.492948889732360840e-01
1.648139834403991699e+00
1.897016048431396484e+00
-1.315090179443359375e+00
-1.305163860321044922e+00
-9.767878055572509766e-01
-1.943035572767257690e-01
-7.204526662826538086e-01
-7.791519165039062500e-01
-3.914624154567718506e-01
-2.438350915908813477e-01
8.710972070693969727e-01
-1.011749744415283203e+00
4.144718945026397705e-01
1.425535917282104492e+00
-1.523461580276489258e+00
-1.268612742424011230e+00
-3.931716680526733398e-01
-4.428020119667053223e-01
3.117007613182067871e-01
-1.858537435531616211e+00
7.256403565406799316e-01
-1.182688951492309570e+00
-3.467059433460235596e-01
-1.154240250587463379e+00
1.685234606266021729e-01
-8.236415982246398926e-01
-3.402741670608520508e+00
3.134854137897491455e-01
-1.227194309234619141e+00
9.178900718688964844e-01
-1.168989464640617371e-01
8.513298630714416504e-01
3.959388434886932373e-01
9.098900556564331055e-01
-7.832136750221252441e-02
-4.060128927230834961e-01
-7.347977161407470703e-01
-2.513423748314380646e-02
2.808731794357299805e-01
1.497381776571273804e-01
-1.481253147125244141e+00
5.217055678367614746e-01
-1.320226192474365234e-01
-5.270380377769470215e-01
3.639680519700050354e-02
3.393978476524353027e-01
4.407747983932495117e-01
1.392885446548461914e+00
1.394831180572509766e+00
2.705694139003753662e-01
7.703759670257568359e-01
5.124921798706054688e-01
-3.002113401889801025e-01
7.542160153388977051e-01
-5.670132040977478027e-01
-2.778590023517608643e-01
-2.269902229309082031e-01
5.308014750480651855e-01
-5.424979329109191895e-01
-1.440450072288513184e+00
5.705359578132629395e-01
1.266736239194869995e-01
-1.256853342056274414e+00
-2.657914161682128906e-01
-7.816014289855957031e-01
-3.490423858165740967e-01
3.559035062789916992e-01
-4.461061954498291016e-01
1.785963177680969238e+00
-6.324823200702667236e-02
-1.820817232131958008e+00
2.653268873691558838e-01
1.038456439971923828e+00
1.290259659290313721e-01
-9.105084538459777832e-01
1.120512485504150391e+00
1.761074781417846680e+00
1.100023388862609863e+00
-6.110686659812927246e-01
-2.259359121322631836e+00
5.908947587013244629e-01
2.856417298316955566e-01
1.214124202728271484e+00
-1.897155642509460449e+00
6.528261899948120117e-01
7.021141052246093750e-01
7.492203712463378906e-01
-2.299998700618743896e-01
-9.610754847526550293e-01
-9.891360998153686523e-01
-2.470313906669616699e-01
3.084240257740020752e-01
6.429060362279415131e-03
-7.200153917074203491e-02
-1.491105794906616211e+00
-1.078940153121948242e+00
-4.844204187393188477e-01
-9.858450889587402344e-01
1.462585806846618652e+00
-1.551928639411926270e+00
2.372033447027206421e-01
-4.213126897811889648e-01
9.640830159187316895e-01
1.050714105367660522e-01
-1.417640447616577148e+00
7.660381793975830078e-01
-3.125824034214019775e-01
-5.629864931106567383e-01
-2.747116088867187500e-01
1.163711547851562500e+00
6.461637616157531738e-01
7.420192360877990723e-01
-3.873840570449829102e-01
1.436379790306091309e+00
-7.577705383300781250e-01
-1.795419603586196899e-01
8.330999612808227539e-01
-4.294592440128326416e-01
-1.467605590820312500e+00
1.903091430664062500e+00
-2.044967174530029297e+00
1.526845693588256836e+00
5.207104086875915527e-01
-2.457274794578552246e-01
-6.435305476188659668e-01
2.270877361297607422e-02
8.505123853683471680e-01
8.258357644081115723e-01
-5.558126568794250488e-01
4.544142782688140869e-01
1.662754654884338379e+00
-9.717308878898620605e-01
3.773970305919647217e-01
-4.578951001167297363e-01
1.225585460662841797e+00
-5.171259641647338867e-01
-7.479085922241210938e-01
-2.072147130966186523e-01
-3.736533820629119873e-01
9.172535538673400879e-01
-4.674094729125499725e-03
2.765429615974426270e-01
1.037009656429290771e-01
-9.090139269828796387e-01
1.330555796623229980e+00
-6.835699081420898438e-01
-1.960520982742309570e+00
5.077242255210876465e-01
1.428217172622680664e+00
8.956172466278076172e-01
-7.616366147994995117e-01
1.083701491355895996e+00
-1.325911760330200195e+00
1.685580760240554810e-01
4.046853780746459961e-01
-5.902515053749084473e-01
2.279283851385116577e-01
1.149982571601867676e+00
6.195583939552307129e-02
-1.477274537086486816e+00
1.532628297805786133e+00
1.740336775779724121e+00
-8.645628094673156738e-01
-7.007786631584167480e-01
-9.944813847541809082e-01
2.417728185653686523e+00
-1.355398297309875488e+00
3.675226569175720215e-01
-1.112312078475952148e+00
-7.543586194515228271e-02
-1.809602022171020508e+00
7.926921248435974121e-01
-3.955076038837432861e-01
-7.703013420104980469e-01
4.966765344142913818e-01
7.291558980941772461e-01
-1.452133774757385254e+00
-9.800504446029663086e-01
5.694370269775390625e-01
1.156750798225402832e+00
8.226746320724487305e-01
6.772586107254028320e-01
5.651976466178894043e-01
-6.804195046424865723e-01
4.924368560314178467e-01
-1.751350462436676025e-01
-1.430091977119445801e+00
-3.189645409584045410e-01
-9.292894601821899414e-01
2.512010574340820312e+00
-4.171223044395446777e-01
3.300316035747528076e-01
1.994993567466735840e+00
-6.262800693511962891e-01
3.263412974774837494e-03
-5.644551515579223633e-01
-9.425602555274963379e-01
-3.886554539203643799e-01
-1.510834217071533203e+00
-1.043227910995483398e+00
-1.797561645507812500e+00
7.945590615272521973e-01
2.636775970458984375e-01
-9.435523152351379395e-01
-8.784138560295104980e-01
-1.755013823509216309e+00
8.703011870384216309e-01
-5.298244953155517578e-01
-8.470912575721740723e-01
-7.823950052261352539e-01
-3.488103151321411133e-01
7.194030880928039551e-01
-1.231383323669433594e+00
3.066605627536773682e-01
1.519464999437332153e-01
-1.754471659660339355e+00
-6.691400408744812012e-01
-4.441326558589935303e-01
-1.119479775428771973e+00
-8.889453411102294922e-01
-9.927979111671447754e-01
-2.214699387550354004e-01
-1.944835543632507324e+00
6.482216715812683105e-01
1.486184477806091309e+00
-1.593123197555541992e+00
-2.808576524257659912e-01
2.255978286266326904e-01
-1.534999728202819824e+00
5.741776525974273682e-02
6.234437227249145508e-01
-8.340728282928466797e-01
6.792180240154266357e-02
-1.809557318687438965e+00
-1.551091551780700684e+00
-9.716625809669494629e-01
-1.123543009161949158e-01
1.407186873257160187e-02
-4.385610818862915039e-01
-2.012984991073608398e+00
-2.768954038619995117e+00
1.041550040245056152e-01
3.805637359619140625e-01
-1.867308259010314941e+00
1.086159467697143555e+00
-4.142950177192687988e-01
-2.070935487747192383e+00
9.974954649806022644e-03
-1.689735889434814453e+00
-8.762582540512084961e-01
-1.347802400588989258e+00
-1.164552330970764160e+00
5.050093531608581543e-01
-2.215069904923439026e-02
1.120753288269042969e-01
-1.603769183158874512e+00
5.087890028953552246e-01
-1.486769795417785645e+00
1.988901257514953613e+00
-2.667771279811859131e-01
4.043266177177429199e-01
-8.027261495590209961e-02
-7.972816824913024902e-01
-7.507262825965881348e-01
1.404559463262557983e-01
-1.822755299508571625e-02
1.343013405799865723e+00
-1.563446998596191406e+00
