<system>Protocol: Active. Attitude: Sassy.</system>
1.197823882102966309e-02
1.236115861684083939e-02
1.197469979524612427e-02
1.111161801964044571e-02
1.308840699493885040e-02
1.260951347649097443e-02
1.274881977587938309e-02
1.135001797229051590e-02
1.206333935260772705e-02
1.305503305047750473e-02
1.235296949744224548e-02
1.253689080476760864e-02
1.020752079784870148e-02
1.268937438726425171e-02
1.253391616046428680e-02
1.243870519101619720e-02
1.020522415637969971e-02
1.244853157550096512e-02
1.245023123919963837e-02
1.274690683931112289e-02
1.336810830980539322e-02
1.162026450037956238e-02
1.194818597286939621e-02
1.259441860020160675e-02
1.148152165114879608e-02
1.236910652369260788e-02
1.296895835548639297e-02
1.173591241240501404e-02
1.217874325811862946e-02
1.286181621253490448e-02
9.497899562120437622e-03
1.208108663558959961e-02
1.130897179245948792e-02
1.344172097742557526e-02
1.273778267204761505e-02
5.706698168069124222e-03
1.133552007377147675e-02
1.234892010688781738e-02
1.219083927571773529e-02
1.056241057813167572e-02
1.246894989162683487e-02
1.203310023993253708e-02
1.273327879607677460e-02
1.213057339191436768e-02
1.068920921534299850e-02
1.141959428787231445e-02
1.225668191909790039e-02
7.139676250517368317e-03
1.254844944924116135e-02
1.192750222980976105e-02
1.213299576193094254e-02
1.208715327084064484e-02
1.232878956943750381e-02
1.186655648052692413e-02
1.127412170171737671e-02
1.208489388227462769e-02
1.193342264741659164e-02
1.221774332225322723e-02
1.195420045405626297e-02
1.127828285098075867e-02
1.322780922055244446e-02
1.204125769436359406e-02
1.180910319089889526e-02
1.274766959249973297e-02
1.273380778729915619e-02
1.237311959266662598e-02
1.212658081203699112e-02
1.167112775146961212e-02
1.220585778355598450e-02
1.127217337489128113e-02
1.135952677577733994e-02
7.597707211971282959e-03
1.191744022071361542e-02
1.257620565593242645e-02
1.176345255225896835e-02
1.240731216967105865e-02
1.232347730547189713e-02
1.334984600543975830e-02
1.249229162931442261e-02
6.150898523628711700e-03
1.229880936443805695e-02
1.313300244510173798e-02
1.234792359173297882e-02
1.136548258364200592e-02
1.355644315481185913e-02
1.209853868931531906e-02
1.228731125593185425e-02
1.283563394099473953e-02
1.425519678741693497e-02
1.062726788222789764e-02
1.165190991014242172e-02
1.215801760554313660e-02
1.198154687881469727e-02
1.312891114503145218e-02
1.238841935992240906e-02
1.206110510975122452e-02
1.260283030569553375e-02
1.125061791390180588e-02
1.488487422466278076e-02
9.622093290090560913e-03
1.229161582887172699e-02
1.211712975054979324e-02
1.362513750791549683e-02
1.209422200918197632e-02
1.147565152496099472e-02
1.239200122654438019e-02
1.204026304185390472e-02
1.281766965985298157e-02
1.265991106629371643e-02
1.258432492613792419e-02
1.110354997217655182e-02
1.093050651252269745e-02
1.153508201241493225e-02
9.757200255990028381e-03
1.144625805318355560e-02
1.180839911103248596e-02
1.223575603216886520e-02
1.137978304177522659e-02
1.108261104673147202e-02
1.118326094001531601e-02
1.147580333054065704e-02
1.180299930274486542e-02
1.191233191639184952e-02
1.177444588392972946e-02
1.234721485525369644e-02
1.103653479367494583e-02
1.348640583455562592e-02
1.147382520139217377e-02
1.253931410610675812e-02
1.164716854691505432e-02
1.270562130957841873e-02
1.164428889751434326e-02
1.158369332551956177e-02
1.241986081004142761e-02
1.202409807592630386e-02
1.270835381001234055e-02
1.262818090617656708e-02
1.289392076432704926e-02
1.242169737815856934e-02
1.261855661869049072e-02
1.277914363890886307e-02
1.269178651273250580e-02
1.191825233399868011e-02
1.159665174782276154e-02
1.229217369109392166e-02
1.212422922253608704e-02
1.040404289960861206e-02
1.008846703916788101e-02
1.276518218219280243e-02
1.157940737903118134e-02
9.428174234926700592e-03
1.323349960148334503e-02
1.224508881568908691e-02
1.252190582454204559e-02
1.122188009321689606e-02
1.078148558735847473e-02
9.655391797423362732e-03
1.264069601893424988e-02
1.290557719767093658e-02
1.112279109656810760e-02
1.233870070427656174e-02
1.303942035883665085e-02
1.120157353579998016e-02
1.214132364839315414e-02
1.293324399739503860e-02
1.343186013400554657e-02
1.763676106929779053e-02
1.184627506881952286e-02
1.199288759380578995e-02
1.206392422318458557e-02
1.230541523545980453e-02
1.156776025891304016e-02
1.352114975452423096e-02
1.265050657093524933e-02
1.313060894608497620e-02
1.206940691918134689e-02
1.147247012704610825e-02
1.281413622200489044e-02
1.173823419958353043e-02
1.285596191883087158e-02
1.179241947829723358e-02
1.275292411446571350e-02
1.345523819327354431e-02
1.178853958845138550e-02
1.297320984303951263e-02
1.212546136230230331e-02
1.285656169056892395e-02
1.248384825885295868e-02
1.174888946115970612e-02
1.004903297871351242e-02
1.191924884915351868e-02
1.217756606638431549e-02
1.108528207987546921e-02
1.257585734128952026e-02
1.102416403591632843e-02
1.110501773655414581e-02
1.102565787732601166e-02
1.129382569342851639e-02
9.793271310627460480e-03
1.093078218400478363e-02
1.216308958828449249e-02
1.246161852031946182e-02
9.328437969088554382e-03
1.150227338075637817e-02
1.228975225239992142e-02
1.230507437139749527e-02
1.198833994567394257e-02
1.141881383955478668e-02
1.258268393576145172e-02
1.292586605995893478e-02
1.222012843936681747e-02
1.133759319782257080e-02
9.568720124661922455e-03
1.212781108915805817e-02
1.018292643129825592e-02
1.227845810353755951e-02
1.195990480482578278e-02
1.149770710617303848e-02
1.201697345823049545e-02
9.404376149177551270e-03
8.564059622585773468e-03
1.469278335571289062e-02
1.244171615689992905e-02
7.945747114717960358e-03
1.260384730994701385e-02
1.245886087417602539e-02
1.176885981112718582e-02
1.401309762150049210e-02
1.214509364217519760e-02
1.164090353995561600e-02
1.299993786960840225e-02
9.069906547665596008e-03
1.114791724830865860e-02
1.258798316121101379e-02
1.109593920409679413e-02
1.264059916138648987e-02
1.140054129064083099e-02
1.179518457502126694e-02
1.078905630856752396e-02
1.025735586881637573e-02
1.213908754289150238e-02
1.244789548218250275e-02
1.218462549149990082e-02
1.045503839850425720e-02
1.224183570593595505e-02
1.013444550335407257e-02
1.254317909479141235e-02
1.008317805826663971e-02
1.288742758333683014e-02
1.335540786385536194e-02
1.261531654745340347e-02
1.108336448669433594e-02
1.083194278180599213e-02
1.203629560768604279e-02
1.190076675266027451e-02
1.195729337632656097e-02
1.181160844862461090e-02
1.142664812505245209e-02
1.391799747943878174e-02
1.224380359053611755e-02
1.173395477235317230e-02
1.216327585279941559e-02
1.262553315609693527e-02
1.157425250858068466e-02
1.136976107954978943e-02
1.304033491760492325e-02
1.183090452104806900e-02
1.238639652729034424e-02
1.238912995904684067e-02
1.255078706890344620e-02
1.210452243685722351e-02
1.282637193799018860e-02
1.262023672461509705e-02
1.109902188181877136e-02
1.131997816264629364e-02
8.462510071694850922e-03
1.240076404064893723e-02
1.238518580794334412e-02
1.285548042505979538e-02
1.125954091548919678e-02
1.197251118719577789e-02
1.182019151747226715e-02
1.278908364474773407e-02
1.224180124700069427e-02
1.145193912088871002e-02
1.216195430606603622e-02
1.244381442666053772e-02
1.279039122164249420e-02
1.310853753238916397e-02
1.279034651815891266e-02
1.114738266915082932e-02
1.225601322948932648e-02
1.211951579898595810e-02
1.428919937461614609e-02
9.496532380580902100e-03
1.209741551429033279e-02
1.093303784728050232e-02
1.014191564172506332e-02
1.212462224066257477e-02
1.126649603247642517e-02
1.194402575492858887e-02
1.216542441397905350e-02
1.256395224481821060e-02
1.231948845088481903e-02
1.113496534526348114e-02
1.106666587293148041e-02
1.241604238748550415e-02
1.207428239285945892e-02
1.194447744637727737e-02
1.113582402467727661e-02
1.218602713197469711e-02
1.147031225264072418e-02
1.172525156289339066e-02
1.135513931512832642e-02
1.149113662540912628e-02
1.138295978307723999e-02
1.138582546263933182e-02
1.329817157238721848e-02
1.200781296938657761e-02
1.169839501380920410e-02
1.193922013044357300e-02
1.116042211651802063e-02
1.226728316396474838e-02
1.030970551073551178e-02
1.241086050868034363e-02
1.242718566209077835e-02
1.248114649206399918e-02
1.207702420651912689e-02
1.232233177870512009e-02
1.236832980066537857e-02
1.219512242823839188e-02
1.310452260076999664e-02
1.218620128929615021e-02
1.158365327864885330e-02
1.242251973599195480e-02
1.277236267924308777e-02
9.850287809967994690e-03
1.187378447502851486e-02
1.124685257673263550e-02
1.398839987814426422e-02
1.099851354956626892e-02
9.382165968418121338e-03
1.227081380784511566e-02
1.188892871141433716e-02
1.112643629312515259e-02
1.213695388287305832e-02
1.221815310418605804e-02
1.164492405951023102e-02
1.140710525214672089e-02
1.167726516723632812e-02
1.184942666441202164e-02
1.255055330693721771e-02
1.191541925072669983e-02
1.100275292992591858e-02
1.211858168244361877e-02
1.387751847505569458e-02
1.246335729956626892e-02
1.353276520967483521e-02
1.279412768781185150e-02
1.261593028903007507e-02
1.190173625946044922e-02
1.187396794557571411e-02
1.159951183944940567e-02
1.175069063901901245e-02
1.193543802946805954e-02
1.193966902792453766e-02
1.214881241321563721e-02
1.343393139541149139e-02
1.230647321790456772e-02
1.022489462047815323e-02
1.226931437849998474e-02
1.475861668586730957e-02
1.172016281634569168e-02
1.219236478209495544e-02
1.229199580848217010e-02
1.165417488664388657e-02
1.220979914069175720e-02
1.235439255833625793e-02
1.062605436891317368e-02
1.237302832305431366e-02
1.004035025835037231e-02
1.209187787026166916e-02
1.349342055618762970e-02
1.206715311855077744e-02
1.239978056401014328e-02
1.041302457451820374e-02
1.232115179300308228e-02
8.257461711764335632e-03
1.388353388756513596e-02
1.031573675572872162e-02
1.222213357686996460e-02
1.323236245661973953e-02
1.155791524797677994e-02
1.183310523629188538e-02
1.286078058183193207e-02
1.182459294795989990e-02
1.254782360047101974e-02
1.309844758361577988e-02
1.072174310684204102e-02
1.200444437563419342e-02
1.210812758654356003e-02
1.141448132693767548e-02
1.208037417382001877e-02
1.303408853709697723e-02
1.289376337081193924e-02
1.224480755627155304e-02
1.196959521621465683e-02
1.231412030756473541e-02
1.107919681817293167e-02
1.081702951341867447e-02
9.007152169942855835e-03
3.368490189313888550e-02
1.191143319010734558e-02
8.208857849240303040e-03
1.114170625805854797e-02
1.163200661540031433e-02
1.152229867875576019e-02
1.233287993818521500e-02
1.178131159394979477e-02
9.901280514895915985e-03
1.143308449536561966e-02
1.323595549911260605e-02
1.157585345208644867e-02
1.154902391135692596e-02
1.329636014997959137e-02
1.231018640100955963e-02
6.971558090299367905e-03
1.303682941943407059e-02
1.232903450727462769e-02
1.054341346025466919e-02
1.071844622492790222e-02
1.230421289801597595e-02
1.151393912732601166e-02
1.212410721927881241e-02
1.266041956841945648e-02
1.216184347867965698e-02
1.195091009140014648e-02
1.216205768287181854e-02
8.017341606318950653e-03
1.263569854199886322e-02
1.301815919578075409e-02
1.284024305641651154e-02
1.275180466473102570e-02
1.292558666318655014e-02
8.669726550579071045e-03
5.317535717040300369e-03
1.242335699498653412e-02
1.152316015213727951e-02
1.185129210352897644e-02
1.087945513427257538e-02
1.311831641942262650e-02
1.198335550725460052e-02
1.265273150056600571e-02
1.301436126232147217e-02
1.168177835643291473e-02
1.189961470663547516e-02
1.025888882577419281e-02
1.274901162832975388e-02
1.189453713595867157e-02
1.268553920090198517e-02
1.146476157009601593e-02
1.156421471387147903e-02
9.513185359537601471e-03
5.898103117942810059e-03
1.240343973040580750e-02
1.177697535604238510e-02
7.689910940825939178e-03
1.038349326699972153e-02
1.147929579019546509e-02
7.657701615244150162e-03
1.294734608381986618e-02
1.179506443440914154e-02
1.126551721245050430e-02
1.156859099864959717e-02
1.086249947547912598e-02
1.203643530607223511e-02
1.267980504781007767e-02
6.231873296201229095e-03
1.260389853268861771e-02
1.276039145886898041e-02
1.248822920024394989e-02
1.122102141380310059e-02
1.200662925839424133e-02
1.318080909550189972e-02
1.191002689301967621e-02
1.254119537770748138e-02
1.267390698194503784e-02
1.241323910653591156e-02
1.137095317244529724e-02
1.050579175353050232e-02
1.338154263794422150e-02
1.195719093084335327e-02
1.119634043425321579e-02
1.194489747285842896e-02
1.248910650610923767e-02
1.160344853997230530e-02
1.244701445102691650e-02
1.109937578439712524e-02
1.273637451231479645e-02
1.060093380510807037e-02
1.245893910527229309e-02
5.730752833187580109e-03
1.243944093585014343e-02
1.274064462631940842e-02
1.026367582380771637e-02
1.183244399726390839e-02
1.154702156782150269e-02
1.123013999313116074e-02
1.166881900280714035e-02
1.267080754041671753e-02
1.230938732624053955e-02
1.325146108865737915e-02
9.125443175435066223e-03
9.560661390423774719e-03
1.296593248844146729e-02
1.248879078775644302e-02
1.308540906757116318e-02
1.041652262210845947e-02
1.309988740831613541e-02
1.093095168471336365e-02
1.311700884252786636e-02
9.470470249652862549e-03
1.337393373250961304e-02
1.233751606196165085e-02
1.192911621183156967e-02
6.685652304440736771e-03
1.145836524665355682e-02
1.243367791175842285e-02
1.202668063342571259e-02
1.162927038967609406e-02
1.166049949824810028e-02
1.273425761610269547e-02
1.227674819529056549e-02
1.293937582522630692e-02
1.276290416717529297e-02
1.230926811695098877e-02
1.157536916434764862e-02
1.417836453765630722e-02
1.220580935478210449e-02
1.439293194562196732e-02
1.236000005155801773e-02
1.035383716225624084e-02
1.258911937475204468e-02
1.192435622215270996e-02
1.014053076505661011e-02
1.232120022177696228e-02
1.141677610576152802e-02
9.841397404670715332e-03
1.233406551182270050e-02
1.303406339138746262e-02
1.202173531055450439e-02
1.201803237199783325e-02
1.239748485386371613e-02
1.167559809982776642e-02
1.275957003235816956e-02
1.224982645362615585e-02
1.174234785139560699e-02
1.155036222189664841e-02
1.341320388019084930e-02
1.229629758745431900e-02
1.237076427787542343e-02
1.125613134354352951e-02
1.238937862217426300e-02
1.335660461336374283e-02
1.193915680050849915e-02
1.188253797590732574e-02
1.812089607119560242e-02
1.159114856272935867e-02
1.226435042917728424e-02
1.244790293276309967e-02
1.141885668039321899e-02
1.319484598934650421e-02
1.006649248301982880e-02
1.195328682661056519e-02
1.275141071528196335e-02
1.296513155102729797e-02
1.209273934364318848e-02
1.256654039025306702e-02
1.334333047270774841e-02
1.108925975859165192e-02
1.068363338708877563e-02
1.069930102676153183e-02
1.146909222006797791e-02
1.140368916094303131e-02
1.267116516828536987e-02
1.180231012403964996e-02
1.226087473332881927e-02
1.156543008983135223e-02
1.202852372080087662e-02
1.280816365033388138e-02
1.250858046114444733e-02
1.136806420981884003e-02
1.066845376044511795e-02
1.317743491381406784e-02
1.228909753262996674e-02
1.259918697178363800e-02
1.256378553807735443e-02
1.136123947799205780e-02
1.201720163226127625e-02
1.080777496099472046e-02
1.192174851894378662e-02
1.274309307336807251e-02
1.225372217595577240e-02
1.325936615467071533e-02
1.264513656497001648e-02
1.157321874052286148e-02
1.346889324486255646e-02
1.243612263351678848e-02
1.261353492736816406e-02
1.208586245775222778e-02
1.093213818967342377e-02
1.273582596331834793e-02
1.156716980040073395e-02
1.183109730482101440e-02
1.180910319089889526e-02
1.238010078668594360e-02
1.322995312511920929e-02
1.165281236171722412e-02
1.005581859499216080e-02
1.202001236379146576e-02
1.138044707477092743e-02
1.050764694809913635e-02
1.191958412528038025e-02
1.276649534702301025e-02
1.039796322584152222e-02
1.207684166729450226e-02
1.081012561917304993e-02
9.990859776735305786e-03
1.156282052397727966e-02
1.003869716078042984e-02
1.125119253993034363e-02
1.088207773864269257e-02
1.210107561200857162e-02
1.234462298452854156e-02
1.231872942298650742e-02
1.260063238441944122e-02
1.214273460209369659e-02
1.087420806288719177e-02
1.052307896316051483e-02
1.210536621510982513e-02
1.245390903204679489e-02
1.070151664316654205e-02
1.209304854273796082e-02
9.129147045314311981e-03
1.097662188112735748e-02
8.575171232223510742e-03
1.096562203019857407e-02
1.079827360808849335e-02
1.183704379945993423e-02
1.102146320044994354e-02
1.012987643480300903e-02
9.361974895000457764e-03
1.371265202760696411e-02
1.306570880115032196e-02
1.229365728795528412e-02
1.209951378405094147e-02
1.188347488641738892e-02
1.307098381221294403e-02
1.227131858468055725e-02
1.164068374782800674e-02
1.121810730546712875e-02
7.104701362550258636e-03
1.246299687772989273e-02
7.458388805389404297e-03
1.099937036633491516e-02
1.197749283164739609e-02
1.167514920234680176e-02
1.218511722981929779e-02
1.169155258685350418e-02
9.661504067480564117e-03
1.106597110629081726e-02
1.228150911629199982e-02
1.233718544244766235e-02
1.120884716510772705e-02
1.210087165236473083e-02
1.193229854106903076e-02
1.163010671734809875e-02
1.211038045585155487e-02
1.199279166758060455e-02
1.180586777627468109e-02
1.233847625553607941e-02
1.185763068497180939e-02
1.213771849870681763e-02
1.062570232897996902e-02
1.224183104932308197e-02
1.180486381053924561e-02
1.161197666078805923e-02
1.072299014776945114e-02
1.159504707902669907e-02
1.306352950632572174e-02
1.146503444761037827e-02
1.237957831472158432e-02
1.227376982569694519e-02
1.410271134227514267e-02
1.256000436842441559e-02
1.232793927192687988e-02
1.132247224450111389e-02
1.189588848501443863e-02
1.188122108578681946e-02
1.214515045285224915e-02
1.165708247572183609e-02
1.337921991944313049e-02
1.164597459137439728e-02
1.053085364401340485e-02
1.173284649848937988e-02
1.185643021017313004e-02
1.206294819712638855e-02
1.077559590339660645e-02
8.651336655020713806e-03
5.197213497012853622e-03
1.267830654978752136e-02
1.226885151118040085e-02
1.189184561371803284e-02
1.178397051990032196e-02
1.202012784779071808e-02
1.193953864276409149e-02
9.665345773100852966e-03
1.234761904925107956e-02
1.227073557674884796e-02
1.229991205036640167e-02
1.199625805020332336e-02
1.102480664849281311e-02
1.269145775586366653e-02
1.126232370734214783e-02
1.239608414471149445e-02
1.188659574836492538e-02
1.278300024569034576e-02
1.283333823084831238e-02
1.249255053699016571e-02
1.019568927586078644e-02
1.235877163708209991e-02
1.255268882960081100e-02
1.121608354151248932e-02
1.226878073066473007e-02
1.130251307040452957e-02
5.421742796897888184e-03
1.237739156931638718e-02
1.164154428988695145e-02
4.788632504642009735e-03
1.183469407260417938e-02
1.212528534233570099e-02
1.260333880782127380e-02
1.203655451536178589e-02
1.325282454490661621e-02
7.323930040001869202e-03
1.302407495677471161e-02
1.081992127001285553e-02
1.407655887305736542e-02
1.064051501452922821e-02
9.585474617779254913e-03
1.203440874814987183e-02
1.232558675110340118e-02
1.158299669623374939e-02
1.072275638580322266e-02
1.123195048421621323e-02
1.192289590835571289e-02
7.316685281693935394e-03
1.243458129465579987e-02
9.634052403271198273e-03
1.252168230712413788e-02
9.732923470437526703e-03
1.166408509016036987e-02
1.203570142388343811e-02
1.234397850930690765e-02
9.322104975581169128e-03
1.081646606326103210e-02
1.196530088782310486e-02
1.268498320132493973e-02
1.128247939050197601e-02
1.090055517852306366e-02
1.197877619415521622e-02
1.146242022514343262e-02
1.079467311501502991e-02
1.215478032827377319e-02
6.779516581445932388e-03
1.225575432181358337e-02
1.222458574920892715e-02
1.224778871983289719e-02
9.313935413956642151e-03
9.851479902863502502e-03
1.240789517760276794e-02
1.207628846168518066e-02
1.254963409155607224e-02
1.125306822359561920e-02
1.228965073823928833e-02
1.247208938002586365e-02
1.143936906009912491e-02
1.196664012968540192e-02
1.216541603207588196e-02
8.865748532116413116e-03
1.254847738891839981e-02
1.268964260816574097e-02
1.131634972989559174e-02
1.266753021627664566e-02
1.071968674659729004e-02
1.210633199661970139e-02
9.127358905971050262e-03
1.331703085452318192e-02
1.225765794515609741e-02
1.107946410775184631e-02
1.121410541236400604e-02
1.089091133326292038e-02
1.186749525368213654e-02
1.241651922464370728e-02
1.142124645411968231e-02
1.249405555427074432e-02
1.067195553332567215e-02
1.162904221564531326e-02
1.120240241289138794e-02
1.222580485045909882e-02
1.317546702921390533e-02
1.154081150889396667e-02
1.240445673465728760e-02
1.206997223198413849e-02
1.243419013917446136e-02
1.189798861742019653e-02
1.304525695741176605e-02
1.175952237099409103e-02
1.225760206580162048e-02
1.272851973772048950e-02
1.099062711000442505e-02
6.477484945207834244e-03
1.302603818476200104e-02
1.148574985563755035e-02
1.195046957582235336e-02
1.204448565840721130e-02
1.210758555680513382e-02
1.027810759842395782e-02
1.225824095308780670e-02
1.102964021265506744e-02
1.247756555676460266e-02
1.216254942119121552e-02
1.144680194556713104e-02
9.883051738142967224e-03
7.538814097642898560e-03
1.179170422255992889e-02
1.098856143653392792e-02
1.062586065381765366e-02
1.247753389179706573e-02
1.217527966946363449e-02
1.146440394222736359e-02
1.160321291536092758e-02
1.128104794770479202e-02
9.932829067111015320e-03
1.200476195663213730e-02
1.610336638987064362e-02
1.333796232938766479e-02
1.034567598253488541e-02
1.320507749915122986e-02
1.132753863930702209e-02
1.207565236836671829e-02
1.253228820860385895e-02
1.222191564738750458e-02
1.302881352603435516e-02
1.281288824975490570e-02
1.262409985065460205e-02
1.252420991659164429e-02
1.261273771524429321e-02
1.261709164828062057e-02
1.293518580496311188e-02
1.162735465914011002e-02
1.125311851501464844e-02
1.294387876987457275e-02
1.267494820058345795e-02
8.887311443686485291e-03
1.045724190771579742e-02
1.089578960090875626e-02
1.505294255912303925e-02
1.212356239557266235e-02
1.225798204541206360e-02
1.083407737314701080e-02
1.103529985994100571e-02
1.147557608783245087e-02
1.188917923718690872e-02
1.295353844761848450e-02
1.131573505699634552e-02
1.226152665913105011e-02
1.251921057701110840e-02
1.202802918851375580e-02
1.165082491934299469e-02
1.097037643194198608e-02
1.163831260055303574e-02
1.362115144729614258e-02
1.186888478696346283e-02
1.114747393876314163e-02
1.223274972289800644e-02
1.191750355064868927e-02
1.139645650982856750e-02
1.126762013882398605e-02
1.209932938218116760e-02
8.647016249597072601e-03
1.278948038816452026e-02
1.252032723277807236e-02
1.176377385854721069e-02
1.237235590815544128e-02
1.104560308158397675e-02
1.319195516407489777e-02
1.091426238417625427e-02
1.253063324838876724e-02
1.188920252025127411e-02
1.151264086365699768e-02
1.278240233659744263e-02
1.226545125246047974e-02
1.211614347994327545e-02
1.480159908533096313e-02
1.277493499219417572e-02
1.148991566151380539e-02
1.197790727019309998e-02
8.800671435892581940e-03
1.120147760957479477e-02
1.297449320554733276e-02
1.157214585691690445e-02
1.227967254817485809e-02
1.221938803791999817e-02
1.232065539807081223e-02
1.259791012853384018e-02
1.123649720102548599e-02
1.162145379930734634e-02
1.153709180653095245e-02
1.228798180818557739e-02
1.202158071100711823e-02
1.035039313137531281e-02
1.251517422497272491e-02
1.226238720118999481e-02
1.353265345096588135e-02
1.118811219930648804e-02
1.200277544558048248e-02
1.165259070694446564e-02
6.095283199101686478e-03
1.194669678807258606e-02
1.238564401865005493e-02
1.190099678933620453e-02
1.183331012725830078e-02
1.108751818537712097e-02
1.227807998657226562e-02
1.272667758166790009e-02
1.279368437826633453e-02
1.238749362528324127e-02
1.183155551552772522e-02
1.277447771281003952e-02
1.254648994654417038e-02
1.114751771092414856e-02
6.777438335120677948e-03
1.490422990173101425e-02
1.342045608907938004e-02
1.146288495510816574e-02
1.123597193509340286e-02
6.896920502185821533e-03
1.192735508084297180e-02
1.191622577607631683e-02
1.262521743774414062e-02
1.018114201724529266e-02
1.262293197214603424e-02
9.962781332433223724e-03
1.274931337684392929e-02
8.761458098888397217e-03
1.155553758144378662e-02
1.237427350133657455e-02
1.260243821889162064e-02
1.067868992686271667e-02
1.241992879658937454e-02
1.205054577440023422e-02
1.218135096132755280e-02
1.168770343065261841e-02
1.199039723724126816e-02
1.249475218355655670e-02
1.231728680431842804e-02
1.124047487974166870e-02
1.301176007837057114e-02
1.152137108147144318e-02
1.353378221392631531e-02
1.271111704409122467e-02
1.192877255380153656e-02
1.314196549355983734e-02
1.092490926384925842e-02
1.134893577545881271e-02
1.156910695135593414e-02
1.282834820449352264e-02
1.251285802572965622e-02
1.082644425332546234e-02
1.173352170735597610e-02
1.261617429554462433e-02
1.245145313441753387e-02
9.917067363858222961e-03
1.235314551740884781e-02
1.318111550062894821e-02
1.200092118233442307e-02
1.268110331147909164e-02
1.158360205590724945e-02
1.033661328256130219e-02
1.278005540370941162e-02
1.241747848689556122e-02
1.092986669391393661e-02
1.201714109629392624e-02
9.737355634570121765e-03
1.134048867970705032e-02
1.274824514985084534e-02
1.188118010759353638e-02
1.220770459622144699e-02
1.174400746822357178e-02
1.275389455258846283e-02
1.162783242762088776e-02
1.105030719190835953e-02
1.232304237782955170e-02
1.233166456222534180e-02
1.382307521998882294e-02
1.179530844092369080e-02
1.057475432753562927e-02
1.213227584958076477e-02
1.096380315721035004e-02
1.262325420975685120e-02
1.119712274521589279e-02
1.282175071537494659e-02
1.229268498718738556e-02
1.298741530627012253e-02
1.303015276789665222e-02
1.269092410802841187e-02
1.264974847435951233e-02
1.155173778533935547e-02
1.162349246442317963e-02
1.176788099110126495e-02
1.233747322112321854e-02
1.250281929969787598e-02
8.121227845549583435e-03
1.242275349795818329e-02
1.264815498143434525e-02
1.180423796176910400e-02
1.098993886262178421e-02
1.053927466273307800e-02
1.242443174123764038e-02
1.360221207141876221e-02
1.301443390548229218e-02
1.274493057280778885e-02
1.262741535902023315e-02
1.298957690596580505e-02
1.229294203221797943e-02
1.140012312680482864e-02
1.169132627546787262e-02
1.119739748537540436e-02
1.248065195977687836e-02
1.181028503924608231e-02
1.135079376399517059e-02
1.152017340064048767e-02
1.266377232968807220e-02
1.267381571233272552e-02
8.871136233210563660e-03
1.111597009003162384e-02
1.223477162420749664e-02
1.249419711530208588e-02
9.467264637351036072e-03
1.266394183039665222e-02
1.274861115962266922e-02
1.327015087008476257e-02
5.628300830721855164e-03
1.275969110429286957e-02
1.066405698657035828e-02
1.200061105191707611e-02
1.130489259958267212e-02
1.245480589568614960e-02
1.320714876055717468e-02
1.101433765143156052e-02
1.284208614379167557e-02
1.284392923116683960e-02
5.565753206610679626e-03
1.061150804162025452e-02
1.209497172385454178e-02
1.282717287540435791e-02
1.239415723830461502e-02
9.730281308293342590e-03
1.115702278912067413e-02
1.011655665934085846e-02
1.054815016686916351e-02
1.174213830381631851e-02
1.023711543530225754e-02
1.380204316228628159e-02
1.157759875059127808e-02
1.121851243078708649e-02
1.234283298254013062e-02
1.195571199059486389e-02
1.192764751613140106e-02
1.106012798845767975e-02
1.217974908649921417e-02
1.120415888726711273e-02
1.354715693742036819e-02
1.246429141610860825e-02
1.358388643711805344e-02
1.017315872013568878e-02
1.162425056099891663e-02
1.278271526098251343e-02
1.181532721966505051e-02
1.259499881416559219e-02
1.021022070199251175e-02
1.168504357337951660e-02
1.247310638427734375e-02
1.136022992432117462e-02
1.280902978032827377e-02
1.321881450712680817e-02
1.231264881789684296e-02
1.230608113110065460e-02
1.045702397823333740e-02
1.218462549149990082e-02
1.154809072613716125e-02
9.473469108343124390e-03
1.087698899209499359e-02
1.244114711880683899e-02
1.157483179122209549e-02
1.239759474992752075e-02
1.253494899719953537e-02
1.176935341209173203e-02
1.310404948890209198e-02
1.435209624469280243e-02
1.202193647623062134e-02
1.261905487626791000e-02
1.279664877802133560e-02
1.326887123286724091e-02
1.034830044955015182e-02
1.253834180533885956e-02
9.758854284882545471e-03
1.195510942488908768e-02
1.007359195500612259e-02
1.255153864622116089e-02
1.410943549126386642e-02
1.127855479717254639e-02
1.277713291347026825e-02
1.148251816630363464e-02
1.175356656312942505e-02
1.168507523834705353e-02
1.154259871691465378e-02
1.195305306464433670e-02
1.219880580902099609e-02
1.283058524131774902e-02
1.205550134181976318e-02
1.172335259616374969e-02
9.101966395974159241e-03
1.288784481585025787e-02
1.269672252237796783e-02
9.412297978997230530e-03
1.172181311994791031e-02
1.240113005042076111e-02
1.347048394381999969e-02
1.249255239963531494e-02
1.278389059007167816e-02
1.390820275992155075e-02
1.247728802263736725e-02
1.237735897302627563e-02
1.143618673086166382e-02
1.077634748071432114e-02
1.152014732360839844e-02
1.206332538276910782e-02
1.273913867771625519e-02
1.228392124176025391e-02
1.210411451756954193e-02
1.133448258042335510e-02
1.202609203755855560e-02
1.141677424311637878e-02
1.216646656394004822e-02
1.233282219618558884e-02
1.166547555476427078e-02
1.216974575072526932e-02
1.167769543826580048e-02
1.217870041728019714e-02
1.264737918972969055e-02
1.242470089346170425e-02
1.242217980325222015e-02
1.174039114266633987e-02
1.237232796847820282e-02
8.106299676001071930e-03
1.175763085484504700e-02
1.197788864374160767e-02
1.273580174893140793e-02
1.098192110657691956e-02
1.241218391805887222e-02
1.174885593354701996e-02
1.316258683800697327e-02
1.180399581789970398e-02
9.895816445350646973e-03
1.251692604273557663e-02
1.112223789095878601e-02
1.294826995581388474e-02
1.083142124116420746e-02
1.133186463266611099e-02
1.144593581557273865e-02
1.261416636407375336e-02
1.310951448976993561e-02
1.329601369798183441e-02
1.012396067380905151e-02
1.285254023969173431e-02
1.058698818087577820e-02
1.182579994201660156e-02
1.326629426330327988e-02
1.198777742683887482e-02
9.928620420396327972e-03
1.184211391955614090e-02
1.050311699509620667e-02
1.332833897322416306e-02
1.164521370083093643e-02
1.242558099329471588e-02
1.230081543326377869e-02
1.196188852190971375e-02
1.587528735399246216e-02
1.168163493275642395e-02
1.202487386763095856e-02
1.172934193164110184e-02
1.433748379349708557e-02
1.133394986391067505e-02
1.107611600309610367e-02
1.221978664398193359e-02
1.073155831545591354e-02
1.183919515460729599e-02
1.204120367765426636e-02
1.204003021121025085e-02
1.132140308618545532e-02
1.203024014830589294e-02
1.213818974792957306e-02
1.204715110361576080e-02
1.160279754549264908e-02
1.348795741796493530e-02
1.041831634938716888e-02
1.216891314834356308e-02
1.311590429395437241e-02
1.150385476648807526e-02
1.196757610887289047e-02
1.223030127584934235e-02
1.303993817418813705e-02
1.180154830217361450e-02
1.204207539558410645e-02
1.072569005191326141e-02
1.190347317606210709e-02
1.260805502533912659e-02
1.196767576038837433e-02
1.237965188920497894e-02
1.194013841450214386e-02
1.188144925981760025e-02
1.192746497690677643e-02
1.250239275395870209e-02
1.226403936743736267e-02
1.246115192770957947e-02
1.267813146114349365e-02
1.296568848192691803e-02
1.103008352220058441e-02
1.292040385305881500e-02
1.230130717158317566e-02
1.236072182655334473e-02
1.326065603643655777e-02
1.178655028343200684e-02
1.115647330880165100e-02
1.039230637252330780e-02
1.079287193715572357e-02
1.088289357721805573e-02
1.411601714789867401e-02
1.112141553312540054e-02
1.143614016473293304e-02
9.693626314401626587e-03
1.176023110747337341e-02
6.258623674511909485e-03
1.084941532462835312e-02
1.217848714441061020e-02
9.430199861526489258e-03
1.097850035876035690e-02
1.190838962793350220e-02
1.158540695905685425e-02
1.177023537456989288e-02
1.338498108088970184e-02
1.118602231144905090e-02
1.237437594681978226e-02
1.306068524718284607e-02
1.223255507647991180e-02
1.260988600552082062e-02
1.032388675957918167e-02
1.211415231227874756e-02
1.232840400189161301e-02
1.177488546818494797e-02
1.080432627350091934e-02
1.236182078719139099e-02
1.191532425582408905e-02
1.112645678222179413e-02
1.156623661518096924e-02
1.024674344807863235e-02
1.423292234539985657e-02
1.246731914579868317e-02
1.123786624521017075e-02
1.159526407718658447e-02
1.249156799167394638e-02
1.298309303820133209e-02
1.029822789132595062e-02
1.170384883880615234e-02
1.347641460597515106e-02
1.243582367897033691e-02
1.181031949818134308e-02
1.147809159010648727e-02
8.898811414837837219e-03
1.317211147397756577e-02
1.324678026139736176e-02
1.191769633442163467e-02
1.253197155892848969e-02
1.083083823323249817e-02
1.228542346507310867e-02
1.013066712766885757e-02
1.169459428638219833e-02
1.142739132046699524e-02
1.161243021488189697e-02
1.123162917792797089e-02
1.238864660263061523e-02
1.219852734357118607e-02
5.703225731849670410e-03
1.127085648477077484e-02
1.107275485992431641e-02
1.169369742274284363e-02
9.561255574226379395e-03
1.039236318320035934e-02
1.236352603882551193e-02
1.106448471546173096e-02
1.222745236009359360e-02
1.212803740054368973e-02
1.204132009297609329e-02
1.247372664511203766e-02
1.188499107956886292e-02
1.312302518635988235e-02
1.250397600233554840e-02
1.055328175425529480e-02
1.254512555897235870e-02
1.267743296921253204e-02
1.223314646631479263e-02
1.098418980836868286e-02
1.225407421588897705e-02
1.251362264156341553e-02
9.816899895668029785e-03
1.232783123850822449e-02
1.253413502126932144e-02
5.707792472094297409e-03
1.200378965586423874e-02
1.228058710694313049e-02
1.328714750707149506e-02
1.149497739970684052e-02
1.274533104151487350e-02
1.035063900053501129e-02
1.244385354220867157e-02
1.468708086758852005e-02
1.284062862396240234e-02
1.137285213917493820e-02
1.025170926004648209e-02
1.223432086408138275e-02
1.175437681376934052e-02
1.135044731199741364e-02
1.109712570905685425e-02
1.140717417001724243e-02
4.998021293431520462e-03
1.200449094176292419e-02
1.147121563553810120e-02
1.102023664861917496e-02
1.210513431578874588e-02
1.251849997788667679e-02
1.223585288971662521e-02
1.318536233156919479e-02
1.230413280427455902e-02
1.050218474119901657e-02
1.247234642505645752e-02
1.160093024373054504e-02
9.745607152581214905e-03
1.235645264387130737e-02
1.183017715811729431e-02
1.065562851727008820e-02
1.045765075832605362e-02
9.642229415476322174e-03
1.274697296321392059e-02
1.194781530648469925e-02
1.222489029169082642e-02
1.176536083221435547e-02
1.170407049357891083e-02
1.211836002767086029e-02
1.089083030819892883e-02
1.204100623726844788e-02
1.200930122286081314e-02
1.010692678391933441e-02
1.145254448056221008e-02
1.210085861384868622e-02
1.269795373082160950e-02
1.272834278643131256e-02
1.175278797745704651e-02
1.168619841337203979e-02
1.249819900840520859e-02
1.241517998278141022e-02
9.972954168915748596e-03
1.184678357094526291e-02
1.164993643760681152e-02
1.291608624160289764e-02
1.187924854457378387e-02
1.248963270336389542e-02
1.291472464799880981e-02
1.219331007450819016e-02
1.177072338759899139e-02
1.229349430650472641e-02
1.242724899202585220e-02
1.133242249488830566e-02
1.121131703257560730e-02
1.230356842279434204e-02
1.207457110285758972e-02
1.276674587279558182e-02
1.195800304412841797e-02
1.196167990565299988e-02
1.184666715562343597e-02
1.195050962269306183e-02
1.244778372347354889e-02
1.022425666451454163e-02
1.255812682211399078e-02
1.174094621092081070e-02
1.086779497563838959e-02
1.323274057358503342e-02
1.196696609258651733e-02
1.193800196051597595e-02
1.261173468083143234e-02
1.212370581924915314e-02
1.183384004980325699e-02
1.066133752465248108e-02
1.290127635002136230e-02
1.283376663923263550e-02
1.282131858170032501e-02
1.227820478379726410e-02
1.267079915851354599e-02
1.257072482258081436e-02
1.264396682381629944e-02
1.238406449556350708e-02
1.221629418432712555e-02
1.161196175962686539e-02
1.056902483105659485e-02
1.214443333446979523e-02
1.310438383370637894e-02
1.237526535987854004e-02
1.188349537551403046e-02
1.218071486800909042e-02
1.189241372048854828e-02
1.191838458180427551e-02
1.327872090041637421e-02
1.265185978263616562e-02
1.226449944078922272e-02
1.024415902793407440e-02
1.218183711171150208e-02
1.233153976500034332e-02
1.303577516227960587e-02
1.267881132662296295e-02
1.204589754343032837e-02
1.258321851491928101e-02
1.005077548325061798e-02
1.213672198355197906e-02
1.314300857484340668e-02
1.282057724893093109e-02
1.233591139316558838e-02
1.193780265748500824e-02
1.009857933968305588e-02
1.353923603892326355e-02
1.294990070164203644e-02
1.273220404982566833e-02
1.280141063034534454e-02
1.077859103679656982e-02
8.915306068956851959e-03
1.175428461283445358e-02
8.087065070867538452e-03
1.152809895575046539e-02
1.159485056996345520e-02
1.196313742548227310e-02
1.188522670418024063e-02
1.253380347043275833e-02
1.150269992649555206e-02
1.223815418779850006e-02
1.268658600747585297e-02
1.162444334477186203e-02
6.149382330477237701e-03
1.173521298915147781e-02
8.221654221415519714e-03
9.970988146960735321e-03
1.168427802622318268e-02
1.260153669863939285e-02
1.302473992109298706e-02
1.187702082097530365e-02
5.965760909020900726e-03
1.301334239542484283e-02
1.229799911379814148e-02
1.221952773630619049e-02
1.209871470928192139e-02
1.183184888213872910e-02
1.246427744626998901e-02
1.173053495585918427e-02
9.565553627908229828e-03
1.093809306621551514e-02
1.233890838921070099e-02
1.199630275368690491e-02
1.155878696590662003e-02
1.204306632280349731e-02
1.373901404440402985e-02
1.252337545156478882e-02
1.129265688359737396e-02
1.263056043535470963e-02
1.218890026211738586e-02
1.198635995388031006e-02
1.166439708322286606e-02
1.481915637850761414e-02
1.488469913601875305e-02
1.119544543325901031e-02
1.111842039972543716e-02
1.163850910961627960e-02
1.229593157768249512e-02
1.157635077834129333e-02
1.325872354209423065e-02
1.207888312637805939e-02
1.180231850594282150e-02
1.336868759244680405e-02
1.140532642602920532e-02
1.269301213324069977e-02
6.440685130655765533e-03
1.215529814362525940e-02
1.287032663822174072e-02
1.034541614353656769e-02
1.172249391674995422e-02
1.282843947410583496e-02
1.020174473524093628e-02
1.146863028407096863e-02
1.169077120721340179e-02
1.262905541807413101e-02
1.169354654848575592e-02
1.140245236456394196e-02
1.304854452610015869e-02
1.084589585661888123e-02
1.248425245285034180e-02
1.225982047617435455e-02
1.431743241846561432e-02
1.137720793485641479e-02
1.232897303998470306e-02
1.113672554492950439e-02
1.116905640810728073e-02
1.098415441811084747e-02
1.287286076694726944e-02
1.298893056809902191e-02
1.226784475147724152e-02
1.145622134208679199e-02
1.263053808361291885e-02
1.257978938519954681e-02
1.129942759871482849e-02
1.268691010773181915e-02
1.236392743885517120e-02
1.194585859775543213e-02
1.010502129793167114e-02
1.362028159201145172e-02
1.226674951612949371e-02
1.275740191340446472e-02
1.260159164667129517e-02
1.200419291853904724e-02
1.221525296568870544e-02
1.136959530413150787e-02
1.137530431151390076e-02
9.396729059517383575e-03
1.207246910780668259e-02
1.114346086978912354e-02
1.214573718607425690e-02
1.251134648919105530e-02
1.301165856420993805e-02
1.118567772209644318e-02
1.283720694482326508e-02
1.231419201940298080e-02
1.278293412178754807e-02
1.255969237536191940e-02
1.229348313063383102e-02
1.156377885490655899e-02
1.201746519654989243e-02
1.100337598472833633e-02
8.069343864917755127e-03
1.186787523329257965e-02
1.328883320093154907e-02
1.325783133506774902e-02
1.144878752529621124e-02
1.419062912464141846e-02
8.951710537075996399e-03
1.144144684076309204e-02
1.206685416400432587e-02
1.361615303903818130e-02
1.192858349531888962e-02
1.371809281408786774e-02
1.089468691498041153e-02
1.058797445148229599e-02
1.246943604201078415e-02
1.147709507495164871e-02
1.413447316735982895e-02
1.141574233770370483e-02
1.240550540387630463e-02
1.092797890305519104e-02
1.181979663670063019e-02
1.259096432477235794e-02
1.184656657278537750e-02
1.121056359261274338e-02
1.174719631671905518e-02
1.067501865327358246e-02
1.228487119078636169e-02
1.287137810140848160e-02
1.303442660719156265e-02
1.221583504229784012e-02
9.342551231384277344e-03
9.101903066039085388e-03
1.119524613022804260e-02
1.160035654902458191e-02
1.196742709726095200e-02
1.178603991866111755e-02
1.213066838681697845e-02
1.105735450983047485e-02
9.471581317484378815e-03
1.207718346267938614e-02
1.163356937468051910e-02
1.199798379093408585e-02
1.199820265173912048e-02
1.100388541817665100e-02
1.236788276582956314e-02
1.219857111573219299e-02
1.208862103521823883e-02
1.335783675312995911e-02
6.376099307090044022e-03
1.135826669633388519e-02
1.279259473085403442e-02
1.166548673063516617e-02
1.134202443063259125e-02
1.021234318614006042e-02
1.156248338520526886e-02
1.196644641458988190e-02
1.233360730111598969e-02
1.211749855428934097e-02
1.355839520692825317e-02
7.087453268468379974e-03
1.238492503762245178e-02
1.201893016695976257e-02
1.194666605442762375e-02
1.143542304635047913e-02
1.122145727276802063e-02
1.204534899443387985e-02
1.237911731004714966e-02
1.279164291918277740e-02
1.109205000102519989e-02
1.090381480753421783e-02
9.460021741688251495e-03
1.230276189744472504e-02
1.247915625572204590e-02
1.177591923624277115e-02
1.184451207518577576e-02
1.137187704443931580e-02
1.283813081681728363e-02
1.177121885120868683e-02
1.136316638439893723e-02
1.048966683447360992e-02
1.305697485804557800e-02
1.237819902598857880e-02
1.067226659506559372e-02
1.006641518324613571e-02
1.127937063574790955e-02
1.256799511611461639e-02
1.281909085810184479e-02
1.047656685113906860e-02
1.335881557315587997e-02
1.243258360773324966e-02
1.113006286323070526e-02
1.290047913789749146e-02
1.275602169334888458e-02
1.082783006131649017e-02
1.198247633874416351e-02
1.244903355836868286e-02
1.339988783001899719e-02
9.779852814972400665e-03
1.175841130316257477e-02
1.262258738279342651e-02
1.278172340244054794e-02
1.120626088231801987e-02
1.246756035834550858e-02
1.229557208716869354e-02
1.320148259401321411e-02
1.248717308044433594e-02
1.110618375241756439e-02
1.177568454295396805e-02
1.235736627131700516e-02
1.110746525228023529e-02
1.233583316206932068e-02
1.141937077045440674e-02
1.175545994192361832e-02
1.028122939169406891e-02
1.379299070686101913e-02
1.180066447705030441e-02
1.266539562493562698e-02
1.116541773080825806e-02
1.203848421573638916e-02
1.176180783659219742e-02
1.162639819085597992e-02
1.098871603608131409e-02
1.214293483644723892e-02
1.193215884268283844e-02
1.177496463060379028e-02
1.155082508921623230e-02
1.256033405661582947e-02
1.229314226657152176e-02
1.272748410701751709e-02
1.206177100539207458e-02
1.275816559791564941e-02
1.163192838430404663e-02
1.205417141318321228e-02
1.319595426321029663e-02
1.334580965340137482e-02
1.189829036593437195e-02
1.102573145180940628e-02
1.246237661689519882e-02
1.207878440618515015e-02
1.297838613390922546e-02
6.583080627024173737e-03
1.229127217084169388e-02
1.260691974312067032e-02
1.278953626751899719e-02
7.848979905247688293e-03
1.356033049523830414e-02
1.065515726804733276e-02
1.287114433944225311e-02
1.154273562133312225e-02
1.210467889904975891e-02
1.185387000441551208e-02
9.507125243544578552e-03
1.318029221147298813e-02
1.233329437673091888e-02
1.148964930325746536e-02
1.191891543567180634e-02
1.211684942245483398e-02
1.219913177192211151e-02
1.241987198591232300e-02
1.257114671170711517e-02
1.409711223095655441e-02
1.209587231278419495e-02
1.162164751440286636e-02
1.209415122866630554e-02
1.194136589765548706e-02
1.254626270383596420e-02
9.180249646306037903e-03
1.155650801956653595e-02
8.842770010232925415e-03
1.515397801995277405e-02
1.183330733329057693e-02
1.215849630534648895e-02
1.191830169409513474e-02
1.272836327552795410e-02
1.060580462217330933e-02
1.213377341628074646e-02
1.251397933810949326e-02
1.207122579216957092e-02
1.302808150649070740e-02
1.257697585970163345e-02
1.201700046658515930e-02
6.971464958041906357e-03
1.297317631542682648e-02
1.222137175500392914e-02
1.260702777653932571e-02
1.180853694677352905e-02
1.157572865486145020e-02
1.164966449141502380e-02
9.954512119293212891e-03
1.175857521593570709e-02
1.140344142913818359e-02
9.702447801828384399e-03
1.178330555558204651e-02
1.097510941326618195e-02
1.177297253161668777e-02
1.202870532870292664e-02
8.053693920373916626e-03
1.170420274138450623e-02
1.258645579218864441e-02
1.353938691318035126e-02
1.357551198452711105e-02
1.224419660866260529e-02
1.274419296532869339e-02
1.170607097446918488e-02
1.141736004501581192e-02
1.194176729768514633e-02
1.121360808610916138e-02
1.336264237761497498e-02
1.307413540780544281e-02
1.030829176306724548e-02
1.172734238207340240e-02
1.187930628657341003e-02
1.241688244044780731e-02
5.562516860663890839e-03
9.644785895943641663e-03
1.214762777090072632e-02
1.254599262028932571e-02
1.147762872278690338e-02
1.103752106428146362e-02
1.229266077280044556e-02
1.232483237981796265e-02
1.191013399511575699e-02
1.002792455255985260e-02
1.174737326800823212e-02
1.294304244220256805e-02
1.182413380593061447e-02
1.192461885511875153e-02
1.178945414721965790e-02
1.041075773537158966e-02
1.143182814121246338e-02
6.934520788490772247e-03
1.167363300919532776e-02
1.193922571837902069e-02
1.248530298471450806e-02
1.189797837287187576e-02
1.219699904322624207e-02
1.259820535778999329e-02
1.226065400987863541e-02
1.082191988825798035e-02
1.263584475964307785e-02
1.214130781590938568e-02
1.098589971661567688e-02
1.094796136021614075e-02
1.133772358298301697e-02
1.290750689804553986e-02
1.130591519176959991e-02
9.256285615265369415e-03
1.207789685577154160e-02
1.302641443908214569e-02
1.217702962458133698e-02
1.168668176978826523e-02
1.293835882097482681e-02
7.660284638404846191e-03
1.188328489661216736e-02
1.066553965210914612e-02
1.280121691524982452e-02
1.265359856188297272e-02
1.301636826246976852e-02
1.251444313675165176e-02
1.144482195377349854e-02
1.248993817716836929e-02
1.184485852718353271e-02
1.250534132122993469e-02
1.192876510322093964e-02
1.142798550426959991e-02
1.231271866708993912e-02
1.330306101590394974e-02
1.214861590415239334e-02
5.757968407124280930e-03
1.140362769365310669e-02
1.162747479975223541e-02
1.139587536454200745e-02
1.147393509745597839e-02
1.302714738994836807e-02
1.111852657049894333e-02
1.196163333952426910e-02
1.268591266125440598e-02
1.266616769134998322e-02
1.286867540329694748e-02
1.121803093701601028e-02
1.227921061217784882e-02
1.104944013059139252e-02
1.197662390768527985e-02
1.198227610439062119e-02
1.414276193827390671e-02
1.204256247729063034e-02
1.177738886326551437e-02
1.255367137491703033e-02
1.188264321535825729e-02
1.228549331426620483e-02
1.234405860304832458e-02
1.225660555064678192e-02
1.128499396145343781e-02
9.578233584761619568e-03
1.188120990991592407e-02
1.046403963118791580e-02
1.161554921418428421e-02
1.132259797304868698e-02
1.225829869508743286e-02
1.289653033018112183e-02
1.204714830964803696e-02
1.204857602715492249e-02
1.179887913167476654e-02
1.181971095502376556e-02
1.199109852313995361e-02
1.228922232985496521e-02
1.266779378056526184e-02
1.321662962436676025e-02
1.192575320601463318e-02
1.232255063951015472e-02
1.299487985670566559e-02
1.181668788194656372e-02
1.205674465745687485e-02
1.033933367580175400e-02
1.233365014195442200e-02
1.199716888368129730e-02
1.203011535108089447e-02
1.049902103841304779e-02
1.192449592053890228e-02
1.190677657723426819e-02
1.041224412620067596e-02
1.114995591342449188e-02
7.519961800426244736e-03
1.107980310916900635e-02
1.260973885655403137e-02
1.305164210498332977e-02
1.231662184000015259e-02
1.194097753614187241e-02
1.132405735552310944e-02
1.243282109498977661e-02
1.235975418239831924e-02
1.206339895725250244e-02
1.211822498589754105e-02
1.224261056631803513e-02
1.062725111842155457e-02
1.022833399474620819e-02
1.313964463770389557e-02
1.227154769003391266e-02
1.257384382188320160e-02
1.251608412712812424e-02
1.319723203778266907e-02
1.249601505696773529e-02
1.166982389986515045e-02
7.362503092736005783e-03
1.122797559946775436e-02
1.175285875797271729e-02
1.184317748993635178e-02
1.216177921742200851e-02
1.259518973529338837e-02
1.176723465323448181e-02
1.292880252003669739e-02
1.054036151617765427e-02
1.198430825024843216e-02
7.434986531734466553e-03
1.179304718971252441e-02
1.286230143159627914e-02
1.200906187295913696e-02
1.114225201308727264e-02
1.017023250460624695e-02
1.280848681926727295e-02
1.257476117461919785e-02
1.253966242074966431e-02
1.239640638232231140e-02
1.229925174266099930e-02
1.211586687713861465e-02
1.209497824311256409e-02
1.222836971282958984e-02
1.145264972001314163e-02
1.241070963442325592e-02
1.363134104758501053e-02
1.198684237897396088e-02
1.256866287440061569e-02
1.309542264789342880e-02
1.172428950667381287e-02
1.300723385065793991e-02
1.172246783971786499e-02
1.059648673981428146e-02
9.003172628581523895e-03
1.059148646891117096e-02
1.277121901512145996e-02
1.330875232815742493e-02
1.321292296051979065e-02
1.202197000384330750e-02
1.145030278712511063e-02
1.222008932381868362e-02
1.244965009391307831e-02
1.341324206441640854e-02
1.276247203350067139e-02
1.294472999870777130e-02
1.277263462543487549e-02
1.268766354769468307e-02
1.103367283940315247e-02
1.250245794653892517e-02
1.308359950780868530e-02
1.253072172403335571e-02
1.257976517081260681e-02
1.121222041547298431e-02
1.122120209038257599e-02
1.015684101730585098e-02
1.179050467908382416e-02
1.172580663114786148e-02
1.183254923671483994e-02
1.283890567719936371e-02
1.208168826997280121e-02
1.106078643351793289e-02
1.168697141110897064e-02
1.250137761235237122e-02
1.254861243069171906e-02
1.112051401287317276e-02
1.215434074401855469e-02
1.086642593145370483e-02
1.120927650481462479e-02
1.209488511085510254e-02
1.182988658547401428e-02
6.061468273401260376e-03
1.144455093890428543e-02
1.334699057042598724e-02
1.209498941898345947e-02
1.129412464797496796e-02
1.064644567668437958e-02
1.225883420556783676e-02
1.267006900161504745e-02
8.329478092491626740e-03
1.246698200702667236e-02
1.159290596842765808e-02
1.245789602398872375e-02
1.139122061431407928e-02
1.193794328719377518e-02
1.212030090391635895e-02
1.152265071868896484e-02
1.007694192230701447e-02
1.098699495196342468e-02
1.186073385179042816e-02
1.106668170541524887e-02
1.184174790978431702e-02
1.260287500917911530e-02
1.256478764116764069e-02
1.193392649292945862e-02
1.276815962046384811e-02
1.252309419214725494e-02
8.739192038774490356e-03
1.215438544750213623e-02
1.168120559304952621e-02
1.266393810510635376e-02
1.127310190349817276e-02
1.224407088011503220e-02
1.240707747638225555e-02
1.138845272362232208e-02
1.233267970383167267e-02
1.171041838824748993e-02
1.228080689907073975e-02
1.346914935857057571e-02
1.328140869736671448e-02
1.272618398070335388e-02
1.476950943470001221e-02
1.267407834529876709e-02
1.246065832674503326e-02
7.552230730652809143e-03
1.365776918828487396e-02
1.106397341936826706e-02
8.658656850457191467e-03
1.325419172644615173e-02
1.159050501883029938e-02
1.306783407926559448e-02
1.168327964842319489e-02
1.082708872854709625e-02
1.246687211096286774e-02
1.272299885749816895e-02
1.092662382870912552e-02
1.205549947917461395e-02
1.132787764072418213e-02
1.183881983160972595e-02
1.254822872579097748e-02
1.195716019719839096e-02
1.373044867068529129e-02
1.246402971446514130e-02
1.173119433224201202e-02
1.272559165954589844e-02
1.136147230863571167e-02
1.148235425353050232e-02
8.284954354166984558e-03
1.372497715055942535e-02
1.233974192291498184e-02
1.062742434442043304e-02
