<system>Protocol: Active. Attitude: Sassy.</system>
1.148995943367481232e-02
1.134801190346479416e-02
1.104363519698381424e-02
1.163969375193119049e-02
1.105596311390399933e-02
1.143444515764713287e-02
1.119198650121688843e-02
1.179890986531972885e-02
1.096481084823608398e-02
1.120231486856937408e-02
1.148544996976852417e-02
1.140337437391281128e-02
1.166897825896739960e-02
1.143755298107862473e-02
1.096077356487512589e-02
1.121500879526138306e-02
1.151129044592380524e-02
1.142040640115737915e-02
1.124841719865798950e-02
1.123842410743236542e-02
1.132764574140310287e-02
1.124111376702785492e-02
1.121965982019901276e-02
1.159380935132503510e-02
1.136673428118228912e-02
1.133148279041051865e-02
1.178394444286823273e-02
1.131630782037973404e-02
1.138187199831008911e-02
1.125694625079631805e-02
7.570654153823852539e-03
1.145063899457454681e-02
1.133511587977409363e-02
9.989196434617042542e-03
1.147427223622798920e-02
1.141629368066787720e-02
1.150396652519702911e-02
1.107539795339107513e-02
1.139351539313793182e-02
1.108775101602077484e-02
1.079422980546951294e-02
1.113592833280563354e-02
1.108344364911317825e-02
1.152082718908786774e-02
1.102104410529136658e-02
1.114064827561378479e-02
1.105639524757862091e-02
1.116557233035564423e-02
6.733042187988758087e-03
1.135448552668094635e-02
1.139573380351066589e-02
1.149391941726207733e-02
1.151534542441368103e-02
1.116498187184333801e-02
1.125115156173706055e-02
1.144662313163280487e-02
1.141365990042686462e-02
1.130666676908731461e-02
1.139299664646387100e-02
1.120420359075069427e-02
1.172096654772758484e-02
1.156738307327032089e-02
1.138999406248331070e-02
1.160347927361726761e-02
1.240453310310840607e-02
1.195847522467374802e-02
1.247044652700424194e-02
1.236287690699100494e-02
1.207376830279827118e-02
1.258846931159496307e-02
1.276295538991689682e-02
1.254978403449058533e-02
1.211581751704216003e-02
1.199634745717048645e-02
1.223698724061250687e-02
1.260355114936828613e-02
1.221876963973045349e-02
1.264307647943496704e-02
1.294803991913795471e-02
1.222599018365144730e-02
1.246375031769275665e-02
7.705567870289087296e-03
1.243570260703563690e-02
1.325735263526439667e-02
1.218935754150152206e-02
1.243202947080135345e-02
1.219824515283107758e-02
1.135559007525444031e-02
1.116172224283218384e-02
1.230023149400949478e-02
1.301686279475688934e-02
1.211972907185554504e-02
1.189348846673965454e-02
1.231615245342254639e-02
1.180369686335325241e-02
1.150491461157798767e-02
1.224183291196823120e-02
1.228032354265451431e-02
1.227154396474361420e-02
1.299694646149873734e-02
1.215538941323757172e-02
1.256622839719057083e-02
1.209395378828048706e-02
1.241501327604055405e-02
1.269361469894647598e-02
1.284910459071397781e-02
1.238606031984090805e-02
1.253772713243961334e-02
1.258973311632871628e-02
1.109702326357364655e-02
1.253431476652622223e-02
1.248167268931865692e-02
1.258949376642704010e-02
1.215438917279243469e-02
1.180806756019592285e-02
1.235091593116521835e-02
1.253729965537786484e-02
1.243348792195320129e-02
1.247412152588367462e-02
1.278836559504270554e-02
1.215566042810678482e-02
1.271411310881376266e-02
1.238596718758344650e-02
1.250559277832508087e-02
1.263943873345851898e-02
1.234605163335800171e-02
1.259112358093261719e-02
1.240192912518978119e-02
8.108651265501976013e-03
8.547440171241760254e-03
9.088782593607902527e-03
9.376978501677513123e-03
8.488362655043601990e-03
9.420584887266159058e-03
9.548596106469631195e-03
9.381198324263095856e-03
8.608026430010795593e-03
9.434295818209648132e-03
9.569045156240463257e-03
9.535451419651508331e-03
9.518040344119071960e-03
9.621757082641124725e-03
9.532905183732509613e-03
9.594986215233802795e-03
9.409535676240921021e-03
9.727180004119873047e-03
8.275106549263000488e-03
8.765015751123428345e-03
9.714921936392784119e-03
9.242963045835494995e-03
8.625202812254428864e-03
9.720602072775363922e-03
9.713133797049522400e-03
9.434955194592475891e-03
9.287258610129356384e-03
9.207187220454216003e-03
9.454168379306793213e-03
9.490430355072021484e-03
9.252319112420082092e-03
9.109212085604667664e-03
9.208892472088336945e-03
9.463017806410789490e-03
9.226706810295581818e-03
9.343047626316547394e-03
9.946880862116813660e-03
8.916448801755905151e-03
9.646336548030376434e-03
9.712016209959983826e-03
9.325182996690273285e-03
9.250137954950332642e-03
9.282672777771949768e-03
9.296422824263572693e-03
9.516026824712753296e-03
9.937151335179805756e-03
9.458369575440883636e-03
9.356434457004070282e-03
9.080372750759124756e-03
9.975392371416091919e-03
9.250833652913570404e-03
9.546988643705844879e-03
9.797722101211547852e-03
9.260809980332851410e-03
9.208761155605316162e-03
9.777919389307498932e-03
9.533848613500595093e-03
9.426365606486797333e-03
9.563144296407699585e-03
9.601803496479988098e-03
9.808889590203762054e-03
9.558368474245071411e-03
9.494295343756675720e-03
9.095201268792152405e-03
8.825290948152542114e-03
9.062655270099639893e-03
8.806390687823295593e-03
9.050015360116958618e-03
8.704038336873054504e-03
9.040625765919685364e-03
9.099120274186134338e-03
8.873012848198413849e-03
9.310258552432060242e-03
8.774791844189167023e-03
9.080702438950538635e-03
8.325131610035896301e-03
7.703481242060661316e-03
9.011760354042053223e-03
8.611408993601799011e-03
8.968383073806762695e-03
9.150521829724311829e-03
8.978891186416149139e-03
8.979238569736480713e-03
9.024192579090595245e-03
8.752178400754928589e-03
9.012280032038688660e-03
9.002096951007843018e-03
8.787304162979125977e-03
9.235257282853126526e-03
8.951624855399131775e-03
8.777370676398277283e-03
9.141571819782257080e-03
8.591243997216224670e-03
8.930974639952182770e-03
9.094193577766418457e-03
8.850492537021636963e-03
8.974724449217319489e-03
7.022072095423936844e-03
9.096357040107250214e-03
9.016000665724277496e-03
8.751654997467994690e-03
8.673779666423797607e-03
9.046932682394981384e-03
8.757503703236579895e-03
8.788832463324069977e-03
8.756436407566070557e-03
9.252839721739292145e-03
8.607983589172363281e-03
9.172924794256687164e-03
9.204235859215259552e-03
9.070033207535743713e-03
9.069527499377727509e-03
8.823715150356292725e-03
8.202378638088703156e-03
8.848709054291248322e-03
8.655261248350143433e-03
8.818544447422027588e-03
9.059322066605091095e-03
9.004330262541770935e-03
9.021996520459651947e-03
9.025121107697486877e-03
8.963146246969699860e-03
7.391239982098340988e-03
8.621167391538619995e-03
8.532333187758922577e-03
8.944932371377944946e-03
9.001847356557846069e-03
9.056629613041877747e-03
