<system>Protocol: Active. Attitude: Sassy.</system>
9.617341682314872742e-03
1.139067206531763077e-02
1.204927917569875717e-02
1.023905817419290543e-02
1.441543735563755035e-02
1.133775897324085236e-02
1.454699318856000900e-02
1.343940943479537964e-02
1.710903272032737732e-02
1.289082597941160202e-02
1.820659637451171875e-02
1.590009219944477081e-02
2.072660997509956360e-02
1.986935175955295563e-02
1.905675604939460754e-02
1.599159091711044312e-02
1.948725804686546326e-02
1.921125128865242004e-02
2.180791646242141724e-02
1.528172194957733154e-02
2.296671643853187561e-02
1.992866955697536469e-02
1.978473551571369171e-02
2.134256437420845032e-02
1.111207809299230576e-02
2.314268052577972412e-02
2.099102549254894257e-02
2.322616055607795715e-02
1.822084374725818634e-02
2.164759859442710876e-02
1.952121779322624207e-02
2.070382237434387207e-02
9.828598238527774811e-03
1.154557894915342331e-02
1.164581160992383957e-02
9.611470624804496765e-03
1.426215097308158875e-02
1.129072438925504684e-02
1.335776597261428833e-02
1.162117719650268555e-02
1.790750399231910706e-02
1.384051889181137085e-02
1.639661379158496857e-02
1.931308209896087646e-02
1.496870070695877075e-02
1.930853910744190216e-02
1.936206966638565063e-02
2.041815593838691711e-02
2.192201092839241028e-02
1.865412853658199310e-02
1.900268904864788055e-02
2.438488043844699860e-02
2.123716101050376892e-02
1.933691650629043579e-02
2.409587427973747253e-02
2.382386662065982819e-02
2.409464120864868164e-02
2.152183279395103455e-02
2.165978215634822845e-02
2.110737189650535583e-02
1.897113770246505737e-02
2.357464842498302460e-02
2.270935475826263428e-02
1.877269893884658813e-02
1.824257895350456238e-02
1.682779379189014435e-02
1.705089583992958069e-02
1.476021856069564819e-02
1.897263713181018829e-02
1.469948329031467438e-02
1.890565827488899231e-02
1.719491556286811829e-02
2.311540395021438599e-02
1.455334480851888657e-02
2.150722220540046692e-02
2.261700481176376343e-02
2.446956187486648560e-02
2.406720817089080811e-02
2.192381396889686584e-02
1.879241876304149628e-02
2.364195510745048523e-02
2.433986403048038483e-02
2.575502172112464905e-02
1.454974059015512466e-02
2.405894175171852112e-02
2.443755418062210083e-02
2.289626561105251312e-02
2.155832946300506592e-02
8.898788131773471832e-03
2.596844173967838287e-02
2.422622777521610260e-02
2.486031502485275269e-02
2.186689525842666626e-02
2.428890764713287354e-02
2.599184215068817139e-02
2.181786298751831055e-02
1.526444405317306519e-02
1.743287965655326843e-02
1.663470268249511719e-02
1.381848379969596863e-02
2.089216187596321106e-02
1.512593310326337814e-02
1.594312489032745361e-02
1.331402920186519623e-02
2.317331358790397644e-02
2.033721283078193665e-02
1.549941767007112503e-02
2.793133631348609924e-02
1.360135991126298904e-02
2.561648935079574585e-02
2.233812399208545685e-02
2.514889463782310486e-02
2.576420456171035767e-02
2.598182484507560730e-02
2.466870471835136414e-02
3.013923577964305878e-02
2.339749410748481750e-02
2.376601099967956543e-02
2.406790852546691895e-02
2.178779803216457367e-02
2.080151066184043884e-02
2.231652662158012390e-02
2.313794195652008057e-02
2.203870564699172974e-02
2.264573797583580017e-02
2.387069165706634521e-02
2.223407849669456482e-02
2.573813498020172119e-02
1.095008105039596558e-02
1.472690887749195099e-02
1.566667109727859497e-02
1.406254991888999939e-02
1.792376488447189331e-02
1.679639704525470734e-02
1.950738579034805298e-02
1.586418040096759796e-02
1.990921795368194580e-02
1.462879031896591187e-02
2.143220603466033936e-02
1.889048889279365540e-02
2.381922677159309387e-02
2.421950735151767731e-02
1.953753083944320679e-02
1.706159114837646484e-02
2.259264886379241943e-02
2.072007209062576294e-02
2.316876873373985291e-02
1.458893809467554092e-02
2.697462216019630432e-02
2.253364771604537964e-02
2.225697226822376251e-02
2.205496467649936676e-02
1.089949533343315125e-02
2.363149821758270264e-02
2.364888042211532593e-02
2.425334230065345764e-02
2.054596692323684692e-02
2.350978180766105652e-02
2.528190240263938904e-02
2.303016372025012970e-02
1.503210514783859253e-02
1.452276017516851425e-02
1.602391898632049561e-02
1.212963834404945374e-02
1.783277280628681183e-02
1.699491217732429504e-02
1.581414602696895599e-02
1.272697187960147858e-02
2.045151777565479279e-02
1.894179359078407288e-02
1.527619548141956329e-02
2.473287470638751984e-02
1.512688118964433670e-02
2.165107056498527527e-02
2.256561443209648132e-02
2.421840652823448181e-02
2.219268307089805603e-02
2.301185950636863708e-02
2.253740467131137848e-02
2.951385453343391418e-02
2.391690760850906372e-02
2.178585156798362732e-02
2.389463037252426147e-02
2.190155349671840668e-02
2.392918244004249573e-02
2.258566766977310181e-02
2.261633425951004028e-02
2.224818803369998932e-02
2.332878857851028442e-02
2.177654393017292023e-02
2.104334719479084015e-02
2.186932042241096497e-02
1.528464443981647491e-02
1.732895709574222565e-02
2.241133339703083038e-02
2.037781476974487305e-02
2.254968136548995972e-02
1.815102063119411469e-02
1.972302794456481934e-02
1.843513175845146179e-02
1.842406764626502991e-02
1.201198156923055649e-02
1.782216504216194153e-02
1.566854491829872131e-02
2.074006758630275726e-02
1.684124395251274109e-02
1.649730280041694641e-02
1.267356052994728088e-02
1.690521091222763062e-02
1.684381999075412750e-02
1.808434352278709412e-02
1.060872897505760193e-02
1.593350432813167572e-02
1.820224151015281677e-02
1.812703534960746765e-02
1.771565899252891541e-02
8.097546175122261047e-03
1.689812541007995605e-02
1.663023233413696289e-02
1.706881076097488403e-02
1.575830020010471344e-02
1.670559681951999664e-02
1.848870329558849335e-02
1.676265522837638855e-02
2.452440559864044189e-02
1.831650175154209137e-02
1.887585595250129700e-02
1.328252442181110382e-02
1.814668625593185425e-02
1.498351059854030609e-02
1.476116478443145752e-02
1.172529533505439758e-02
1.897612586617469788e-02
1.865870319306850433e-02
1.343523804098367691e-02
2.024668827652931213e-02
1.067427545785903931e-02
1.847617328166961670e-02
1.755373179912567139e-02
1.915429905056953430e-02
1.771028339862823486e-02
1.767979562282562256e-02
1.743103563785552979e-02
2.233849838376045227e-02
1.797108352184295654e-02
1.635893806815147400e-02
1.838884130120277405e-02
1.714096218347549438e-02
2.060542069375514984e-02
1.697685010731220245e-02
1.795443706214427948e-02
1.736233755946159363e-02
1.669952645897865295e-02
1.707232929766178131e-02
1.732563972473144531e-02
1.714578457176685333e-02
1.440937910228967667e-02
1.768827810883522034e-02
1.736249402165412903e-02
1.562983542680740356e-02
2.024182677268981934e-02
1.640706323087215424e-02
2.020327374339103699e-02
1.808918081223964691e-02
2.076569944620132446e-02
1.279146969318389893e-02
2.128530107438564301e-02
1.921448670327663422e-02
2.259694412350654602e-02
2.020260877907276154e-02
2.049423381686210632e-02
1.574338227510452271e-02
1.972823031246662140e-02
2.039751224219799042e-02
2.209905534982681274e-02
1.291754469275474548e-02
2.320311218500137329e-02
2.131509780883789062e-02
1.984916999936103821e-02
2.235968038439750671e-02
8.422020822763442993e-03
2.108470536768436432e-02
2.158335223793983459e-02
2.167814224958419800e-02
1.900325715541839600e-02
2.166929468512535095e-02
2.340413257479667664e-02
2.123720198869705200e-02
1.768621057271957397e-02
1.675012335181236267e-02
1.734304800629615784e-02
1.257259957492351532e-02
1.869520545005798340e-02
1.605817489326000214e-02
1.557847671210765839e-02
1.270031929016113281e-02
2.108649723231792450e-02
1.960759796202182770e-02
1.432405784726142883e-02
2.130951732397079468e-02
1.355146430432796478e-02
2.040118351578712463e-02
2.084528282284736633e-02
2.427998557686805725e-02
2.161258459091186523e-02
2.145185880362987518e-02
2.256805635988712311e-02
2.700799703598022461e-02
2.066107839345932007e-02
2.100914344191551208e-02
2.265181578695774078e-02
2.130933664739131927e-02
2.080928161740303040e-02
2.102195471525192261e-02
2.062525041401386261e-02
2.229350991547107697e-02
1.989809237420558929e-02
2.082775905728340149e-02
2.197797037661075592e-02
1.930487342178821564e-02
1.475780922919511795e-02
1.852248050272464752e-02
1.798142865300178528e-02
1.750644296407699585e-02
2.098152786493301392e-02
1.825640164315700531e-02
2.159418165683746338e-02
2.294965460896492004e-02
2.493452280759811401e-02
1.482475455850362778e-02
2.573714964091777802e-02
2.182749658823013306e-02
2.651102468371391296e-02
2.408377826213836670e-02
2.227181568741798401e-02
2.044015377759933472e-02
2.455576136708259583e-02
2.330547384917736053e-02
2.568717114627361298e-02
1.389829535037279129e-02
2.265685424208641052e-02
2.417089417576789856e-02
2.305011078715324402e-02
2.423623949289321899e-02
8.489489555358886719e-03
2.400946617126464844e-02
2.200121805071830750e-02
2.513958886265754700e-02
2.227592095732688904e-02
2.352852188050746918e-02
2.450549975037574768e-02
2.193422615528106689e-02
1.597208529710769653e-02
1.796077936887741089e-02
1.804676093161106110e-02
1.511332206428050995e-02
1.965058781206607819e-02
1.723720133304595947e-02
1.614929735660552979e-02
1.487731933593750000e-02
2.435262128710746765e-02
2.249005064368247986e-02
1.567303016781806946e-02
2.597652375698089600e-02
1.284162979573011398e-02
2.261834032833576202e-02
2.495945617556571960e-02
2.730777673423290253e-02
2.635005861520767212e-02
2.653540112078189850e-02
2.423763088881969452e-02
2.929311990737915039e-02
2.481445670127868652e-02
2.439025230705738068e-02
2.455426007509231567e-02
2.203714475035667419e-02
2.064746618270874023e-02
2.169572561979293823e-02
2.402640692889690399e-02
2.500193007290363312e-02
2.207281813025474548e-02
2.260031178593635559e-02
2.386417984962463379e-02
2.272221818566322327e-02
1.283799856901168823e-02
1.528042275458574295e-02
1.749390549957752228e-02
1.495209522545337677e-02
1.864104717969894409e-02
1.553067471832036972e-02
1.825756952166557312e-02
1.699075847864151001e-02
2.156167849898338318e-02
1.441547833383083344e-02
2.107585594058036804e-02
1.779824122786521912e-02
2.384384348988533020e-02
2.067954838275909424e-02
2.162379026412963867e-02
1.761287264525890350e-02
2.235430851578712463e-02
2.364243008196353912e-02
2.389500662684440613e-02
1.586822047829627991e-02
2.441820129752159119e-02
2.212999574840068817e-02
2.209124527871608734e-02
2.286351472139358521e-02
1.012912765145301819e-02
2.204360626637935638e-02
2.287910319864749908e-02
2.116381376981735229e-02
2.185858413577079773e-02
2.381902560591697693e-02
2.168691717088222504e-02
2.217349782586097717e-02
1.558319758623838425e-02
1.555845141410827637e-02
1.580771431326866150e-02
1.283253543078899384e-02
1.896928623318672180e-02
1.404283102601766586e-02
1.580297201871871948e-02
1.353388093411922455e-02
2.132521197199821472e-02
2.007216960191726685e-02
1.570903882384300232e-02
2.157627791166305542e-02
1.372255943715572357e-02
2.014840394258499146e-02
2.002963051199913025e-02
2.512715011835098267e-02
2.365019358694553375e-02
2.184867858886718750e-02
2.133557200431823730e-02
2.746435999870300293e-02
2.240280061960220337e-02
2.206300944089889526e-02
2.245516330003738403e-02
2.164154127240180969e-02
2.195214480161666870e-02
2.149686962366104126e-02
2.225897461175918579e-02
2.119445800781250000e-02
2.135102823376655579e-02
2.156972885131835938e-02
2.227405086159706116e-02
2.169414982199668884e-02
1.457647979259490967e-02
1.509020011872053146e-02
1.604786142706871033e-02
1.445656735450029373e-02
1.900653913617134094e-02
1.455955859273672104e-02
1.858786866068840027e-02
1.751969568431377411e-02
2.325924113392829895e-02
1.520297396928071976e-02
2.264591678977012634e-02
2.262802422046661377e-02
2.577933296561241150e-02
2.522660791873931885e-02
2.585081011056900024e-02
1.825096458196640015e-02
2.436027303338050842e-02
2.428589574992656708e-02
2.669637463986873627e-02
1.525736786425113678e-02
2.495799213647842407e-02
2.693203836679458618e-02
2.669055759906768799e-02
2.627590671181678772e-02
1.013659127056598663e-02
2.438914775848388672e-02
2.524084411561489105e-02
2.520873025059700012e-02
2.468917705118656158e-02
2.343041077256202698e-02
2.372937276959419250e-02
2.400232851505279541e-02
1.322731655091047287e-02
1.547804940491914749e-02
1.554384548217058182e-02
1.370297092944383621e-02
1.971437036991119385e-02
1.565435901284217834e-02
1.612316258251667023e-02
1.548613328486680984e-02
2.313328720629215240e-02
2.109447866678237915e-02
1.642343774437904358e-02
2.638483047485351562e-02
1.482360903173685074e-02
2.401743270456790924e-02
2.547357790172100067e-02
2.714634314179420471e-02
2.728356234729290009e-02
2.583398669958114624e-02
2.470597811043262482e-02
2.946277335286140442e-02
2.589161135256290436e-02
2.583008259534835815e-02
2.686199173331260681e-02
2.544194832444190979e-02
2.089780569076538086e-02
2.480428293347358704e-02
2.486355230212211609e-02
2.516417205333709717e-02
2.703932300209999084e-02
2.488513849675655365e-02
2.357831224799156189e-02
2.747675031423568726e-02
9.383417665958404541e-03
9.003872051835060120e-03
1.519777067005634308e-02
7.135767489671707153e-03
8.032942190766334534e-03
8.029019460082054138e-03
7.071159780025482178e-03
8.413954637944698334e-03
7.511695846915245056e-03
1.479257456958293915e-02
9.703619405627250671e-03
1.108860783278942108e-02
9.353822097182273865e-03
1.079623959958553314e-02
1.314447633922100067e-02
1.149189937859773636e-02
1.291392091661691666e-02
1.176836341619491577e-02
1.507702376693487167e-02
1.246906258165836334e-02
1.634930819272994995e-02
1.810084655880928040e-02
2.249350771307945251e-02
2.383271418511867523e-02
1.630397513508796692e-02
2.153049409389495850e-02
2.382789738476276398e-02
1.995255798101425171e-02
2.219649776816368103e-02
2.654594928026199341e-02
2.608039788901805878e-02
2.584827132523059845e-02
1.189191266894340515e-02
8.258704096078872681e-03
1.457184739410877228e-02
7.904436439275741577e-03
8.183270692825317383e-03
8.270279504358768463e-03
6.658186204731464386e-03
1.071709115058183670e-02
5.930268205702304840e-03
1.240254938602447510e-02
8.481564000248908997e-03
1.403766497969627380e-02
9.827176108956336975e-03
9.306527674198150635e-03
1.419979333877563477e-02
1.312636677175760269e-02
1.300111040472984314e-02
1.342348568141460419e-02
1.612536609172821045e-02
1.413430366665124893e-02
1.299101673066616058e-02
1.685556396842002869e-02
2.014059573411941528e-02
2.233306132256984711e-02
1.016974076628684998e-02
2.055378258228302002e-02
2.193404547870159149e-02
2.190755866467952728e-02
2.310566790401935577e-02
2.856633812189102173e-02
2.210906334221363068e-02
2.106470242142677307e-02
2.275140583515167236e-02
2.412048727273941040e-02
1.832035183906555176e-02
2.572121471166610718e-02
2.447445876896381378e-02
1.995921880006790161e-02
2.573692426085472107e-02
2.526673302054405212e-02
2.542558684945106506e-02
2.371879294514656067e-02
2.660185471177101135e-02
1.527229323983192444e-02
2.305831760168075562e-02
2.587677165865898132e-02
1.410760078579187393e-02
2.207004651427268982e-02
2.456420846283435822e-02
1.380715332925319672e-02
2.344878762960433960e-02
8.849702775478363037e-03
2.817830815911293030e-02
2.551955357193946838e-02
2.300731465220451355e-02
1.850711181759834290e-02
1.994624361395835876e-02
1.647588610649108887e-02
1.710911840200424194e-02
1.524244807660579681e-02
2.031002566218376160e-02
1.630468666553497314e-02
1.988199539482593536e-02
1.920377090573310852e-02
1.609572209417819977e-02
2.109565027058124542e-02
1.652618497610092163e-02
2.249527722597122192e-02
1.957842335104942322e-02
2.505437470972537994e-02
2.479649521410465240e-02
1.673889905214309692e-02
2.769261971116065979e-02
1.490536332130432129e-02
2.325470000505447388e-02
2.134181559085845947e-02
2.790648490190505981e-02
1.788498088717460632e-02
2.329318225383758545e-02
3.094429522752761841e-02
2.352273464202880859e-02
2.307750098407268524e-02
2.570644766092300415e-02
2.021188102662563324e-02
2.225880138576030731e-02
2.006216533482074738e-02
1.835153624415397644e-02
1.744954101741313934e-02
7.638549432158470154e-03
1.426493190228939056e-02
1.706245541572570801e-02
1.495316624641418457e-02
1.709666661918163300e-02
1.699378900229930878e-02
2.315419912338256836e-02
1.958171091973781586e-02
5.350335966795682907e-03
5.704601295292377472e-03
7.104135584086179733e-03
5.829725414514541626e-03
5.907148122787475586e-03
8.518934249877929688e-03
7.168924435973167419e-03
8.107206784188747406e-03
8.766917511820793152e-03
1.487287692725658417e-02
9.881205856800079346e-03
1.059358939528465271e-02
9.834932163357734680e-03
1.112716272473335266e-02
1.232418976724147797e-02
1.165199838578701019e-02
1.409940049052238464e-02
1.209711097180843353e-02
1.589552499353885651e-02
1.207582745701074600e-02
1.765658333897590637e-02
1.904688403010368347e-02
2.506449632346630096e-02
2.467553317546844482e-02
1.631314866244792938e-02
2.328989654779434204e-02
2.487426996231079102e-02
2.149827778339385986e-02
2.311524748802185059e-02
2.770519815385341644e-02
2.777155116200447083e-02
2.706101909279823303e-02
5.813496187329292297e-03
5.513743497431278229e-03
7.246852852404117584e-03
6.022918969392776489e-03
7.567300926893949509e-03
7.733900099992752075e-03
6.938311271369457245e-03
1.074997428804636002e-02
6.441446021199226379e-03
1.202539075165987015e-02
8.629782125353813171e-03
1.367136463522911072e-02
1.036365050822496414e-02
9.590369649231433868e-03
1.348072290420532227e-02
1.297425106167793274e-02
1.401855703443288803e-02
1.381134800612926483e-02
1.672150008380413055e-02
1.395745761692523956e-02
1.375340297818183899e-02
1.778301037847995758e-02
2.133247442543506622e-02
2.360685542225837708e-02
1.043435931205749512e-02
2.151803299784660339e-02
2.291344851255416870e-02
2.330252155661582947e-02
2.420046553015708923e-02
2.357677184045314789e-02
2.750118076801300049e-02
2.748542279005050659e-02
1.847359910607337952e-02
1.999153010547161102e-02
1.981436274945735931e-02
2.176790870726108551e-02
2.165436744689941406e-02
1.528638228774070740e-02
1.900099962949752808e-02
2.117575518786907196e-02
1.675246097147464752e-02
2.148013561964035034e-02
1.759373396635055542e-02
1.356886327266693115e-02
1.591004431247711182e-02
2.326444163918495178e-02
1.291017141193151474e-02
1.930132508277893066e-02
2.342301979660987854e-02
1.420184690505266190e-02
2.250556275248527527e-02
1.173353847116231918e-02
2.791250497102737427e-02
2.580049633979797363e-02
2.615402825176715851e-02
2.338365092873573303e-02
2.138300426304340363e-02
2.514886483550071716e-02
2.322379499673843384e-02
2.230460569262504578e-02
2.378050610423088074e-02
2.790353447198867798e-02
2.939725108444690704e-02
2.571550756692886353e-02
1.749200187623500824e-02
1.897952705621719360e-02
1.589564979076385498e-02
2.032706514000892639e-02
2.022361010313034058e-02
1.882580853998661041e-02
1.691289991140365601e-02
1.531311403959989548e-02
1.582586020231246948e-02
1.349692232906818390e-02
1.837502606213092804e-02
1.876078359782695770e-02
1.829941198229789734e-02
2.116580307483673096e-02
1.674334332346916199e-02
2.041055262088775635e-02
2.017883583903312683e-02
1.762639358639717102e-02
2.253278344869613647e-02
2.230652421712875366e-02
2.542922087013721466e-02
2.193074859678745270e-02
2.129692584276199341e-02
2.236938290297985077e-02
9.992362931370735168e-03
2.059631422162055969e-02
2.144308760762214661e-02
2.322023920714855194e-02
2.339535206556320190e-02
1.787633821368217468e-02
2.006073109805583954e-02
1.976927742362022400e-02
1.008327677845954895e-02
9.546451270580291748e-03
1.195521280169487000e-02
6.412996444851160049e-03
6.673833820968866348e-03
1.362295448780059814e-02
8.084008470177650452e-03
9.101783856749534607e-03
8.933987468481063843e-03
1.404577866196632385e-02
1.086286269128322601e-02
1.097078993916511536e-02
1.141200959682464600e-02
1.135750301182270050e-02
1.367424242198467255e-02
1.405840367078781128e-02
1.483406685292720795e-02
1.306159049272537231e-02
1.582531258463859558e-02
1.318198256194591522e-02
1.953304186463356018e-02
2.331930398941040039e-02
2.595641091465950012e-02
2.461657673120498657e-02
1.904462091624736786e-02
2.435703575611114502e-02
2.637447416782379150e-02
2.333204261958599091e-02
2.626657113432884216e-02
2.876079641282558441e-02
2.857091091573238373e-02
2.750299312174320221e-02
1.130904816091060638e-02
8.138667792081832886e-03
1.405217964202165604e-02
9.457157924771308899e-03
8.569906465709209442e-03
1.122486591339111328e-02
8.091615512967109680e-03
1.210117712616920471e-02
7.337640039622783661e-03
1.238849014043807983e-02
1.071032695472240448e-02
1.475705020129680634e-02
1.157084479928016663e-02
9.533730335533618927e-03
1.555219106376171112e-02
1.555288676172494888e-02
1.463072374463081360e-02
1.542995031923055649e-02
1.837030984461307526e-02
1.569635048508644104e-02
1.838429458439350128e-02
2.131897956132888794e-02
2.172630839049816132e-02
2.483870834112167358e-02
1.101442612707614899e-02
2.272685058414936066e-02
2.601692453026771545e-02
2.494378760457038879e-02
2.443674020469188690e-02
2.386310696601867676e-02
2.869110926985740662e-02
2.149235829710960388e-02
8.424744009971618652e-03
7.869823835790157318e-03
1.672236248850822449e-02
8.778691291809082031e-03
8.845603093504905701e-03
1.062477659434080124e-02
7.985521107912063599e-03
8.804973214864730835e-03
8.389487862586975098e-03
1.481155119836330414e-02
9.429143741726875305e-03
1.108140405267477036e-02
9.886831976473331451e-03
1.128617487847805023e-02
1.291469112038612366e-02
1.197656989097595215e-02
1.331698056310415268e-02
1.192157156765460968e-02
1.545486412942409515e-02
1.207410544157028198e-02
1.708250865340232849e-02
1.921080052852630615e-02
2.428407594561576843e-02
2.436444535851478577e-02
1.609151251614093781e-02
2.335866540670394897e-02
2.515406906604766846e-02
2.084867469966411591e-02
2.251487411558628082e-02
2.791721001267433167e-02
2.801468037068843842e-02
2.715748548507690430e-02
1.191546209156513214e-02
8.260150440037250519e-03
1.525419577956199646e-02
7.471812888979911804e-03
9.762354195117950439e-03
9.599274024367332458e-03
7.115648593753576279e-03
1.082079764455556870e-02
6.125995889306068420e-03
1.284479722380638123e-02
8.678666315972805023e-03
1.418400090187788010e-02
1.013625226914882660e-02
9.473960846662521362e-03
1.389861758798360825e-02
1.311247888952493668e-02
1.392767578363418579e-02
1.348771620541810989e-02
1.689225807785987854e-02
1.419102586805820465e-02
1.347762718796730042e-02
1.854616031050682068e-02
2.037117816507816315e-02
2.403402328491210938e-02
1.005769334733486176e-02
2.123329788446426392e-02
2.281211316585540771e-02
2.276258543133735657e-02
2.409297786653041840e-02
2.137013152241706848e-02
2.713421173393726349e-02
3.067864663898944855e-02
1.875964179635047913e-02
2.118312940001487732e-02
1.841137558221817017e-02
2.550896815955638885e-02
2.286379598081111908e-02
1.588043384253978729e-02
2.434157766401767731e-02
2.383489534258842468e-02
2.319179847836494446e-02
2.362207509577274323e-02
2.182148769497871399e-02
1.373183354735374451e-02
2.373453229665756226e-02
1.890365034341812134e-02
1.242543011903762817e-02
1.926181837916374207e-02
2.209674380719661713e-02
1.276530604809522629e-02
2.281795442104339600e-02
1.151424366980791092e-02
2.857702597975730896e-02
2.667240612208843231e-02
2.322276122868061066e-02
1.951974257826805115e-02
2.152768895030021667e-02
2.011231333017349243e-02
1.887687668204307556e-02
1.980851404368877411e-02
2.266460284590721130e-02
2.333293110132217407e-02
2.122182026505470276e-02
2.302160300314426422e-02
1.828193478286266327e-02
1.835928298532962799e-02
1.469920761883258820e-02
2.250816673040390015e-02
2.093758806586265564e-02
2.184054814279079437e-02
2.198844030499458313e-02
1.760800369083881378e-02
2.414258010685443878e-02
1.254031993448734283e-02
2.071486413478851318e-02
2.115395665168762207e-02
2.586507983505725861e-02
1.555684022605419159e-02
2.117214351892471313e-02
2.387171797454357147e-02
2.013489045202732086e-02
1.943725347518920898e-02
2.198796719312667847e-02
2.231768518686294556e-02
2.136436663568019867e-02
1.873593777418136597e-02
1.906431093811988831e-02
1.991250924766063690e-02
9.235356003046035767e-03
1.704840175807476044e-02
1.878182217478752136e-02
1.926321163773536682e-02
2.030323632061481476e-02
1.525805331766605377e-02
2.004136890172958374e-02
1.787616126239299774e-02
1.718606054782867432e-02
1.885773986577987671e-02
1.498278602957725525e-02
2.497219666838645935e-02
2.100811526179313660e-02
1.617280580103397369e-02
2.387316152453422546e-02
2.429355494678020477e-02
2.558742836117744446e-02
2.117181196808815002e-02
2.456230670213699341e-02
1.289518363773822784e-02
2.432049065828323364e-02
2.534449845552444458e-02
1.191878505051136017e-02
2.098929509520530701e-02
2.634891867637634277e-02
1.313319429755210876e-02
2.383319661021232605e-02
8.971527218818664551e-03
2.862654067575931549e-02
2.648855000734329224e-02
2.281494252383708954e-02
1.898238062858581543e-02
2.245265990495681763e-02
1.937448233366012573e-02
1.906448416411876678e-02
1.976712048053741455e-02
2.347919717431068420e-02
2.460299804806709290e-02
2.170289680361747742e-02
2.048783004283905029e-02
1.619183644652366638e-02
1.864674314856529236e-02
1.200764067471027374e-02
2.490116655826568604e-02
2.092036232352256775e-02
2.100703865289688110e-02
2.619102597236633301e-02
1.666091941297054291e-02
2.852483838796615601e-02
1.116668991744518280e-02
2.438973262906074524e-02
1.971529424190521240e-02
2.773828059434890747e-02
1.688872650265693665e-02
2.131535112857818604e-02
2.668957039713859558e-02
2.111972495913505554e-02
2.116386592388153076e-02
2.611538395285606384e-02
2.297320030629634857e-02
2.230518683791160583e-02
2.079237997531890869e-02
1.926460675895214081e-02
2.049230411648750305e-02
8.782668970525264740e-03
1.757671497762203217e-02
1.951568387448787689e-02
1.879458501935005188e-02
1.951005309820175171e-02
1.424037106335163116e-02
2.531549334526062012e-02
1.831454969942569733e-02
2.192170592024922371e-03
2.850754652172327042e-03
2.774113323539495468e-03
3.983804956078529358e-03
3.716206876561045647e-03
4.072717856615781784e-03
4.307576920837163925e-03
3.915371373295783997e-03
5.116710439324378967e-03
6.170890294015407562e-03
5.811979062855243683e-03
7.587908301502466202e-03
1.111044734716415405e-02
8.432440459728240967e-03
1.132026314735412598e-02
9.954785928130149841e-03
9.177383035421371460e-03
1.099015772342681885e-02
1.107259467244148254e-02
1.389165967702865601e-02
1.600030623376369476e-02
1.885773986577987671e-02
1.943924278020858765e-02
1.033707521855831146e-02
2.561744302511215210e-02
2.837218716740608215e-02
2.658128924667835236e-02
2.558088302612304688e-02
2.533897385001182556e-02
2.423852495849132538e-02
2.427882514894008636e-02
2.721219323575496674e-02
2.162032295018434525e-03
2.963192760944366455e-03
2.934370422735810280e-03
3.747242037206888199e-03
3.498299047350883484e-03
4.480960313230752945e-03
4.248053301125764847e-03
5.432120524346828461e-03
5.270507186651229858e-03
4.731928929686546326e-03
6.019681692123413086e-03
6.511799525469541550e-03
1.114102080464363098e-02
7.281076163053512573e-03
1.049065403640270233e-02
1.116391457617282867e-02
8.909094147384166718e-03
1.163731701672077179e-02
1.202030479907989502e-02
1.224476285278797150e-02
1.680213212966918945e-02
1.712644100189208984e-02
2.377527765929698944e-02
1.697622612118721008e-02
2.630600705742835999e-02
2.609252184629440308e-02
2.792020514607429504e-02
2.487975545227527618e-02
2.465544454753398895e-02
2.010237053036689758e-02
2.444107085466384888e-02
3.356972336769104004e-02
2.549546398222446442e-02
2.740280702710151672e-02
2.834518998861312866e-02
2.632045373320579529e-02
2.176823467016220093e-02
3.282151371240615845e-02
2.385511994361877441e-02
3.260626643896102905e-02
2.548100426793098450e-02
1.615761779248714447e-02
2.241111546754837036e-02
2.272592857480049133e-02
1.301532052457332611e-02
2.204835787415504456e-02
1.769498735666275024e-02
1.262423582375049591e-02
1.948745176196098328e-02
1.747716590762138367e-02
2.021861821413040161e-02
2.701568417251110077e-02
1.731741428375244141e-02
1.937643438577651978e-02
1.523225009441375732e-02
6.704997271299362183e-03
1.758688502013683319e-02
1.726460084319114685e-02
1.682168990373611450e-02
1.534157339483499527e-02
1.458157133311033249e-02
1.505387760698795319e-02
1.467946730554103851e-02
1.536727882921695709e-02
2.454348094761371613e-02
2.692079171538352966e-02
2.754917368292808533e-02
3.699421137571334839e-02
2.981251478195190430e-02
1.866780966520309448e-02
2.358318492770195007e-02
1.582562923431396484e-02
2.105617150664329529e-02
2.185958251357078552e-02
2.308980375528335571e-02
2.174578979611396790e-02
2.928503230214118958e-02
2.138227410614490509e-02
1.862349733710289001e-02
2.781949192285537720e-02
2.173994109034538269e-02
2.085143700242042542e-02
2.019359171390533447e-02
1.048689987510442734e-02
1.908148452639579773e-02
1.738856919109821320e-02
2.140599489212036133e-02
2.913112379610538483e-02
1.729175820946693420e-02
1.707569137215614319e-02
1.678709499537944794e-02
1.410180144011974335e-02
1.419789995998144150e-02
1.534974947571754456e-02
1.450489833950996399e-02
1.005131751298904419e-02
1.134065818041563034e-02
1.300891861319541931e-02
1.365267671644687653e-02
1.816759444773197174e-02
1.452511828392744064e-02
2.055335976183414459e-02
2.414687350392341614e-02
1.996655762195587158e-02
2.186816930770874023e-02
1.652929186820983887e-02
1.978969760239124298e-02
2.386186644434928894e-02
1.426752749830484390e-02
2.425612881779670715e-02
2.127235941588878632e-02
1.387877203524112701e-02
2.240254357457160950e-02
2.328076213598251343e-02
2.740333415567874908e-02
2.987337112426757812e-02
2.071050368249416351e-02
2.321732789278030396e-02
1.672263070940971375e-02
7.681552320718765259e-03
1.969309151172637939e-02
1.996290124952793121e-02
2.132775261998176575e-02
1.823430135846138000e-02
1.730277016758918762e-02
1.690037176012992859e-02
1.740999519824981689e-02
2.000269666314125061e-02
1.461624819785356522e-02
1.592663303017616272e-02
1.735110953450202942e-02
2.056903764605522156e-02
1.824734359979629517e-02
1.538463216274976730e-02
2.169249393045902252e-02
1.363357715308666229e-02
2.044772729277610779e-02
1.997568458318710327e-02
2.248637378215789795e-02
2.280576154589653015e-02
2.729122526943683624e-02
2.278152853250503540e-02
2.073695883154869080e-02
2.843460813164710999e-02
2.212742157280445099e-02
2.262045815587043762e-02
2.423222362995147705e-02
1.306367293000221252e-02
2.300380170345306396e-02
1.930910535156726837e-02
2.483002096414566040e-02
2.761679515242576599e-02
1.959058642387390137e-02
1.883376576006412506e-02
1.864779368042945862e-02
1.711069792509078979e-02
1.676636189222335815e-02
1.785299926996231079e-02
1.813783869147300720e-02
9.949469938874244690e-03
8.888208307325839996e-03
1.138314977288246155e-02
1.196685619652271271e-02
1.651380956172943115e-02
1.280911825597286224e-02
1.637399196624755859e-02
2.180064842104911804e-02
1.679699495434761047e-02
2.217840403318405151e-02
1.633873581886291504e-02
2.213785797357559204e-02
2.465767785906791687e-02
1.749682798981666565e-02
2.699269540607929230e-02
2.540771476924419403e-02
1.743581146001815796e-02
2.882571518421173096e-02
2.678403630852699280e-02
2.780723012983798981e-02
3.050530329346656799e-02
2.617007493972778320e-02
2.698037400841712952e-02
1.884164288640022278e-02
9.832981973886489868e-03
2.098099514842033386e-02
2.111570537090301514e-02
2.124962210655212402e-02
1.902203075587749481e-02
1.973237283527851105e-02
2.025474049150943756e-02
1.841949112713336945e-02
2.138013392686843872e-02
1.006320491433143616e-02
1.261687278747558594e-02
1.226476393640041351e-02
1.544062979519367218e-02
1.446123793721199036e-02
1.630456000566482544e-02
2.083757147192955017e-02
1.334973052144050598e-02
2.013638429343700409e-02
1.890510134398937225e-02
2.390637621283531189e-02
2.080749534070491791e-02
2.746414951980113983e-02
2.589170262217521667e-02
1.889384910464286804e-02
3.199605643749237061e-02
2.847458794713020325e-02
2.748461812734603882e-02
2.741056121885776520e-02
1.598432846367359161e-02
2.672903984785079956e-02
2.314432896673679352e-02
2.771873772144317627e-02
3.559312224388122559e-02
2.303981035947799683e-02
2.142260223627090454e-02
2.060798183083534241e-02
1.917342841625213623e-02
1.956427097320556641e-02
2.060725912451744080e-02
2.183932438492774963e-02
1.186427287757396698e-02
1.129220239818096161e-02
1.384370774030685425e-02
1.429829094558954239e-02
1.822494715452194214e-02
1.557466201484203339e-02
2.214683592319488525e-02
2.264726534485816956e-02
2.268068119883537292e-02
2.305105328559875488e-02
1.612849533557891846e-02
2.039995789527893066e-02
2.304254658520221710e-02
1.259838789701461792e-02
2.204413153231143951e-02
1.804533228278160095e-02
1.166040729731321335e-02
1.930934749543666840e-02
1.809118129312992096e-02
2.127348259091377258e-02
2.839831262826919556e-02
1.720906235277652740e-02
2.247904613614082336e-02
1.631325297057628632e-02
7.474675308912992477e-03
1.951054483652114868e-02
1.865649223327636719e-02
1.859928667545318604e-02
1.763912662863731384e-02
1.634083501994609833e-02
1.728489622473716736e-02
1.700896583497524261e-02
1.870621368288993835e-02
1.455946639180183411e-02
1.717408373951911926e-02
1.766301505267620087e-02
2.285113371908664703e-02
1.875694096088409424e-02
1.569008082151412964e-02
2.010883949697017670e-02
1.330771110951900482e-02
2.033381164073944092e-02
2.209866419434547424e-02
2.084005251526832581e-02
2.057799324393272400e-02
2.362380176782608032e-02
2.083976939320564270e-02
1.942032203078269958e-02
2.634258382022380829e-02
2.246923744678497314e-02
2.162228524684906006e-02
2.166832983493804932e-02
1.108586974442005157e-02
2.140288613736629486e-02
1.898357644677162170e-02
2.261029183864593506e-02
2.878495864570140839e-02
1.850873604416847229e-02
1.829862222075462341e-02
1.971442252397537231e-02
1.683215051889419556e-02
1.659857109189033508e-02
1.697689853608608246e-02
1.753314584493637085e-02
1.064500771462917328e-02
7.112668827176094055e-03
9.006714448332786560e-03
1.003536768257617950e-02
1.461569219827651978e-02
1.174202468246221542e-02
1.728276163339614868e-02
1.801951229572296143e-02
1.390913035720586777e-02
1.909168437123298645e-02
1.715093478560447693e-02
2.054142765700817108e-02
2.309347316622734070e-02
1.975099369883537292e-02
2.538949996232986450e-02
2.477314136922359467e-02
1.822669990360736847e-02
2.231802791357040405e-02
1.807344332337379456e-02
2.491427585482597351e-02
2.890580520033836365e-02
2.539452910423278809e-02
2.458502724766731262e-02
1.835092529654502869e-02
8.744734339416027069e-03
2.235588431358337402e-02
2.265973947942256927e-02
2.123575843870639801e-02
2.116405032575130463e-02
1.967139914631843567e-02
1.897292211651802063e-02
2.039429359138011932e-02
2.221903949975967407e-02
6.419733166694641113e-03
8.041260764002799988e-03
8.520871400833129883e-03
1.405961904674768448e-02
1.027577556669712067e-02
1.458200439810752869e-02
1.787778548896312714e-02
1.487546600401401520e-02
1.647911034524440765e-02
1.688070222735404968e-02
2.177144400775432587e-02
2.046297863125801086e-02
2.564277872443199158e-02
2.089325897395610809e-02
2.186812832951545715e-02
2.539503946900367737e-02
2.365893125534057617e-02
2.596839517354965210e-02
2.519386075437068939e-02
1.775608211755752563e-02
2.554079517722129822e-02
2.078076265752315521e-02
2.631134539842605591e-02
2.722051180899143219e-02
2.170819416642189026e-02
2.136370725929737091e-02
2.129174023866653442e-02
2.088230848312377930e-02
2.021610736846923828e-02
1.619563996791839600e-02
1.954392157495021820e-02
2.059082314372062683e-02
2.035257592797279358e-02
2.041116543114185333e-02
1.937908306717872620e-02
1.900328882038593292e-02
1.671615242958068848e-02
2.287203073501586914e-02
2.150900848209857941e-02
2.631712704896926880e-02
2.215487509965896606e-02
1.588574983179569244e-02
2.031630650162696838e-02
1.906838640570640564e-02
1.258542947471141815e-02
1.968942955136299133e-02
1.742716319859027863e-02
1.318908110260963440e-02
1.859463751316070557e-02
1.710224337875843048e-02
1.816160604357719421e-02
2.739188820123672485e-02
1.710415072739124298e-02
1.843933574855327606e-02
1.457499992102384567e-02
8.180000819265842438e-03
1.666146144270896912e-02
1.689089089632034302e-02
1.680854335427284241e-02
1.542615238577127457e-02
1.486306637525558472e-02
1.464741863310337067e-02
1.443613972514867783e-02
1.655844226479530334e-02
1.984143443405628204e-02
2.179536037147045135e-02
2.033741772174835205e-02
2.525296062231063843e-02
2.409812808036804199e-02
1.496112812310457230e-02
1.934976503252983093e-02
1.311726309359073639e-02
1.965267583727836609e-02
2.019043453037738800e-02
2.196945995092391968e-02
1.790130510926246643e-02
2.350702136754989624e-02
1.901137828826904297e-02
1.773179695010185242e-02
2.647758275270462036e-02
1.864529959857463837e-02
1.916286721825599670e-02
1.939648389816284180e-02
1.207164116203784943e-02
1.889790967106819153e-02
1.645645871758460999e-02
2.129988372325897217e-02
2.768245711922645569e-02
1.709182932972908020e-02
1.669471338391304016e-02
1.628156751394271851e-02
1.422702241688966751e-02
1.492201071232557297e-02
1.559949666261672974e-02
1.500581111758947372e-02
9.919856674969196320e-03
1.021226216107606888e-02
1.366689428687095642e-02
1.325367670506238937e-02
1.822884194552898407e-02
1.536490954458713531e-02
1.621899753808975220e-02
2.184121124446392059e-02
1.657119765877723694e-02
2.182311750948429108e-02
1.581334695219993591e-02
2.306531555950641632e-02
2.473343908786773682e-02
1.322788000106811523e-02
2.672989666461944580e-02
2.021289430558681488e-02
1.325337029993534088e-02
2.221077308058738708e-02
2.675067633390426636e-02
2.343939244747161865e-02
2.844247967004776001e-02
2.057644911110401154e-02
2.427715621888637543e-02
1.767767779529094696e-02
7.354802452027797699e-03
2.064410224556922913e-02
2.045931667089462280e-02
2.261876314878463745e-02
1.927468739449977875e-02
1.783289015293121338e-02
1.749167591333389282e-02
1.807766407728195190e-02
1.955517195165157318e-02
9.358880110085010529e-03
1.286343857645988464e-02
1.231737434864044189e-02
1.933633163571357727e-02
1.387139502912759781e-02
1.553929504007101059e-02
2.125188522040843964e-02
1.319117564707994461e-02
2.025551348924636841e-02
1.845693215727806091e-02
2.391591295599937439e-02
2.193651162087917328e-02
2.747353166341781616e-02
2.552412077784538269e-02
1.931862533092498779e-02
2.837020158767700195e-02
2.490036934614181519e-02
2.558279782533645630e-02
2.546174637973308563e-02
1.238069869577884674e-02
2.512557432055473328e-02
2.332079783082008362e-02
2.497251145541667938e-02
2.628285251557826996e-02
2.152358554303646088e-02
2.046175301074981689e-02
2.002564817667007446e-02
1.732345484197139740e-02
1.753231883049011230e-02
1.732214167714118958e-02
1.798018254339694977e-02
9.984366595745086670e-03
1.734961941838264465e-02
1.844961754977703094e-02
1.627870649099349976e-02
1.879477314651012421e-02
1.649749651551246643e-02
2.112366631627082825e-02
1.539983227849006653e-02
2.422007359564304352e-02
2.055215090513229370e-02
2.178467251360416412e-02
2.337236516177654266e-02
2.471086755394935608e-02
2.512238547205924988e-02
1.782393828034400940e-02
2.256776019930839539e-02
2.219100669026374817e-02
2.272557094693183899e-02
2.636522985994815826e-02
2.223735488951206207e-02
2.275580726563930511e-02
1.818064227700233459e-02
1.824522204697132111e-02
1.810147240757942200e-02
2.096145600080490112e-02
2.336067147552967072e-02
1.928739249706268311e-02
1.705193519592285156e-02
1.866002194583415985e-02
1.794349588453769684e-02
1.843677647411823273e-02
1.877889782190322876e-02
2.040283754467964172e-02
1.725396513938903809e-02
1.880509965121746063e-02
1.491818111389875412e-02
1.750035211443901062e-02
1.676972955465316772e-02
2.142053470015525818e-02
1.712814345955848694e-02
2.472433447837829590e-02
2.475674077868461609e-02
1.676996424794197083e-02
2.625668048858642578e-02
1.841857470571994781e-02
2.464100718498229980e-02
2.382181584835052490e-02
2.576585114002227783e-02
2.354727685451507568e-02
2.361764758825302124e-02
1.359154935926198959e-02
2.089799940586090088e-02
1.835989579558372498e-02
2.405116520822048187e-02
2.071782760322093964e-02
2.090273052453994751e-02
1.832023821771144867e-02
8.462399244308471680e-03
1.625692844390869141e-02
1.946518011391162872e-02
1.910150796175003052e-02
1.726472377777099609e-02
1.970027200877666473e-02
1.976934261620044708e-02
1.300205197185277939e-02
1.575207337737083435e-02
2.114924602210521698e-02
1.554272323846817017e-02
1.929334551095962524e-02
1.423534378409385681e-02
1.937451213598251343e-02
1.348055433481931686e-02
2.046266943216323853e-02
1.370150595903396606e-02
1.724530197679996490e-02
2.031402476131916046e-02
1.601170748472213745e-02
2.143253758549690247e-02
1.439616829156875610e-02
2.117868885397911072e-02
2.124409750103950500e-02
1.877049170434474945e-02
1.537772547453641891e-02
2.061148732900619507e-02
1.933526620268821716e-02
1.781933754682540894e-02
1.947010494768619537e-02
2.131872624158859253e-02
2.430522814393043518e-02
2.134141698479652405e-02
1.920224726200103760e-02
2.026347443461418152e-02
2.403680793941020966e-02
1.880169287323951721e-02
1.964432746171951294e-02
2.232473343610763550e-02
2.395717427134513855e-02
1.536619104444980621e-02
2.059476822614669800e-02
1.518792100250720978e-02
1.770922727882862091e-02
1.508354581892490387e-02
1.940859295427799225e-02
1.353619992733001709e-02
2.113095112144947052e-02
1.483832392841577530e-02
1.567590795457363129e-02
2.068647742271423340e-02
1.450280100107192993e-02
2.038084529340267181e-02
1.669930294156074524e-02
1.908078044652938843e-02
2.063169516623020172e-02
2.070722728967666626e-02
1.101389992982149124e-02
1.884444430470466614e-02
1.709595322608947754e-02
2.114355191588401794e-02
2.307679131627082825e-02
2.283870428800582886e-02
2.030452899634838104e-02
8.685252629220485687e-03
1.673470996320247650e-02
2.040182054042816162e-02
2.246184833347797394e-02
2.182025834918022156e-02
2.298589237034320831e-02
2.306494303047657013e-02
1.566999033093452454e-02
1.394430547952651978e-02
1.700982451438903809e-02
1.201603468507528305e-02
1.722834073007106781e-02
1.265101879835128784e-02
1.545085385441780090e-02
1.306962035596370697e-02
1.515137031674385071e-02
1.310429535806179047e-02
1.622034236788749695e-02
2.098708972334861755e-02
1.430849544703960419e-02
1.938854157924652100e-02
1.570658199489116669e-02
2.105680853128433228e-02
1.877374760806560516e-02
2.067520841956138611e-02
1.773408055305480957e-02
2.245464920997619629e-02
1.959891617298126221e-02
2.125959843397140503e-02
2.486327476799488068e-02
2.624827809631824493e-02
2.705156616866588593e-02
2.086813934147357941e-02
2.767482027411460876e-02
2.792509272694587708e-02
2.761939540505409241e-02
2.756970748305320740e-02
2.768264524638652802e-02
2.828682400286197662e-02
3.089179098606109619e-02
1.299139112234115601e-02
1.729687303304672241e-02
1.274048537015914917e-02
1.833344995975494385e-02
9.923275560140609741e-03
1.509758271276950836e-02
1.085081510245800018e-02
1.429105922579765320e-02
1.083842478692531586e-02
1.659685745835304260e-02
1.909755915403366089e-02
1.586518436670303345e-02
1.714428886771202087e-02
1.693742908537387848e-02
2.456818893551826477e-02
1.735369861125946045e-02
2.035895362496376038e-02
1.276629138737916946e-02
2.225506305694580078e-02
1.760883443057537079e-02
2.764235995709896088e-02
2.536863833665847778e-02
2.932063676416873932e-02
2.728151902556419373e-02
1.059354469180107117e-02
2.855929359793663025e-02
2.916004508733749390e-02
2.914799377322196960e-02
2.727035246789455414e-02
2.734551951289176941e-02
2.912904508411884308e-02
2.229337394237518311e-02
1.660873554646968842e-02
2.036317437887191772e-02
1.792641356587409973e-02
2.047148905694484711e-02
1.423982344567775726e-02
2.096229419112205505e-02
1.535099744796752930e-02
2.231725305318832397e-02
1.768043823540210724e-02
2.397739887237548828e-02
2.128811925649642944e-02
2.495689317584037781e-02
2.240019664168357849e-02
1.722612977027893066e-02
2.286483906209468842e-02
2.081590145826339722e-02
2.661206573247909546e-02
2.544348686933517456e-02
2.283890172839164734e-02
2.282632701098918915e-02
1.831641606986522675e-02
2.007223665714263916e-02
1.764240674674510956e-02
2.031599916517734528e-02
2.352569624781608582e-02
1.640345156192779541e-02
1.527582108974456787e-02
1.701747439801692963e-02
1.576232165098190308e-02
1.713371276855468750e-02
1.783346757292747498e-02
1.767406612634658813e-02
1.488170959055423737e-02
2.085200138390064240e-02
1.380408555269241333e-02
2.122044935822486877e-02
1.780682429671287537e-02
2.256850525736808777e-02
2.157311886548995972e-02
2.236475422978401184e-02
2.562505751848220825e-02
1.599937677383422852e-02
2.491150423884391785e-02
1.876527816057205200e-02
2.167237363755702972e-02
2.673095278441905975e-02
1.987712830305099487e-02
2.435037121176719666e-02
2.106200158596038818e-02
1.420425064861774445e-02
2.229559421539306641e-02
1.720192655920982361e-02
2.536411210894584656e-02
2.206780016422271729e-02
1.961250975728034973e-02
1.744146645069122314e-02
9.149510413408279419e-03
1.662718132138252258e-02
1.828188821673393250e-02
1.732948236167430878e-02
1.707399263978004456e-02
1.760489121079444885e-02
1.715663261711597443e-02
1.298678759485483170e-02
1.552497781813144684e-02
1.775043830275535583e-02
1.661595702171325684e-02
1.926768943667411804e-02
1.389896310865879059e-02
1.897336728870868683e-02
1.403038389980792999e-02
1.999386586248874664e-02
1.491294056177139282e-02
1.888392679393291473e-02
1.953637041151523590e-02
2.066388539969921112e-02
2.214522287249565125e-02
1.791038550436496735e-02
2.489566430449485779e-02
2.383686043322086334e-02
2.494547516107559204e-02
2.610549144446849823e-02
2.369475923478603363e-02
2.374781295657157898e-02
2.008114196360111237e-02
2.223512530326843262e-02
2.091829851269721985e-02
2.063233405351638794e-02
2.462473697960376740e-02
1.833954453468322754e-02
1.861874759197235107e-02
1.963901333510875702e-02
1.978550478816032410e-02
1.929124072194099426e-02
1.951024681329727173e-02
2.076677419245243073e-02
1.400619186460971832e-02
1.732420176267623901e-02
1.466991566121578217e-02
1.849062182009220123e-02
1.596530340611934662e-02
1.871448010206222534e-02
1.691402122378349304e-02
2.154072932898998260e-02
2.028445899486541748e-02
1.526305358856916428e-02
2.301588654518127441e-02
1.697867549955844879e-02
2.185220271348953247e-02
2.312841080129146576e-02
2.126009948551654816e-02
2.362057566642761230e-02
2.665425091981887817e-02
1.458479929715394974e-02
2.360633015632629395e-02
1.807166635990142822e-02
2.219588309526443481e-02
2.084138430655002594e-02
2.189339324831962585e-02
1.927021332085132599e-02
9.182566776871681213e-03
1.993637904524803162e-02
2.020361647009849548e-02
1.977897062897682190e-02
2.005741558969020844e-02
2.055631019175052643e-02
1.962446793913841248e-02
1.516877021640539169e-02
3.152776975184679031e-03
4.630868323147296906e-03
3.975522704422473907e-03
5.203132051974534988e-03
5.348264239728450775e-03
6.036275532096624374e-03
7.809346541762351990e-03
8.054099977016448975e-03
9.361618198454380035e-03
7.638584822416305542e-03
9.078501723706722260e-03
8.258622139692306519e-03
1.009196601808071136e-02
1.387619692832231522e-02
9.962879121303558350e-03
1.280656363815069199e-02
1.060668565332889557e-02
1.548670232295989990e-02
1.496760454028844833e-02
1.550404354929924011e-02
1.824026182293891907e-02
1.818980090320110321e-02
2.289291471242904663e-02
2.526341192424297333e-02
1.736944727599620819e-02
2.751060575246810913e-02
2.939220890402793884e-02
2.919956110417842865e-02
2.728317305445671082e-02
2.794420719146728516e-02
2.667931094765663147e-02
3.106372430920600891e-02
2.910485025495290756e-03
4.431714769452810287e-03
4.213171079754829407e-03
5.801597610116004944e-03
4.458945244550704956e-03
6.076574325561523438e-03
5.283759441226720810e-03
5.916129797697067261e-03
6.498105823993682861e-03
9.115668945014476776e-03
8.232105523347854614e-03
1.084520481526851654e-02
8.635556325316429138e-03
1.331656798720359802e-02
1.081681065261363983e-02
1.082387939095497131e-02
1.076257601380348206e-02
1.393532194197177887e-02
1.429574191570281982e-02
1.343578565865755081e-02
1.795989647507667542e-02
2.022108435630798340e-02
2.568404749035835266e-02
2.635046094655990601e-02
1.091759279370307922e-02
2.933075837790966034e-02
2.920019626617431641e-02
2.643005363643169403e-02
2.726326137781143188e-02
2.818113192915916443e-02
2.763645537197589874e-02
3.781472146511077881e-02
2.265711128711700439e-02
2.182022109627723694e-02
2.343638613820075989e-02
2.377718314528465271e-02
1.580307446420192719e-02
2.240264974534511566e-02
1.565255783498287201e-02
2.097952365875244141e-02
1.534431148320436478e-02
2.448985725641250610e-02
1.876809075474739075e-02
2.130306884646415710e-02
2.279608696699142456e-02
1.580680161714553833e-02
2.172254398465156555e-02
1.947517693042755127e-02
2.093848586082458496e-02
2.419110015034675598e-02
2.000296115875244141e-02
2.022525295615196228e-02
1.729782670736312866e-02
1.902869157493114471e-02
1.663279533386230469e-02
1.777756959199905396e-02
2.094221860170364380e-02
1.525217667222023010e-02
1.511850487440824509e-02
1.508699543774127960e-02
1.442691497504711151e-02
1.444624923169612885e-02
1.663882285356521606e-02
1.636956445872783661e-02
1.891167089343070984e-02
2.267129719257354736e-02
1.613831520080566406e-02
2.373328432440757751e-02
2.273808792233467102e-02
2.353706583380699158e-02
2.486754953861236572e-02
2.434492483735084534e-02
2.399461716413497925e-02
1.465723104774951935e-02
2.378096804022789001e-02
1.675062999129295349e-02
2.114356681704521179e-02
2.434901520609855652e-02
1.873595826327800751e-02
2.143674716353416443e-02
2.260435000061988831e-02
1.087411306798458099e-02
1.922427676618099213e-02
1.579625718295574188e-02
2.139462158083915710e-02
1.933997124433517456e-02
1.965335570275783539e-02
1.685177162289619446e-02
8.196586742997169495e-03
1.591671258211135864e-02
1.673025265336036682e-02
1.620107516646385193e-02
1.537873968482017517e-02
1.515345461666584015e-02
1.550773158669471741e-02
1.200917456299066544e-02
1.172338146716356277e-02
1.511379983276128769e-02
1.221753936260938644e-02
1.553523913025856018e-02
1.263791136443614960e-02
1.628741621971130371e-02
1.310730725526809692e-02
1.905572228133678436e-02
1.482253521680831909e-02
1.648586615920066833e-02
2.066722884774208069e-02
1.869394816458225250e-02
2.074308320879936218e-02
1.441922970116138458e-02
2.263481914997100830e-02
2.007651887834072113e-02
2.089285105466842651e-02
2.130660787224769592e-02
2.098927088081836700e-02
2.413046546280384064e-02
2.161644585430622101e-02
1.870838366448879242e-02
1.825321465730667114e-02
2.143271826207637787e-02
2.402021735906600952e-02
1.614194922149181366e-02
1.543224323540925980e-02
1.690686121582984924e-02
1.564383506774902344e-02
1.674997992813587189e-02
1.723427139222621918e-02
1.935314014554023743e-02
1.320808567106723785e-02
1.513318717479705811e-02
1.255028136074542999e-02
1.523049548268318176e-02
1.188152469694614410e-02
1.670693606138229370e-02
1.256534364074468613e-02
2.024811133742332458e-02
1.774016954004764557e-02
1.437651086598634720e-02
2.168121561408042908e-02
1.583866588771343231e-02
2.231904864311218262e-02
2.091747149825096130e-02
2.222892828285694122e-02
2.052097395062446594e-02
2.135669440031051636e-02
1.254134997725486755e-02
1.842446625232696533e-02
1.777188107371330261e-02
2.525698952376842499e-02
2.349187061190605164e-02
1.951851323246955872e-02
1.650620624423027039e-02
9.605163708329200745e-03
1.337594538927078247e-02
1.880352385342121124e-02
1.763577200472354889e-02
1.640842109918594360e-02
1.884092763066291809e-02
1.684007048606872559e-02
1.220382377505302429e-02
