<system>Protocol: Active. Attitude: Sassy.</system>
2.200838737189769745e-02
2.461717650294303894e-02
1.837837323546409607e-02
2.598292194306850433e-02
2.313846349716186523e-02
3.163988143205642700e-02
2.283854410052299500e-02
2.854852750897407532e-02
3.247122466564178467e-02
2.495660632848739624e-02
3.828552365303039551e-02
2.643570862710475922e-02
4.050488024950027466e-02
3.883096203207969666e-02
3.030672855675220490e-02
3.701491281390190125e-02
3.530960530042648315e-02
1.965063437819480896e-02
3.511045500636100769e-02
3.047100082039833069e-02
4.200205579400062561e-02
4.217554256319999695e-02
3.780531883239746094e-02
1.152414921671152115e-02
3.974753245711326599e-02
4.294092953205108643e-02
3.916424512863159180e-02
3.348920866847038269e-02
3.850954025983810425e-02
3.662869334220886230e-02
3.793460875749588013e-02
3.976275026798248291e-02
2.218829840421676636e-02
2.099251188337802887e-02
2.518334984779357910e-02
2.924537658691406250e-02
2.009201422333717346e-02
3.061606734991073608e-02
2.440683729946613312e-02
3.803730383515357971e-02
3.065348416566848755e-02
2.725892886519432068e-02
3.662642464041709900e-02
2.562902867794036865e-02
3.194557130336761475e-02
3.864192962646484375e-02
3.641432151198387146e-02
4.001387208700180054e-02
4.051532596349716187e-02
4.551826044917106628e-02
4.398430883884429932e-02
4.409818723797798157e-02
3.976450487971305847e-02
4.036901891231536865e-02
4.021924734115600586e-02
5.063714832067489624e-02
4.201333224773406982e-02
4.194656759500503540e-02
3.654059767723083496e-02
3.796563297510147095e-02
3.921249508857727051e-02
3.964073583483695984e-02
3.671140223741531372e-02
2.595723792910575867e-02
2.094800397753715515e-02
1.927403919398784637e-02
2.174995467066764832e-02
2.175409905612468719e-02
2.405946142971515656e-02
2.159565873444080353e-02
1.878915354609489441e-02
2.583727426826953888e-02
2.741032652556896210e-02
2.277487330138683319e-02
2.801823057234287262e-02
2.398495376110076904e-02
3.249424695968627930e-02
3.086618334054946899e-02
3.616636246442794800e-02
3.820368647575378418e-02
3.545012697577476501e-02
3.824207931756973267e-02
4.113896191120147705e-02
2.837104350328445435e-02
4.450084641575813293e-02
4.301940649747848511e-02
4.307126253843307495e-02
5.115155875682830811e-02
5.416971072554588318e-02
5.331876128911972046e-02
4.648630693554878235e-02
5.014149844646453857e-02
3.520649671554565430e-02
4.607453569769859314e-02
4.473228007555007935e-02
4.898778349161148071e-02
1.629715040326118469e-02
1.956063881516456604e-02
1.583284325897693634e-02
2.083330787718296051e-02
2.318145707249641418e-02
2.165453694760799408e-02
2.337734028697013855e-02
3.030091151595115662e-02
2.447918802499771118e-02
2.570791170001029968e-02
2.440821751952171326e-02
3.196844831109046936e-02
2.882242947816848755e-02
2.495050802826881409e-02
3.169435262680053711e-02
2.688689157366752625e-02
4.081490263342857361e-02
2.258963882923126221e-02
3.882138431072235107e-02
3.893134742975234985e-02
2.640774473547935486e-02
4.861188307404518127e-02
1.663958653807640076e-02
5.046515911817550659e-02
5.250842496752738953e-02
5.378235876560211182e-02
5.113019049167633057e-02
4.869381338357925415e-02
2.303605899214744568e-02
4.789642244577407837e-02
4.864788055419921875e-02
4.775811731815338135e-02
2.948685549199581146e-02
2.896517328917980194e-02
3.065856918692588806e-02
3.088906407356262207e-02
3.138820827007293701e-02
3.494906425476074219e-02
2.649549953639507294e-02
3.020998463034629822e-02
2.459113299846649170e-02
3.042440488934516907e-02
3.650367259979248047e-02
2.294660732150077820e-02
3.479879349470138550e-02
3.817609697580337524e-02
3.092915192246437073e-02
3.057495132088661194e-02
3.865110874176025391e-02
4.438015818595886230e-02
4.159292578697204590e-02
1.977287791669368744e-02
2.513952739536762238e-02
4.108808934688568115e-02
4.329241067171096802e-02
5.355471372604370117e-02
3.873165696859359741e-02
1.901572942733764648e-02
4.286544024944305420e-02
3.791288286447525024e-02
3.553673624992370605e-02
2.912398241460323334e-02
3.108691424131393433e-02
3.620348125696182251e-02
3.091168962419033051e-02
3.111304529011249542e-02
3.124625608325004578e-02
3.121332637965679169e-02
2.872190997004508972e-02
2.971280366182327271e-02
3.317930549383163452e-02
3.507911413908004761e-02
3.320863097906112671e-02
3.702584654092788696e-02
3.015525825321674347e-02
3.510210290551185608e-02
3.289708495140075684e-02
2.150737866759300232e-02
4.019850492477416992e-02
4.210552200675010681e-02
3.446714580059051514e-02
1.992096379399299622e-02
3.582824394106864929e-02
4.448065534234046936e-02
4.435733705759048462e-02
4.179076850414276123e-02
3.691913187503814697e-02
1.268775388598442078e-02
3.650046139955520630e-02
2.652125619351863861e-02
4.380650818347930908e-02
3.880587220191955566e-02
4.028543829917907715e-02
3.623306751251220703e-02
4.120948910713195801e-02
3.665388748049736023e-02
1.523714512586593628e-02
1.499213650822639465e-02
1.668518781661987305e-02
1.985558494925498962e-02
1.657310873270034790e-02
2.079387567937374115e-02
2.012596838176250458e-02
2.419286966323852539e-02
2.387265488505363464e-02
2.463231235742568970e-02
2.529505640268325806e-02
2.530963346362113953e-02
2.717622742056846619e-02
2.780281379818916321e-02
2.604496479034423828e-02
3.222101926803588867e-02
3.483090549707412720e-02
2.863352932035923004e-02
3.608034551143646240e-02
3.962027281522750854e-02
4.282748699188232422e-02
3.708897158503532410e-02
5.088934302330017090e-02
5.243677273392677307e-02
4.982206970453262329e-02
5.013271421194076538e-02
4.836876690387725830e-02
4.624048620462417603e-02
3.372827544808387756e-02
4.211494326591491699e-02
2.800718136131763458e-02
4.385111853480339050e-02
1.996633969247341156e-02
1.724626310169696808e-02
1.712006144225597382e-02
2.259845286607742310e-02
1.671901345252990723e-02
2.211125381290912628e-02
1.982712186872959137e-02
2.287862449884414673e-02
2.167641930282115936e-02
2.405168116092681885e-02
2.686034142971038818e-02
2.170312404632568359e-02
2.883632853627204895e-02
3.264346718788146973e-02
2.801122888922691345e-02
3.692729398608207703e-02
3.283856809139251709e-02
3.806580603122711182e-02
3.081930056214332581e-02
3.964763879776000977e-02
4.168951883912086487e-02
3.244546800851821899e-02
5.095501244068145752e-02
5.033069476485252380e-02
5.174031108617782593e-02
5.135259032249450684e-02
4.425036534667015076e-02
4.703154787421226501e-02
4.513236135244369507e-02
4.314269125461578369e-02
4.592704027891159058e-02
3.288882225751876831e-02
