<system>Protocol: Active. Attitude: Sassy.</system>
1.750743389129638672e-02
2.011298388242721558e-02
1.638976484537124634e-02
1.693481579422950745e-02
1.501783356070518494e-02
2.102023363113403320e-02
1.597237214446067810e-02
2.099058218300342560e-02
2.007085084915161133e-02
2.184733748435974121e-02
2.242680825293064117e-02
2.374078705906867981e-02
2.752645872533321381e-02
2.370833232998847961e-02
2.370773255825042725e-02
3.166134655475616455e-02
2.832902781665325165e-02
3.120938315987586975e-02
3.268578648567199707e-02
2.770410850644111633e-02
2.845013514161109924e-02
3.862378746271133423e-02
3.922303766012191772e-02
1.691572740674018860e-02
3.618352115154266357e-02
4.057001322507858276e-02
3.520429134368896484e-02
3.484990075230598450e-02
2.881894819438457489e-02
2.868464030325412750e-02
2.761386707425117493e-02
2.315285801887512207e-02
1.658114045858383179e-02
2.112389728426933289e-02
1.395786739885807037e-02
2.107918262481689453e-02
1.851146295666694641e-02
1.751243323087692261e-02
1.723841018974781036e-02
2.166204713284969330e-02
2.482098899781703949e-02
1.886937953531742096e-02
2.310997806489467621e-02
2.290778234601020813e-02
1.938580349087715149e-02
2.704238519072532654e-02
3.095192834734916687e-02
2.554116398096084595e-02
3.522869199514389038e-02
3.298638761043548584e-02
3.205287456512451172e-02
3.506187349557876587e-02
3.365982323884963989e-02
4.138106107711791992e-02
4.133179783821105957e-02
4.282090067863464355e-02
3.463757038116455078e-02
3.273657709360122681e-02
3.860933333635330200e-02
2.676423639059066772e-02
2.899423986673355103e-02
2.667561359703540802e-02
2.319927699863910675e-02
2.760276570916175842e-02
1.585179194808006287e-02
1.333058439195156097e-02
1.479153800755739212e-02
2.077762410044670105e-02
2.138455212116241455e-02
1.657637581229209900e-02
2.267969772219657898e-02
1.944740116596221924e-02
2.174931205809116364e-02
2.225103974342346191e-02
2.705752290785312653e-02
2.331933565437793732e-02
3.035268746316432953e-02
2.667372114956378937e-02
3.547960519790649414e-02
2.878072485327720642e-02
3.748368471860885620e-02
3.168433904647827148e-02
4.108138382434844971e-02
3.309953212738037109e-02
4.500248283147811890e-02
4.624487832188606262e-02
3.957292437553405762e-02
4.602478444576263428e-02
4.734883457422256470e-02
2.409632876515388489e-02
4.683628678321838379e-02
4.399057850241661072e-02
4.212189465761184692e-02
4.497297108173370361e-02
4.707423225045204163e-02
3.877191245555877686e-02
1.576239056885242462e-02
1.750200614333152771e-02
1.873020455241203308e-02
2.541612088680267334e-02
2.117796801030635834e-02
1.966828107833862305e-02
2.367080375552177429e-02
1.690642163157463074e-02
2.606908604502677917e-02
2.332510799169540405e-02
3.207338601350784302e-02
2.514460124075412750e-02
2.405960671603679657e-02
2.964390069246292114e-02
2.664622291922569275e-02
3.304862976074218750e-02
2.986406162381172180e-02
2.886869758367538452e-02
4.111485555768013000e-02
3.236432373523712158e-02
4.547136276960372925e-02
4.300729185342788696e-02
3.219076991081237793e-02
4.950010776519775391e-02
4.914981126785278320e-02
4.783387109637260437e-02
4.331611096858978271e-02
4.642020910978317261e-02
4.373271018266677856e-02
3.444081544876098633e-02
3.991734981536865234e-02
3.061639331281185150e-02
1.936381496489048004e-02
1.931006088852882385e-02
1.901855133473873138e-02
2.198089659214019775e-02
2.023774012923240662e-02
2.265524491667747498e-02
2.408348023891448975e-02
2.650188282132148743e-02
2.189264073967933655e-02
3.100609406828880310e-02
2.736614644527435303e-02
3.102846443653106689e-02
2.813572809100151062e-02
3.670347854495048523e-02
3.396914154291152954e-02
2.512947842478752136e-02
4.032618552446365356e-02
2.586024068295955658e-02
4.124934598803520203e-02
2.906226739287376404e-02
3.961998224258422852e-02
4.534668847918510437e-02
4.231895506381988525e-02
4.664903134107589722e-02
4.266302287578582764e-02
4.854553192853927612e-02
4.517544060945510864e-02
4.024271667003631592e-02
3.889598324894905090e-02
3.243417665362358093e-02
3.804538398981094360e-02
2.335475012660026550e-02
1.890447735786437988e-02
2.029140107333660126e-02
2.196434512734413147e-02
2.139879204332828522e-02
2.300160378217697144e-02
2.228394336998462677e-02
2.228051237761974335e-02
2.558952569961547852e-02
2.360379695892333984e-02
2.869995683431625366e-02
3.218809515237808228e-02
2.788633480668067932e-02
2.886568941175937653e-02
3.265935927629470825e-02
2.525049448013305664e-02
3.790315985679626465e-02
3.670455515384674072e-02
2.727898955345153809e-02
4.267574846744537354e-02
4.201546683907508850e-02
4.202872514724731445e-02
4.692940413951873779e-02
5.273072421550750732e-02
4.666314274072647095e-02
1.641315221786499023e-02
4.432629793882369995e-02
4.276338592171669006e-02
4.128836840391159058e-02
3.666472434997558594e-02
4.213855415582656860e-02
3.540588915348052979e-02
3.198966383934020996e-02
2.025611698627471924e-02
3.212364390492439270e-02
2.885132282972335815e-02
2.456932701170444489e-02
2.713410742580890656e-02
2.246203273534774780e-02
3.222991153597831726e-02
2.637385204434394836e-02
3.584358096122741699e-02
2.953145094215869904e-02
3.326307237148284912e-02
3.205136209726333618e-02
3.562799096107482910e-02
3.474046289920806885e-02
3.554954379796981812e-02
3.463106974959373474e-02
3.478184342384338379e-02
4.016061872243881226e-02
3.516665846109390259e-02
3.439338505268096924e-02
3.550852090120315552e-02
3.440967947244644165e-02
3.437338769435882568e-02
1.068834867328405380e-02
3.511691093444824219e-02
3.587736189365386963e-02
3.544894605875015259e-02
3.662575036287307739e-02
3.561202064156532288e-02
3.608028963208198547e-02
3.510708734393119812e-02
3.450715541839599609e-02
2.366219647228717804e-02
2.430809289216995239e-02
2.281785011291503906e-02
2.736405283212661743e-02
3.310982137918472290e-02
3.259269893169403076e-02
2.457012794911861420e-02
2.664506062865257263e-02
3.352940455079078674e-02
2.418471314013004303e-02
3.417704999446868896e-02
2.577949315309524536e-02
3.461714833974838257e-02
3.360418230295181274e-02
3.277966380119323730e-02
3.584558516740798950e-02
3.556144237518310547e-02
1.711516454815864563e-02
3.630492836236953735e-02
3.485655784606933594e-02
3.573998436331748962e-02
3.447896242141723633e-02
3.444677963852882385e-02
4.864819347858428955e-02
3.349291533231735229e-02
3.527971357107162476e-02
3.534618020057678223e-02
3.493811935186386108e-02
3.728462010622024536e-02
3.324558958411216736e-02
3.535309433937072754e-02
2.350033447146415710e-02
