<system>Protocol: Active. Attitude: Sassy.</system>
1.724546588957309723e-02
1.639754883944988251e-02
1.540062110871076584e-02
1.535306125879287720e-02
1.477137301117181778e-02
1.816576905548572540e-02
1.550248544663190842e-02
1.598162949085235596e-02
1.494036894291639328e-02
1.478765252977609634e-02
1.731981523334980011e-02
1.417482271790504456e-02
1.839105039834976196e-02
1.592911221086978912e-02
1.825871877372264862e-02
1.305789221078157425e-02
1.666225679218769073e-02
1.553994882851839066e-02
1.463418453931808472e-02
1.688347198069095612e-02
1.570983044803142548e-02
1.709669269621372223e-02
1.674146950244903564e-02
1.560711860656738281e-02
1.381553988903760910e-02
1.572661846876144409e-02
1.616305299103260040e-02
1.443091314285993576e-02
1.567823253571987152e-02
1.606592722237110138e-02
1.587909273803234100e-02
1.618597283959388733e-02
