<system>Protocol: Active. Attitude: Sassy.</system>
4.052962735295295715e-02
4.135224595665931702e-02
4.942077025771141052e-02
3.513077646493911743e-02
3.100671619176864624e-02
2.813248895108699799e-02
3.701687976717948914e-02
3.565225005149841309e-02
3.291337192058563232e-02
3.105000779032707214e-02
3.537836670875549316e-02
4.411564767360687256e-02
3.333242982625961304e-02
5.238997191190719604e-02
4.837955534458160400e-02
5.112709105014801025e-02
3.837512433528900146e-02
2.885121852159500122e-02
3.941574692726135254e-02
5.646753311157226562e-02
5.653127282857894897e-02
4.652971029281616211e-02
6.916654109954833984e-02
2.509691752493381500e-02
2.122027613222599030e-02
4.453763365745544434e-02
5.247367918491363525e-02
3.153553605079650879e-02
5.488571524620056152e-02
4.491521418094635010e-02
4.339839518070220947e-02
4.728259891271591187e-02
5.533866211771965027e-02
3.683996945619583130e-02
3.850439190864562988e-02
4.067735001444816589e-02
4.441396892070770264e-02
3.215056285262107849e-02
3.279555216431617737e-02
3.665991872549057007e-02
3.375244885683059692e-02
3.845784813165664673e-02
4.861532151699066162e-02
3.611264005303382874e-02
4.027575254440307617e-02
3.690341114997863770e-02
3.084323368966579437e-02
4.230810701847076416e-02
4.995694756507873535e-02
6.195650994777679443e-02
5.836270749568939209e-02
4.190930724143981934e-02
5.042545497417449951e-02
5.467480421066284180e-02
2.570785954594612122e-02
5.422880128026008606e-02
4.461243376135826111e-02
2.502167783677577972e-02
2.105152048170566559e-02
3.366747498512268066e-02
6.059961020946502686e-02
4.460050538182258606e-02
4.281416535377502441e-02
4.540636762976646423e-02
2.823883295059204102e-02
2.141150645911693573e-02
2.090201526880264282e-02
2.472445741295814514e-02
1.965470239520072937e-02
2.367798052728176117e-02
3.353373706340789795e-02
2.820182591676712036e-02
1.656459644436836243e-02
2.260361984372138977e-02
2.256835997104644775e-02
2.017130888998508453e-02
3.608341515064239502e-02
1.818224601447582245e-02
3.553643822669982910e-02
2.140348404645919800e-02
3.452475741505622864e-02
3.324944525957107544e-02
3.621176257729530334e-02
1.561923511326313019e-02
3.887280821800231934e-02
1.178591232746839523e-02
5.012617260217666626e-02
1.549609936773777008e-02
1.253816671669483185e-02
1.137857139110565186e-02
2.546889148652553558e-02
3.545999899506568909e-02
2.548430860042572021e-02
1.201916951686143875e-02
1.838744804263114929e-02
2.391385287046432495e-02
2.502428367733955383e-02
2.448500506579875946e-02
2.003725990653038025e-02
2.068524435162544250e-02
2.396339178085327148e-02
2.267771959304809570e-02
1.842156052589416504e-02
2.806726098060607910e-02
1.909946464002132416e-02
1.736808195710182190e-02
2.190842851996421814e-02
1.297630555927753448e-02
1.380630768835544586e-02
1.325193606317043304e-02
1.900123804807662964e-02
2.046080678701400757e-02
1.416505593806505203e-02
1.164816506206989288e-02
1.223091036081314087e-02
3.276126086711883545e-02
2.116741053760051727e-02
3.271649777889251709e-02
1.216824445873498917e-02
2.359274774789810181e-02
2.589799463748931885e-02
2.190021425485610962e-02
1.139559596776962280e-02
3.405856713652610779e-02
3.155839443206787109e-02
3.969999030232429504e-02
1.174051407724618912e-02
3.859303146600723267e-02
2.936020307242870331e-02
3.823606297373771667e-02
1.768322288990020752e-02
2.588205039501190186e-02
1.493301056325435638e-02
1.251629553735256195e-02
3.699871897697448730e-02
4.075592011213302612e-02
2.912821806967258453e-02
5.394510179758071899e-02
4.161076992750167847e-02
1.036397926509380341e-02
4.255509376525878906e-02
4.099790379405021667e-02
1.120038144290447235e-02
1.853627711534500122e-02
4.966997355222702026e-02
1.259343232959508896e-02
3.621488064527511597e-02
5.141748487949371338e-02
5.321003124117851257e-02
3.551793470978736877e-02
3.650704771280288696e-02
3.130720555782318115e-02
2.965576201677322388e-02
2.738315239548683167e-02
2.601106278598308563e-02
1.137985847890377045e-02
1.570775732398033142e-02
1.118164230138063431e-02
1.156274043023586273e-02
1.515757758170366287e-02
3.590752184391021729e-02
1.837851852178573608e-02
4.230801016092300415e-02
3.774095326662063599e-02
4.472237825393676758e-02
3.328679874539375305e-02
3.155722096562385559e-02
1.136596314609050751e-02
1.276555843651294708e-02
5.582309514284133911e-02
1.273985207080841064e-02
1.533591747283935547e-02
9.783043526113033295e-03
4.756756126880645752e-02
2.000808343291282654e-02
5.332733318209648132e-02
5.481566861271858215e-02
5.082057788968086243e-02
1.478340849280357361e-02
2.631457149982452393e-02
5.421966314315795898e-02
4.317999631166458130e-02
4.308871179819107056e-02
1.164288073778152466e-02
1.117415167391300201e-02
1.189393643289804459e-02
1.055874489247798920e-02
3.394278138875961304e-02
1.075152680277824402e-02
3.700736537575721741e-02
2.919014915823936462e-02
1.737971603870391846e-02
3.304272890090942383e-02
2.269985526800155640e-02
4.252415895462036133e-02
3.031576424837112427e-02
4.090441763401031494e-02
2.076177671551704407e-02
2.438381314277648926e-02
2.075975947082042694e-02
1.874918490648269653e-02
4.700643569231033325e-02
2.963023819029331207e-02
1.862415298819541931e-02
3.641613200306892395e-02
4.424288868904113770e-02
4.385676607489585876e-02
4.503302276134490967e-02
5.468940734863281250e-02
2.101717516779899597e-02
4.094340652227401733e-02
1.886787265539169312e-02
4.311638325452804565e-02
6.843259185552597046e-02
6.373728066682815552e-02
4.146878421306610107e-02
1.416135486215353012e-02
1.462625619024038315e-02
2.604052238166332245e-02
4.512969776988029480e-02
2.102199569344520569e-02
2.556161396205425262e-02
4.656526818871498108e-02
5.883136391639709473e-02
3.186444193124771118e-02
3.833817318081855774e-02
2.014452591538429260e-02
1.836100220680236816e-02
2.018891647458076477e-02
2.196865156292915344e-02
2.210222184658050537e-02
3.015717118978500366e-02
2.072060108184814453e-02
4.516308382153511047e-02
1.658320426940917969e-02
3.488381206989288330e-02
1.912792026996612549e-02
4.521554708480834961e-02
1.918126642704010010e-02
5.573954433202743530e-02
3.109797462821006775e-02
5.589257180690765381e-02
3.884356468915939331e-02
5.714874714612960815e-02
5.212519317865371704e-02
4.031929373741149902e-02
2.233919501304626465e-02
5.490417778491973877e-02
4.478551447391510010e-02
4.130775853991508484e-02
1.214616373181343079e-02
1.246285997331142426e-02
2.411605603992938995e-02
2.553928270936012268e-02
4.229854047298431396e-02
5.947457998991012573e-02
