<system>Protocol: Active. Attitude: Sassy.</system>
5.801318585872650146e-02
6.640823185443878174e-02
5.869354307651519775e-02
7.079041749238967896e-02
6.040059030055999756e-02
5.755085870623588562e-02
5.634455382823944092e-02
6.303439289331436157e-02
6.419336795806884766e-02
6.273610144853591919e-02
6.400267034769058228e-02
6.235430389642715454e-02
6.415864825248718262e-02
6.193443015217781067e-02
6.216531246900558472e-02
5.297863483428955078e-02
6.777791678905487061e-02
6.202747672796249390e-02
6.618261337280273438e-02
6.541649252176284790e-02
5.892960727214813232e-02
5.843735486268997192e-02
5.900568142533302307e-02
6.013100594282150269e-02
6.198543310165405273e-02
7.048368453979492188e-02
5.652348324656486511e-02
5.608106404542922974e-02
6.070833280682563782e-02
6.726445257663726807e-02
6.257347762584686279e-02
7.155183702707290649e-02
6.317529827356338501e-02
6.218256801366806030e-02
6.902651488780975342e-02
5.978895723819732666e-02
6.977123022079467773e-02
6.206882372498512268e-02
5.564899370074272156e-02
6.228823959827423096e-02
6.153687834739685059e-02
6.531048566102981567e-02
6.544657051563262939e-02
5.796474963426589966e-02
6.030488759279251099e-02
5.717450752854347229e-02
6.651918590068817139e-02
6.243083253502845764e-02
6.196372956037521362e-02
6.673967093229293823e-02
5.387692153453826904e-02
6.485281884670257568e-02
6.344725191593170166e-02
5.939447507262229919e-02
5.901701748371124268e-02
7.066828012466430664e-02
6.280812621116638184e-02
5.766334012150764465e-02
6.276479363441467285e-02
6.745687127113342285e-02
6.333221495151519775e-02
6.222615391016006470e-02
6.856790930032730103e-02
6.713330000638961792e-02
