<system>Protocol: Active. Attitude: Sassy.</system>
1.602982729673385620e-02
1.650745980441570282e-02
1.553984172642230988e-02
1.651021838188171387e-02
1.421141345053911209e-02
1.768768019974231720e-02
1.486614160239696503e-02
1.838161423802375793e-02
1.652789488434791565e-02
1.954184286296367645e-02
1.447807624936103821e-02
2.228054404258728027e-02
1.530689653009176254e-02
2.520775422453880310e-02
1.731646433472633362e-02
2.260704524815082550e-02
2.615354582667350769e-02
1.509667467325925827e-02
2.650985494256019592e-02
2.972253225743770599e-02
2.446409501135349274e-02
3.152852505445480347e-02
2.715405821800231934e-02
2.677021548151969910e-02
1.021267473697662354e-02
2.671872824430465698e-02
2.903863415122032166e-02
2.757085487246513367e-02
2.872183732688426971e-02
2.785955555737018585e-02
2.908948622643947601e-02
2.398310601711273193e-02
1.658320426940917969e-02
1.446367241442203522e-02
1.533701829612255096e-02
1.610015332698822021e-02
1.683472469449043274e-02
1.665232516825199127e-02
1.600731723010540009e-02
1.892670430243015289e-02
1.883030682802200317e-02
2.187808975577354431e-02
1.864952966570854187e-02
2.100043557584285736e-02
2.184049040079116821e-02
2.177955955266952515e-02
2.471877261996269226e-02
2.778040431439876556e-02
2.410050481557846069e-02
2.459060400724411011e-02
2.874287590384483337e-02
2.662570402026176453e-02
1.409178227186203003e-02
2.411138825118541718e-02
2.477224543690681458e-02
2.910279855132102966e-02
2.629737928509712219e-02
2.446830458939075470e-02
2.733934670686721802e-02
2.677732519805431366e-02
3.304499015212059021e-02
2.973878383636474609e-02
2.764256484806537628e-02
2.796294540166854858e-02
1.338558550924062729e-02
1.787452213466167450e-02
1.531073264777660370e-02
1.244194805622100830e-02
1.468248013406991959e-02
1.579691469669342041e-02
1.073952391743659973e-02
1.194851193577051163e-02
1.098047941923141479e-02
1.665302366018295288e-02
9.618798270821571350e-03
1.901559159159660339e-02
1.019772794097661972e-02
1.739280298352241516e-02
1.035026088356971741e-02
1.590473949909210205e-02
1.559613924473524094e-02
8.651284500956535339e-03
1.732390746474266052e-02
1.872668601572513580e-02
1.614379696547985077e-02
2.115496993064880371e-02
1.895078644156455994e-02
1.972026005387306213e-02
5.541727878153324127e-03
1.982113905251026154e-02
1.880556344985961914e-02
2.155032008886337280e-02
2.176861837506294250e-02
1.977504603564739227e-02
1.969925127923488617e-02
1.699428074061870575e-02
2.581459656357765198e-02
1.335142925381660461e-02
1.778100058436393738e-02
1.372173242270946503e-02
1.899180747568607330e-02
1.757004857063293457e-02
1.352525409311056137e-02
1.613589935004711151e-02
1.611132174730300903e-02
1.938052661716938019e-02
1.747484318912029266e-02
1.452367566525936127e-02
1.641138643026351929e-02
1.495528407394886017e-02
1.871511340141296387e-02
1.926946453750133514e-02
1.678421720862388611e-02
1.687918044626712799e-02
1.785436645150184631e-02
1.723418198525905609e-02
9.829988703131675720e-03
1.589916273951530457e-02
1.832801848649978638e-02
1.847931183874607086e-02
1.862928271293640137e-02
1.815756969153881073e-02
1.756267994642257690e-02
1.758087798953056335e-02
2.148349210619926453e-02
2.148782275617122650e-02
1.695663668215274811e-02
1.863620430231094360e-02
1.095100026577711105e-02
1.246760785579681396e-02
1.080810651183128357e-02
1.266789250075817108e-02
1.222497597336769104e-02
1.473113987594842911e-02
1.175851374864578247e-02
1.318849157541990280e-02
1.276902481913566589e-02
1.638495735824108124e-02
1.207297295331954956e-02
1.586130261421203613e-02
1.240961439907550812e-02
1.849061995744705200e-02
1.362581830471754074e-02
1.542187947779893875e-02
1.870921626687049866e-02
1.164496969431638718e-02
2.123437821865081787e-02
2.348320186138153076e-02
1.703433692455291748e-02
2.444893121719360352e-02
2.266853861510753632e-02
2.280752174556255341e-02
7.986679673194885254e-03
2.325156703591346741e-02
2.523821592330932617e-02
2.403672412037849426e-02
2.576373890042304993e-02
2.390503883361816406e-02
2.868589572608470917e-02
2.284073829650878906e-02
1.109391544014215469e-02
1.215258147567510605e-02
1.102519966661930084e-02
1.189940609037876129e-02
1.230069343000650406e-02
1.307200826704502106e-02
1.186575088649988174e-02
1.220901310443878174e-02
1.340053882449865341e-02
1.725250110030174255e-02
1.385407894849777222e-02
1.402022410184144974e-02
1.540205348283052444e-02
1.694599911570549011e-02
1.584159210324287415e-02
1.847437024116516113e-02
1.858753524720668793e-02
1.745696179568767548e-02
2.207552641630172729e-02
2.160830050706863403e-02
1.300852000713348389e-02
1.937684789299964905e-02
1.899734884500503540e-02
2.349426224827766418e-02
2.380593679845333099e-02
2.205945737659931183e-02
2.126755192875862122e-02
2.442546188831329346e-02
2.697352133691310883e-02
2.346718497574329376e-02
2.565062604844570160e-02
2.594838291406631470e-02
2.187041938304901123e-02
1.887468248605728149e-02
1.862498000264167786e-02
2.149311453104019165e-02
1.646484062075614929e-02
2.554058283567428589e-02
1.844425871968269348e-02
2.265844866633415222e-02
1.910611987113952637e-02
2.267991565167903900e-02
1.962882280349731445e-02
2.903669327497482300e-02
2.144396118819713593e-02
2.798564732074737549e-02
2.288492396473884583e-02
2.591273933649063110e-02
2.817138284444808960e-02
2.350201457738876343e-02
2.857211604714393616e-02
3.244714811444282532e-02
3.057068586349487305e-02
3.638295084238052368e-02
3.171279281377792358e-02
2.940889075398445129e-02
1.080222707241773605e-02
2.834148705005645752e-02
3.243466094136238098e-02
3.208275511860847473e-02
3.376417234539985657e-02
2.886622212827205658e-02
3.505402803421020508e-02
2.801329642534255981e-02
2.006196230649948120e-02
1.804089546203613281e-02
2.101241052150726318e-02
1.924738660454750061e-02
1.857730932533740997e-02
2.297565713524818420e-02
1.952584832906723022e-02
2.443097718060016632e-02
2.304040640592575073e-02
2.517980709671974182e-02
2.438394725322723389e-02
2.519259043037891388e-02
2.736774832010269165e-02
2.455993369221687317e-02
3.101153112947940826e-02
3.164003789424896240e-02
2.777495607733726501e-02
3.310565650463104248e-02
2.985549718141555786e-02
2.823333628475666046e-02
1.974128559231758118e-02
2.670622617006301880e-02
2.662797085940837860e-02
3.101525269448757172e-02
3.111416287720203400e-02
2.879900112748146057e-02
2.904983237385749817e-02
2.837237901985645294e-02
4.031825065612792969e-02
3.022846579551696777e-02
2.861059270799160004e-02
3.167470544576644897e-02
1.383560337126255035e-02
1.638457551598548889e-02
1.679511554539203644e-02
1.577391847968101501e-02
1.667795144021511078e-02
2.032545953989028931e-02
1.703377254307270050e-02
1.838662661612033844e-02
1.554192975163459778e-02
1.881110854446887970e-02
1.623720303177833557e-02
2.504102699458599091e-02
1.504136435687541962e-02
2.336141094565391541e-02
1.450989209115505219e-02
1.821267046034336090e-02
1.922365650534629822e-02
1.123650744557380676e-02
1.921349018812179565e-02
2.191844210028648376e-02
2.305385097861289978e-02
2.051266469061374664e-02
1.822964102029800415e-02
1.724574714899063110e-02
7.409902289509773254e-03
1.635280624032020569e-02
1.813180558383464813e-02
1.829424500465393066e-02
1.812364161014556885e-02
1.656791940331459045e-02
2.061260864138603210e-02
1.602555811405181885e-02
1.626013033092021942e-02
1.644039526581764221e-02
1.797347515821456909e-02
1.577673293650150299e-02
1.859336346387863159e-02
2.130236476659774780e-02
1.999343000352382660e-02
2.085156366229057312e-02
2.065792679786682129e-02
2.344563417136669159e-02
2.450512722134590149e-02
1.686575636267662048e-02
2.280097454786300659e-02
1.983175612986087799e-02
2.434318698942661285e-02
2.116623893380165100e-02
1.978211849927902222e-02
2.805107459425926208e-02
2.083647251129150391e-02
1.852031424641609192e-02
1.090582832694053650e-02
1.714021712541580200e-02
1.609682105481624603e-02
1.766812987625598907e-02
2.296572364866733551e-02
1.581802405416965485e-02
1.544192433357238770e-02
1.617245748639106750e-02
2.162072993814945221e-02
1.719266548752784729e-02
1.859488338232040405e-02
1.771112903952598572e-02
1.078113168478012085e-02
1.169769838452339172e-02
1.055744104087352753e-02
1.274827495217323303e-02
1.257062237709760666e-02
1.261139940470457077e-02
1.301259826868772507e-02
1.301337406039237976e-02
1.453460659831762314e-02
1.435222662985324860e-02
1.289705932140350342e-02
1.778460852801799774e-02
1.374648697674274445e-02
1.779810525476932526e-02
1.345424540340900421e-02
1.548100262880325317e-02
1.919077523052692413e-02
1.475990191102027893e-02
2.106465026736259460e-02
2.421792596578598022e-02
1.925987936556339264e-02
2.795481495559215546e-02
2.722767554223537445e-02
2.539162337779998779e-02
8.297376334667205811e-03
2.733635529875755310e-02
2.910535782575607300e-02
2.913043275475502014e-02
2.883446216583251953e-02
2.615015581250190735e-02
3.533392772078514099e-02
2.472747117280960083e-02
1.135243102908134460e-02
1.091830711811780930e-02
1.064197160303592682e-02
1.266027241945266724e-02
1.300311647355556488e-02
1.086180284619331360e-02
1.211326941847801208e-02
1.284357998520135880e-02
1.377284526824951172e-02
1.363493129611015320e-02
1.320600695908069611e-02
1.650222763419151306e-02
1.521110255271196365e-02
1.691063120961189270e-02
1.644386351108551025e-02
1.829026639461517334e-02
1.884271577000617981e-02
1.944653689861297607e-02
2.118403837084770203e-02
2.214397490024566650e-02
1.565334573388099670e-02
2.175910398364067078e-02
2.190043963491916656e-02
2.498157694935798645e-02
2.520344406366348267e-02
2.551626600325107574e-02
2.603775262832641602e-02
2.853182330727577209e-02
3.879188001155853271e-02
2.911788597702980042e-02
2.878667414188385010e-02
3.190330043435096741e-02
1.646794192492961884e-02
1.830421760678291321e-02
1.778368279337882996e-02
1.864803954958915710e-02
1.634642109274864197e-02
2.372116222977638245e-02
1.739079132676124573e-02
1.847931928932666779e-02
1.755084842443466187e-02
2.387615852057933807e-02
1.741992495954036713e-02
2.930737286806106567e-02
1.653546094894409180e-02
2.793729119002819061e-02
1.783210225403308868e-02
2.676500938832759857e-02
2.805651724338531494e-02
1.349874865263700485e-02
2.928676828742027283e-02
3.056964278221130371e-02
2.509383670985698700e-02
3.543342649936676025e-02
3.199770301580429077e-02
2.909491211175918579e-02
9.074276313185691833e-03
3.123636543750762939e-02
3.037744387984275818e-02
2.949818223714828491e-02
2.913408353924751282e-02
2.866116538643836975e-02
2.655657939612865448e-02
2.523650601506233215e-02
1.708946004509925842e-02
1.588163897395133972e-02
1.797633990645408630e-02
1.664754375815391541e-02
1.857028529047966003e-02
2.312260866165161133e-02
2.015893533825874329e-02
1.957171410322189331e-02
2.488652244210243225e-02
2.606329880654811859e-02
2.470499277114868164e-02
2.147211879491806030e-02
2.613505348563194275e-02
2.475084550678730011e-02
2.777000889182090759e-02
3.160659223794937134e-02
2.606375887989997864e-02
3.063721396028995514e-02
3.132020682096481323e-02
2.876599505543708801e-02
1.327254995703697205e-02
2.534447424113750458e-02
2.833420410752296448e-02
2.905294112861156464e-02
2.552575804293155670e-02
2.791592478752136230e-02
2.700113505125045776e-02
2.561167255043983459e-02
2.889406681060791016e-02
3.078964725136756897e-02
2.727355062961578369e-02
2.585111558437347412e-02
1.570262759923934937e-02
1.769781857728958130e-02
1.684877276420593262e-02
1.727948151528835297e-02
1.608231477439403534e-02
2.430623397231101990e-02
1.518000569194555283e-02
1.694305799901485443e-02
1.396076846867799759e-02
2.254661172628402710e-02
1.397984102368354797e-02
2.217965014278888702e-02
1.488445326685905457e-02
2.753650210797786713e-02
1.430003065615892410e-02
2.518238499760627747e-02
2.330005913972854614e-02
1.183615438640117645e-02
2.465057745575904846e-02
2.799980528652667999e-02
2.063939906656742096e-02
3.270700573921203613e-02
2.946369163691997528e-02
3.009814955294132233e-02
9.119145572185516357e-03
3.195711970329284668e-02
2.808545157313346863e-02
3.328857943415641785e-02
3.069414198398590088e-02
3.173076361417770386e-02
2.517635747790336609e-02
3.517384454607963562e-02
1.736667379736900330e-02
1.535268686711788177e-02
1.721766777336597443e-02
1.606599241495132446e-02
1.917612180113792419e-02
2.187620848417282104e-02
1.866857334971427917e-02
1.809924840927124023e-02
2.024313062429428101e-02
2.375544793903827667e-02
1.934238709509372711e-02
1.620880886912345886e-02
2.306282706558704376e-02
2.349496819078922272e-02
2.297630161046981812e-02
2.739628031849861145e-02
2.362797036767005920e-02
2.190477028489112854e-02
2.766261994838714600e-02
2.421621792018413544e-02
1.197142899036407471e-02
2.512590028345584869e-02
2.341642417013645172e-02
2.671412564814090729e-02
2.475236169993877411e-02
2.879424765706062317e-02
2.821232192218303680e-02
2.465263009071350098e-02
3.257206082344055176e-02
2.667291462421417236e-02
2.448737435042858124e-02
2.888221666216850281e-02
1.070282235741615295e-02
1.270714960992336273e-02
1.163436938077211380e-02
1.056941039860248566e-02
1.328009273856878281e-02
1.042398065328598022e-02
1.392571255564689636e-02
1.502543780952692032e-02
1.430832874029874802e-02
1.714595034718513489e-02
1.486578397452831268e-02
2.021386474370956421e-02
1.474928390234708786e-02
2.202614769339561462e-02
1.974817179143428802e-02
1.817933842539787292e-02
1.904973015189170837e-02
1.203064061701297760e-02
1.848748326301574707e-02
2.180057391524314880e-02
2.295135892927646637e-02
1.841517537832260132e-02
1.728859916329383850e-02
1.718508824706077576e-02
7.031418848782777786e-03
1.612072810530662537e-02
1.423256937414407730e-02
1.608823239803314209e-02
1.696611568331718445e-02
1.597773283720016479e-02
1.561124622821807861e-02
1.543091796338558197e-02
1.177482120692729950e-02
1.115296687930822372e-02
9.395785629749298096e-03
1.253726892173290253e-02
1.492473762482404709e-02
1.429634355008602142e-02
1.499718800187110901e-02
1.238586008548736572e-02
1.887624710798263550e-02
1.221879664808511734e-02
1.896839030086994171e-02
2.011107280850410461e-02
2.153292298316955566e-02
1.281600911170244217e-02
2.047983556985855103e-02
2.006874233484268188e-02
1.859944127500057220e-02
2.449555322527885437e-02
1.877110451459884644e-02
1.577697135508060455e-02
1.463596336543560028e-02
1.583237200975418091e-02
1.611803472042083740e-02
1.697570458054542542e-02
1.990351267158985138e-02
1.359906326979398727e-02
1.598601043224334717e-02
1.650184020400047302e-02
1.510746311396360397e-02
1.572935283184051514e-02
1.522986963391304016e-02
1.436091307550668716e-02
1.669598184525966644e-02
1.817624270915985107e-02
2.190943248569965363e-02
1.612430065870285034e-02
1.590283401310443878e-02
1.356402318924665451e-02
1.804829575121402740e-02
2.005075290799140930e-02
1.572822220623493195e-02
2.416549250483512878e-02
1.517717912793159485e-02
2.303372696042060852e-02
1.541060209274291992e-02
2.756212837994098663e-02
2.012879028916358948e-02
2.158925682306289673e-02
2.034521847963333130e-02
1.229313760995864868e-02
2.363782748579978943e-02
2.328508906066417694e-02
2.450107224285602570e-02
2.092487365007400513e-02
1.936631463468074799e-02
1.815643534064292908e-02
7.987666875123977661e-03
1.634247973561286926e-02
1.634071208536624908e-02
1.850238256156444550e-02
1.652048528194427490e-02
1.680173352360725403e-02
1.670073345303535461e-02
1.814419776201248169e-02
2.040591090917587280e-02
1.676698401570320129e-02
1.460076868534088135e-02
1.884073205292224884e-02
2.044228464365005493e-02
2.078580670058727264e-02
2.261112630367279053e-02
1.368073746562004089e-02
2.543584816157817841e-02
1.412335224449634552e-02
2.380187436938285828e-02
2.537200599908828735e-02
2.709507197141647339e-02
1.421811059117317200e-02
1.971502229571342468e-02
2.252230979502201080e-02
2.024980634450912476e-02
2.908299863338470459e-02
2.160114049911499023e-02
1.844338141381740570e-02
1.559410057961940765e-02
1.683386042714118958e-02
1.850207336246967316e-02
1.992005109786987305e-02
2.037885040044784546e-02
1.781331375241279602e-02
1.635630801320075989e-02
1.860557124018669128e-02
1.628239825367927551e-02
1.658306270837783813e-02
1.751983165740966797e-02
1.671259105205535889e-02
9.797343984246253967e-03
1.140238717198371887e-02
8.981131017208099365e-03
8.965757675468921661e-03
9.058210998773574829e-03
8.790325373411178589e-03
8.954036049544811249e-03
1.068910025060176849e-02
1.110757701098918915e-02
1.025356817990541458e-02
1.085065864026546478e-02
1.558659505099058151e-02
1.049795933067798615e-02
1.366550475358963013e-02
1.808097213506698608e-02
1.877412945032119751e-02
2.088278904557228088e-02
1.118262670934200287e-02
2.453265152871608734e-02
2.792957797646522522e-02
2.057914435863494873e-02
2.433909103274345398e-02
2.399796992540359497e-02
2.483700029551982880e-02
8.317365311086177826e-03
2.596279233694076538e-02
2.504567429423332214e-02
2.669850364327430725e-02
2.622956223785877228e-02
2.617615461349487305e-02
2.644848637282848358e-02
2.418037131428718567e-02
9.673684835433959961e-03
9.173468686640262604e-03
8.851589635014533997e-03
1.046911068260669708e-02
1.145524904131889343e-02
9.253961965441703796e-03
1.044376008212566376e-02
8.310094475746154785e-03
1.291898638010025024e-02
8.089534007012844086e-03
1.176173985004425049e-02
1.572836749255657196e-02
1.230978593230247498e-02
1.251078397035598755e-02
1.779046095907688141e-02
2.034022845327854156e-02
1.998850889503955841e-02
1.531687192618846893e-02
2.098785340785980225e-02
1.877280324697494507e-02
1.627424918115139008e-02
2.273928560316562653e-02
2.601625770330429077e-02
2.571543678641319275e-02
1.883934810757637024e-02
2.280702814459800720e-02
2.714575082063674927e-02
2.559198252856731415e-02
2.632807381451129913e-02
2.641363441944122314e-02
2.433979511260986328e-02
2.592905610799789429e-02
9.957637637853622437e-03
1.114168856292963028e-02
1.020047254860401154e-02
9.488377720117568970e-03
1.152687892317771912e-02
1.100360695272684097e-02
1.345505937933921814e-02
1.336974091827869415e-02
1.419330388307571411e-02
1.386724226176738739e-02
1.471553090959787369e-02
1.886151358485221863e-02
1.524784415960311890e-02
2.120432630181312561e-02
1.871110312640666962e-02
2.021482028067111969e-02
2.159313298761844635e-02
1.485110260546207428e-02
2.295868843793869019e-02
2.472578361630439758e-02
2.664846554398536682e-02
2.083467319607734680e-02
2.000871114432811737e-02
2.080762013792991638e-02
8.136526681482791901e-03
1.713985577225685120e-02
1.643704995512962341e-02
1.856712251901626587e-02
1.734566874802112579e-02
1.781372353434562683e-02
1.955007016658782959e-02
1.996963284909725189e-02
1.020978018641471863e-02
1.005781069397926331e-02
9.720123372972011566e-03
1.081980112940073013e-02
1.271089725196361542e-02
1.199915260076522827e-02
1.166338287293910980e-02
1.156518049538135529e-02
1.768797636032104492e-02
1.112652756273746490e-02
1.749372854828834534e-02
1.851117610931396484e-02
1.829391717910766602e-02
1.424254849553108215e-02
2.074395120143890381e-02
2.384408190846443176e-02
1.921563595533370972e-02
2.787611074745655060e-02
2.173943072557449341e-02
1.994945481419563293e-02
1.508408784866333008e-02
1.757336407899856567e-02
1.882165670394897461e-02
1.855037361383438110e-02
2.037103287875652313e-02
1.877871155738830566e-02
1.683879271149635315e-02
1.844308897852897644e-02
1.894820481538772583e-02
1.885840296745300293e-02
2.052921056747436523e-02
1.744380965828895569e-02
1.023334916681051254e-02
1.388890109956264496e-02
1.404415629804134369e-02
1.273200474679470062e-02
1.412744075059890747e-02
1.346364058554172516e-02
1.422121468931436539e-02
1.622338406741619110e-02
1.535086799412965775e-02
1.370446290820837021e-02
1.400399394333362579e-02
1.699343696236610413e-02
1.744445413351058960e-02
1.599883846938610077e-02
2.120754308998584747e-02
2.783261053264141083e-02
2.500313892960548401e-02
1.541130524128675461e-02
3.634241968393325806e-02
3.473762422800064087e-02
2.742216363549232483e-02
4.561920836567878723e-02
3.496285527944564819e-02
3.820101171731948853e-02
1.157272420823574066e-02
3.957202285528182983e-02
3.930404037237167358e-02
3.897729516029357910e-02
4.566385224461555481e-02
4.170954972505569458e-02
3.977179527282714844e-02
3.359283506870269775e-02
1.097603328526020050e-02
1.227296516299247742e-02
1.322033908218145370e-02
1.453590951859951019e-02
1.477180980145931244e-02
1.558789797127246857e-02
1.463713124394416809e-02
1.414176076650619507e-02
1.706598512828350067e-02
1.401753444224596024e-02
1.619075611233711243e-02
1.783302426338195801e-02
1.755828596651554108e-02
1.536594051867723465e-02
2.090890333056449890e-02
2.722922898828983307e-02
2.310525067150592804e-02
1.953514665365219116e-02
3.175170719623565674e-02
2.583702281117439270e-02
2.119196020066738129e-02
3.660942614078521729e-02
3.740072250366210938e-02
3.641834482550621033e-02
2.356700599193572998e-02
3.007277660071849823e-02
4.605942219495773315e-02
3.949417173862457275e-02
3.722652792930603027e-02
4.789757728576660156e-02
3.837293013930320740e-02
4.238029569387435913e-02
1.608768291771411896e-02
1.758526451885700226e-02
1.908187940716743469e-02
1.356925629079341888e-02
1.438250392675399780e-02
1.265850104391574860e-02
1.536950469017028809e-02
1.766406372189521790e-02
1.371335610747337341e-02
1.960461586713790894e-02
1.046870276331901550e-02
1.779526472091674805e-02
1.190706342458724976e-02
2.130597829818725586e-02
1.425399165600538254e-02
1.558363065123558044e-02
1.590696722269058228e-02
7.985431700944900513e-03
1.538522355258464813e-02
1.746451109647750854e-02
1.765499636530876160e-02
1.488645095378160477e-02
1.344586815685033798e-02
1.338312216103076935e-02
6.367828231304883957e-03
1.246290374547243118e-02
1.199736353009939194e-02
1.311037037521600723e-02
1.226093061268329620e-02
1.226164959371089935e-02
1.174172852188348770e-02
1.440353598445653915e-02
1.795359700918197632e-02
1.518868096172809601e-02
1.379196532070636749e-02
1.989391446113586426e-02
1.714459061622619629e-02
1.698615029454231262e-02
1.666779257357120514e-02
1.196677144616842270e-02
1.915178447961807251e-02
1.075967028737068176e-02
1.592522114515304565e-02
1.733860000967979431e-02
2.103446982800960541e-02
9.646659716963768005e-03
1.555673032999038696e-02
1.649310998618602753e-02
1.405082270503044128e-02
2.203506231307983398e-02
1.437895372509956360e-02
1.148027926683425903e-02
9.899469092488288879e-03
1.219769287854433060e-02
1.293087657541036606e-02
1.340077258646488190e-02
1.812606863677501678e-02
1.189413201063871384e-02
1.192037668079137802e-02
1.289789285510778427e-02
1.172780618071556091e-02
1.236919313669204712e-02
1.313322596251964569e-02
1.196081377565860748e-02
1.361202914267778397e-02
1.384305767714977264e-02
1.543302927166223526e-02
1.215361990034580231e-02
1.383806951344013214e-02
1.072407513856887817e-02
1.421894505620002747e-02
1.672495715320110321e-02
1.701004616916179657e-02
2.186366170644760132e-02
1.635657995939254761e-02
2.346713468432426453e-02
1.951605826616287231e-02
2.698900178074836731e-02
2.878990583121776581e-02
2.116523869335651398e-02
2.403635904192924500e-02
1.438192650675773621e-02
2.126993238925933838e-02
2.847218886017799377e-02
3.026048466563224792e-02
1.882850937545299530e-02
1.617137715220451355e-02
1.586635038256645203e-02
6.828220561146736145e-03
1.335858087986707687e-02
1.359808631241321564e-02
1.448211632668972015e-02
1.361200213432312012e-02
1.328091323375701904e-02
1.473054848611354828e-02
1.550618279725313187e-02
1.480844151228666306e-02
1.175041124224662781e-02
1.168279908597469330e-02
1.544963195919990540e-02
1.620199717581272125e-02
1.689038053154945374e-02
1.857148110866546631e-02
1.258347928524017334e-02
2.268956787884235382e-02
1.351494994014501572e-02
2.418789081275463104e-02
2.421272918581962585e-02
2.801060676574707031e-02
1.601338014006614685e-02
2.980243787169456482e-02
2.420421130955219269e-02
2.696708589792251587e-02
3.402617573738098145e-02
1.830567792057991028e-02
2.053893916308879852e-02
1.439499761909246445e-02
1.513485051691532135e-02
1.453399099409580231e-02
1.790097728371620178e-02
2.014763094484806061e-02
1.470818836241960526e-02
1.461989805102348328e-02
1.595771126449108124e-02
1.337302103638648987e-02
1.350522786378860474e-02
1.515997201204299927e-02
1.457679923623800278e-02
1.636859029531478882e-02
1.811342686414718628e-02
1.874490454792976379e-02
1.482118852436542511e-02
2.003852091729640961e-02
1.690147630870342255e-02
1.829077675938606262e-02
2.158221602439880371e-02
1.879442669451236725e-02
2.654810249805450439e-02
1.636053994297981262e-02
2.333450689911842346e-02
1.775946840643882751e-02
2.834631688892841339e-02
2.099232748150825500e-02
2.194784581661224365e-02
1.932915300130844116e-02
1.334946975111961365e-02
2.162170968949794769e-02
2.130956389009952545e-02
2.349535003304481506e-02
2.053949236869812012e-02
1.997660286724567413e-02
1.932200789451599121e-02
7.482744753360748291e-03
1.701585017144680023e-02
1.683869957923889160e-02
1.849575340747833252e-02
1.689304038882255554e-02
1.847468130290508270e-02
1.941365376114845276e-02
1.805911213159561157e-02
1.605017483234405518e-02
1.733855530619621277e-02
1.442553102970123291e-02
1.603464968502521515e-02
2.039090357720851898e-02
2.171083912253379822e-02
2.214608341455459595e-02
1.871925964951515198e-02
2.439092844724655151e-02
1.727810129523277283e-02
2.263933420181274414e-02
2.285908721387386322e-02
2.542943507432937622e-02
1.675013266503810883e-02
2.012523636221885681e-02
2.100334316492080688e-02
1.899042725563049316e-02
3.010843321681022644e-02
2.055694349110126495e-02
1.773298159241676331e-02
1.512370537966489792e-02
1.714391820132732391e-02
1.920098438858985901e-02
1.906613633036613464e-02
1.961383037269115448e-02
1.989523507654666901e-02
1.671184226870536804e-02
1.891178637742996216e-02
1.758087053894996643e-02
1.716557517647743225e-02
2.118085883557796478e-02
1.748986355960369110e-02
1.396683603525161743e-02
1.496724504977464676e-02
1.493412256240844727e-02
1.673849113285541534e-02
1.537407375872135162e-02
2.077423781156539917e-02
1.571668684482574463e-02
2.139771729707717896e-02
1.951765269041061401e-02
2.411830238997936249e-02
2.199182845652103424e-02
2.590643800795078278e-02
2.518030442297458649e-02
2.729331888258457184e-02
2.620140835642814636e-02
2.609712630510330200e-02
2.904269844293594360e-02
2.614472433924674988e-02
2.786970883607864380e-02
2.567629143595695496e-02
2.763801626861095428e-02
2.997392788529396057e-02
2.752925083041191101e-02
2.833629213273525238e-02
6.725340615957975388e-03
2.802764996886253357e-02
2.589352801442146301e-02
2.593174017965793610e-02
2.969347313046455383e-02
2.859538793563842773e-02
2.256958559155464172e-02
2.860559150576591492e-02
1.281694043427705765e-02
1.386266853660345078e-02
1.458248123526573181e-02
1.439033821225166321e-02
1.366934832185506821e-02
2.381766401231288910e-02
1.302444562315940857e-02
2.062832191586494446e-02
1.353860925883054733e-02
2.604086324572563171e-02
1.405644975602626801e-02
2.581434696912765503e-02
2.559689246118068695e-02
1.872758194804191589e-02
2.649116888642311096e-02
2.547583915293216705e-02
2.952795475721359253e-02
2.687870338559150696e-02
2.781480923295021057e-02
1.507697533816099167e-02
2.794637158513069153e-02
2.866557985544204712e-02
2.768265083432197571e-02
2.855419181287288666e-02
1.786395534873008728e-02
2.966320142149925232e-02
2.804616093635559082e-02
2.862605638802051544e-02
2.811348065733909607e-02
2.845699340105056763e-02
2.578258700668811798e-02
2.843663096427917480e-02
1.740260422229766846e-02
1.509781368076801300e-02
1.617395319044589996e-02
1.899119094014167786e-02
1.943299174308776855e-02
1.738017797470092773e-02
2.181816846132278442e-02
2.085067704319953918e-02
2.486626803874969482e-02
1.856576278805732727e-02
2.358265593647956848e-02
1.977352425456047058e-02
1.976965367794036865e-02
2.381863445043563843e-02
1.928115636110305786e-02
1.892445981502532959e-02
1.918778568506240845e-02
1.886933483183383942e-02
2.064516209065914154e-02
2.360974252223968506e-02
1.948959566652774811e-02
1.963480561971664429e-02
1.940388977527618408e-02
1.954860240221023560e-02
6.917435210198163986e-03
1.890426501631736755e-02
1.988598331809043884e-02
1.915050297975540161e-02
1.875972002744674683e-02
1.982594281435012817e-02
1.662514731287956238e-02
1.857328787446022034e-02
1.846750080585479736e-02
1.517080422490835190e-02
1.720959693193435669e-02
1.428623497486114502e-02
1.396510936319828033e-02
2.647748775780200958e-02
1.162752415984869003e-02
1.568466983735561371e-02
1.285028643906116486e-02
2.109369635581970215e-02
1.244818512350320816e-02
1.810250803828239441e-02
2.017838135361671448e-02
1.485132239758968353e-02
1.921796053647994995e-02
2.071157470345497131e-02
1.974510587751865387e-02
1.989620737731456757e-02
1.982738636434078217e-02
1.252696849405765533e-02
1.934887096285820007e-02
1.896681264042854309e-02
2.121742255985736847e-02
2.053744904696941376e-02
1.850752905011177063e-02
2.145446091890335083e-02
1.977413520216941833e-02
2.080743014812469482e-02
2.038837596774101257e-02
2.175303176045417786e-02
1.895341649651527405e-02
2.105539292097091675e-02
1.388355903327465057e-02
1.344656944274902344e-02
1.548188552260398865e-02
1.685502007603645325e-02
1.839480549097061157e-02
1.605823636054992676e-02
1.887997984886169434e-02
2.485832758247852325e-02
2.592478133738040924e-02
2.166148088872432709e-02
2.762892842292785645e-02
2.160435356199741364e-02
2.080958150327205658e-02
2.744784578680992126e-02
2.196142822504043579e-02
2.162925526499748230e-02
2.354200929403305054e-02
2.161366865038871765e-02
2.272890135645866394e-02
2.421583421528339386e-02
2.199226617813110352e-02
2.315204963088035583e-02
2.200840599834918976e-02
2.252617850899696350e-02
6.816805340349674225e-03
2.399317733943462372e-02
2.202347479760646820e-02
2.369451150298118591e-02
2.120230905711650848e-02
2.341991290450096130e-02
1.896571367979049683e-02
2.027979120612144470e-02
1.432918943464756012e-02
1.412868499755859375e-02
1.498382817953824997e-02
1.339211314916610718e-02
1.345514506101608276e-02
2.455779165029525757e-02
1.313242875039577484e-02
1.628299057483673096e-02
1.299694925546646118e-02
2.337630651891231537e-02
1.443053968250751495e-02
1.939849555492401123e-02
2.114916220307350159e-02
1.491156406700611115e-02
2.182976342737674713e-02
2.068204805254936218e-02
2.167390286922454834e-02
2.045454084873199463e-02
2.067942172288894653e-02
1.326488796621561050e-02
2.159618772566318512e-02
2.246601879596710205e-02
2.118819952011108398e-02
2.264408208429813385e-02
1.839944720268249512e-02
2.308106049895286560e-02
2.384253591299057007e-02
2.222546190023422241e-02
2.339601330459117889e-02
2.118954434990882874e-02
2.022319473326206207e-02
2.312639728188514709e-02
1.436457037925720215e-02
1.409249845892190933e-02
1.631631515920162201e-02
1.694815419614315033e-02
1.615978963673114777e-02
1.970173791050910950e-02
1.829570531845092773e-02
2.280637994408607483e-02
2.246717363595962524e-02
2.521627582609653473e-02
2.724178694188594818e-02
2.996330894529819489e-02
2.586692012846469879e-02
3.196758776903152466e-02
2.701551094651222229e-02
2.692743390798568726e-02
3.050204552710056305e-02
2.619205415248870850e-02
2.814972214400768280e-02
2.936479821801185608e-02
2.730110660195350647e-02
2.997004240751266479e-02
2.925867214798927307e-02
2.759580314159393311e-02
7.366780191659927368e-03
2.800696343183517456e-02
2.756281569600105286e-02
2.816765755414962769e-02
3.125017508864402771e-02
2.945091202855110168e-02
2.428101748228073120e-02
2.691476605832576752e-02
1.317441463470458984e-02
1.360823772847652435e-02
1.382246986031532288e-02
1.611511968076229095e-02
1.368985045701265335e-02
2.253642491996288300e-02
1.323757227510213852e-02
1.966128125786781311e-02
1.437501143664121628e-02
2.710255980491638184e-02
1.547134481370449066e-02
2.606572583317756653e-02
2.546615153551101685e-02
1.902136765420436859e-02
2.759682387113571167e-02
2.768413722515106201e-02
2.990189939737319946e-02
2.880910970270633698e-02
2.845650911331176758e-02
1.678678393363952637e-02
3.078933060169219971e-02
2.802567742764949799e-02
2.874353900551795959e-02
2.781254798173904419e-02
1.873071864247322083e-02
2.813923358917236328e-02
2.801106497645378113e-02
2.686769887804985046e-02
2.983538433909416199e-02
2.810353972017765045e-02
2.939485758543014526e-02
2.929374948143959045e-02
1.142958551645278931e-02
1.080361194908618927e-02
1.209047902375459671e-02
1.735431887209415436e-02
1.155971828848123550e-02
1.719150692224502563e-02
1.613138057291507721e-02
1.970762014389038086e-02
1.941089704632759094e-02
1.928799226880073547e-02
2.261575870215892792e-02
2.128798514604568481e-02
2.177513018250465393e-02
2.689828351140022278e-02
2.229979634284973145e-02
1.952682435512542725e-02
2.034178748726844788e-02
2.131316065788269043e-02
2.279320545494556427e-02
2.966627851128578186e-02
2.213759347796440125e-02
2.166775614023208618e-02
2.208896353840827942e-02
2.155177667737007141e-02
8.058933541178703308e-03
2.111245505511760712e-02
2.201385237276554108e-02
2.199667505919933319e-02
2.209252677857875824e-02
2.035422995686531067e-02
2.189665846526622772e-02
2.036538720130920410e-02
1.117218472063541412e-02
1.002434734255075455e-02
1.238708943128585815e-02
1.600443385541439056e-02
1.071142498403787613e-02
2.124304138123989105e-02
1.442648842930793762e-02
1.661761850118637085e-02
1.361473277211189270e-02
2.230466157197952271e-02
1.533176936209201813e-02
2.147080935537815094e-02
2.225108444690704346e-02
1.587868109345436096e-02
2.002421766519546509e-02
2.246590703725814819e-02
2.224988117814064026e-02
2.303753793239593506e-02
2.250257134437561035e-02
1.497336849570274353e-02
2.079926244914531708e-02
2.146402001380920410e-02
2.092847228050231934e-02
2.210058085620403290e-02
1.817471906542778015e-02
2.101523615419864655e-02
2.086708508431911469e-02
2.022183500230312347e-02
2.241308614611625671e-02
2.066433802247047424e-02
2.077085897326469421e-02
2.187486924231052399e-02
1.688900962471961975e-02
1.692852005362510681e-02
1.634817942976951599e-02
1.711821928620338440e-02
1.867252588272094727e-02
1.680881157517433167e-02
2.160489559173583984e-02
2.267940714955329895e-02
2.428405731916427612e-02
2.010948956012725830e-02
2.542602270841598511e-02
2.280564233660697937e-02
1.926913298666477203e-02
2.502359822392463684e-02
1.927151530981063843e-02
2.018979191780090332e-02
2.168240398168563843e-02
1.884456165134906769e-02
2.051992155611515045e-02
2.603326737880706787e-02
1.938011869788169861e-02
1.978391222655773163e-02
2.270430326461791992e-02
2.013796195387840271e-02
7.537492550909519196e-03
2.087016031146049500e-02
2.266835793852806091e-02
1.917004026472568512e-02
2.059352211654186249e-02
2.102716639637947083e-02
1.883332431316375732e-02
2.090794220566749573e-02
1.862520910799503326e-02
1.610696129500865936e-02
1.491133216768503189e-02
1.601994782686233521e-02
1.292399782687425613e-02
2.507490664720535278e-02
1.150976121425628662e-02
1.767757162451744080e-02
1.295915339142084122e-02
2.119076810777187347e-02
1.261273026466369629e-02
1.832992210984230042e-02
2.024538069963455200e-02
1.519197039306163788e-02
1.938731595873832703e-02
1.860977336764335632e-02
2.250721678137779236e-02
2.169177867472171783e-02
1.990872994065284729e-02
1.204803865402936935e-02
1.980106905102729797e-02
2.005511522293090820e-02
2.035029605031013489e-02
2.008311636745929718e-02
1.875612698495388031e-02
2.101593464612960815e-02
2.098251134157180786e-02
2.036316879093647003e-02
1.953538320958614349e-02
2.246910519897937775e-02
2.135492861270904541e-02
2.071641013026237488e-02
1.162261050194501877e-02
1.122992485761642456e-02
1.374172326177358627e-02
1.448038499802350998e-02
1.357463560998439789e-02
1.470769662410020828e-02
1.546970754861831665e-02
2.145789749920368195e-02
2.264257520437240601e-02
2.341783046722412109e-02
2.549852803349494934e-02
2.588215470314025879e-02
2.059207484126091003e-02
3.188145160675048828e-02
2.111281454563140869e-02
2.296477556228637695e-02
2.516592293977737427e-02
2.508917823433876038e-02
2.497416362166404724e-02
2.740153670310974121e-02
2.362639084458351135e-02
2.550925314426422119e-02
2.555166184902191162e-02
2.472196333110332489e-02
7.062260061502456665e-03
2.595178782939910889e-02
2.283944189548492432e-02
2.387757413089275360e-02
2.496144175529479980e-02
2.345303818583488464e-02
2.184228599071502686e-02
2.247662842273712158e-02
1.057571172714233398e-02
1.075158454477787018e-02
1.281878165900707245e-02
1.384180504828691483e-02
1.153417024761438370e-02
2.107628062367439270e-02
1.284804381430149078e-02
1.837481185793876648e-02
1.263816189020872116e-02
2.419668436050415039e-02
1.412437204271554947e-02
2.247211337089538574e-02
2.282190695405006409e-02
1.543840207159519196e-02
2.250939980149269104e-02
2.361145615577697754e-02
2.384330704808235168e-02
2.101548016071319580e-02
2.282758429646492004e-02
1.441399473696947098e-02
2.445617131888866425e-02
2.619960345327854156e-02
2.335702255368232727e-02
2.633591368794441223e-02
1.850403845310211182e-02
2.392149344086647034e-02
2.726569399237632751e-02
2.384384535253047943e-02
2.605124935507774353e-02
2.379610762000083923e-02
2.346545457839965820e-02
2.576552703976631165e-02
1.928745955228805542e-02
1.599092781543731689e-02
1.744384132325649261e-02
2.050673775374889374e-02
1.879901811480522156e-02
1.861349120736122131e-02
1.971144601702690125e-02
2.262063138186931610e-02
2.401582896709442139e-02
1.995863392949104309e-02
2.582050114870071411e-02
2.343255653977394104e-02
1.984909549355506897e-02
2.620607987046241760e-02
2.038066834211349487e-02
1.883910782635211945e-02
2.044906094670295715e-02
1.992981135845184326e-02
1.996879652142524719e-02
2.782467380166053772e-02
2.104854397475719452e-02
1.841946691274642944e-02
2.052097767591476440e-02
1.984370127320289612e-02
7.548090070486068726e-03
2.053409442305564880e-02
2.046457305550575256e-02
2.097146771848201752e-02
2.190815284848213196e-02
1.930500194430351257e-02
2.217710018157958984e-02
2.050038427114486694e-02
1.813582889735698700e-02
1.920321397483348846e-02
1.880019903182983398e-02
1.830467954277992249e-02
1.357390638440847397e-02
2.442897856235504150e-02
1.221255026757717133e-02
1.865507103502750397e-02
1.232005003839731216e-02
2.200918644666671753e-02
1.340181659907102585e-02
2.134291082620620728e-02
2.109138295054435730e-02
1.454910263419151306e-02
2.040798030793666840e-02
2.025535330176353455e-02
1.924820244312286377e-02
1.894413679838180542e-02
2.163968235254287720e-02
1.291220821440219879e-02
1.796009577810764313e-02
1.843827217817306519e-02
2.003549411892890930e-02
2.071568928658962250e-02
1.885698921978473663e-02
1.832983642816543579e-02
2.024479769170284271e-02
1.976744458079338074e-02
2.159797772765159607e-02
2.138005197048187256e-02
1.766779273748397827e-02
2.302905917167663574e-02
1.635650359094142914e-02
1.633250899612903595e-02
1.933723315596580505e-02
1.774537935853004456e-02
1.509840134531259537e-02
2.010517008602619171e-02
2.140635065734386444e-02
1.484766323119401932e-02
2.343773283064365387e-02
2.421380579471588135e-02
2.202657423913478851e-02
2.156549505889415741e-02
2.576476708054542542e-02
2.079382352530956268e-02
2.281793206930160522e-02
1.493208855390548706e-02
2.419963292777538300e-02
2.510736323893070221e-02
2.359523996710777283e-02
3.236616030335426331e-02
2.255515567958354950e-02
2.283920906484127045e-02
2.344783022999763489e-02
2.724002301692962646e-02
2.200437895953655243e-02
2.313699200749397278e-02
2.313078567385673523e-02
2.448777854442596436e-02
2.344401553273200989e-02
1.476123929023742676e-02
1.443223841488361359e-02
2.582949027419090271e-02
1.931477338075637817e-02
1.907129585742950439e-02
1.790511235594749451e-02
1.613606326282024384e-02
1.928597688674926758e-02
1.769237220287322998e-02
2.183753624558448792e-02
2.115802839398384094e-02
1.868959702551364899e-02
2.394630759954452515e-02
1.489763520658016205e-02
2.202966809272766113e-02
2.292483672499656677e-02
2.461941353976726532e-02
2.258258871734142303e-02
3.090053424239158630e-02
2.388710528612136841e-02
2.177693136036396027e-02
2.244755253195762634e-02
1.356139592826366425e-02
2.276406064629554749e-02
2.271856367588043213e-02
2.383379265666007996e-02
8.335541933774948120e-03
2.297074161469936371e-02
2.245968207716941833e-02
2.357745170593261719e-02
2.222004532814025879e-02
2.178953588008880615e-02
1.991903781890869141e-02
2.172343805432319641e-02
2.392741665244102478e-02
1.445919182151556015e-02
1.514597143977880478e-02
1.448086649179458618e-02
1.641434803605079651e-02
1.477597840130329132e-02
1.522356830537319183e-02
1.814752444624900818e-02
1.392597332596778870e-02
1.680612377822399139e-02
2.084546349942684174e-02
1.863217540085315704e-02
2.091078832745552063e-02
2.105686441063880920e-02
2.486850321292877197e-02
2.008629962801933289e-02
1.362690515816211700e-02
2.437122724950313568e-02
2.290659770369529724e-02
2.508671022951602936e-02
2.032709866762161255e-02
2.644760161638259888e-02
2.400546520948410034e-02
2.558349817991256714e-02
2.501279301941394806e-02
2.947900630533695221e-02
2.439952641725540161e-02
2.778680250048637390e-02
2.996215596795082092e-02
2.839965932071208954e-02
2.251347526907920837e-02
1.914787106215953827e-02
2.973162755370140076e-02
1.609955355525016785e-02
1.711835153400897980e-02
1.519929338246583939e-02
1.537477690726518631e-02
1.732444018125534058e-02
1.453764736652374268e-02
1.774675585329532623e-02
1.893279328942298889e-02
1.522308215498924255e-02
2.052061446011066437e-02
1.343894936144351959e-02
2.067440748214721680e-02
1.715197041630744934e-02
2.323817089200019836e-02
2.220381982624530792e-02
1.826490461826324463e-02
2.360675856471061707e-02
2.197630144655704498e-02
2.472972497344017029e-02
1.508815400302410126e-02
2.695429697632789612e-02
2.519744634628295898e-02
2.816128544509410858e-02
8.726109750568866730e-03
2.834143489599227905e-02
2.897713333368301392e-02
2.688045799732208252e-02
3.043089434504508972e-02
2.771202474832534790e-02
2.905247732996940613e-02
2.923781424760818481e-02
3.166659921407699585e-02
1.253176201134920120e-02
1.493033580482006073e-02
1.765759848058223724e-02
1.514106988906860352e-02
1.399359479546546936e-02
1.493295561522245407e-02
1.781266182661056519e-02
1.357702724635601044e-02
1.747965253889560699e-02
1.887753233313560486e-02
1.874854043126106262e-02
2.043335139751434326e-02
2.302226796746253967e-02
2.201021835207939148e-02
2.141335979104042053e-02
1.452496834099292755e-02
2.346553280949592590e-02
2.311693504452705383e-02
2.443490922451019287e-02
2.835009247064590454e-02
2.684995718300342560e-02
2.476652897894382477e-02
2.572486363351345062e-02
2.955849096179008484e-02
2.805773541331291199e-02
2.481449022889137268e-02
2.602924592792987823e-02
2.678566239774227142e-02
2.906529791653156281e-02
1.670574024319648743e-02
1.767915673553943634e-02
2.856403402984142303e-02
1.991068013012409210e-02
1.735904812812805176e-02
1.373306661844253540e-02
1.475916337221860886e-02
1.553075667470693588e-02
1.315942686051130295e-02
1.776486262679100037e-02
1.732130721211433411e-02
1.396961137652397156e-02
1.978155784308910370e-02
1.298530027270317078e-02
1.992861554026603699e-02
1.729702949523925781e-02
2.191101387143135071e-02
2.185349166393280029e-02
2.396984770894050598e-02
2.254778519272804260e-02
2.307925373315811157e-02
2.417745068669319153e-02
1.479667797684669495e-02
2.613059803843498230e-02
2.496073953807353973e-02
2.774401381611824036e-02
8.454070426523685455e-03
2.781961858272552490e-02
2.828867919743061066e-02
2.721812948584556580e-02
2.673807740211486816e-02
2.525045350193977356e-02
2.523178234696388245e-02
2.637697942554950714e-02
2.928604744374752045e-02
1.831707730889320374e-02
1.703710854053497314e-02
1.604082807898521423e-02
2.215702086687088013e-02
1.769921556115150452e-02
1.811510697007179260e-02
2.244507521390914917e-02
1.529268175363540649e-02
2.053451165556907654e-02
2.140774577856063843e-02
2.464219741523265839e-02
2.071657031774520874e-02
2.437880262732505798e-02
1.988264545798301697e-02
2.133129537105560303e-02
1.455973740667104721e-02
2.161799184978008270e-02
2.227952703833580017e-02
2.225109562277793884e-02
3.126659616827964783e-02
2.121119946241378784e-02
2.080890163779258728e-02
2.225374989211559296e-02
2.280934713780879974e-02
2.221951261162757874e-02
2.345954440534114838e-02
2.192495018243789673e-02
2.201433852314949036e-02
2.029249072074890137e-02
1.619160734117031097e-02
1.171388197690248489e-02
2.300781384110450745e-02
1.955387368798255920e-02
1.864868775010108948e-02
1.715480163693428040e-02
2.086143381893634796e-02
2.087438851594924927e-02
1.657418534159660339e-02
2.270006388425827026e-02
2.261826023459434509e-02
1.734883338212966919e-02
2.114374190568923950e-02
1.389137469232082367e-02
2.008694410324096680e-02
1.818426325917243958e-02
2.036408334970474243e-02
2.177824266254901886e-02
3.043948486447334290e-02
2.165395952761173248e-02
2.070386335253715515e-02
2.169272676110267639e-02
1.346309855580329895e-02
2.034691721200942993e-02
2.161180227994918823e-02
2.115174382925033569e-02
7.618697360157966614e-03
2.101130783557891846e-02
2.251885831356048584e-02
2.171156555414199829e-02
2.066199108958244324e-02
2.412205189466476440e-02
2.119349502027034760e-02
2.020781859755516052e-02
2.176100574433803558e-02
1.870499178767204285e-02
1.810684800148010254e-02
1.793563738465309143e-02
2.165378257632255554e-02
1.433810032904148102e-02
2.158774435520172119e-02
2.362108603119850159e-02
1.356676220893859863e-02
2.477302029728889465e-02
2.267908677458763123e-02
2.520489692687988281e-02
2.283631265163421631e-02
2.698004618287086487e-02
2.183083258569240570e-02
2.394242025911808014e-02
1.499737799167633057e-02
2.256292290985584259e-02
2.129339240491390228e-02
2.458727918565273285e-02
2.982199005782604218e-02
2.341792732477188110e-02
2.243313193321228027e-02
2.381842583417892456e-02
2.339888550341129303e-02
2.280520647764205933e-02
2.185139618813991547e-02
2.480995655059814453e-02
2.384551428258419037e-02
2.228518575429916382e-02
1.204149611294269562e-02
1.255091186612844467e-02
2.537880837917327881e-02
2.047985047101974487e-02
2.012894675135612488e-02
1.829272508621215820e-02
1.930856890976428986e-02
2.127157151699066162e-02
1.650553196668624878e-02
2.630282193422317505e-02
2.401879429817199707e-02
1.615919172763824463e-02
2.517310902476310730e-02
1.215871609747409821e-02
2.399763092398643494e-02
2.022347226738929749e-02
2.539370395243167877e-02
2.235769107937812805e-02
2.947737276554107666e-02
2.289715968072414398e-02
2.024928107857704163e-02
2.147778496146202087e-02
1.238488219678401947e-02
2.370784245431423187e-02
2.434537187218666077e-02
2.149710431694984436e-02
6.848538294434547424e-03
2.361100167036056519e-02
2.302644029259681702e-02
2.360151708126068115e-02
2.191488444805145264e-02
2.294144593179225922e-02
2.196689136326313019e-02
2.311521209776401520e-02
2.288787811994552612e-02
1.473647635430097580e-02
1.387471053749322891e-02
1.257362030446529388e-02
1.606001146137714386e-02
1.522659510374069214e-02
1.349712908267974854e-02
1.927248015999794006e-02
1.568752154707908630e-02
1.803973130881786346e-02
1.975492388010025024e-02
2.313848771154880524e-02
2.235288918018341064e-02
2.398421987891197205e-02
2.153203450143337250e-02
2.422949299216270447e-02
1.660995185375213623e-02
2.304897643625736237e-02
2.258444949984550476e-02
2.314895391464233398e-02
3.044740483164787292e-02
2.304281853139400482e-02
2.330638840794563293e-02
2.472198754549026489e-02
2.800649777054786682e-02
2.143504843115806580e-02
2.191400714218616486e-02
2.302412316203117371e-02
2.126481384038925171e-02
2.234264463186264038e-02
2.354717440903186798e-02
1.524049602448940277e-02
2.330492064356803894e-02
1.377725508064031601e-02
1.369185931980609894e-02
1.320835016667842865e-02
1.720065250992774963e-02
1.581168361008167267e-02
1.429540943354368210e-02
1.679170131683349609e-02
1.856300421059131622e-02
1.542240008711814880e-02
1.947451755404472351e-02
1.715573668479919434e-02
1.910861581563949585e-02
1.692160591483116150e-02
2.113739028573036194e-02
2.159010060131549835e-02
3.080517053604125977e-02
2.357300929725170135e-02
2.318545430898666382e-02
2.227392792701721191e-02
1.509917899966239929e-02
2.156655490398406982e-02
2.141398005187511444e-02
2.182306349277496338e-02
9.110504761338233948e-03
2.214913256466388702e-02
2.276708744466304779e-02
2.049338817596435547e-02
2.129893377423286438e-02
2.246528118848800659e-02
2.146483771502971649e-02
2.210127562284469604e-02
2.177047170698642731e-02
1.499212905764579773e-02
1.595386862754821777e-02
1.595989614725112915e-02
1.745819486677646637e-02
1.632266677916049957e-02
1.709126308560371399e-02
2.056028880178928375e-02
1.500174310058355331e-02
2.017214335501194000e-02
2.320029027760028839e-02
2.250616252422332764e-02
2.341158501803874969e-02
2.581487223505973816e-02
2.101664990186691284e-02
2.312224358320236206e-02
1.790045201778411865e-02
2.320156432688236237e-02
2.322284504771232605e-02
2.428865432739257812e-02
3.239146620035171509e-02
2.328258007764816284e-02
2.340484037995338440e-02
2.597365900874137878e-02
2.566468529403209686e-02
2.343749627470970154e-02
2.477619796991348267e-02
2.498386427760124207e-02
2.462085336446762085e-02
2.390352264046669006e-02
1.598931849002838135e-02
1.346893422305583954e-02
2.315861545503139496e-02
1.682993210852146149e-02
1.749012619256973267e-02
1.673664338886737823e-02
1.676812395453453064e-02
1.848020218312740326e-02
1.560493092983961105e-02
2.070065215229988098e-02
2.099166065454483032e-02
1.687983796000480652e-02
2.057029493153095245e-02
1.510963961482048035e-02
2.429686114192008972e-02
1.688312366604804993e-02
2.393146604299545288e-02
2.310699038207530975e-02
2.942396327853202820e-02
2.311364002525806427e-02
2.329557389020919800e-02
2.184810489416122437e-02
1.497542485594749451e-02
2.467212826013565063e-02
2.026063576340675354e-02
2.372213453054428101e-02
9.067654609680175781e-03
2.369537204504013062e-02
2.364213019609451294e-02
2.515654824674129486e-02
2.414298802614212036e-02
2.426812052726745605e-02
2.409184724092483521e-02
2.462602779269218445e-02
2.313942834734916687e-02
1.308916043490171432e-02
1.311982236802577972e-02
1.258175075054168701e-02
1.471535954624414444e-02
1.484837383031845093e-02
1.322711911052465439e-02
1.825731806457042694e-02
1.490502245724201202e-02
1.772276684641838074e-02
2.255463600158691406e-02
1.967549324035644531e-02
2.458299882709980011e-02
2.674011886119842529e-02
2.635054290294647217e-02
2.645772323012351990e-02
1.897538825869560242e-02
3.117437288165092468e-02
2.922249212861061096e-02
3.108726441860198975e-02
3.684064745903015137e-02
3.248734399676322937e-02
2.770804241299629211e-02
3.088729083538055420e-02
3.002220764756202698e-02
3.220754489302635193e-02
3.079811483621597290e-02
3.378773480653762817e-02
2.972116507589817047e-02
3.196731209754943848e-02
2.393651753664016724e-02
2.194004133343696594e-02
3.316148370504379272e-02
1.189308706670999527e-02
1.220337953418493271e-02
1.398683339357376099e-02
1.407527737319469452e-02
1.429835334420204163e-02
1.443748176097869873e-02
1.819272525608539581e-02
1.540631614625453949e-02
1.717822998762130737e-02
2.201714552938938141e-02
1.719464547932147980e-02
2.315645664930343628e-02
2.108679525554180145e-02
2.632780373096466064e-02
2.747469022870063782e-02
2.972970530390739441e-02
2.915978059172630310e-02
2.909013815224170685e-02
3.062690049409866333e-02
2.134612388908863068e-02
3.018387593328952789e-02
3.003295511007308960e-02
3.258450701832771301e-02
1.087766140699386597e-02
3.205508366227149963e-02
3.194084763526916504e-02
3.052242100238800049e-02
3.188878670334815979e-02
3.023100644350051880e-02
3.065839782357215881e-02
3.116672113537788391e-02
3.228239715099334717e-02
