<system>Protocol: Active. Attitude: Sassy.</system>
1.769419163465499878e-01
-1.077385306358337402e+00
-1.441230177879333496e-01
4.728059768676757812e-01
-7.376243472099304199e-01
1.034575223922729492e+00
3.246402442455291748e-01
-2.296423912048339844e+00
3.972071707248687744e-01
-2.086329311132431030e-01
1.634501665830612183e-01
-9.418429136276245117e-01
-9.690363407135009766e-01
1.598842740058898926e+00
4.060947000980377197e-01
6.752103567123413086e-01
4.161538183689117432e-01
2.960029363632202148e+00
-3.737386167049407959e-01
-6.634656190872192383e-01
5.347480773925781250e-01
-5.770154595375061035e-01
5.677039027214050293e-01
-7.742672413587570190e-02
9.418275356292724609e-01
1.109842777252197266e+00
-6.879501938819885254e-01
-6.275321841239929199e-01
8.205869793891906738e-01
-2.466924935579299927e-01
4.646718800067901611e-01
-6.118208765983581543e-01
1.235413029789924622e-01
5.396522879600524902e-01
-2.737134099006652832e-01
-1.497560501098632812e+00
3.800249993801116943e-01
1.145930767059326172e+00
-3.529078066349029541e-01
-1.744319319725036621e+00
2.941378355026245117e-01
-1.229634404182434082e+00
2.222114354372024536e-01
-5.677043199539184570e-01
-5.372607111930847168e-01
1.761963725090026855e+00
4.282968640327453613e-01
-2.527476251125335693e-01
-4.727368354797363281e-01
-1.301586389541625977e+00
1.644267201423645020e+00
2.224255651235580444e-01
1.300177931785583496e+00
-7.514756321907043457e-01
-5.938928127288818359e-01
2.590193450450897217e-01
2.889344692230224609e-01
-5.225303769111633301e-01
-5.648186802864074707e-01
-4.084112644195556641e-01
-9.967483282089233398e-01
-2.353668659925460815e-01
1.595941424369812012e+00
5.765668153762817383e-01
