<system>Protocol: Active. Attitude: Sassy.</system>
1.443341933190822601e-02
2.001176029443740845e-02
2.064459584653377533e-02
1.676344498991966248e-02
2.351139113306999207e-02
2.582605928182601929e-02
2.168857306241989136e-02
2.282171323895454407e-02
2.707464620471000671e-02
2.962194196879863739e-02
2.471896633505821228e-02
2.569431625306606293e-02
2.998970076441764832e-02
3.082512877881526947e-02
2.144368551671504974e-02
2.829305455088615417e-02
3.135304525494575500e-02
3.703266382217407227e-02
3.058147616684436798e-02
1.924034953117370605e-02
2.938704565167427063e-02
3.463950753211975098e-02
3.035745769739151001e-02
3.530831262469291687e-02
4.103222489356994629e-02
3.365014120936393738e-02
3.203069791197776794e-02
3.173158317804336548e-02
2.217409014701843262e-02
3.103387169539928436e-02
2.914399653673171997e-02
2.858938649296760559e-02
1.815384626388549805e-02
1.795145869255065918e-02
2.353097125887870789e-02
1.840158365666866302e-02
2.464381419122219086e-02
2.837631106376647949e-02
2.325056493282318115e-02
2.537289634346961975e-02
2.305542677640914917e-02
3.075901791453361511e-02
2.540125325322151184e-02
2.870033867657184601e-02
2.692100778222084045e-02
2.951060235500335693e-02
3.175307810306549072e-02
2.981238439679145813e-02
3.004591912031173706e-02
2.163935266435146332e-02
3.289554640650749207e-02
3.620850294828414917e-02
3.015578910708427429e-02
3.226195648312568665e-02
3.470005840063095093e-02
3.438191860914230347e-02
1.271892338991165161e-02
3.427063673734664917e-02
3.239008039236068726e-02
3.161311894655227661e-02
2.947822771966457367e-02
2.992022596299648285e-02
3.073919937014579773e-02
2.754550054669380188e-02
2.173324301838874817e-02
2.555521018803119659e-02
1.701666042208671570e-02
2.363819256424903870e-02
2.108852192759513855e-02
2.648991160094738007e-02
2.447536215186119080e-02
2.620874717831611633e-02
2.279508486390113831e-02
2.898735553026199341e-02
3.101348131895065308e-02
2.150489017367362976e-02
3.183022886514663696e-02
2.923196367919445038e-02
1.951314322650432587e-02
3.727228939533233643e-02
3.245375677943229675e-02
4.252766445279121399e-02
3.876252844929695129e-02
4.109891504049301147e-02
3.859410434961318970e-02
4.426731914281845093e-02
4.486284032464027405e-02
5.122892186045646667e-02
5.301299691200256348e-02
4.239775240421295166e-02
3.479884937405586243e-02
4.609165713191032410e-02
2.280161716043949127e-02
4.853945598006248474e-02
4.287482425570487976e-02
2.855221740901470184e-02
1.689012534916400909e-02
1.970543526113033295e-02
2.116337604820728302e-02
2.602619305253028870e-02
1.861390471458435059e-02
2.539445087313652039e-02
1.822781190276145935e-02
2.784762717783451080e-02
1.906004548072814941e-02
2.158019691705703735e-02
2.460868284106254578e-02
2.775283157825469971e-02
2.664389088749885559e-02
3.772909194231033325e-02
3.471402078866958618e-02
3.386054188013076782e-02
3.524454683065414429e-02
2.498602308332920074e-02
3.344841301441192627e-02
1.686174981296062469e-02
3.942650929093360901e-02
3.585522249341011047e-02
4.160018265247344971e-02
1.154501363635063171e-02
3.745213150978088379e-02
4.895138740539550781e-02
4.349604621529579163e-02
4.525376483798027039e-02
4.125302284955978394e-02
4.709129035472869873e-02
4.149270430207252502e-02
4.624659568071365356e-02
1.353659667074680328e-02
1.388754416257143021e-02
1.508639566600322723e-02
1.345396041870117188e-02
1.661099493503570557e-02
1.668761111795902252e-02
1.731112226843833923e-02
2.011055685579776764e-02
2.054896019399166107e-02
2.075531892478466034e-02
1.849717274308204651e-02
2.204658649861812592e-02
2.222573012113571167e-02
2.307662367820739746e-02
2.520944178104400635e-02
2.909027412533760071e-02
3.370664641261100769e-02
3.033732809126377106e-02
3.345155715942382812e-02
3.742180764675140381e-02
3.520393371582031250e-02
4.090876877307891846e-02
4.713043943047523499e-02
5.252362787723541260e-02
5.344045534729957581e-02
5.294477939605712891e-02
5.048112943768501282e-02
5.037153512239456177e-02
4.941467568278312683e-02
4.575342684984207153e-02
4.754261299967765808e-02
3.465301543474197388e-02
1.518350373953580856e-02
1.366493105888366699e-02
1.392033603042364120e-02
1.338844280689954758e-02
1.535790413618087769e-02
1.574892923235893250e-02
1.666660048067569733e-02
1.884960755705833435e-02
1.848861202597618103e-02
1.769902743399143219e-02
2.412549778819084167e-02
2.453886345028877258e-02
2.077493816614151001e-02
2.394702658057212830e-02
2.760679647326469421e-02
2.777346968650817871e-02
2.591633051633834839e-02
3.149296343326568604e-02
3.603850677609443665e-02
5.121034756302833557e-02
3.881012275815010071e-02
4.890762269496917725e-02
4.662675037980079651e-02
5.231089144945144653e-02
5.274293571710586548e-02
4.832855984568595886e-02
5.132115632295608521e-02
4.965571314096450806e-02
4.838003963232040405e-02
5.046150088310241699e-02
3.791499882936477661e-02
2.879823185503482819e-02
2.149410173296928406e-02
2.034127525985240936e-02
2.163392491638660431e-02
1.875927299261093140e-02
2.531047165393829346e-02
2.463006973266601562e-02
2.652746066451072693e-02
2.731791324913501740e-02
3.083504736423492432e-02
2.727431803941726685e-02
3.719290345907211304e-02
3.013391606509685516e-02
2.774944715201854706e-02
3.225279971957206726e-02
3.051581420004367828e-02
4.027199745178222656e-02
3.894561529159545898e-02
2.757783047854900360e-02
3.890132158994674683e-02
3.316367417573928833e-02
5.122970044612884521e-02
5.256097391247749329e-02
5.097018927335739136e-02
4.689116030931472778e-02
5.196842178702354431e-02
5.438487604260444641e-02
5.032846704125404358e-02
5.305459350347518921e-02
5.411286652088165283e-02
2.737218886613845825e-02
4.805543273687362671e-02
3.636866807937622070e-02
1.903437077999114990e-02
1.929998770356178284e-02
2.162119746208190918e-02
2.153537794947624207e-02
2.654558047652244568e-02
1.924072392284870148e-02
2.831176295876502991e-02
2.284612879157066345e-02
3.301467746496200562e-02
2.622951008379459381e-02
3.126834705471992493e-02
3.412357717752456665e-02
3.183307498693466187e-02
3.711682558059692383e-02
3.319790959358215332e-02
3.995736688375473022e-02
4.253076761960983276e-02
3.672660142183303833e-02
4.255829378962516785e-02
3.806589171290397644e-02
4.616718739271163940e-02
4.802193492650985718e-02
5.139629915356636047e-02
4.905967041850090027e-02
1.770486310124397278e-02
5.139515921473503113e-02
5.457457154989242554e-02
5.286340415477752686e-02
4.557399451732635498e-02
4.989993572235107422e-02
4.876080155372619629e-02
4.743567854166030884e-02
