<system>Protocol: Active. Attitude: Sassy.</system>
1.332031190395355225e-02
1.338615268468856812e-02
1.313928887248039246e-02
1.344640739262104034e-02
1.288004964590072632e-02
1.273742504417896271e-02
1.332271844148635864e-02
1.285594329237937927e-02
1.342576928436756134e-02
7.621752098202705383e-03
1.340073812752962112e-02
1.280559413135051727e-02
1.339016668498516083e-02
1.354508101940155029e-02
1.367160864174365997e-02
1.339659281075000763e-02
1.289829798042774200e-02
1.328327879309654236e-02
1.275634113699197769e-02
1.301583833992481232e-02
1.326504163444042206e-02
1.365410629659891129e-02
1.264319755136966705e-02
1.318711228668689728e-02
1.352001167833805084e-02
1.274322159588336945e-02
1.367842592298984528e-02
1.333941891789436340e-02
1.326335687190294266e-02
1.323441043496131897e-02
1.301810145378112793e-02
1.302936486899852753e-02
1.315509527921676636e-02
1.328006386756896973e-02
1.263134647160768509e-02
1.337724737823009491e-02
1.270421780645847321e-02
1.306534372270107269e-02
1.326896250247955322e-02
1.328523829579353333e-02
1.360734552145004272e-02
1.372105162590742111e-02
1.333077717572450638e-02
1.317256223410367966e-02
1.348758395761251450e-02
1.150503195822238922e-02
1.318288780748844147e-02
1.341069675981998444e-02
1.313859410583972931e-02
1.319187879562377930e-02
1.296424772590398788e-02
1.359234377741813660e-02
1.323550753295421600e-02
1.344676222652196884e-02
1.316551305353641510e-02
1.308842003345489502e-02
1.309004332870244980e-02
1.375113241374492645e-02
1.334807090461254120e-02
1.263906434178352356e-02
1.331853494048118591e-02
1.304812543094158173e-02
1.439826004207134247e-02
1.253715902566909790e-02
1.027794834226369858e-02
1.025838777422904968e-02
1.007560826838016510e-02
1.001094561070203781e-02
9.931907057762145996e-03
1.023695804178714752e-02
1.001561991870403290e-02
1.022746134549379349e-02
9.724661707878112793e-03
9.987544268369674683e-03
1.046753861010074615e-02
9.943137876689434052e-03
1.035835314542055130e-02
1.042285840958356857e-02
1.002943143248558044e-02
1.026500016450881958e-02
1.003814488649368286e-02
1.012581307440996170e-02
1.028408575803041458e-02
1.020915340632200241e-02
1.017948240041732788e-02
1.032131630927324295e-02
1.029393635690212250e-02
8.777007460594177246e-03
1.041173748672008514e-02
1.018354576081037521e-02
9.954485110938549042e-03
1.001106575131416321e-02
1.012431643903255463e-02
1.037189364433288574e-02
1.012714672833681107e-02
9.780071675777435303e-03
1.011835411190986633e-02
1.019717752933502197e-02
1.019010692834854126e-02
1.001692377030849457e-02
1.009908597916364670e-02
1.013645343482494354e-02
1.009461097419261932e-02
1.001505646854639053e-02
9.963555261492729187e-03
1.058269850909709930e-02
9.969068691134452820e-03
1.023531425744295120e-02
9.928685612976551056e-03
1.028840802609920502e-02
1.016413420438766479e-02
1.001104526221752167e-02
9.926285594701766968e-03
1.016664877533912659e-02
9.989560581743717194e-03
1.028139702975749969e-02
1.026796549558639526e-02
1.016763411462306976e-02
9.652074426412582397e-03
1.007320731878280640e-02
1.009823009371757507e-02
9.023608639836311340e-03
1.030191406607627869e-02
1.019549276679754257e-02
1.005955412983894348e-02
1.006427779793739319e-02
9.221551008522510529e-03
1.006923150271177292e-02
8.229071274399757385e-03
8.054769597947597504e-03
8.156282827258110046e-03
7.758175022900104523e-03
8.308961987495422363e-03
7.974555715918540955e-03
8.309701457619667053e-03
8.165991865098476410e-03
8.051778189837932587e-03
8.351643569767475128e-03
8.216362446546554565e-03
7.842591032385826111e-03
7.890218868851661682e-03
8.085228502750396729e-03
7.863592356443405151e-03
7.716890424489974976e-03
7.927752099931240082e-03
8.092021569609642029e-03
8.352903649210929871e-03
8.160912431776523590e-03
7.695811800658702850e-03
8.092431351542472839e-03
8.067408576607704163e-03
8.048666641116142273e-03
7.872285321354866028e-03
8.210062049329280853e-03
8.311185985803604126e-03
8.164856582880020142e-03
8.168688043951988220e-03
8.170413784682750702e-03
8.056305348873138428e-03
8.098251186311244965e-03
7.910435087978839874e-03
8.433016017079353333e-03
8.233500644564628601e-03
8.174706250429153442e-03
8.142912760376930237e-03
8.079190738499164581e-03
7.600734476000070572e-03
7.895665243268013000e-03
8.180076256394386292e-03
8.069235831499099731e-03
8.478769101202487946e-03
8.437423035502433777e-03
7.839997299015522003e-03
8.123527280986309052e-03
8.056514896452426910e-03
7.299383636564016342e-03
7.721054833382368088e-03
7.367687765508890152e-03
9.292997419834136963e-03
6.962570361793041229e-03
8.100924082100391388e-03
7.987661287188529968e-03
7.896495051681995392e-03
4.083486739546060562e-03
7.778551429510116577e-03
8.023764938116073608e-03
8.043551817536354065e-03
8.288811892271041870e-03
7.944480516016483307e-03
7.745263166725635529e-03
8.696714416146278381e-03
8.197063580155372620e-03
8.613089099526405334e-03
8.973197080194950104e-03
5.077509675174951553e-03
8.649784140288829803e-03
8.834037929773330688e-03
8.654709905385971069e-03
8.976850658655166626e-03
8.883876726031303406e-03
8.918058127164840698e-03
9.064711630344390869e-03
8.829063735902309418e-03
8.837006986141204834e-03
8.318266831338405609e-03
8.928997442126274109e-03
8.960890583693981171e-03
8.285757154226303101e-03
9.141460061073303223e-03
8.753271773457527161e-03
8.601037785410881042e-03
8.570816367864608765e-03
8.902799338102340698e-03
9.052088484168052673e-03
8.932230994105339050e-03
8.843181654810905457e-03
8.767276071012020111e-03
8.768763393163681030e-03
8.876769803464412689e-03
8.815009146928787231e-03
8.923340588808059692e-03
8.950800634920597076e-03
8.797727525234222412e-03
8.549598976969718933e-03
8.421161212027072906e-03
8.714452385902404785e-03
8.645981550216674805e-03
8.715065196156501770e-03
8.592028170824050903e-03
8.768491446971893311e-03
9.069968946278095245e-03
8.995779789984226227e-03
8.630654774606227875e-03
9.017344564199447632e-03
8.839839138090610504e-03
8.798711001873016357e-03
8.759647607803344727e-03
8.820078335702419281e-03
8.679615333676338196e-03
8.937382139265537262e-03
9.004101157188415527e-03
8.913718163967132568e-03
8.675794117152690887e-03
8.399028331041336060e-03
8.465233258903026581e-03
8.779959753155708313e-03
8.380349725484848022e-03
8.504166267812252045e-03
8.326347917318344116e-03
8.980281651020050049e-03
8.665566332638263702e-03
9.052643552422523499e-03
8.908197283744812012e-03
8.718513883650302887e-03
8.878299966454505920e-03
8.830611594021320343e-03
