<system>Protocol: Active. Attitude: Sassy.</system>
1.922521740198135376e-02
2.207819372415542603e-02
2.306807041168212891e-02
2.730672433972358704e-02
2.292005345225334167e-02
2.590234950184822083e-02
2.650019153952598572e-02
2.486302703619003296e-02
2.627479843795299530e-02
2.752287685871124268e-02
2.502815797924995422e-02
2.494750916957855225e-02
2.724637463688850403e-02
3.166280686855316162e-02
2.770072594285011292e-02
3.026576340198516846e-02
3.346694260835647583e-02
2.255899272859096527e-02
3.297204524278640747e-02
3.816657140851020813e-02
3.005005046725273132e-02
3.175107389688491821e-02
3.026441857218742371e-02
3.148910403251647949e-02
4.681219533085823059e-02
2.613934315741062164e-02
2.531194500625133514e-02
2.524093165993690491e-02
2.573651820421218872e-02
2.441547438502311707e-02
2.166137099266052246e-02
2.461339533329010010e-02
2.423520386219024658e-02
2.483639866113662720e-02
2.564781904220581055e-02
2.623835578560829163e-02
2.279411256313323975e-02
2.655566111207008362e-02
2.842566743493080139e-02
2.663316205143928528e-02
2.350824885070323944e-02
2.849562093615531921e-02
2.725434675812721252e-02
2.645282447338104248e-02
3.061898797750473022e-02
2.957279980182647705e-02
2.355344966053962708e-02
3.096185252070426941e-02
2.850781567394733429e-02
3.330258280038833618e-02
2.856834046542644501e-02
2.104271575808525085e-02
3.334140032529830933e-02
3.086648881435394287e-02
3.167690336704254150e-02
2.972057648003101349e-02
1.214675232768058777e-02
2.827297337353229523e-02
3.149341046810150146e-02
2.566988021135330200e-02
2.987216599285602570e-02
2.371073886752128601e-02
2.691595628857612610e-02
1.534584071487188339e-02
2.502539008855819702e-02
2.388145774602890015e-02
2.267690002918243408e-02
2.213017828762531281e-02
2.734280377626419067e-02
2.293177694082260132e-02
2.940344437956809998e-02
2.569743618369102478e-02
2.611839585006237030e-02
2.917791157960891724e-02
2.338718995451927185e-02
2.909675985574722290e-02
2.999268472194671631e-02
2.417110651731491089e-02
3.500676155090332031e-02
3.334319964051246643e-02
3.365700319409370422e-02
3.780166059732437134e-02
3.694410622119903564e-02
4.126477986574172974e-02
3.778934106230735779e-02
3.570048511028289795e-02
3.702249005436897278e-02
4.532977566123008728e-02
1.477532740682363510e-02
4.434180259704589844e-02
4.155315458774566650e-02
4.100456833839416504e-02
3.975561261177062988e-02
3.498227894306182861e-02
3.385908156633377075e-02
3.475470840930938721e-02
1.779140532016754150e-02
2.250789664685726166e-02
2.901362068951129913e-02
2.265560626983642578e-02
2.785831317305564880e-02
2.112038433551788330e-02
2.914782613515853882e-02
2.482219412922859192e-02
2.552837505936622620e-02
3.034907951951026917e-02
2.405813336372375488e-02
3.210978209972381592e-02
2.968423627316951752e-02
3.037446551024913788e-02
3.016796521842479706e-02
2.629156783223152161e-02
3.478818386793136597e-02
2.343274466693401337e-02
2.889722585678100586e-02
2.343364804983139038e-02
3.249415010213851929e-02
3.460567444562911987e-02
3.907990455627441406e-02
4.132591187953948975e-02
5.144691467285156250e-02
4.006196931004524231e-02
3.803757950663566589e-02
3.993031382560729980e-02
3.798000514507293701e-02
4.051912575960159302e-02
3.891240805387496948e-02
2.545748651027679443e-02
2.677247673273086548e-02
3.049993328750133514e-02
3.035472892224788666e-02
3.186034038662910461e-02
2.871307916939258575e-02
3.347746282815933228e-02
2.779831737279891968e-02
3.442496433854103088e-02
3.547385334968566895e-02
2.931388095021247864e-02
3.708644956350326538e-02
2.679631859064102173e-02
3.355137258768081665e-02
3.774491697549819946e-02
3.563424944877624512e-02
3.943496569991111755e-02
3.732767701148986816e-02
1.544105168431997299e-02
3.543841838836669922e-02
3.829979896545410156e-02
3.857458755373954773e-02
3.936383500695228577e-02
3.929232805967330933e-02
9.768981486558914185e-03
4.057290777564048767e-02
3.806647285819053650e-02
3.548144176602363586e-02
3.690056502819061279e-02
3.740004450082778931e-02
3.640306740999221802e-02
3.511380404233932495e-02
2.297976240515708923e-02
2.668037265539169312e-02
3.149603679776191711e-02
3.175813704729080200e-02
3.111420571804046631e-02
2.750479429960250854e-02
3.656789660453796387e-02
3.053423948585987091e-02
3.429939970374107361e-02
3.340578079223632812e-02
2.870936691761016846e-02
3.654384613037109375e-02
2.600092068314552307e-02
3.687655553221702576e-02
3.158152103424072266e-02
3.477504849433898926e-02
3.201656043529510498e-02
3.972131013870239258e-02
3.985824435949325562e-02
3.793189674615859985e-02
3.491775318980216980e-02
3.861705958843231201e-02
3.661338239908218384e-02
3.112923540174961090e-02
5.477928742766380310e-02
3.860182315111160278e-02
3.545910865068435669e-02
3.783168643712997437e-02
3.348508849740028381e-02
3.934104368090629578e-02
3.498387336730957031e-02
3.396709263324737549e-02
2.792318537831306458e-02
2.115847915410995483e-02
2.385011315345764160e-02
2.116443216800689697e-02
2.311149239540100098e-02
2.055240049958229065e-02
1.820477098226547241e-02
2.426354214549064636e-02
2.579622343182563782e-02
2.582319080829620361e-02
2.758305519819259644e-02
1.746316999197006226e-02
2.842952311038970947e-02
2.940002828836441040e-02
3.312915563583374023e-02
3.889982774853706360e-02
2.224646881222724915e-02
3.710441291332244873e-02
3.773418068885803223e-02
3.574473410844802856e-02
3.685083985328674316e-02
3.948156535625457764e-02
3.437858819961547852e-02
4.220369085669517517e-02
4.470700770616531372e-02
3.643500432372093201e-02
3.387667238712310791e-02
3.681492060422897339e-02
3.214903920888900757e-02
2.804380282759666443e-02
2.689329534769058228e-02
3.034474514424800873e-02
2.601608261466026306e-02
1.716714911162853241e-02
2.459142543375492096e-02
1.718985848128795624e-02
1.809323392808437347e-02
2.189704403281211853e-02
2.167402580380439758e-02
2.410795167088508606e-02
1.729256659746170044e-02
2.403211779892444611e-02
2.907071635127067566e-02
2.919936552643775940e-02
3.093280270695686340e-02
2.534566447138786316e-02
3.072455339133739471e-02
3.209877759218215942e-02
3.552577272057533264e-02
3.369923681020736694e-02
3.002931922674179077e-02
3.501252830028533936e-02
2.361050806939601898e-02
4.036780074238777161e-02
4.031620174646377563e-02
3.757179528474807739e-02
1.294302847236394882e-02
3.673559799790382385e-02
3.691742196679115295e-02
3.218267112970352173e-02
3.402153402566909790e-02
3.174955770373344421e-02
1.637424342334270477e-02
2.882851287722587585e-02
2.943004667758941650e-02
