<system>Protocol: Active. Attitude: Sassy.</system>
-2.482726871967315674e-01
1.088847517967224121e+00
-1.217111825942993164e+00
-1.511333823204040527e+00
-4.632309079170227051e-01
4.603281915187835693e-01
1.248198986053466797e+00
-1.310676336288452148e+00
-6.693954020738601685e-02
1.114920258522033691e+00
-1.088527202606201172e+00
5.737844109535217285e-01
-2.647982835769653320e-01
-6.688211560249328613e-01
4.407487213611602783e-01
1.435484886169433594e+00
-1.096378684043884277e+00
-2.161585330963134766e+00
-1.955126762390136719e+00
1.095437049865722656e+00
-7.346000075340270996e-01
-7.826867103576660156e-01
1.817878603935241699e+00
-1.569841146469116211e+00
-4.336657226085662842e-01
-6.882692128419876099e-02
5.103611946105957031e-01
2.325253486633300781e-01
-7.849658727645874023e-01
1.971020340919494629e+00
-7.485637068748474121e-01
3.905171528458595276e-02
-6.546123623847961426e-01
-2.116965532302856445e+00
-1.780811667442321777e+00
6.809359192848205566e-01
-4.815785884857177734e-01
9.239254593849182129e-01
2.763764262199401855e-01
-5.559340119361877441e-01
2.918147742748260498e-01
-1.982719540596008301e+00
1.497578740119934082e+00
-8.613802790641784668e-01
-5.543534755706787109e-01
-3.141785264015197754e-01
-1.390824675559997559e+00
-1.542531371116638184e+00
-1.207508325576782227e+00
-2.358222380280494690e-02
9.350379705429077148e-01
1.153921246528625488e+00
-1.642974734306335449e+00
1.202415108680725098e+00
-5.643861293792724609e-01
5.818794965744018555e-01
8.045955300331115723e-01
8.070012181997299194e-02
-8.906033039093017578e-01
8.263869285583496094e-01
-6.681854128837585449e-01
6.531631946563720703e-02
-4.694348573684692383e-01
-6.317839026451110840e-01
