<system>Protocol: Active. Attitude: Sassy.</system>
1.481445040553808212e-02
1.456377469003200531e-02
1.406527962535619736e-02
1.408802904188632965e-02
1.507711503654718399e-02
1.436345651745796204e-02
1.475761737674474716e-02
1.420755591243505478e-02
1.470584049820899963e-02
1.429984252899885178e-02
1.426056586205959320e-02
1.435941550880670547e-02
1.327583193778991699e-02
1.417805813252925873e-02
1.469261851161718369e-02
1.443489827215671539e-02
1.310645416378974915e-02
1.446952577680349350e-02
1.389566622674465179e-02
1.489941682666540146e-02
1.457730215042829514e-02
1.395809091627597809e-02
1.452789828181266785e-02
1.366165839135646820e-02
1.419473811984062195e-02
1.456220168620347977e-02
1.394073292613029480e-02
1.413496211171150208e-02
1.447532977908849716e-02
1.479205209761857986e-02
1.123530883342027664e-02
1.387983560562133789e-02
1.383192185312509537e-02
1.455949153751134872e-02
1.406559348106384277e-02
8.433750830590724945e-03
1.385466195642948151e-02
1.441191229969263077e-02
1.460847258567810059e-02
1.314299181103706360e-02
1.456441078335046768e-02
1.402599737048149109e-02
1.486796978861093521e-02
1.433120016008615494e-02
1.312077883630990982e-02
1.406449358910322189e-02
1.419857982546091080e-02
1.000953558832406998e-02
1.506028976291418076e-02
1.383504644036293030e-02
1.435533724725246429e-02
1.421142462641000748e-02
1.433763746172189713e-02
1.438484434038400650e-02
1.367339212447404861e-02
1.409219112247228622e-02
1.425179839134216309e-02
1.410518679767847061e-02
1.339511945843696594e-02
1.400462631136178970e-02
1.433025207370519638e-02
1.480467710644006729e-02
1.439526118338108063e-02
1.453814189881086349e-02
1.457041222602128983e-02
1.444359775632619858e-02
1.459650043398141861e-02
1.455062907189130783e-02
1.464200299233198166e-02
1.334867998957633972e-02
1.461465563625097275e-02
1.018066983669996262e-02
1.450116652995347977e-02
1.493699289858341217e-02
1.436725165694952011e-02
1.478220149874687195e-02
1.381851639598608017e-02
1.488406583666801453e-02
1.499885693192481995e-02
8.859944529831409454e-03
1.478314399719238281e-02
1.421263534575700760e-02
1.423060800880193710e-02
1.385210081934928894e-02
1.440910063683986664e-02
1.477384567260742188e-02
1.464847847819328308e-02
1.474281586706638336e-02
1.249534823000431061e-02
1.359982416033744812e-02
1.379078999161720276e-02
1.409801561385393143e-02
1.463833171874284744e-02
1.466463878750801086e-02
1.490392908453941345e-02
1.470711734145879745e-02
1.448478735983371735e-02
1.393398549407720566e-02
1.364159863442182541e-02
1.252665277570486069e-02
1.456211414188146591e-02
1.455305144190788269e-02
1.491255220025777817e-02
1.446980331093072891e-02
1.456702407449483871e-02
1.464265864342451096e-02
1.446666195988655090e-02
1.457084063440561295e-02
1.392388716340065002e-02
1.465315185487270355e-02
1.377975102514028549e-02
1.371981762349605560e-02
1.349316444247961044e-02
1.204444095492362976e-02
1.365096028894186020e-02
1.487982366234064102e-02
1.439463254064321518e-02
1.313077285885810852e-02
1.378628611564636230e-02
1.385080814361572266e-02
1.413755118846893311e-02
1.424490846693515778e-02
1.365906838327646255e-02
1.396560389548540115e-02
1.391886547207832336e-02
1.400572899729013443e-02
1.436720881611108780e-02
1.399877667427062988e-02
1.441197749227285385e-02
1.384755875915288925e-02
1.439174171537160873e-02
1.419917307794094086e-02
1.394567266106605530e-02
1.440155413001775742e-02
1.374054793268442154e-02
1.399970054626464844e-02
1.452763006091117859e-02
1.502065360546112061e-02
1.454364322125911713e-02
1.405321154743432999e-02
1.459978427737951279e-02
1.467443071305751801e-02
1.423734426498413086e-02
1.466375589370727539e-02
1.471245288848876953e-02
1.408443693071603775e-02
1.314766146242618561e-02
1.312646549195051193e-02
1.470897719264030457e-02
1.380256097763776779e-02
1.193395256996154785e-02
1.434727106243371964e-02
1.506577432155609131e-02
1.470736321061849594e-02
1.377864554524421692e-02
1.341979857534170151e-02
1.257292367517948151e-02
1.443717163056135178e-02
1.437292899936437607e-02
1.365248300135135651e-02
1.477169338613748550e-02
1.419029291719198227e-02
1.366131659597158432e-02
1.434549968689680099e-02
1.444085035473108292e-02
1.480644010007381439e-02
1.300110854208469391e-02
1.352214720100164413e-02
1.468666270375251770e-02
1.381188631057739258e-02
1.476989779621362686e-02
1.414754427969455719e-02
1.467530801892280579e-02
1.414311584085226059e-02
1.495691202580928802e-02
1.446814741939306259e-02
1.376768108457326889e-02
1.468435209244489670e-02
1.407745853066444397e-02
1.292752102017402649e-02
1.413969602435827255e-02
1.454961020499467850e-02
1.421965286135673523e-02
1.389709953218698502e-02
1.089703664183616638e-02
1.385658979415893555e-02
1.447822712361812592e-02
1.464644912630319595e-02
1.422545686364173889e-02
1.223951019346714020e-02
1.494924072176218033e-02
1.357647217810153961e-02
1.375772152096033096e-02
1.346630137413740158e-02
1.340781804174184799e-02
1.333642564713954926e-02
1.370050385594367981e-02
1.360989734530448914e-02
1.310197357088327408e-02
1.366924867033958435e-02
1.410841848701238632e-02
1.475078426301479340e-02
1.261294819414615631e-02
1.416584290564060211e-02
1.430096104741096497e-02
1.448083482682704926e-02
1.437021885067224503e-02
1.398434117436408997e-02
1.486004889011383057e-02
1.451035216450691223e-02
1.414554938673973083e-02
1.348857674747705460e-02
1.227551978081464767e-02
1.385602075606584549e-02
1.271603442728519440e-02
1.381316222250461578e-02
1.431828364729881287e-02
1.408227067440748215e-02
1.409639790654182434e-02
1.223238464444875717e-02
1.141329109668731689e-02
1.343584060668945312e-02
1.411517057567834854e-02
1.077439263463020325e-02
1.493567321449518204e-02
1.398615166544914246e-02
1.434286870062351227e-02
1.406190078705549240e-02
1.446916256099939346e-02
1.364002190530300140e-02
1.450453139841556549e-02
1.179228350520133972e-02
1.419957634061574936e-02
1.447557564824819565e-02
1.438225805759429932e-02
1.420992240309715271e-02
1.388254761695861816e-02
1.463468279689550400e-02
1.364989206194877625e-02
1.295937038958072662e-02
1.458912435919046402e-02
1.408006343990564346e-02
1.460596267133951187e-02
1.312366407364606857e-02
1.372372824698686600e-02
1.305495575070381165e-02
1.376553997397422791e-02
1.311284024268388748e-02
1.464048027992248535e-02
1.446479931473731995e-02
1.414053048938512802e-02
1.333096064627170563e-02
1.395280752331018448e-02
1.404660101979970932e-02
1.407524943351745605e-02
1.404714304953813553e-02
1.433508098125457764e-02
1.371724810451269150e-02
1.520022191107273102e-02
1.435170229524374008e-02
1.384405139833688736e-02
1.446052547544240952e-02
1.430377084761857986e-02
1.394734904170036316e-02
1.399763301014900208e-02
1.436785981059074402e-02
1.427137013524770737e-02
1.441692467778921127e-02
1.413239259272813797e-02
1.431270781904459000e-02
1.474604848772287369e-02
1.399206463247537613e-02
1.380861084908246994e-02
1.413403078913688660e-02
1.353834476321935654e-02
1.028017420321702957e-02
1.400614343583583832e-02
1.480941474437713623e-02
1.425359304994344711e-02
1.351921167224645615e-02
1.476132590323686600e-02
1.364887133240699768e-02
1.438642106950283051e-02
1.457340084016323090e-02
1.403682865202426910e-02
1.310643274337053299e-02
1.440827641636133194e-02
1.433773990720510483e-02
1.428419910371303558e-02
1.424689963459968567e-02
1.308335270732641220e-02
1.432085596024990082e-02
1.344505790621042252e-02
1.497681066393852234e-02
1.117604039609432220e-02
1.422322448343038559e-02
1.351784821599721909e-02
1.235242560505867004e-02
1.436848565936088562e-02
1.388609409332275391e-02
1.409458834677934647e-02
1.436614990234375000e-02
1.461576484143733978e-02
1.370397489517927170e-02
1.336498185992240906e-02
1.376055087894201279e-02
1.482387538999319077e-02
1.399376709014177322e-02
1.396571937948465347e-02
1.418592315167188644e-02
1.470227818936109543e-02
1.361157000064849854e-02
1.455673947930335999e-02
1.406311988830566406e-02
1.399424951523542404e-02
1.412937324494123459e-02
1.394347939640283585e-02
1.453075651079416275e-02
1.418819371610879898e-02
1.417617406696081161e-02
1.378819625824689865e-02
1.416141353547573090e-02
1.444998942315578461e-02
1.351217553019523621e-02
1.481049600988626480e-02
1.440105121582746506e-02
1.477862987667322159e-02
1.438371464610099792e-02
1.446815673261880875e-02
1.449126284569501877e-02
1.473520323634147644e-02
1.442007627338171005e-02
1.430782396346330643e-02
1.420140825212001801e-02
1.460437849164009094e-02
1.485460996627807617e-02
1.344681438058614731e-02
1.477339584380388260e-02
1.293151453137397766e-02
1.416146196424961090e-02
1.365790888667106628e-02
1.231766305863857269e-02
1.448433194309473038e-02
1.448496058583259583e-02
1.246801577508449554e-02
1.400847826153039932e-02
1.484721619635820389e-02
1.405876036733388901e-02
1.404126640409231186e-02
1.440928969532251358e-02
1.339385844767093658e-02
1.453031040728092194e-02
1.381650194525718689e-02
1.402457710355520248e-02
1.410152576863765717e-02
1.452271733433008194e-02
1.466268394142389297e-02
1.426529325544834137e-02
1.476914808154106140e-02
1.423314493149518967e-02
1.486060582101345062e-02
1.419899426400661469e-02
1.350067183375358582e-02
1.450917776674032211e-02
1.414075493812561035e-02
1.445799227803945541e-02
1.451384741812944412e-02
1.490017399191856384e-02
1.452901959419250488e-02
1.278220955282449722e-02
1.483658235520124435e-02
1.420701667666435242e-02
1.410481333732604980e-02
1.430465932935476303e-02
1.412595901638269424e-02
1.459689065814018250e-02
1.420024409890174866e-02
1.402170583605766296e-02
1.212857756763696671e-02
1.405308023095130920e-02
1.046052947640419006e-02
1.419962849467992783e-02
1.464497204869985580e-02
1.465365849435329437e-02
1.470546517521142960e-02
1.342702191323041916e-02
1.455952133983373642e-02
1.034874282777309418e-02
1.485687214881181717e-02
1.305257994681596756e-02
1.445778645575046539e-02
1.483033318072557449e-02
1.395770069211721420e-02
1.434482261538505554e-02
1.402842998504638672e-02
1.407762710005044937e-02
1.471582893282175064e-02
1.353160105645656586e-02
1.365006528794765472e-02
1.452590525150299072e-02
1.426856871694326401e-02
1.416429784148931503e-02
1.405048929154872894e-02
1.430193427950143814e-02
1.487473025918006897e-02
1.462653279304504395e-02
1.451553031802177429e-02
1.429287437349557877e-02
1.397983171045780182e-02
1.327143609523773193e-02
1.238439045846462250e-02
3.434685990214347839e-02
1.439945772290229797e-02
1.113219559192657471e-02
1.383249089121818542e-02
1.403605937957763672e-02
1.398136839270591736e-02
1.462420262396335602e-02
1.426542643457651138e-02
1.254910323768854141e-02
1.367236580699682236e-02
1.465994678437709808e-02
1.392785087227821350e-02
1.403990387916564941e-02
1.192353572696447372e-02
1.426614727824926376e-02
9.889334440231323242e-03
1.487455051392316818e-02
1.458916999399662018e-02
1.197071094065904617e-02
1.372831221669912338e-02
1.438244618475437164e-02
1.361555792391300201e-02
1.441338565200567245e-02
1.378804724663496017e-02
1.452364400029182434e-02
1.400151476263999939e-02
1.416947320103645325e-02
1.031338050961494446e-02
1.471192762255668640e-02
1.475775241851806641e-02
1.431452110409736633e-02
1.449122745543718338e-02
1.461769081652164459e-02
1.048797369003295898e-02
7.579359225928783417e-03
1.450610999017953873e-02
1.398572977632284164e-02
1.375309191644191742e-02
1.336866244673728943e-02
1.450342591851949692e-02
1.456469018012285233e-02
1.459991279989480972e-02
1.484726369380950928e-02
1.431827899068593979e-02
1.376207266002893448e-02
1.354098692536354065e-02
1.334363222122192383e-02
1.405329629778862000e-02
1.445376779884099960e-02
1.385859772562980652e-02
1.395667251199483871e-02
1.264332327991724014e-02
9.163501672446727753e-03
1.475328858941793442e-02
1.416586991399526596e-02
1.115128304809331894e-02
1.280722301453351974e-02
1.312960032373666763e-02
9.951080195605754852e-03
1.489665545523166656e-02
1.445259060710668564e-02
1.399573124945163727e-02
1.417556125670671463e-02
1.396847330033779144e-02
1.457425672560930252e-02
1.455624494701623917e-02
9.458133019506931305e-03
1.471275649964809418e-02
1.477848924696445465e-02
1.454529445618391037e-02
1.366326864808797836e-02
1.423355378210544586e-02
1.411782857030630112e-02
1.419776119291782379e-02
1.422735769301652908e-02
1.086699124425649643e-02
1.397223491221666336e-02
1.423823274672031403e-02
1.164855342358350754e-02
1.416565477848052979e-02
1.441145222634077072e-02
1.403600256890058517e-02
1.431091222912073135e-02
1.398951373994350433e-02
1.447711791843175888e-02
1.454314962029457092e-02
1.351434830576181412e-02
1.421748101711273193e-02
1.326382160186767578e-02
1.493705809116363525e-02
7.779977750033140182e-03
1.444671116769313812e-02
1.438386365771293640e-02
1.370117440819740295e-02
1.453332975506782532e-02
1.369165256619453430e-02
1.397550385445356369e-02
1.390985492616891861e-02
1.436890009790658951e-02
1.423593144863843918e-02
1.451111212372779846e-02
8.531698025763034821e-03
1.250047702342271805e-02
1.485954131931066513e-02
1.424000784754753113e-02
1.428471505641937256e-02
1.260027289390563965e-02
1.474939938634634018e-02
1.298623718321323395e-02
1.505305245518684387e-02
1.169376727193593979e-02
1.439781859517097473e-02
1.436067279428243637e-02
1.415924075990915298e-02
8.932913653552532196e-03
1.378842908889055252e-02
1.471097674220800400e-02
1.483262795954942703e-02
1.401192229241132736e-02
1.402613893151283264e-02
1.464096084237098694e-02
1.432257052510976791e-02
1.456120889633893967e-02
1.438038982450962067e-02
1.435257401317358017e-02
1.409136410802602768e-02
1.410863362252712250e-02
1.418053545057773590e-02
1.440743729472160339e-02
1.424354966729879379e-02
1.334267295897006989e-02
1.450417842715978622e-02
1.432402338832616806e-02
1.280250586569309235e-02
1.441179309040307999e-02
1.413715258240699768e-02
1.302864588797092438e-02
1.437489408999681473e-02
1.465022005140781403e-02
1.447215396910905838e-02
1.426745578646659851e-02
1.420687697827816010e-02
1.382217649370431900e-02
1.485328469425439835e-02
1.472710724920034409e-02
1.422818936407566071e-02
1.406450662761926651e-02
1.442349050194025040e-02
1.450316514819860458e-02
1.333464030176401138e-02
1.403882261365652084e-02
1.423896010965108871e-02
1.464226562529802322e-02
1.447674352675676346e-02
1.397829968482255936e-02
1.283289771527051926e-02
1.428163982927799225e-02
1.462747249752283096e-02
1.456032134592533112e-02
1.421708706766366959e-02
1.448811963200569153e-02
1.222225744277238846e-02
1.435646694153547287e-02
1.459902897477149963e-02
1.446170173585414886e-02
1.419070083647966385e-02
1.468347292393445969e-02
1.478355564177036285e-02
1.367495022714138031e-02
1.355952676385641098e-02
1.302340533584356308e-02
1.398156583309173584e-02
1.406936068087816238e-02
1.427140925079584122e-02
1.464079599827528000e-02
1.453304383903741837e-02
1.415397506207227707e-02
1.460500713437795639e-02
1.448958832770586014e-02
1.435494702309370041e-02
1.337132975459098816e-02
1.356066856533288956e-02
1.486402843147516251e-02
1.459829602390527725e-02
1.457294262945652008e-02
1.468374487012624741e-02
1.420002616941928864e-02
1.436208561062812805e-02
1.299733016639947891e-02
1.390650775283575058e-02
1.451351400464773178e-02
1.442439202219247818e-02
1.479335408657789230e-02
1.442714408040046692e-02
1.441390160471200943e-02
1.477550249546766281e-02
1.414323691278696060e-02
1.388701144605875015e-02
1.464280765503644943e-02
1.372628845274448395e-02
1.382734812796115875e-02
1.385386008769273758e-02
1.419829484075307846e-02
1.429718453437089920e-02
1.456910092383623123e-02
1.472011767327785492e-02
1.410323660820722580e-02
1.320342160761356354e-02
1.447630207985639572e-02
1.359175145626068115e-02
1.253449916839599609e-02
1.455635391175746918e-02
1.431647501885890961e-02
1.304560340940952301e-02
1.427393499761819839e-02
1.374461129307746887e-02
1.279055234044790268e-02
1.383323874324560165e-02
1.281553506851196289e-02
1.409834343940019608e-02
1.383356843143701553e-02
1.443524286150932312e-02
1.420659385621547699e-02
1.439657248556613922e-02
1.424996182322502136e-02
1.433032471686601639e-02
1.357196830213069916e-02
1.315609179437160492e-02
1.474851928651332855e-02
1.438510976731777191e-02
1.364932395517826080e-02
1.403072476387023926e-02
1.224966440349817276e-02
1.343786809593439102e-02
1.171836908906698227e-02
1.372552476823329926e-02
1.357557252049446106e-02
1.416783686727285385e-02
1.347621344029903412e-02
1.305909547954797745e-02
1.206314843147993088e-02
1.411095261573791504e-02
1.472099404782056808e-02
1.418673992156982422e-02
1.340972539037466049e-02
1.444229856133460999e-02
1.457145437598228455e-02
1.444085035473108292e-02
1.391792297363281250e-02
1.406267285346984863e-02
9.335514158010482788e-03
1.463685277849435806e-02
9.617352858185768127e-03
1.379313692450523376e-02
1.411329582333564758e-02
1.414210163056850433e-02
1.457354985177516937e-02
9.193900972604751587e-03
1.099645718932151794e-02
1.358818169683218002e-02
1.387271564453840256e-02
1.346279308199882507e-02
1.379904150962829590e-02
1.368734892457723618e-02
1.386244688183069229e-02
1.420937571674585342e-02
1.448173820972442627e-02
1.418910548090934753e-02
1.432840619236230850e-02
1.469285413622856140e-02
1.437705475836992264e-02
1.386998221278190613e-02
1.231662556529045105e-02
1.433309912681579590e-02
1.413765829056501389e-02
1.391638722270727158e-02
1.152745261788368225e-02
1.426243409514427185e-02
1.421503350138664246e-02
1.405437663197517395e-02
1.450231391936540604e-02
1.435022149235010147e-02
1.429241057485342026e-02
1.487291138619184494e-02
1.430420484393835068e-02
1.431425753980875015e-02
1.445328351110219955e-02
1.422274671494960785e-02
1.408362947404384613e-02
1.398740336298942566e-02
1.464853808283805847e-02
1.219974830746650696e-02
1.310599688440561295e-02
1.421466376632452011e-02
1.410992071032524109e-02
1.456473674625158310e-02
1.289157662540674210e-02
1.082012057304382324e-02
7.904816418886184692e-03
1.427272055298089981e-02
1.400827802717685699e-02
1.438139006495475769e-02
1.430454012006521225e-02
1.401372160762548447e-02
1.407548785209655762e-02
1.255478244274854660e-02
1.426288764923810959e-02
1.417812705039978027e-02
1.427744328975677490e-02
1.446670014411211014e-02
1.350681111216545105e-02
1.453185454010963440e-02
1.371381338685750961e-02
1.429307553917169571e-02
1.413357257843017578e-02
1.444184500724077225e-02
1.447467412799596786e-02
1.465359609574079514e-02
1.316559687256813049e-02
1.450837310403585434e-02
1.446558441966772079e-02
1.382920145988464355e-02
1.438965275883674622e-02
1.325489487498998642e-02
7.996935397386550903e-03
1.440758910030126572e-02
1.347245182842016220e-02
7.610970642417669296e-03
1.440234389156103134e-02
1.330934371799230576e-02
1.480551715940237045e-02
1.461063884198665619e-02
1.408250071108341217e-02
1.037274673581123352e-02
1.389974914491176605e-02
1.309583801776170731e-02
1.457157824188470840e-02
1.345724985003471375e-02
1.151894591748714447e-02
1.444675680249929428e-02
1.448831520974636078e-02
1.392389182001352310e-02
1.269138511270284653e-02
1.377856358885765076e-02
1.450885739177465439e-02
1.027061883360147476e-02
1.390239596366882324e-02
1.112058106809854507e-02
1.484300196170806885e-02
1.263257209211587906e-02
1.398486271500587463e-02
1.422567293047904968e-02
1.472787559032440186e-02
1.234410423785448074e-02
1.329447235912084579e-02
1.453021168708801270e-02
1.466803532093763351e-02
1.389195583760738373e-02
1.350638922303915024e-02
1.418814342468976974e-02
1.376574952155351639e-02
1.324543450027704239e-02
1.417401153594255447e-02
1.015906222164630890e-02
1.399515941739082336e-02
1.448985002934932709e-02
1.445914432406425476e-02
1.189072430133819580e-02
1.229896303266286850e-02
1.443771459162235260e-02
1.430426910519599915e-02
1.489895675331354141e-02
1.378637831658124924e-02
1.442961394786834717e-02
1.464513223618268967e-02
1.422892790287733078e-02
1.427218876779079437e-02
1.423467323184013367e-02
1.215553283691406250e-02
1.454709563404321671e-02
1.421546377241611481e-02
1.380526740103960037e-02
1.440780516713857651e-02
1.375350449234247208e-02
1.414216682314872742e-02
1.132067665457725525e-02
1.379352249205112457e-02
1.433960441499948502e-02
1.393382344394922256e-02
1.372754294425249100e-02
1.342849805951118469e-02
1.367273274809122086e-02
1.434825733304023743e-02
1.403959374874830246e-02
1.428106427192687988e-02
1.341963373124599457e-02
1.416484918445348740e-02
1.366664562374353409e-02
1.431477069854736328e-02
1.351340673863887787e-02
1.374600268900394440e-02
1.444214675575494766e-02
1.460901461541652679e-02
1.416176557540893555e-02
1.414610352367162704e-02
1.464649662375450134e-02
1.391206029802560806e-02
1.464219298213720322e-02
1.485427375882863998e-02
1.369957253336906433e-02
1.013669464737176895e-02
1.453769486397504807e-02
1.412009913474321365e-02
1.409503817558288574e-02
1.429964508861303329e-02
1.476462557911872864e-02
1.314797438681125641e-02
1.416760589927434921e-02
1.365124061703681946e-02
1.449761725962162018e-02
1.397519372403621674e-02
1.351501140743494034e-02
1.274555921554565430e-02
8.055120706558227539e-03
1.409740652889013290e-02
1.330036763101816177e-02
1.360188145190477371e-02
1.494809333235025406e-02
1.420001406222581863e-02
1.386625412851572037e-02
1.456395722925662994e-02
1.394884288311004639e-02
1.114847324788570404e-02
1.442704256623983383e-02
1.310922764241695404e-02
1.471646968275308609e-02
1.311883050948381424e-02
1.451510563492774963e-02
1.377873681485652924e-02
1.378804165869951248e-02
1.402548234909772873e-02
1.419646106660366058e-02
1.473682001233100891e-02
1.486667152494192123e-02
1.462535280734300613e-02
1.402359642088413239e-02
1.440557930618524551e-02
1.428914070129394531e-02
1.451329234987497330e-02
1.411242783069610596e-02
1.421538554131984711e-02
1.474822685122489929e-02
1.401809137314558029e-02
1.217956934124231339e-02
1.302860770374536514e-02
1.364924665540456772e-02
1.476826891303062439e-02
1.474039908498525620e-02
1.420253142714500427e-02
1.280790008604526520e-02
1.363528892397880554e-02
1.382629666477441788e-02
1.383334398269653320e-02
1.397084351629018784e-02
1.398777682334184647e-02
1.483378931879997253e-02
1.459458749741315842e-02
1.469840947538614273e-02
1.426183804869651794e-02
1.380867045372724533e-02
1.391398254781961441e-02
1.502563711255788803e-02
1.448837015777826309e-02
1.153016928583383560e-02
1.462017558515071869e-02
1.400939747691154480e-02
1.363481208682060242e-02
1.375883817672729492e-02
1.415897533297538757e-02
1.140376087278127670e-02
1.432985067367553711e-02
1.466770749539136887e-02
1.416244264692068100e-02
1.424753945320844650e-02
1.429166831076145172e-02
1.494790520519018173e-02
1.349396631121635437e-02
1.482762396335601807e-02
1.400236878544092178e-02
1.446607429534196854e-02
1.434318348765373230e-02
1.452785730361938477e-02
1.459721010178327560e-02
1.394715998321771622e-02
1.456582546234130859e-02
1.420716568827629089e-02
1.405792031437158585e-02
1.179866492748260498e-02
1.407915912568569183e-02
1.485417876392602921e-02
1.400705333799123764e-02
1.415510382503271103e-02
1.416093949228525162e-02
1.420480385422706604e-02
1.463106181472539902e-02
1.383232511579990387e-02
1.392835751175880432e-02
1.143153849989175797e-02
1.436573918908834457e-02
1.405128836631774902e-02
1.303698029369115829e-02
1.477758679538965225e-02
1.413591299206018448e-02
1.439900696277618408e-02
1.389693096280097961e-02
1.448926422744989395e-02
1.407248619943857193e-02
9.026511572301387787e-03
1.441100239753723145e-02
1.487715914845466614e-02
1.428640447556972504e-02
1.435129996389150620e-02
1.391024794429540634e-02
1.471067965030670166e-02
1.474729739129543304e-02
1.484851259738206863e-02
1.500008627772331238e-02
1.433245930820703506e-02
1.459266338497400284e-02
1.415193080902099609e-02
1.325708348304033279e-02
8.715537376701831818e-03
1.157115772366523743e-02
1.463427487760782242e-02
1.407974120229482651e-02
1.376302447170019150e-02
9.618870913982391357e-03
1.408474240452051163e-02
1.424163021147251129e-02
1.435481011867523193e-02
1.294616144150495529e-02
1.455106679350137711e-02
1.143592689186334610e-02
1.487854961305856705e-02
1.155583932995796204e-02
1.342929061502218246e-02
1.430099643766880035e-02
1.472262106835842133e-02
1.357389613986015320e-02
1.436254661530256271e-02
1.489804312586784363e-02
1.484848838299512863e-02
1.410475932061672211e-02
1.409081183373928070e-02
1.483029965311288834e-02
1.387772802263498306e-02
1.389286294579505920e-02
1.411145087331533432e-02
1.414611935615539551e-02
1.473454851657152176e-02
1.445997320115566254e-02
1.458958070725202560e-02
1.449496392160654068e-02
1.282604131847620010e-02
1.368311047554016113e-02
1.396223530173301697e-02
1.486624218523502350e-02
1.429213210940361023e-02
1.354842819273471832e-02
1.385608874261379242e-02
1.434392575174570084e-02
1.479962095618247986e-02
1.264484599232673645e-02
1.434836350381374359e-02
1.460524462163448334e-02
1.407436374574899673e-02
1.455148495733737946e-02
1.382711809128522873e-02
1.343558076769113541e-02
1.480520609766244888e-02
1.457344088703393936e-02
1.334998104721307755e-02
1.363370101898908615e-02
1.304396986961364746e-02
1.397394575178623199e-02
1.449623424559831619e-02
1.431235950440168381e-02
1.448094565421342850e-02
1.473551429808139801e-02
1.444903574883937836e-02
1.380455773323774338e-02
1.333849504590034485e-02
1.410855446010828018e-02
1.483823638409376144e-02
1.369758788496255875e-02
1.370574533939361572e-02
1.316834334284067154e-02
1.394537463784217834e-02
1.331399381160736084e-02
1.434241328388452530e-02
1.357075013220310211e-02
1.464279368519783020e-02
1.435196492820978165e-02
1.466046366840600967e-02
1.401944365352392197e-02
1.467789337038993835e-02
1.425211410969495773e-02
1.413057837635278702e-02
1.438271440565586090e-02
1.410650648176670074e-02
1.476502697914838791e-02
1.459938939660787582e-02
1.066115126013755798e-02
1.450836658477783203e-02
1.466860156506299973e-02
1.414718665182590485e-02
1.349354442209005356e-02
1.341010536998510361e-02
1.457936968654394150e-02
1.407874748110771179e-02
1.470245979726314545e-02
1.451745349913835526e-02
1.476772129535675049e-02
1.404422800987958908e-02
1.467794738709926605e-02
1.396476663649082184e-02
1.430774945765733719e-02
1.392508484423160553e-02
1.414755824953317642e-02
1.416392251849174500e-02
1.388614811003208160e-02
1.349374931305646896e-02
1.468195393681526184e-02
9.584105573594570160e-03
1.164009328931570053e-02
1.315792184323072433e-02
1.470035593956708908e-02
1.454058568924665451e-02
1.269714906811714172e-02
1.463166158646345139e-02
1.452723704278469086e-02
1.379186194390058517e-02
8.248149417340755463e-03
1.444248203188180923e-02
1.368836686015129089e-02
1.409905217587947845e-02
1.343215070664882660e-02
1.480849366635084152e-02
1.447928790003061295e-02
1.345134619623422623e-02
1.449666824191808701e-02
1.448430493474006653e-02
8.352749980986118317e-03
1.365208532661199570e-02
1.443580910563468933e-02
1.468120235949754715e-02
1.442286092787981033e-02
1.269830670207738876e-02
1.410719752311706543e-02
1.144201960414648056e-02
1.274498458951711655e-02
8.821791037917137146e-03
1.169095933437347412e-02
1.444327551871538162e-02
1.391249895095825195e-02
1.396184321492910385e-02
1.476400531828403473e-02
1.472838874906301498e-02
1.434449851512908936e-02
1.351586822420358658e-02
1.401860080659389496e-02
1.407591160386800766e-02
1.425413507968187332e-02
1.442995388060808182e-02
1.412594318389892578e-02
1.295741833746433258e-02
1.442761067301034927e-02
1.425667200237512589e-02
1.478691305965185165e-02
1.429854985326528549e-02
1.257569715380668640e-02
1.382357999682426453e-02
1.403516624122858047e-02
1.404551509767770767e-02
1.468226872384548187e-02
1.440576929599046707e-02
1.398191694170236588e-02
1.443884335458278656e-02
1.281644031405448914e-02
1.381109002977609634e-02
1.413994468748569489e-02
1.233790908008813858e-02
1.331086549907922745e-02
1.423233188688755035e-02
1.389949675649404526e-02
1.420099474489688873e-02
1.476631220430135727e-02
1.419531460851430893e-02
1.504706218838691711e-02
1.060464698821306229e-02
1.430927217006683350e-02
1.431712228804826736e-02
1.417487207800149918e-02
1.445905771106481552e-02
1.323546562343835831e-02
1.420103665441274643e-02
1.321099977940320969e-02
1.407445874065160751e-02
1.147592440247535706e-02
1.481837034225463867e-02
1.422996539622545242e-02
1.430090423673391342e-02
1.431912463158369064e-02
1.422215905040502548e-02
1.439824141561985016e-02
1.442933641374111176e-02
1.462138816714286804e-02
1.422386802732944489e-02
1.415449008345603943e-02
1.404762826859951019e-02
1.439018175005912781e-02
1.392153464257717133e-02
1.243429724127054214e-02
1.394264958798885345e-02
1.491020713001489639e-02
1.262669637799263000e-02
1.419901847839355469e-02
1.423861924558877945e-02
1.481694262474775314e-02
1.464883331209421158e-02
1.489399280399084091e-02
1.374518312513828278e-02
1.424072589725255966e-02
1.465159095823764801e-02
1.402669213712215424e-02
1.336041651666164398e-02
1.390236057341098785e-02
1.430894713848829269e-02
1.432732027024030685e-02
1.449071988463401794e-02
1.476232614368200302e-02
1.444783527404069901e-02
1.464660093188285828e-02
1.363618019968271255e-02
1.362546626478433609e-02
1.428898889571428299e-02
1.410237513482570648e-02
1.419953349977731705e-02
1.461119949817657471e-02
1.447502989321947098e-02
1.438206713646650314e-02
1.479111984372138977e-02
1.408919971436262131e-02
1.379301492124795914e-02
1.470799092203378677e-02
1.061374600976705551e-02
1.273426413536071777e-02
1.381407119333744049e-02
1.493944879621267319e-02
1.364426407963037491e-02
1.407596468925476074e-02
1.423343177884817123e-02
1.475434377789497375e-02
1.407378073781728745e-02
1.275634486228227615e-02
1.444853842258453369e-02
1.301361527293920517e-02
1.423211488872766495e-02
1.340846810489892960e-02
1.411167345941066742e-02
1.405115798115730286e-02
1.392947509884834290e-02
1.446321606636047363e-02
1.330593787133693695e-02
1.295886375010013580e-02
1.442230865359306335e-02
1.329809427261352539e-02
1.435950305312871933e-02
1.450207550078630447e-02
1.452653948217630386e-02
1.264015119522809982e-02
1.407238841056823730e-02
1.348337810486555099e-02
1.429472304880619049e-02
1.361443754285573959e-02
1.448774896562099457e-02
1.447227597236633301e-02
1.436134614050388336e-02
1.146853249520063400e-02
1.401798333972692490e-02
1.430139783769845963e-02
1.436248980462551117e-02
1.393624488264322281e-02
1.415539067238569260e-02
1.367727201431989670e-02
1.404222287237644196e-02
1.378278434276580811e-02
1.426277682185173035e-02
1.397977117449045181e-02
1.453584805130958557e-02
1.325030252337455750e-02
1.433315873146057129e-02
1.434040907770395279e-02
1.362551655620336533e-02
1.432644762098789215e-02
1.439039129763841629e-02
1.341605093330144882e-02
1.384307350963354111e-02
1.090614683926105499e-02
1.392456330358982086e-02
1.429165247827768326e-02
1.491032447665929794e-02
1.464301440864801407e-02
1.375999953597784042e-02
1.401712372899055481e-02
1.297705806791782379e-02
1.395842153578996658e-02
1.471690554171800613e-02
1.432430185377597809e-02
1.486584637314081192e-02
1.449196599423885345e-02
1.406322512775659561e-02
1.416819170117378235e-02
1.439501717686653137e-02
1.420597080141305923e-02
1.446710620075464249e-02
1.415488217025995255e-02
1.465920545160770416e-02
1.378795597702264786e-02
1.455900631844997406e-02
1.438801269978284836e-02
1.490419544279575348e-02
1.446593645960092545e-02
1.393011771142482758e-02
1.392473280429840088e-02
1.347796246409416199e-02
1.319554541260004044e-02
1.348604820668697357e-02
1.356270816177129745e-02
1.366260368376970291e-02
1.364108826965093613e-02
1.237988471984863281e-02
1.455152127891778946e-02
9.681146591901779175e-03
1.304896455258131027e-02
1.436804607510566711e-02
1.191851869225502014e-02
1.337144058197736740e-02
1.423654053360223770e-02
1.411722600460052490e-02
1.363393664360046387e-02
1.441728230565786362e-02
1.390097476541996002e-02
1.465535070747137070e-02
1.433969382196664810e-02
1.439683977514505386e-02
1.419126428663730621e-02
1.330264844000339508e-02
1.427282672375440598e-02
1.446710433810949326e-02
1.438010856509208679e-02
1.346743665635585785e-02
1.408306322991847992e-02
1.420630235224962234e-02
1.060163322836160660e-02
1.347365323454141617e-02
1.303033623844385147e-02
1.314754411578178406e-02
1.467503234744071960e-02
1.400090195238590240e-02
1.394780818372964859e-02
1.452205516397953033e-02
1.449292339384555817e-02
1.280327793210744858e-02
1.420236565172672272e-02
1.459259632974863052e-02
1.416412834078073502e-02
1.393580064177513123e-02
1.431413553655147552e-02
1.196931954473257065e-02
1.482736133038997650e-02
1.444966718554496765e-02
1.430404186248779297e-02
1.464024465531110764e-02
1.335860881954431534e-02
1.396743115037679672e-02
1.309841312468051910e-02
1.418830547481775284e-02
1.388743240386247635e-02
1.423276960849761963e-02
1.405943837016820908e-02
1.493473630398511887e-02
1.424547750502824783e-02
8.791724219918251038e-03
1.426442619413137436e-02
1.338598039001226425e-02
1.425340212881565094e-02
7.972759194672107697e-03
1.307675335556268692e-02
1.390670612454414368e-02
1.325395144522190094e-02
1.411387603729963303e-02
1.475938037037849426e-02
1.427225396037101746e-02
1.448065601289272308e-02
1.411422528326511383e-02
1.478429976850748062e-02
1.496825739741325378e-02
1.273142453283071518e-02
1.473877206444740295e-02
1.459807157516479492e-02
1.450993027538061142e-02
1.350885909050703049e-02
1.414141058921813965e-02
1.440739072859287262e-02
1.236311718821525574e-02
1.414418593049049377e-02
1.466046925634145737e-02
8.420079946517944336e-03
1.410521660000085831e-02
1.387983560562133789e-02
1.498853228986263275e-02
1.405082736164331436e-02
1.460455730557441711e-02
1.277380250394344330e-02
1.454676594585180283e-02
1.380143500864505768e-02
1.498831436038017273e-02
1.452426053583621979e-02
1.341878529638051987e-02
1.455767545849084854e-02
1.423852797597646713e-02
1.352900546044111252e-02
1.353182271122932434e-02
1.457459852099418640e-02
7.478978950530290604e-03
1.394781842827796936e-02
1.423160079866647720e-02
1.349979080259799957e-02
1.426813658326864243e-02
1.438459195196628571e-02
1.462560333311557770e-02
1.398192718625068665e-02
1.453712861984968185e-02
1.284258440136909485e-02
1.442014798521995544e-02
1.418992038816213608e-02
1.102662459015846252e-02
1.448752358555793762e-02
1.442299690097570419e-02
1.332966610789299011e-02
1.346878800541162491e-02
1.256406307220458984e-02
1.468496862798929214e-02
1.313807163387537003e-02
1.450540497899055481e-02
1.426394935697317123e-02
1.414935197681188583e-02
1.444411836564540863e-02
1.401639264076948166e-02
1.423074025660753250e-02
1.472020987421274185e-02
1.347127556800842285e-02
1.423820294439792633e-02
1.467648427933454514e-02
1.450465247035026550e-02
1.471469365060329437e-02
1.222577784210443497e-02
1.446984335780143738e-02
1.371514517813920975e-02
1.419473253190517426e-02
1.286372262984514236e-02
1.417031791061162949e-02
1.424722466617822647e-02
1.456131134182214737e-02
1.422078348696231842e-02
1.447344478219747543e-02
1.483745593577623367e-02
1.404184941202402115e-02
1.429831422865390778e-02
1.400639116764068604e-02
1.437936164438724518e-02
1.407121121883392334e-02
1.370638329535722733e-02
1.424310170114040375e-02
1.403141301125288010e-02
1.431431435048580170e-02
1.415361743420362473e-02
1.422110106796026230e-02
1.417255401611328125e-02
1.451901439577341080e-02
1.444101892411708832e-02
1.309784967452287674e-02
1.423875056207180023e-02
1.419892627745866776e-02
1.341737434267997742e-02
1.435370091348886490e-02
1.430480275303125381e-02
1.412784494459629059e-02
1.454278733581304550e-02
1.455798652023077011e-02
1.405959203839302063e-02
1.363792736083269119e-02
1.455068867653608322e-02
1.428714394569396973e-02
1.439385954290628433e-02
1.499008201062679291e-02
1.404449436813592911e-02
1.452308055013418198e-02
1.381698530167341232e-02
1.455138064920902252e-02
1.472828350961208344e-02
1.392583269625902176e-02
1.346490066498517990e-02
1.432880479842424393e-02
1.460484601557254791e-02
1.424026768654584885e-02
1.445460971444845200e-02
1.412920560687780380e-02
1.389283034950494766e-02
1.453920640051364899e-02
1.445723511278629303e-02
1.469667162746191025e-02
1.476651988923549652e-02
1.317099854350090027e-02
1.221248414367437363e-02
1.494887750595808029e-02
1.412046514451503754e-02
1.384783443063497543e-02
1.425589248538017273e-02
1.494669262319803238e-02
1.332388911396265030e-02
1.413481868803501129e-02
1.450637541711330414e-02
1.389163732528686523e-02
1.425421610474586487e-02
1.413904782384634018e-02
1.292495522648096085e-02
1.433429494500160217e-02
1.422341261059045792e-02
1.428835932165384293e-02
1.384210865944623947e-02
1.367534790188074112e-02
1.064774021506309509e-02
1.352503336966037750e-02
1.095163170248270035e-02
1.386140845715999603e-02
1.407326478511095047e-02
1.422275230288505554e-02
1.415733899921178818e-02
1.373315416276454926e-02
1.297315675765275955e-02
1.461166702210903168e-02
1.454370096325874329e-02
1.389931049197912216e-02
8.353463374078273773e-03
1.410111505538225174e-02
1.126472745090723038e-02
1.187515817582607269e-02
1.408850215375423431e-02
1.483873929828405380e-02
1.489438489079475403e-02
1.427905913442373276e-02
8.432484231889247894e-03
1.476187352091073990e-02
1.446729898452758789e-02
1.327109709382057190e-02
1.410375628620386124e-02
1.403344515711069107e-02
1.394314505159854889e-02
1.384404953569173813e-02
1.070728991180658340e-02
1.354303583502769470e-02
1.406410429626703262e-02
1.432219427078962326e-02
1.396664045751094818e-02
1.479723118245601654e-02
1.065197587013244629e-02
1.502848509699106216e-02
1.395650114864110947e-02
1.447967346757650375e-02
1.451033633202314377e-02
1.417981181293725967e-02
1.421620603650808334e-02
1.209198310971260071e-02
1.245086826384067535e-02
1.395331323146820068e-02
1.358233019709587097e-02
1.394266728311777115e-02
1.447981595993041992e-02
1.457124389708042145e-02
1.460500713437795639e-02
1.423875056207180023e-02
1.432411745190620422e-02
1.532356534153223038e-02
1.343288179486989975e-02
1.434529107064008713e-02
9.176419116556644440e-03
1.410558819770812988e-02
1.485831942409276962e-02
1.306763384491205215e-02
1.449749432504177094e-02
1.455360930413007736e-02
1.274204626679420471e-02
1.405413728207349777e-02
1.437055133283138275e-02
1.456054206937551498e-02
1.427405700087547302e-02
1.398180518299341202e-02
1.493639871478080750e-02
1.346795912832021713e-02
1.428612414747476578e-02
1.378037873655557632e-02
1.355908438563346863e-02
1.375780347734689713e-02
1.473446562886238098e-02
1.385747268795967102e-02
1.390537712723016739e-02
1.383687835186719894e-02
1.439350005239248276e-02
1.453358773142099380e-02
1.443913206458091736e-02
1.359053887426853180e-02
1.474356558173894882e-02
1.468031201511621475e-02
1.377442851662635803e-02
1.468221750110387802e-02
1.467037573456764221e-02
1.418463513255119324e-02
1.108588185161352158e-02
1.523291971534490585e-02
1.450666878372430801e-02
1.469304319471120834e-02
1.481567230075597763e-02
1.429405529052019119e-02
1.446930132806301117e-02
1.407365128397941589e-02
1.399314496666193008e-02
1.079699210822582245e-02
1.404125895351171494e-02
1.377337612211704254e-02
1.372092589735984802e-02
1.460183504968881607e-02
1.450493372976779938e-02
1.304930541664361954e-02
1.437075529247522354e-02
1.500767096877098083e-02
1.463359594345092773e-02
1.454810891300439835e-02
1.438115630298852921e-02
1.329815760254859924e-02
1.338388863950967789e-02
1.340057048946619034e-02
1.102202385663986206e-02
1.418723445385694504e-02
1.442302856594324112e-02
1.506590005010366440e-02
1.438398566097021103e-02
1.480948366224765778e-02
1.191332004964351654e-02
1.343481149524450302e-02
1.462213788181543350e-02
1.189011055976152420e-02
1.411105599254369736e-02
1.418028492480516434e-02
1.348154339939355850e-02
1.115343626588582993e-02
1.477845106273889542e-02
1.417563855648040771e-02
1.448557153344154358e-02
1.415612362325191498e-02
1.445911824703216553e-02
1.306457538157701492e-02
1.425051130354404449e-02
1.461589429527521133e-02
1.443855185061693192e-02
1.406298205256462097e-02
1.438976172357797623e-02
1.355158910155296326e-02
1.471026614308357239e-02
1.470024604350328445e-02
1.463096123188734055e-02
1.093532517552375793e-02
8.696972392499446869e-03
1.212635915726423264e-02
1.346189063042402267e-02
1.442485209554433823e-02
1.392080262303352356e-02
1.420507114380598068e-02
1.468662824481725693e-02
1.406151615083217621e-02
1.244900748133659363e-02
1.451571658253669739e-02
1.386414468288421631e-02
1.453296747058629990e-02
1.383034233003854752e-02
1.373487710952758789e-02
1.452247146517038345e-02
1.444579660892486572e-02
1.427763700485229492e-02
1.466169115155935287e-02
9.873091243207454681e-03
1.416289526969194412e-02
1.453133765608072281e-02
1.400773134082555771e-02
1.458136830478906631e-02
1.304669305682182312e-02
1.393675431609153748e-02
1.386955659836530685e-02
1.419682428240776062e-02
1.428899727761745453e-02
1.497298851609230042e-02
9.445091709494590759e-03
1.435633935034275055e-02
1.458505447953939438e-02
1.417891681194305420e-02
1.389248762279748917e-02
1.402381155639886856e-02
1.437163259834051132e-02
1.459616795182228088e-02
1.480615977197885513e-02
1.278664544224739075e-02
1.381520833820104599e-02
1.182909309864044189e-02
1.445345859974622726e-02
1.423427183181047440e-02
1.434708479791879654e-02
1.447942014783620834e-02
1.391649525612592697e-02
1.458486076444387436e-02
1.394632738083600998e-02
1.429041661322116852e-02
1.278924662619829178e-02
1.472708582878112793e-02
1.424152497202157974e-02
1.372401136904954910e-02
1.264316495507955551e-02
1.341550145298242569e-02
1.444754283875226974e-02
1.450004242360591888e-02
1.333393249660730362e-02
1.455101650208234787e-02
1.416502054780721664e-02
1.375556830316781998e-02
1.437366846948862076e-02
1.464822888374328613e-02
1.274028699845075607e-02
1.425353251397609711e-02
1.407406851649284363e-02
1.472760085016489029e-02
1.240949425846338272e-02
1.426115632057189941e-02
1.426759921014308929e-02
1.458225771784782410e-02
1.383392885327339172e-02
1.485953945666551590e-02
1.390859391540288925e-02
1.451275311410427094e-02
1.472722925245761871e-02
1.389133557677268982e-02
1.442609820514917374e-02
1.444624923169612885e-02
1.296406146138906479e-02
1.425038371235132217e-02
1.449150126427412033e-02
1.376373227685689926e-02
1.323100645095109940e-02
1.475092209875583649e-02
1.400410290807485580e-02
1.467640046030282974e-02
1.446757279336452484e-02
1.429804321378469467e-02
1.400155667215585709e-02
1.397662516683340073e-02
1.360375527292490005e-02
1.431674323976039886e-02
1.416428759694099426e-02
1.454122457653284073e-02
1.410745736211538315e-02
1.446727197617292404e-02
1.420875266194343567e-02
1.384980324655771255e-02
1.392456609755754471e-02
1.476499438285827637e-02
1.431903522461652756e-02
1.462937891483306885e-02
1.429460849612951279e-02
1.421436667442321777e-02
1.406631432473659515e-02
1.367364916950464249e-02
1.488247606903314590e-02
1.380808558315038681e-02
1.466802600771188736e-02
9.507712908089160919e-03
1.433711405843496323e-02
1.490802969783544540e-02
1.473163161426782608e-02
1.038329675793647766e-02
1.676364429295063019e-02
1.345480978488922119e-02
1.505491416901350021e-02
1.422328967601060867e-02
1.399918459355831146e-02
1.416038256138563156e-02
1.159633696079254150e-02
1.438177190721035004e-02
1.457748934626579285e-02
1.413031574338674545e-02
1.502054836601018906e-02
1.400413829833269119e-02
1.418444607406854630e-02
1.430036779493093491e-02
1.477534230798482895e-02
1.200270373374223709e-02
1.456270739436149597e-02
1.412284374237060547e-02
1.452818512916564941e-02
1.412902865558862686e-02
1.431711856275796890e-02
1.159577444195747375e-02
1.417144481092691422e-02
1.160731911659240723e-02
1.409440860152244568e-02
1.467214152216911316e-02
1.403261628001928329e-02
1.417818944901227951e-02
1.437498535960912704e-02
1.340021099895238876e-02
1.478450559079647064e-02
1.485595386475324631e-02
1.349559985101222992e-02
1.453897077590227127e-02
1.453034300357103348e-02
1.374600175768136978e-02
9.819615632295608521e-03
1.510792691260576248e-02
1.439422648400068283e-02
1.465539913624525070e-02
1.382076647132635117e-02
1.347789727151393890e-02
1.404189970344305038e-02
1.289641018956899643e-02
1.348923798650503159e-02
1.402397826313972473e-02
1.239699404686689377e-02
1.426679454743862152e-02
1.358021423220634460e-02
1.457564253360033035e-02
1.348342653363943100e-02
1.064426079392433167e-02
1.439172029495239258e-02
1.468557398766279221e-02
1.519117970019578934e-02
1.465517003089189529e-02
1.457775197923183441e-02
1.438919361680746078e-02
1.408001873642206192e-02
1.409451756626367569e-02
1.422767248004674911e-02
1.411086041480302811e-02
1.458685193210840225e-02
1.412227097898721695e-02
1.218560338020324707e-02
1.352271437644958496e-02
1.418410148471593857e-02
1.424020249396562576e-02
8.251569233834743500e-03
1.290846150368452072e-02
1.405265647917985916e-02
1.452611945569515228e-02
1.353819109499454498e-02
1.390624884516000748e-02
1.425053086131811142e-02
1.433579530566930771e-02
1.405589561909437180e-02
1.375904958695173264e-02
1.404033508151769638e-02
1.434942800551652908e-02
1.365551631897687912e-02
1.436431054025888443e-02
1.421009935438632965e-02
1.174970343708992004e-02
1.383827999234199524e-02
9.434529580175876617e-03
1.381540019065141678e-02
1.420884765684604645e-02
1.434275507926940918e-02
1.392328739166259766e-02
1.391191128641366959e-02
1.439778879284858704e-02
1.367620006203651428e-02
1.338516548275947571e-02
1.459131482988595963e-02
1.458145771175622940e-02
1.441692467778921127e-02
1.341940183192491531e-02
1.413459144532680511e-02
1.454678177833557129e-02
1.407862268388271332e-02
1.118353847414255142e-02
1.377111580222845078e-02
1.443166099488735199e-02
1.443964242935180664e-02
1.394226867705583572e-02
1.477843150496482849e-02
1.047061383724212646e-02
1.423238869756460190e-02
1.364798471331596375e-02
1.470134593546390533e-02
1.373251434415578842e-02
1.457641366869211197e-02
1.483051851391792297e-02
1.399244274944067001e-02
1.469891332089900970e-02
1.392984110862016678e-02
1.456113252788782120e-02
1.429915800690650940e-02
1.362886186689138412e-02
1.422422751784324646e-02
1.455297507345676422e-02
1.428634766489267349e-02
8.013197220861911774e-03
1.375909242779016495e-02
1.421731337904930115e-02
1.388510782271623611e-02
1.396594289690256119e-02
1.424787845462560654e-02
1.387786958366632462e-02
1.385450083762407303e-02
1.384217105805873871e-02
1.418648101389408112e-02
1.416555605828762054e-02
1.397119555622339249e-02
1.462621055543422699e-02
1.373868342489004135e-02
1.413851696997880936e-02
1.442360598593950272e-02
1.450737752020359039e-02
1.409704610705375671e-02
1.412862539291381836e-02
1.510536391288042068e-02
1.426636055111885071e-02
1.475802902132272720e-02
1.405947562307119370e-02
1.440577208995819092e-02
1.364330668002367020e-02
1.267966628074645996e-02
1.367876492440700531e-02
1.353565417230129242e-02
1.388647500425577164e-02
1.326599717140197754e-02
1.442692242562770844e-02
1.510843727737665176e-02
1.426666136831045151e-02
1.458421442657709122e-02
1.454576570540666580e-02
1.442380622029304504e-02
1.429779920727014542e-02
1.439772173762321472e-02
1.468268129974603653e-02
1.493071578443050385e-02
1.343697309494018555e-02
1.478178892284631729e-02
1.385028380900621414e-02
1.374946627765893936e-02
1.408686395734548569e-02
1.175423059612512589e-02
1.434035040438175201e-02
1.384176313877105713e-02
1.400433853268623352e-02
1.357170660048723221e-02
1.421768125146627426e-02
1.454286370426416397e-02
1.293940935283899307e-02
1.360984519124031067e-02
1.006459351629018784e-02
1.331339124590158463e-02
1.329863630235195160e-02
1.452247891575098038e-02
1.442202925682067871e-02
1.437011919915676117e-02
1.408295333385467529e-02
1.435179635882377625e-02
1.442405581474304199e-02
1.428193971514701843e-02
1.456274464726448059e-02
1.443246006965637207e-02
1.318053621798753738e-02
1.342912949621677399e-02
1.465955376625061035e-02
1.475145574659109116e-02
1.427250541746616364e-02
1.454674080014228821e-02
1.417710818350315094e-02
1.478457730263471603e-02
1.464882586151361465e-02
9.714212268590927124e-03
1.425523124635219574e-02
1.442381087690591812e-02
1.419547758996486664e-02
1.471796724945306778e-02
1.449434086680412292e-02
1.429200172424316406e-02
1.447294000536203384e-02
1.290012989193201065e-02
1.363348681479692459e-02
1.061425544321537018e-02
1.409391220659017563e-02
1.435276307165622711e-02
1.438117586076259613e-02
1.351780537515878677e-02
1.316020824015140533e-02
1.443794928491115570e-02
1.451640482991933823e-02
1.423537451773881912e-02
1.400054153054952621e-02
1.438290812075138092e-02
1.410061772912740707e-02
1.443384960293769836e-02
1.416322588920593262e-02
1.354668661952018738e-02
1.381912734359502792e-02
1.361865457147359848e-02
1.426157914102077484e-02
1.489781215786933899e-02
1.406920794397592545e-02
1.424962189048528671e-02
1.465776283293962479e-02
1.372435409575700760e-02
1.371647790074348450e-02
1.223470270633697510e-02
1.320573128759860992e-02
1.463274564594030380e-02
1.445226464420557022e-02
1.400142349302768707e-02
1.443458162248134613e-02
1.384283509105443954e-02
1.433154102414846420e-02
1.411773636937141418e-02
1.401421520859003067e-02
1.456464454531669617e-02
1.453399006277322769e-02
1.397746801376342773e-02
1.426223292946815491e-02
1.384330913424491882e-02
1.442061457782983780e-02
1.478626206517219543e-02
1.461419370025396347e-02
1.457729935646057129e-02
1.370341982692480087e-02
1.383813377469778061e-02
1.303280238062143326e-02
1.468611601740121841e-02
1.397942937910556793e-02
1.449497137218713760e-02
1.433876436203718185e-02
1.443390641361474991e-02
1.388333085924386978e-02
1.434254553169012070e-02
1.490564551204442978e-02
1.447112206369638443e-02
1.378561835736036301e-02
1.442765071988105774e-02
1.355954073369503021e-02
1.382261514663696289e-02
1.400558650493621826e-02
1.394306402653455734e-02
8.794059045612812042e-03
1.376391667872667313e-02
1.530013047158718109e-02
1.420973148196935654e-02
1.383811794221401215e-02
1.300734560936689377e-02
1.468214672058820724e-02
1.480162981897592545e-02
1.141669414937496185e-02
1.475666835904121399e-02
1.352911908179521561e-02
1.463551167398691177e-02
1.407718937844038010e-02
1.439823489636182785e-02
1.387350633740425110e-02
1.407449599355459213e-02
1.321043726056814194e-02
1.400442328304052353e-02
1.432347204536199570e-02
1.388773601502180099e-02
1.431273482739925385e-02
1.466753240674734116e-02
1.480676885694265366e-02
1.425435021519660950e-02
1.445953827351331711e-02
1.461129821836948395e-02
1.163923740386962891e-02
1.459062937647104263e-02
1.431257929652929306e-02
1.454161386936903000e-02
1.357420068234205246e-02
1.436262112110853195e-02
1.442987844347953796e-02
1.360745355486869812e-02
1.449399068951606750e-02
1.444183196872472763e-02
1.465368270874023438e-02
1.464590150862932205e-02
1.508507132530212402e-02
1.431641541421413422e-02
1.255980227142572403e-02
1.454995572566986084e-02
1.441480498760938644e-02
1.085779815912246704e-02
1.365511212497949600e-02
1.373381540179252625e-02
1.150734722614288330e-02
1.436589006334543228e-02
1.410619914531707764e-02
1.442372519522905350e-02
1.438779197633266449e-02
1.351591944694519043e-02
1.445527374744415283e-02
1.454994641244411469e-02
1.373272016644477844e-02
1.442393567413091660e-02
1.349461916834115982e-02
1.398226525634527206e-02
1.485155150294303894e-02
1.444920059293508530e-02
1.484562736004590988e-02
1.458525657653808594e-02
1.418704632669687271e-02
1.446830108761787415e-02
1.390886213630437851e-02
1.411409955471754074e-02
1.090369280427694321e-02
1.370047684758901596e-02
1.493805088102817535e-02
1.359485462307929993e-02
