<system>Protocol: Active. Attitude: Sassy.</system>
1.355192996561527252e-02
1.346086896955966949e-02
1.405268814414739609e-02
1.435688044875860214e-02
1.348244026303291321e-02
1.353598199784755707e-02
1.348344329744577408e-02
1.415346190333366394e-02
1.363765355199575424e-02
1.349210087209939957e-02
1.406736671924591064e-02
1.351993903517723083e-02
1.381213869899511337e-02
1.373559795320034027e-02
1.362147647887468338e-02
1.362000685185194016e-02
1.472263317555189133e-02
1.337633933871984482e-02
1.388877630233764648e-02
1.353631913661956787e-02
1.364123541861772537e-02
1.393465977162122726e-02
1.353312376886606216e-02
1.380473375320434570e-02
1.354860980063676834e-02
1.359442993998527527e-02
1.350882928818464279e-02
1.369089540094137192e-02
1.362559478729963303e-02
1.385957561433315277e-02
1.345598977059125900e-02
1.387023366987705231e-02
1.377191022038459778e-02
1.347326673567295074e-02
1.359486300498247147e-02
1.392807438969612122e-02
1.386547088623046875e-02
1.372131425887346268e-02
1.359453424811363220e-02
1.432796753942966461e-02
1.379581913352012634e-02
1.376442238688468933e-02
1.373479608446359634e-02
1.350446138530969620e-02
1.419406011700630188e-02
1.475927606225013733e-02
1.367471553385257721e-02
1.509422156959772110e-02
1.359916012734174728e-02
1.390621718019247055e-02
1.375259459018707275e-02
1.384376082569360733e-02
1.372378226369619370e-02
1.387562230229377747e-02
1.395298633724451065e-02
1.360808592289686203e-02
1.374064479023218155e-02
1.422657165676355362e-02
1.398330368101596832e-02
1.373691018670797348e-02
1.336289569735527039e-02
1.337120216339826584e-02
1.363758463412523270e-02
1.396380644291639328e-02
1.375865843147039413e-02
1.348750852048397064e-02
1.354460790753364563e-02
1.359558943659067154e-02
1.377725042402744293e-02
1.404369715601205826e-02
1.445036567747592926e-02
1.422067079693078995e-02
1.350476965308189392e-02
1.360389031469821930e-02
1.345025096088647842e-02
1.340381428599357605e-02
1.377066317945718765e-02
1.336955185979604721e-02
1.362710818648338318e-02
1.492790225893259048e-02
1.371756196022033691e-02
1.325337588787078857e-02
1.399783696979284286e-02
1.380497869104146957e-02
1.344560366123914719e-02
1.375383790582418442e-02
1.358382962644100189e-02
1.342153828591108322e-02
1.325230393558740616e-02
1.394479908049106598e-02
1.366367656737565994e-02
1.360607706010341644e-02
1.345247030258178711e-02
1.369934994727373123e-02
1.342599466443061829e-02
1.484896335750818253e-02
1.346511300653219223e-02
1.368959806859493256e-02
1.368791144341230392e-02
1.429024431854486465e-02
1.375994924455881119e-02
1.379863359034061432e-02
1.356689259409904480e-02
1.348430477082729340e-02
1.455988921225070953e-02
1.346042752265930176e-02
1.386602874845266342e-02
1.350835617631673813e-02
1.355617679655551910e-02
1.389994379132986069e-02
1.405052468180656433e-02
1.343727763742208481e-02
1.387307327240705490e-02
1.432721223682165146e-02
1.373298559337854385e-02
1.337102334946393967e-02
1.379120070487260818e-02
1.374738849699497223e-02
1.388576626777648926e-02
1.370120421051979065e-02
1.420970913022756577e-02
1.339630223810672760e-02
1.361136231571435928e-02
1.366846542805433273e-02
1.357241347432136536e-02
1.387687399983406067e-02
1.333517674356698990e-02
1.410433743149042130e-02
1.366161927580833435e-02
1.395411882549524307e-02
1.351155992597341537e-02
1.374281663447618484e-02
1.353211142122745514e-02
1.393080595880746841e-02
1.403495669364929199e-02
1.373659912496805191e-02
1.374907884746789932e-02
1.351935788989067078e-02
1.363814994692802429e-02
1.357871573418378830e-02
1.342104002833366394e-02
1.363286469131708145e-02
1.380126550793647766e-02
1.357696298509836197e-02
1.356665883213281631e-02
1.356719527393579483e-02
1.416927855461835861e-02
1.406220719218254089e-02
1.364852394908666611e-02
1.386857032775878906e-02
1.414239127188920975e-02
1.369643211364746094e-02
1.373463496565818787e-02
1.360246911644935608e-02
1.399549469351768494e-02
1.402718946337699890e-02
1.391216274350881577e-02
1.342038158327341080e-02
1.342527475208044052e-02
1.395193580538034439e-02
1.342020370066165924e-02
1.347092725336551666e-02
1.372730452567338943e-02
1.389000657945871353e-02
1.343297865241765976e-02
1.341525558382272720e-02
1.355918403714895248e-02
1.358332298696041107e-02
1.353970076888799667e-02
1.401099003851413727e-02
1.358041167259216309e-02
1.413263473659753799e-02
1.334417797625064850e-02
1.380767207592725754e-02
1.370198372751474380e-02
1.368788164108991623e-02
1.399094704538583755e-02
1.337911281734704971e-02
1.375783886760473251e-02
1.380160450935363770e-02
1.372734829783439636e-02
1.353998761624097824e-02
1.384347677230834961e-02
1.374964322894811630e-02
1.290836650878190994e-02
1.385383959859609604e-02
1.352560520172119141e-02
1.349775865674018860e-02
1.374255120754241943e-02
1.426581386476755142e-02
1.355234906077384949e-02
1.378394011408090591e-02
1.392698567360639572e-02
1.384095847606658936e-02
1.381202135235071182e-02
1.360751036554574966e-02
1.425593998283147812e-02
1.376631297171115875e-02
1.419440563768148422e-02
1.361751276999711990e-02
1.369887869805097580e-02
1.362863741815090179e-02
1.451421994715929031e-02
1.363619323819875717e-02
1.367625501006841660e-02
1.365291699767112732e-02
1.390848215669393539e-02
1.368509512394666672e-02
1.359685882925987244e-02
1.345356367528438568e-02
1.388472225517034531e-02
1.389733515679836273e-02
1.419531460851430893e-02
1.329061668366193771e-02
1.411120314151048660e-02
1.377826649695634842e-02
1.392029225826263428e-02
1.402714289724826813e-02
1.360350847244262695e-02
1.425732113420963287e-02
1.453517004847526550e-02
1.356193982064723969e-02
1.383306086063385010e-02
1.109474524855613708e-02
1.365735568106174469e-02
1.374451909214258194e-02
1.370467152446508408e-02
1.340501569211483002e-02
1.357768476009368896e-02
1.356568653136491776e-02
1.341542322188615799e-02
1.481683272868394852e-02
1.393872126936912537e-02
1.390041690319776535e-02
1.356994546949863434e-02
1.352038420736789703e-02
1.396450120955705643e-02
1.378447934985160828e-02
1.393012795597314835e-02
1.392805576324462891e-02
1.340468879789113998e-02
1.361292321234941483e-02
1.353778783231973648e-02
1.381981745362281799e-02
1.366832014173269272e-02
1.443872507661581039e-02
1.380280032753944397e-02
1.413181144744157791e-02
1.353362854570150375e-02
1.316771470010280609e-02
1.358313858509063721e-02
1.410175766795873642e-02
1.396976970136165619e-02
1.374386809766292572e-02
1.378580275923013687e-02
1.373944338411092758e-02
1.357484981417655945e-02
1.394610106945037842e-02
1.342419907450675964e-02
1.355930790305137634e-02
1.385388057678937912e-02
1.363358274102210999e-02
1.358457282185554504e-02
1.388529781252145767e-02
1.384359877556562424e-02
1.365530211478471756e-02
1.371170021593570709e-02
1.404923480004072189e-02
1.362175960093736649e-02
1.356764975935220718e-02
1.365873590111732483e-02
1.361624617129564285e-02
1.372852362692356110e-02
1.385063584893941879e-02
1.414468046277761459e-02
7.389466743916273117e-03
1.385254040360450745e-02
1.338303647935390472e-02
1.365147810429334641e-02
1.346752140671014786e-02
1.354351919144392014e-02
1.358740124851465225e-02
1.404538098722696304e-02
1.376814208924770355e-02
1.355673093348741531e-02
1.381959114223718643e-02
1.379477977752685547e-02
1.340839266777038574e-02
1.355933584272861481e-02
1.368617732077836990e-02
1.409526076167821884e-02
1.365291140973567963e-02
1.394418161362409592e-02
1.350865978747606277e-02
1.447370275855064392e-02
1.352715492248535156e-02
1.377029065042734146e-02
1.508637145161628723e-02
1.365263666957616806e-02
1.378854457288980484e-02
1.387190259993076324e-02
1.325511094182729721e-02
1.346793491393327713e-02
1.370811089873313904e-02
1.376172620803117752e-02
1.398499682545661926e-02
1.374504528939723969e-02
1.353252492845058441e-02
1.395015046000480652e-02
1.383905764669179916e-02
1.354435924440622330e-02
1.445479039102792740e-02
1.383334957063198090e-02
1.388086378574371338e-02
1.390579901635646820e-02
1.399177964776754379e-02
1.406352873891592026e-02
1.389521267265081406e-02
1.377978641539812088e-02
1.352476701140403748e-02
1.370899472385644913e-02
1.379245519638061523e-02
1.350226439535617828e-02
1.452595554292201996e-02
1.357840932905673981e-02
1.359318103641271591e-02
1.346762571483850479e-02
1.374425925314426422e-02
1.365511119365692139e-02
1.372389402240514755e-02
1.343679707497358322e-02
1.361875794827938080e-02
1.367942336946725845e-02
1.363079156726598740e-02
1.353937108069658279e-02
1.372815575450658798e-02
1.413936540484428406e-02
1.383682992309331894e-02
1.350710354745388031e-02
1.372466143220663071e-02
1.396353915333747864e-02
1.403511501848697662e-02
1.335882861167192459e-02
1.361037883907556534e-02
1.438812352716922760e-02
1.372811570763587952e-02
1.352240052074193954e-02
1.380573306232690811e-02
1.383759174495935440e-02
1.377607882022857666e-02
1.416021585464477539e-02
1.332684513181447983e-02
1.378603931516408920e-02
1.405634544789791107e-02
1.385239604860544205e-02
1.358762383460998535e-02
1.383193489164113998e-02
1.380101405084133148e-02
1.338464021682739258e-02
1.378331426531076431e-02
1.373956538736820221e-02
1.371121406555175781e-02
1.378479693084955215e-02
1.357495505362749100e-02
1.354304049164056778e-02
1.494223438203334808e-02
1.368386950343847275e-02
1.361776608973741531e-02
1.393472775816917419e-02
1.425328571349382401e-02
1.369699276983737946e-02
1.371533889323472977e-02
1.354189310222864151e-02
1.386877521872520447e-02
1.376960799098014832e-02
1.366322580724954605e-02
1.387769263237714767e-02
1.368391793221235275e-02
1.350574567914009094e-02
1.354591455310583115e-02
1.101006008684635162e-02
1.372070703655481339e-02
1.385898794978857040e-02
1.400700490921735764e-02
1.344979926943778992e-02
1.402718666940927505e-02
1.383727695792913437e-02
1.422392763197422028e-02
1.383897662162780762e-02
1.423048321157693863e-02
1.348173618316650391e-02
1.366929803043603897e-02
1.393929962068796158e-02
1.380361616611480713e-02
1.342538092285394669e-02
1.407280564308166504e-02
1.360057294368743896e-02
1.373467408120632172e-02
1.395012531429529190e-02
1.431712787598371506e-02
1.356404460966587067e-02
1.378599647432565689e-02
1.391233596950769424e-02
1.357398647814989090e-02
1.363690104335546494e-02
1.350420154631137848e-02
1.377044524997472763e-02
1.366713363677263260e-02
1.375661883503198624e-02
1.401220913976430893e-02
1.450432930141687393e-02
3.195148333907127380e-02
1.379631087183952332e-02
1.481651701033115387e-02
1.343848370015621185e-02
1.345158182084560394e-02
1.403071358799934387e-02
1.377392467111349106e-02
1.371063943952322006e-02
1.415889896452426910e-02
1.393806375563144684e-02
1.346187666058540344e-02
1.418938860297203064e-02
1.364702824503183365e-02
1.264251116663217545e-02
1.369583513587713242e-02
1.386972051113843918e-02
1.345914602279663086e-02
1.352647226303815842e-02
1.455702446401119232e-02
1.364724989980459213e-02
1.358476374298334122e-02
1.351279299706220627e-02
1.385308150202035904e-02
1.376329734921455383e-02
1.351405959576368332e-02
1.364017371088266373e-02
1.357220206409692764e-02
1.464327611029148102e-02
1.367447059601545334e-02
1.362348441034555435e-02
1.390821579843759537e-02
1.328539568930864334e-02
1.382486894726753235e-02
1.148668862879276276e-02
1.372751314193010330e-02
1.353919506072998047e-02
1.366799697279930115e-02
1.334892213344573975e-02
1.410866621881723404e-02
1.387032866477966309e-02
1.328198052942752838e-02
1.403481420129537582e-02
1.351660862565040588e-02
1.383828278630971909e-02
1.393642742186784744e-02
1.403459627181291580e-02
1.399488374590873718e-02
1.379232108592987061e-02
1.365593355149030685e-02
1.376756187528371811e-02
1.385580934584140778e-02
1.429291162639856339e-02
1.448164973407983780e-02
1.344334706664085388e-02
1.385709736496210098e-02
1.472322549670934677e-02
1.437711995095014572e-02
1.398230157792568207e-02
1.391808409243822098e-02
1.367317233234643936e-02
1.353237591683864594e-02
1.376808341592550278e-02
1.394095458090305328e-02
1.410754397511482239e-02
1.366950944066047668e-02
1.381247397512197495e-02
1.588683202862739563e-02
1.350046042352914810e-02
1.356997527182102203e-02
1.393260154873132706e-02
1.399285160005092621e-02
1.387520227581262589e-02
1.346908789128065109e-02
1.360816601663827896e-02
1.437175273895263672e-02
1.056336611509323120e-02
1.351346168667078018e-02
1.375827752053737640e-02
1.334233954548835754e-02
1.339209917932748795e-02
1.311393920332193375e-02
1.373239792883396149e-02
1.378356572240591049e-02
1.373315509408712387e-02
1.344216149300336838e-02
1.394499465823173523e-02
1.509197987616062164e-02
1.379430945962667465e-02
1.414183992892503738e-02
1.377668138593435287e-02
1.447867788374423981e-02
1.370510086417198181e-02
1.359743997454643250e-02
1.386257354170084000e-02
1.384572964161634445e-02
1.388047542423009872e-02
1.396195497363805771e-02
1.367045007646083832e-02
1.343236770480871201e-02
1.360283419489860535e-02
1.344129815697669983e-02
8.067140355706214905e-03
1.420556660741567612e-02
1.351496670395135880e-02
1.337554492056369781e-02
1.367799006402492523e-02
1.388906501233577728e-02
1.331763342022895813e-02
1.436526980251073837e-02
1.358610298484563828e-02
1.393058802932500839e-02
1.387044508010149002e-02
1.349629089236259460e-02
1.382960472255945206e-02
1.559370476752519608e-02
1.361041981726884842e-02
1.382625754922628403e-02
1.386158075183629990e-02
1.369688473641872406e-02
1.355586852878332138e-02
1.360956113785505295e-02
1.361606735736131668e-02
1.375691592693328857e-02
1.356754265725612640e-02
1.364034973084926605e-02
1.362481340765953064e-02
1.365528348833322525e-02
1.403517927974462509e-02
1.339896395802497864e-02
1.361522357910871506e-02
1.428779307752847672e-02
1.379234157502651215e-02
1.356583274900913239e-02
1.468981802463531494e-02
1.395093277096748352e-02
1.397937815636396408e-02
1.409659162163734436e-02
1.369228679686784744e-02
1.357053872197866440e-02
1.345764473080635071e-02
1.359481457620859146e-02
1.388472039252519608e-02
1.389513257890939713e-02
1.361220795661211014e-02
1.383219938725233078e-02
1.385014131665229797e-02
1.353083550930023193e-02
1.330860611051321030e-02
1.360180415213108063e-02
1.427652779966592789e-02
1.396321970969438553e-02
1.387827191501855850e-02
1.366048492491245270e-02
1.351568754762411118e-02
1.398504152894020081e-02
1.329008303582668304e-02
1.359956339001655579e-02
1.345713529735803604e-02
1.382594928145408630e-02
1.382344868034124374e-02
1.360118109732866287e-02
1.458742376416921616e-02
1.391197368502616882e-02
1.382304728031158447e-02
1.354528591036796570e-02
1.349979918450117111e-02
1.365788374096155167e-02
1.319845579564571381e-02
1.400883588939905167e-02
1.416989602148532867e-02
1.431288197636604309e-02
1.387870963662862778e-02
1.379554253071546555e-02
1.403488870710134506e-02
1.344078872352838516e-02
1.378745771944522858e-02
1.401909906417131424e-02
1.378336176276206970e-02
1.347229164093732834e-02
1.351024862378835678e-02
1.364430226385593414e-02
1.432272512465715408e-02
1.363427564501762390e-02
1.372054778039455414e-02
1.363908685743808746e-02
1.367678306996822357e-02
1.369513478130102158e-02
1.383615378290414810e-02
1.421354152262210846e-02
1.493685040622949600e-02
1.346989069133996964e-02
1.334728393703699112e-02
1.342536136507987976e-02
1.431888993829488754e-02
1.356054935604333878e-02
1.348127797245979309e-02
1.349345128983259201e-02
1.359374448657035828e-02
1.358828507363796234e-02
1.398113928735256195e-02
1.378206908702850342e-02
1.366458181291818619e-02
1.378674898296594620e-02
1.380780991166830063e-02
1.335769332945346832e-02
1.375216804444789886e-02
1.404612045735120773e-02
1.441144105046987534e-02
1.354581210762262344e-02
1.381891407072544098e-02
1.384469773620367050e-02
1.347449328750371933e-02
1.375268958508968353e-02
1.427438855171203613e-02
1.364926435053348541e-02
1.390027161687612534e-02
1.449106913059949875e-02
1.367807015776634216e-02
1.430477108806371689e-02
1.406550407409667969e-02
1.372603420168161392e-02
1.406310405582189560e-02
1.388174574822187424e-02
1.375155523419380188e-02
1.378432568162679672e-02
1.359915826469659805e-02
1.390510704368352890e-02
1.454688515514135361e-02
1.353948190808296204e-02
1.380717474967241287e-02
1.372949406504631042e-02
1.368061639368534088e-02
1.467207912355661392e-02
1.389830186963081360e-02
1.466403529047966003e-02
1.395222637802362442e-02
1.365991588681936264e-02
1.368094142526388168e-02
1.415959559381008148e-02
1.443209871649742126e-02
1.545246317982673645e-02
1.358538307249546051e-02
1.366518065333366394e-02
1.363049354404211044e-02
1.391954440623521805e-02
1.357954181730747223e-02
1.366025209426879883e-02
1.385203003883361816e-02
1.353452727198600769e-02
1.381173729896545410e-02
1.430756784975528717e-02
1.355822104960680008e-02
1.355564966797828674e-02
1.393675524741411209e-02
1.376048102974891663e-02
1.359581947326660156e-02
1.371398288756608963e-02
8.214025758206844330e-03
1.310082618147134781e-02
1.414917688816785812e-02
1.397839747369289398e-02
1.381605025380849838e-02
1.399228535592556000e-02
1.338286790996789932e-02
1.371858920902013779e-02
1.380203105509281158e-02
1.369295734912157059e-02
1.377405133098363876e-02
1.354535017162561417e-02
1.414351072162389755e-02
1.350015681236982346e-02
1.365723647177219391e-02
1.404267176985740662e-02
1.374435517936944962e-02
1.366712525486946106e-02
1.411277614533901215e-02
9.316865354776382446e-03
1.370598282665014267e-02
1.370388362556695938e-02
1.398355886340141296e-02
1.369311008602380753e-02
1.411296799778938293e-02
1.349359750747680664e-02
1.357747986912727356e-02
1.384073402732610703e-02
1.361080631613731384e-02
1.366907916963100433e-02
1.364414487034082413e-02
1.367938239127397537e-02
1.392582338303327560e-02
1.341623999178409576e-02
1.401983574032783508e-02
1.442246232181787491e-02
1.376384403556585312e-02
1.393862068653106689e-02
1.369684841483831406e-02
1.376854535192251205e-02
1.203257404267787933e-02
1.516925171017646790e-02
1.361648365855216980e-02
1.336393691599369049e-02
1.358959916979074478e-02
1.374820433557033539e-02
1.349558588117361069e-02
1.393011212348937988e-02
1.447040773928165436e-02
1.389896590262651443e-02
1.336550433188676834e-02
1.363525073975324631e-02
1.381271984428167343e-02
1.409860514104366302e-02
1.339112315326929092e-02
1.431960426270961761e-02
1.388518605381250381e-02
1.370111946016550064e-02
1.380284503102302551e-02
1.385719515383243561e-02
1.370460912585258484e-02
1.407743059098720551e-02
1.356555148959159851e-02
1.382705010473728180e-02
1.386002544313669205e-02
1.382430456578731537e-02
1.396381203085184097e-02
1.405705139040946960e-02
1.376918610185384750e-02
1.381011214107275009e-02
1.503084972500801086e-02
1.356617454439401627e-02
1.359114423394203186e-02
1.349044684320688248e-02
1.357396319508552551e-02
1.350646372884511948e-02
1.534003950655460358e-02
1.388591434806585312e-02
1.442965585738420486e-02
1.365154981613159180e-02
1.383229997009038925e-02
1.469611469656229019e-02
1.361861266195774078e-02
1.378513779491186142e-02
1.384329237043857574e-02
1.468353066593408585e-02
1.363465189933776855e-02
1.378897111862897873e-02
1.435158587992191315e-02
1.350234355777502060e-02
1.194750051945447922e-02
1.342971716076135635e-02
1.408077869564294815e-02
1.388576067984104156e-02
1.385461725294589996e-02
1.368683855980634689e-02
1.431523356586694717e-02
1.477799192070960999e-02
1.372076477855443954e-02
1.354958023875951767e-02
1.346125639975070953e-02
1.412278972566127777e-02
1.358709577471017838e-02
1.390529237687587738e-02
1.457159221172332764e-02
1.353250164538621902e-02
1.416611671447753906e-02
1.344196405261754990e-02
1.374084036797285080e-02
1.373248919844627380e-02
1.447201613336801529e-02
1.487533468753099442e-02
1.381670311093330383e-02
1.380509696900844574e-02
1.379266753792762756e-02
1.412773784250020981e-02
1.349480357021093369e-02
1.332957949489355087e-02
1.396143715828657150e-02
1.347493473440408707e-02
1.359278336167335510e-02
1.451836898922920227e-02
1.363200508058071136e-02
1.382056530565023422e-02
1.386565249413251877e-02
1.370126102119684219e-02
1.421803236007690430e-02
1.337689161300659180e-02
1.346609555184841156e-02
1.364431437104940414e-02
1.381915528327226639e-02
1.401704642921686172e-02
1.365535613149404526e-02
1.378386281430721283e-02
1.413234788924455643e-02
1.338857691735029221e-02
1.365380547940731049e-02
1.388663053512573242e-02
1.402825117111206055e-02
1.366670988500118256e-02
1.405615732073783875e-02
1.395304407924413681e-02
1.384037174284458160e-02
1.373401191085577011e-02
1.355154719203710556e-02
1.353532727807760239e-02
1.371362898498773575e-02
1.381822023540735245e-02
1.334361825138330460e-02
1.368288602679967880e-02
1.375376619398593903e-02
1.343070529401302338e-02
1.390189491212368011e-02
1.433586701750755310e-02
1.372660696506500244e-02
1.399891916662454605e-02
1.368068065494298935e-02
1.363240554928779602e-02
1.343833561986684799e-02
1.393547374755144119e-02
1.374140661209821701e-02
1.416737679392099380e-02
1.374211069196462631e-02
1.389275584369897842e-02
1.399518921971321106e-02
1.425189431756734848e-02
8.429301902651786804e-03
1.367631275206804276e-02
1.422503590583801270e-02
1.392650045454502106e-02
1.343634445220232010e-02
1.374997291713953018e-02
1.403119880706071854e-02
1.335449144244194031e-02
1.385683380067348480e-02
1.281101442873477936e-02
1.368969026952981949e-02
1.369936391711235046e-02
1.355108246207237244e-02
1.422157604247331619e-02
1.379407849162817001e-02
1.389356609433889389e-02
1.368840597569942474e-02
1.359872613102197647e-02
1.366218551993370056e-02
1.340042427182197571e-02
1.341243460774421692e-02
1.354170683771371841e-02
1.359174493700265884e-02
1.352856680750846863e-02
1.387786585837602615e-02
1.349983457475900650e-02
1.378883793950080872e-02
1.383029762655496597e-02
1.365596335381269455e-02
1.373003702610731125e-02
1.464709360152482986e-02
1.432508882135152817e-02
1.402627024799585342e-02
1.363337039947509766e-02
1.381735224276781082e-02
1.462525408715009689e-02
1.412976626306772232e-02
1.366795692592859268e-02
1.373550575226545334e-02
1.382807176560163498e-02
1.358910277485847473e-02
1.406826172024011612e-02
1.401904504746198654e-02
1.348122116178274155e-02
1.385312713682651520e-02
1.365487650036811829e-02
1.389751955866813660e-02
1.362161710858345032e-02
1.368333399295806885e-02
1.387754362076520920e-02
1.102689187973737717e-02
1.360994204878807068e-02
1.338789705187082291e-02
1.387671567499637604e-02
1.364811975508928299e-02
1.337479613721370697e-02
1.517052669078111649e-02
1.365504227578639984e-02
1.382229104638099670e-02
1.391434669494628906e-02
1.376124285161495209e-02
1.398770883679389954e-02
1.337150577455759048e-02
1.385641191154718399e-02
1.356241106986999512e-02
1.361392345279455185e-02
1.384632941335439682e-02
1.352478191256523132e-02
1.360151544213294983e-02
1.374862715601921082e-02
1.350541785359382629e-02
1.360791269689798355e-02
1.370715256780385971e-02
1.372643187642097473e-02
1.416452880948781967e-02
1.363422814756631851e-02
1.364724058657884598e-02
1.388410571962594986e-02
1.399826724082231522e-02
1.365919783711433411e-02
1.364530995488166809e-02
1.369599904865026474e-02
1.432530581951141357e-02
1.408531423658132553e-02
9.502427652478218079e-03
1.360610686242580414e-02
1.388995256274938583e-02
1.388133130967617035e-02
1.370513997972011566e-02
1.355493906885385513e-02
1.391675230115652084e-02
1.376977190375328064e-02
1.406010985374450684e-02
1.370331645011901855e-02
9.635993279516696930e-03
1.390684023499488831e-02
1.364269852638244629e-02
1.380182895809412003e-02
1.358979567885398865e-02
1.412806194275617599e-02
1.386866532266139984e-02
1.344407256692647934e-02
1.357502583414316177e-02
1.352453511208295822e-02
1.369199715554714203e-02
1.326359435915946960e-02
1.395023800432682037e-02
1.406610943377017975e-02
1.524688675999641418e-02
1.351347193121910095e-02
1.381920650601387024e-02
1.397921796888113022e-02
1.387495640665292740e-02
1.518009975552558899e-02
1.370204053819179535e-02
1.384799461811780930e-02
1.452194806188344955e-02
1.424401905387639999e-02
1.353427488356828690e-02
1.288923993706703186e-02
1.348992064595222473e-02
1.478444598615169525e-02
1.346196141093969345e-02
1.361059024930000305e-02
1.357714924961328506e-02
1.369376853108406067e-02
1.347962394356727600e-02
1.350166834890842438e-02
1.335102599114179611e-02
1.382456813007593155e-02
1.370477583259344101e-02
1.336961891502141953e-02
1.369192823767662048e-02
1.423399522900581360e-02
1.374946162104606628e-02
1.378297246992588043e-02
1.350295543670654297e-02
1.380604133009910583e-02
1.359269302338361740e-02
1.384605839848518372e-02
1.405213400721549988e-02
1.371761504560709000e-02
1.365706883370876312e-02
1.375516969710588455e-02
1.396894454956054688e-02
1.382866781204938889e-02
1.353899855166673660e-02
1.383690163493156433e-02
1.339357718825340271e-02
1.403722446411848068e-02
1.362214330583810806e-02
1.359456498175859451e-02
1.340844668447971344e-02
1.349032577127218246e-02
1.395096536725759506e-02
1.490407902747392654e-02
1.371995452791452408e-02
1.356089673936367035e-02
1.406462863087654114e-02
1.349957659840583801e-02
1.429469976574182510e-02
1.396018639206886292e-02
1.357775554060935974e-02
1.379136089235544205e-02
1.389071065932512283e-02
1.358432695269584656e-02
1.377945579588413239e-02
1.401836890727281570e-02
1.425092481076717377e-02
1.351585611701011658e-02
1.369567122310400009e-02
1.379827223718166351e-02
1.370770297944545746e-02
1.513264700770378113e-02
1.359594427049160004e-02
1.372735854238271713e-02
1.359151024371385574e-02
1.410435512661933899e-02
1.375274732708930969e-02
1.360954437404870987e-02
1.359003875404596329e-02
1.377177797257900238e-02
1.350433751940727234e-02
1.370389852672815323e-02
1.384645979851484299e-02
1.370917353779077530e-02
1.375629007816314697e-02
1.356949284672737122e-02
1.352328900247812271e-02
1.506933569908142090e-02
1.337461080402135849e-02
1.364317536354064941e-02
1.393109839409589767e-02
1.407856307923793793e-02
1.389188412576913834e-02
1.381077524274587631e-02
1.381115335971117020e-02
1.359868329018354416e-02
1.366143580526113510e-02
1.364645361900329590e-02
1.352782920002937317e-02
1.365359965711832047e-02
1.383535657078027725e-02
1.403303351253271103e-02
1.385327056050300598e-02
1.391811016947031021e-02
1.351709011942148209e-02
1.387494150549173355e-02
1.385888550430536270e-02
1.347671076655387878e-02
8.637414313852787018e-03
1.506086532026529312e-02
1.417864952236413956e-02
1.373383123427629471e-02
1.347949821501970291e-02
1.470077037811279297e-02
1.388753019273281097e-02
1.339825429022312164e-02
1.335227210074663162e-02
1.544835884124040604e-02
1.347967423498630524e-02
1.389564201235771179e-02
1.375508308410644531e-02
1.425762847065925598e-02
1.370149571448564529e-02
1.348952390253543854e-02
1.379149872809648514e-02
1.366220321506261826e-02
1.376616396009922028e-02
1.486762799322605133e-02
1.422231458127498627e-02
1.354190986603498459e-02
1.357276644557714462e-02
1.358992699533700943e-02
1.416322868317365646e-02
1.366057153791189194e-02
1.336424704641103745e-02
1.391432527452707291e-02
8.259200491011142731e-03
1.318874955177307129e-02
1.322439592331647873e-02
1.398088689893484116e-02
1.375445444136857986e-02
1.335751172155141830e-02
1.380500476807355881e-02
1.386818569153547287e-02
1.373426988720893860e-02
1.377918198704719543e-02
1.361162029206752777e-02
1.322202943265438080e-02
1.349684968590736389e-02
1.356639899313449860e-02
1.197239197790622711e-02
1.390303578227758408e-02
1.365412399172782898e-02
1.355442311614751816e-02
1.356175821274518967e-02
1.562208775430917740e-02
1.431601401418447495e-02
1.387578528374433517e-02
1.367110013961791992e-02
1.343791745603084564e-02
1.348814461380243301e-02
1.369053404778242111e-02
1.384769286960363388e-02
1.389057934284210205e-02
1.340223476290702820e-02
1.394470129162073135e-02
1.444371975958347321e-02
1.380663830786943436e-02
1.344113703817129135e-02
1.374636497348546982e-02
1.353377383202314377e-02
1.366762537509202957e-02
1.383240614086389542e-02
1.334750372916460037e-02
1.051370706409215927e-02
1.350548770278692245e-02
1.333314459770917892e-02
1.367293950170278549e-02
1.371453609317541122e-02
1.360132172703742981e-02
1.371191535145044327e-02
1.488973293453454971e-02
1.371210720390081406e-02
1.346701662987470627e-02
1.350917015224695206e-02
1.333063561469316483e-02
1.410398259758949280e-02
1.395159028470516205e-02
1.399441156536340714e-02
1.386078074574470520e-02
1.379784103482961655e-02
1.355020795017480850e-02
1.361670438200235367e-02
1.348050776869058609e-02
1.360493246465921402e-02
1.361831463873386383e-02
1.378191728144884109e-02
1.422310248017311096e-02
1.338694337755441666e-02
1.371647324413061142e-02
1.450895704329013824e-02
1.419924572110176086e-02
1.361707411706447601e-02
1.331538520753383636e-02
1.346764527261257172e-02
1.357400137931108475e-02
1.362508255988359451e-02
1.357850711792707443e-02
1.370977424085140228e-02
1.383535657078027725e-02
1.413887739181518555e-02
1.380217634141445160e-02
1.326724048703908920e-02
1.354463770985603333e-02
1.402945443987846375e-02
1.385475322604179382e-02
1.344563439488410950e-02
1.346463244408369064e-02
1.393706724047660828e-02
1.380672212690114975e-02
1.374103501439094543e-02
1.370559073984622955e-02
1.373070757836103439e-02
1.387691218405961990e-02
1.376692857593297958e-02
1.364597398787736893e-02
1.337891817092895508e-02
1.366805192083120346e-02
1.339294109493494034e-02
1.377859152853488922e-02
1.486015878617763519e-02
1.448866073042154312e-02
1.389620266854763031e-02
1.364074740558862686e-02
1.418975833803415298e-02
1.367756165564060211e-02
1.377372350543737411e-02
1.352939009666442871e-02
1.394831482321023941e-02
1.376997865736484528e-02
1.361131295561790466e-02
1.387351751327514648e-02
1.383552514016628265e-02
1.406833808869123459e-02
1.375625096261501312e-02
1.384158153086900711e-02
1.370397489517927170e-02
1.377429440617561340e-02
1.367189083248376846e-02
1.449035201221704483e-02
1.374356541782617569e-02
1.374551095068454742e-02
1.370656583458185196e-02
1.361779589205980301e-02
1.373739633709192276e-02
1.381914969533681870e-02
1.382749155163764954e-02
1.421380974352359772e-02
1.345515251159667969e-02
1.409671828150749207e-02
1.368731260299682617e-02
1.386366412043571472e-02
1.357202325016260147e-02
1.266833301633596420e-02
1.373339816927909851e-02
1.370617654174566269e-02
1.343736890703439713e-02
1.361962500959634781e-02
1.400091405957937241e-02
1.385753694921731949e-02
1.397584658116102219e-02
1.395685132592916489e-02
1.372089330106973648e-02
1.377232652157545090e-02
1.351148728281259537e-02
1.390536222606897354e-02
1.376147475093603134e-02
1.374402642250061035e-02
1.350845117121934891e-02
1.343057118356227875e-02
1.345198787748813629e-02
1.412790175527334213e-02
1.396760903298854828e-02
1.005058921873569489e-02
1.378203835338354111e-02
1.357011590152978897e-02
1.380875054746866226e-02
1.330429967492818832e-02
1.367885991930961609e-02
1.358474139124155045e-02
1.438878104090690613e-02
1.375510171055793762e-02
1.354863122105598450e-02
1.375520229339599609e-02
1.367477979511022568e-02
1.361584383994340897e-02
1.346406619995832443e-02
1.385912578552961349e-02
1.360556576400995255e-02
1.359710935503244400e-02
1.347299199551343918e-02
1.359988097101449966e-02
1.329628843814134598e-02
1.399053912609815598e-02
1.354637742042541504e-02
1.357997395098209381e-02
1.329274568706750870e-02
1.379818934947252274e-02
1.407801732420921326e-02
1.379957236349582672e-02
1.402338966727256775e-02
1.446119789034128189e-02
1.409556064754724503e-02
1.357109472155570984e-02
1.409468334168195724e-02
1.367952860891819000e-02
1.378040947020053864e-02
1.366053149104118347e-02
1.401553954929113388e-02
1.398249343037605286e-02
1.361043099313974380e-02
1.512915547937154770e-02
1.427306886762380600e-02
1.369280740618705750e-02
1.387834921479225159e-02
1.371566858142614365e-02
1.383883878588676453e-02
1.420457568019628525e-02
1.384439785033464432e-02
1.372161507606506348e-02
1.382654905319213867e-02
1.362780015915632248e-02
1.403069775551557541e-02
1.356418430805206299e-02
1.364302076399326324e-02
1.363606471568346024e-02
1.381875015795230865e-02
1.384151540696620941e-02
1.389314513653516769e-02
1.200744416564702988e-02
1.378768775612115860e-02
1.418839767575263977e-02
1.287564914673566818e-02
1.345886941999197006e-02
1.354319695383310318e-02
1.386359613388776779e-02
1.373010501265525818e-02
1.359487976878881454e-02
1.430224999785423279e-02
1.381155848503112793e-02
1.357353106141090393e-02
1.386522408574819565e-02
1.372932177037000656e-02
1.370083447545766830e-02
1.441129762679338455e-02
1.355943363159894943e-02
1.328270230442285538e-02
1.393995527178049088e-02
1.344869099557399750e-02
1.436282787472009659e-02
1.387278456240892410e-02
1.406244002282619476e-02
1.364295836538076401e-02
1.405671238899230957e-02
1.367862615734338760e-02
1.440296694636344910e-02
1.386164408177137375e-02
1.381348166614770889e-02
1.386435050517320633e-02
1.390080060809850693e-02
1.408330537378787994e-02
1.339980959892272949e-02
6.851822137832641602e-03
1.411315798759460449e-02
1.402760110795497894e-02
1.386029087007045746e-02
1.369908731430768967e-02
1.342940237373113632e-02
1.358741801232099533e-02
1.392654795199632645e-02
1.382683869451284409e-02
1.345642469823360443e-02
1.345562003552913666e-02
1.456218119710683823e-02
1.365855056792497635e-02
1.361686084419488907e-02
1.343023777008056641e-02
1.404345687478780746e-02
1.390093006193637848e-02
1.382202748209238052e-02
1.459958590567111969e-02
1.383605226874351501e-02
1.365644019097089767e-02
1.026689633727073669e-02
1.388645730912685394e-02
1.338545046746730804e-02
1.341552939265966415e-02
1.405874732881784439e-02
1.368527486920356750e-02
1.345584727823734283e-02
1.379789132624864578e-02
1.369640603661537170e-02
1.342549640685319901e-02
1.369966194033622742e-02
1.414692960679531097e-02
1.352986413985490799e-02
1.370922103524208069e-02
1.439405046403408051e-02
1.416708435863256454e-02
1.376113947480916977e-02
1.446794066578149796e-02
1.373342890292406082e-02
1.375353336334228516e-02
1.405891217291355133e-02
1.369644328951835632e-02
1.375938020646572113e-02
1.330656092613935471e-02
1.345300395041704178e-02
1.354452688246965408e-02
1.364599075168371201e-02
1.373062655329704285e-02
1.384985074400901794e-02
1.283756177872419357e-02
1.348634436726570129e-02
1.374635472893714905e-02
1.396625116467475891e-02
1.416087150573730469e-02
1.480914093554019928e-02
1.369378529489040375e-02
1.389823295176029205e-02
1.377028319984674454e-02
1.368395611643791199e-02
1.382157765328884125e-02
1.381532847881317139e-02
1.376697514206171036e-02
1.396127417683601379e-02
1.360756531357765198e-02
1.410062331706285477e-02
1.408966537564992905e-02
1.386872585862874985e-02
1.370584126561880112e-02
1.343004498630762100e-02
1.428589224815368652e-02
1.347322668880224228e-02
1.374666765332221985e-02
1.367549877613782883e-02
1.507921516895294189e-02
1.341272518038749695e-02
1.397807803004980087e-02
1.383518241345882416e-02
1.367897354066371918e-02
1.377463061362504959e-02
1.375027280300855637e-02
1.367777027189731598e-02
1.362094841897487640e-02
1.362386066466569901e-02
1.349315326660871506e-02
1.379947457462549210e-02
1.385512109845876694e-02
1.373506989330053329e-02
1.385223865509033203e-02
1.370322704315185547e-02
1.367503404617309570e-02
1.393783930689096451e-02
1.356096938252449036e-02
1.351954042911529541e-02
1.367929484695196152e-02
1.422798726707696915e-02
1.365753449499607086e-02
1.348553504794836044e-02
1.523752138018608093e-02
1.376606151461601257e-02
1.363397203385829926e-02
1.357305049896240234e-02
1.360417343676090240e-02
1.374917663633823395e-02
1.373732648789882660e-02
1.411633845418691635e-02
1.347586419433355331e-02
1.370896771550178528e-02
1.370742544531822205e-02
1.365588232874870300e-02
1.360933575779199600e-02
1.367537956684827805e-02
1.342816278338432312e-02
1.345034874975681305e-02
1.323670800775289536e-02
1.355654280632734299e-02
1.396908797323703766e-02
1.371696311980485916e-02
1.313287857919931412e-02
1.339077111333608627e-02
1.392222661525011063e-02
1.377429906278848648e-02
1.348005793988704681e-02
1.365762297064065933e-02
1.329150795936584473e-02
1.368188578635454178e-02
1.333656348288059235e-02
1.408934593200683594e-02
1.351671572774648666e-02
1.383502408862113953e-02
1.350545883178710938e-02
1.376471202820539474e-02
1.371556799858808517e-02
1.375142298638820648e-02
1.430414244532585144e-02
1.373313926160335541e-02
1.326552312821149826e-02
1.371007878333330154e-02
1.364759169518947601e-02
1.419870648533105850e-02
1.454265043139457703e-02
1.364132668823003769e-02
1.359754242002964020e-02
1.380738895386457443e-02
1.358136627823114395e-02
1.381131168454885483e-02
2.127769775688648224e-02
1.352003216743469238e-02
1.513851620256900787e-02
1.369267422705888748e-02
1.403440628200769424e-02
1.386629883199930191e-02
1.381279248744249344e-02
1.403616089373826981e-02
1.416438911110162735e-02
1.369074080139398575e-02
1.395917218178510666e-02
1.430331449955701828e-02
1.420271955430507660e-02
1.390218175947666168e-02
1.326932106167078018e-02
1.357178390026092529e-02
1.361335162073373795e-02
1.390419993549585342e-02
1.331557705998420715e-02
1.354162953794002533e-02
1.404449064284563065e-02
1.333275064826011658e-02
1.347307767719030380e-02
1.371953170746564865e-02
1.346033252775669098e-02
1.368742343038320541e-02
1.367235742509365082e-02
1.393204927444458008e-02
1.109100319445133209e-02
1.408762391656637192e-02
1.388321537524461746e-02
1.389017980545759201e-02
1.371470093727111816e-02
1.345025096088647842e-02
1.332900300621986389e-02
1.368272025138139725e-02
1.357658300548791885e-02
1.390439178794622421e-02
1.387855969369411469e-02
1.375459786504507065e-02
1.373223587870597839e-02
1.330926641821861267e-02
1.336570177227258682e-02
1.369321346282958984e-02
1.400018949061632156e-02
1.386289205402135849e-02
1.385316532105207443e-02
1.367299258708953857e-02
1.372902374714612961e-02
1.438871305435895920e-02
1.360976789146661758e-02
1.355087477713823318e-02
1.427723094820976257e-02
1.360125187784433365e-02
9.623517282307147980e-03
1.349872630089521408e-02
1.360748987644910812e-02
1.475748047232627869e-02
1.361360866576433182e-02
1.336472667753696442e-02
1.415909919887781143e-02
1.380669418722391129e-02
1.387786492705345154e-02
1.379396580159664154e-02
1.377475261688232422e-02
1.359754800796508789e-02
1.335902605205774307e-02
1.420139893889427185e-02
1.380066666752099991e-02
1.373377162963151932e-02
1.353194750845432281e-02
1.369053497910499573e-02
1.362387277185916901e-02
1.374863740056753159e-02
1.358289457857608795e-02
1.367188338190317154e-02
1.356488745659589767e-02
1.376876235008239746e-02
1.377497613430023193e-02
1.397658232599496841e-02
1.355697121471166611e-02
1.366595271974802017e-02
1.389614306390285492e-02
1.383770070970058441e-02
1.348754763603210449e-02
1.391013618558645248e-02
8.681195788085460663e-03
1.393193844705820084e-02
1.376660075038671494e-02
1.355265080928802490e-02
1.377953495830297470e-02
1.347517967224121094e-02
1.354858186095952988e-02
1.399883348494768143e-02
1.383750513195991516e-02
1.445381436496973038e-02
1.339320745319128036e-02
1.403525099158287048e-02
1.366931851953268051e-02
1.372860744595527649e-02
1.358208619058132172e-02
1.331198774278163910e-02
1.364436186850070953e-02
1.343503594398498535e-02
1.371632888913154602e-02
1.401541754603385925e-02
1.320715341717004776e-02
1.404259819537401199e-02
1.368905603885650635e-02
1.372500415891408920e-02
1.502670068293809891e-02
1.363821420818567276e-02
1.330227311700582504e-02
1.354689802974462509e-02
1.365568675100803375e-02
1.346596144139766693e-02
1.438841875642538071e-02
1.398541126400232315e-02
1.364168245345354080e-02
1.263295207172632217e-02
1.355949416756629944e-02
1.381890196353197098e-02
1.403225865215063095e-02
1.167860999703407288e-02
1.340506039559841156e-02
1.341732498258352280e-02
1.364123262465000153e-02
1.392886321991682053e-02
1.363250520080327988e-02
1.400913298130035400e-02
1.421430334448814392e-02
1.345385704189538956e-02
1.378736458718776703e-02
1.358861569315195084e-02
1.383986789733171463e-02
1.394760329276323318e-02
1.355858240276575089e-02
1.388762518763542175e-02
1.342792715877294540e-02
1.056398078799247742e-02
8.324205875396728516e-03
1.411819178611040115e-02
1.375712547451257706e-02
1.416920963674783707e-02
1.401268318295478821e-02
1.401371601969003677e-02
1.350629050284624100e-02
1.387291308492422104e-02
1.459857262670993805e-02
1.359402295202016830e-02
1.352069620043039322e-02
1.358814630657434464e-02
1.370712742209434509e-02
1.413278374820947647e-02
1.355654932558536530e-02
1.373101118952035904e-02
1.355342566967010498e-02
1.378665212541818619e-02
1.551460381597280502e-02
1.436563488095998764e-02
1.342623215168714523e-02
1.362781878560781479e-02
1.348460000008344650e-02
1.448493637144565582e-02
1.380182802677154541e-02
1.379314064979553223e-02
1.362232491374015808e-02
1.374713424593210220e-02
1.351982913911342621e-02
1.495779771357774734e-02
1.372160948812961578e-02
1.386857870966196060e-02
1.363115105777978897e-02
1.374206878244876862e-02
1.379173994064331055e-02
1.399420481175184250e-02
1.363091543316841125e-02
1.375975273549556732e-02
1.338260434567928314e-02
1.401437912136316299e-02
1.409194152802228928e-02
1.363334618508815765e-02
1.382085401564836502e-02
1.361511088907718658e-02
1.389700826257467270e-02
1.352853141725063324e-02
1.340298634022474289e-02
1.360176876187324524e-02
1.380410138517618179e-02
1.371290441602468491e-02
1.349670533090829849e-02
1.376546267420053482e-02
1.413607504218816757e-02
1.437378209084272385e-02
1.393836457282304764e-02
1.366921700537204742e-02
1.357286330312490463e-02
1.382944546639919281e-02
1.364171504974365234e-02
1.368560455739498138e-02
1.394170429557561874e-02
1.369130704551935196e-02
1.349988859146833420e-02
1.385785732418298721e-02
1.350686047226190567e-02
1.354418601840734482e-02
1.342634949833154678e-02
1.333098113536834717e-02
1.364625152200460434e-02
1.392663363367319107e-02
1.353628654032945633e-02
1.367097720503807068e-02
1.353177428245544434e-02
1.401340682059526443e-02
1.349149551242589951e-02
1.349202077835798264e-02
1.376249548047780991e-02
1.342163607478141785e-02
1.366285979747772217e-02
1.455120649188756943e-02
1.326388120651245117e-02
1.369605679064989090e-02
1.380801759660243988e-02
1.379061955958604813e-02
1.365232467651367188e-02
1.387162879109382629e-02
1.359362807124853134e-02
1.390635967254638672e-02
1.374734565615653992e-02
1.379496976733207703e-02
1.358652487397193909e-02
1.362123712897300720e-02
1.347794570028781891e-02
1.368883531540632248e-02
1.367276348173618317e-02
1.364764012396335602e-02
1.352856401354074478e-02
1.341515127569437027e-02
1.360902190208435059e-02
1.366551499813795090e-02
1.355293951928615570e-02
1.368094608187675476e-02
1.359345391392707825e-02
1.409211754798889160e-02
1.342941913753747940e-02
1.375191286206245422e-02
1.368926558643579483e-02
1.357667986303567886e-02
1.375861093401908875e-02
1.334092579782009125e-02
1.154758129268884659e-02
1.369040925055742264e-02
1.362543739378452301e-02
1.353305950760841370e-02
1.448952592909336090e-02
9.108414873480796814e-03
1.399748120456933975e-02
1.352480612695217133e-02
1.383419428020715714e-02
1.358391623944044113e-02
1.393395289778709412e-02
1.437480654567480087e-02
1.373930182307958603e-02
1.342857256531715393e-02
1.379078906029462814e-02
1.389867719262838364e-02
1.385540608316659927e-02
1.370059326291084290e-02
1.393706165254116058e-02
1.348395273089408875e-02
1.260942872613668442e-02
1.396222785115242004e-02
1.372122205793857574e-02
1.360355690121650696e-02
1.375684421509504318e-02
1.411751192063093185e-02
1.456676144152879715e-02
1.411264855414628983e-02
1.466187275946140289e-02
1.349531020969152451e-02
1.367501821368932724e-02
1.378808822482824326e-02
1.399356685578823090e-02
1.354049518704414368e-02
1.395312231034040451e-02
1.336305495351552963e-02
1.367392763495445251e-02
1.376809179782867432e-02
1.339743100106716156e-02
1.342417392879724503e-02
1.401675585657358170e-02
1.445654034614562988e-02
1.346608158200979233e-02
1.374522689729928970e-02
1.368797104805707932e-02
1.393485348671674728e-02
1.438695192337036133e-02
1.351209636777639389e-02
1.426531653851270676e-02
1.414038613438606262e-02
1.390481553971767426e-02
1.446495112031698227e-02
1.408169511705636978e-02
1.397720258682966232e-02
1.369130332022905350e-02
1.313821040093898773e-02
9.835868142545223236e-03
1.348479185253381729e-02
1.346703711897134781e-02
1.371056679636240005e-02
1.362898945808410645e-02
1.367820892482995987e-02
1.340863481163978577e-02
1.406220253556966782e-02
1.358105149120092392e-02
1.402217149734497070e-02
1.383598800748586655e-02
1.354633178561925888e-02
1.354980375617742538e-02
1.489757280796766281e-02
1.381784398108720779e-02
1.361928228288888931e-02
1.389851514250040054e-02
1.611453853547573090e-02
1.452129520475864410e-02
1.396551728248596191e-02
1.376920659095048904e-02
1.410694327205419540e-02
1.378900930285453796e-02
1.361589506268501282e-02
1.358313858509063721e-02
1.390121504664421082e-02
1.416762080043554306e-02
1.363614760339260101e-02
1.395955774933099747e-02
1.383555866777896881e-02
1.363308820873498917e-02
1.389804854989051819e-02
1.457138638943433762e-02
1.361526176333427429e-02
1.406288426369428635e-02
1.351958606392145157e-02
1.386804785579442978e-02
1.369535084813833237e-02
1.356032490730285645e-02
1.355668809264898300e-02
1.395422499626874924e-02
1.404509507119655609e-02
1.398838404566049576e-02
1.361157838255167007e-02
1.358770113438367844e-02
1.378362812101840973e-02
1.372640207409858704e-02
1.412082929164171219e-02
1.373578235507011414e-02
1.365846674889326096e-02
1.120567228645086288e-02
1.366244163364171982e-02
1.341433823108673096e-02
1.341986935585737228e-02
1.352732721716165543e-02
1.414616405963897705e-02
1.247319020330905914e-02
1.364918984472751617e-02
1.390495896339416504e-02
1.347866654396057129e-02
1.420477963984012604e-02
1.391107682138681412e-02
1.348726078867912292e-02
1.357460394501686096e-02
1.350116077810525894e-02
1.361606922000646591e-02
1.357068028301000595e-02
1.350314915180206299e-02
1.364769693464040756e-02
1.378359273076057434e-02
1.364278234541416168e-02
1.374345179647207260e-02
1.530458964407444000e-02
1.370231155306100845e-02
1.362541597336530685e-02
1.368421316146850586e-02
1.365775708109140396e-02
1.365751307457685471e-02
1.374450884759426117e-02
1.360221114009618759e-02
1.340980827808380127e-02
1.365013141185045242e-02
1.384443882852792740e-02
1.382675766944885254e-02
1.343370974063873291e-02
1.393918972462415695e-02
1.352091226726770401e-02
1.335816085338592529e-02
1.365405600517988205e-02
1.356465183198451996e-02
1.371815800666809082e-02
1.359536591917276382e-02
1.375029049813747406e-02
1.352547481656074524e-02
1.406209543347358704e-02
1.340624038130044937e-02
1.395700499415397644e-02
1.438875403255224228e-02
1.393997669219970703e-02
1.376228407025337219e-02
1.377779524773359299e-02
1.351017970591783524e-02
1.358397398144006729e-02
1.352366898208856583e-02
1.374408043920993805e-02
1.352783478796482086e-02
1.374368462711572647e-02
1.367102470248937607e-02
1.393029093742370605e-02
1.343486364930868149e-02
1.358093880116939545e-02
1.350645069032907486e-02
1.386118214577436447e-02
1.334946788847446442e-02
1.402510050684213638e-02
1.393792033195495605e-02
1.396280806511640549e-02
1.381654944270849228e-02
1.354201976209878922e-02
1.384377479553222656e-02
1.348764915019273758e-02
1.409958209842443466e-02
1.365329697728157043e-02
1.393350679427385330e-02
1.441614329814910889e-02
1.384965144097805023e-02
1.404437422752380371e-02
1.403679512441158295e-02
1.363929826766252518e-02
1.348535809665918350e-02
1.366099435836076736e-02
1.369440462440252304e-02
1.376282609999179840e-02
1.370773371309041977e-02
1.360608730465173721e-02
1.369355991482734680e-02
1.361014042049646378e-02
1.387469191104173660e-02
1.417161244899034500e-02
1.416689250618219376e-02
1.390043739229440689e-02
1.355781033635139465e-02
1.375837530940771103e-02
1.360138878226280212e-02
1.347273308783769608e-02
1.370379328727722168e-02
1.362453773617744446e-02
1.498538814485073090e-02
1.394368987530469894e-02
1.357378065586090088e-02
1.369531825184822083e-02
1.372972037643194199e-02
1.370875444263219833e-02
1.377120893448591232e-02
1.342679653316736221e-02
1.508230809122323990e-02
1.382977608591318130e-02
1.481623295694589615e-02
1.388270314782857895e-02
1.349279005080461502e-02
1.354593131691217422e-02
1.426077447831630707e-02
1.415691897273063660e-02
1.352182589471340179e-02
1.368984300643205643e-02
1.340194325894117355e-02
1.484108343720436096e-02
1.388102769851684570e-02
1.384199876338243484e-02
1.355951745063066483e-02
1.391040626913309097e-02
1.386887114495038986e-02
1.388415973633527756e-02
1.371533516794443130e-02
1.350765489041805267e-02
1.341587025672197342e-02
1.360135897994041443e-02
1.351284887641668320e-02
1.371912378817796707e-02
1.372134126722812653e-02
1.393578294664621353e-02
1.407669391483068466e-02
1.420389954000711441e-02
1.377496961504220963e-02
1.380174234509468079e-02
1.372615061700344086e-02
1.350402552634477615e-02
1.381639763712882996e-02
1.402299758046865463e-02
1.346170622855424881e-02
1.371650490909814835e-02
1.362097542732954025e-02
1.359595730900764465e-02
1.338419690728187561e-02
1.367386057972908020e-02
1.378284487873315811e-02
1.336033921688795090e-02
1.347332075238227844e-02
1.361149828881025314e-02
1.375804748386144638e-02
1.349724829196929932e-02
1.404045429080724716e-02
1.403174921870231628e-02
1.362340711057186127e-02
1.389772631227970123e-02
1.400123629719018936e-02
1.378145720809698105e-02
1.379448454827070236e-02
1.423479523509740829e-02
1.354256551712751389e-02
1.370621006935834885e-02
1.370876189321279526e-02
1.385097298771142960e-02
1.358548924326896667e-02
1.388799306005239487e-02
1.406784262508153915e-02
1.361559331417083740e-02
1.383665204048156738e-02
1.446981448680162430e-02
1.389452815055847168e-02
1.363041996955871582e-02
1.377432141453027725e-02
1.392472069710493088e-02
1.376484706997871399e-02
1.350017823278903961e-02
1.359741762280464172e-02
1.426388975232839584e-02
1.375511661171913147e-02
1.347237452864646912e-02
1.356771308928728104e-02
1.382484473288059235e-02
1.376451831310987473e-02
1.359416637569665909e-02
1.377600710839033127e-02
1.396693382412195206e-02
1.382360793650150299e-02
1.450114045292139053e-02
1.390402391552925110e-02
1.352779474109411240e-02
1.333134528249502182e-02
1.356214843690395355e-02
1.355552673339843750e-02
1.377596519887447357e-02
1.338674500584602356e-02
1.475889421999454498e-02
1.368755474686622620e-02
1.414373796433210373e-02
1.385567709803581238e-02
1.361123379319906235e-02
1.356210187077522278e-02
1.331228949129581451e-02
1.414948143064975739e-02
1.354315038770437241e-02
1.370211038738489151e-02
9.735404513776302338e-03
1.346520986407995224e-02
1.351150870323181152e-02
1.353620365262031555e-02
1.348101813346147537e-02
1.357923541218042374e-02
1.342518255114555359e-02
1.460195425897836685e-02
1.317598577588796616e-02
1.417926885187625885e-02
1.434271410107612610e-02
1.367489714175462723e-02
1.364707667380571365e-02
1.338231284171342850e-02
1.348453853279352188e-02
1.393248792737722397e-02
1.364669296890497208e-02
1.351100578904151917e-02
1.384905073791742325e-02
1.366247329860925674e-02
1.461527869105339050e-02
1.391894742846488953e-02
1.344527211040258408e-02
1.407085731625556946e-02
1.381447352468967438e-02
1.335616316646337509e-02
1.402675732970237732e-02
1.334781851619482040e-02
1.350764557719230652e-02
1.369991619139909744e-02
1.247933227568864822e-02
1.350033283233642578e-02
1.358804944902658463e-02
1.400727592408657074e-02
