<system>Protocol: Active. Attitude: Sassy.</system>
2.061327546834945679e-02
1.658799871802330017e-02
1.942797005176544189e-02
1.861244067549705505e-02
1.994496770203113556e-02
1.788624376058578491e-02
2.069664373993873596e-02
2.214595302939414978e-02
2.161955274641513824e-02
2.100172266364097595e-02
2.461527846753597260e-02
1.390063297003507614e-02
2.184459194540977478e-02
2.056680805981159210e-02
1.422275789082050323e-02
2.312086708843708038e-02
1.673990488052368164e-02
2.149992063641548157e-02
1.875784806907176971e-02
1.135857217013835907e-02
2.221025899052619934e-02
1.806441508233547211e-02
1.787278987467288971e-02
1.709045097231864929e-02
1.119769550859928131e-02
1.449891179800033569e-02
1.376684941351413727e-02
1.294928789138793945e-02
1.515922881662845612e-02
1.424918882548809052e-02
1.830460876226425171e-02
1.533796824514865875e-02
1.573843136429786682e-02
1.969598047435283661e-02
2.146332524716854095e-02
2.290781587362289429e-02
1.514733396470546722e-02
2.168065682053565979e-02
2.021255157887935638e-02
1.596320234239101410e-02
1.604707725346088409e-02
2.210416644811630249e-02
1.589480042457580566e-02
2.213172242045402527e-02
1.890408992767333984e-02
2.071824297308921814e-02
2.137258276343345642e-02
2.199871838092803955e-02
2.144186757504940033e-02
1.187189575284719467e-02
2.139121852815151215e-02
2.292623929679393768e-02
2.056264504790306091e-02
1.823394559323787689e-02
1.898260228335857391e-02
1.639150828123092651e-02
2.841807901859283447e-02
1.561120338737964630e-02
1.745598018169403076e-02
1.494013238698244095e-02
1.618734747171401978e-02
1.193631067872047424e-02
1.859206333756446838e-02
1.565797999501228333e-02
3.237949684262275696e-03
4.638905171304941177e-03
4.637422040104866028e-03
4.570060409605503082e-03
4.904955625534057617e-03
5.672803148627281189e-03
5.811069160699844360e-03
5.100187845528125763e-03
5.040280520915985107e-03
7.388570345938205719e-03
7.024475373327732086e-03
9.190067648887634277e-03
9.500406682491302490e-03
8.825140073895454407e-03
1.262752898037433624e-02
1.135477703064680099e-02
1.083648763597011566e-02
1.398526597768068314e-02
1.400853320956230164e-02
1.296071521937847137e-02
1.544264890253543854e-02
2.092883363366127014e-02
2.479831129312515259e-02
2.625086903572082520e-02
1.084882579743862152e-02
2.765187993645668030e-02
2.534620277583599091e-02
2.547268941998481750e-02
2.475375123322010040e-02
2.554160356521606445e-02
3.445872664451599121e-02
2.881560288369655609e-02
3.356178756803274155e-03
4.621645435690879822e-03
4.653079900890588760e-03
4.406495951116085052e-03
5.268429405987262726e-03
5.576627794653177261e-03
4.740453325212001801e-03
6.717296317219734192e-03
6.463359110057353973e-03
6.904705893248319626e-03
7.945773191750049591e-03
7.613484282046556473e-03
9.538410231471061707e-03
9.440708905458450317e-03
1.224008109420537949e-02
1.217928249388933182e-02
1.238694228231906891e-02
1.336590945720672607e-02
1.464524399489164352e-02
1.417823508381843567e-02
1.626436412334442139e-02
1.969822868704795837e-02
2.195407822728157043e-02
2.598669752478599548e-02
1.693828031420707703e-02
2.717697992920875549e-02
2.756639569997787476e-02
2.784194983541965485e-02
2.700408361852169037e-02
2.855126559734344482e-02
3.021739423274993896e-02
3.526731953024864197e-02
1.358345150947570801e-02
1.080381311476230621e-02
1.438522338867187500e-02
1.931811496615409851e-02
1.397051103413105011e-02
1.552835945039987564e-02
1.946735940873622894e-02
1.859710738062858582e-02
1.879086531698703766e-02
2.149629592895507812e-02
1.973946765065193176e-02
1.610403135418891907e-02
2.167850732803344727e-02
2.087993733584880829e-02
1.733925566077232361e-02
2.274579182267189026e-02
2.270482294261455536e-02
2.377597056329250336e-02
2.003788016736507416e-02
1.526742056012153625e-02
2.290108054876327515e-02
2.040456980466842651e-02
1.860475167632102966e-02
2.036783099174499512e-02
9.633054025471210480e-03
1.566125452518463135e-02
1.641407050192356110e-02
1.644960418343544006e-02
1.642501726746559143e-02
1.818857714533805847e-02
1.748322136700153351e-02
1.697101444005966187e-02
1.227738335728645325e-02
1.242807321250438690e-02
1.385142281651496887e-02
1.783708482980728149e-02
1.208603754639625549e-02
1.650853641331195831e-02
1.818123087286949158e-02
1.353428512811660767e-02
1.635214872658252716e-02
2.577605098485946655e-02
1.567613892257213593e-02
1.974768191576004028e-02
1.931305229663848877e-02
2.305778861045837402e-02
2.778457850217819214e-02
2.348047122359275818e-02
2.369456738233566284e-02
1.632366329431533813e-02
2.383588626980781555e-02
2.536191046237945557e-02
2.266612276434898376e-02
2.144315093755722046e-02
2.019425481557846069e-02
1.894590258598327637e-02
2.790998853743076324e-02
1.762295700609683990e-02
1.855159364640712738e-02
1.674292422831058502e-02
1.820567250251770020e-02
1.829447224736213684e-02
1.894333586096763611e-02
1.468134485185146332e-02
2.362528070807456970e-02
2.288587391376495361e-02
2.079560980200767517e-02
1.919576898217201233e-02
2.522442862391471863e-02
2.098939195275306702e-02
2.036599069833755493e-02
2.320429682731628418e-02
2.402443066239356995e-02
1.958707720041275024e-02
2.315769344568252563e-02
1.705996505916118622e-02
1.980786398053169250e-02
1.734220981597900391e-02
1.281267590820789337e-02
1.843091845512390137e-02
1.863386482000350952e-02
2.068453282117843628e-02
1.743335463106632233e-02
1.102099940180778503e-02
1.897731795907020569e-02
1.686327159404754639e-02
1.641067489981651306e-02
1.521305367350578308e-02
8.320569992065429688e-03
1.396321877837181091e-02
1.352420728653669357e-02
1.311508100479841232e-02
1.342635136097669601e-02
1.324907597154378891e-02
1.611581072211265564e-02
1.473301090300083160e-02
1.957240886986255646e-02
1.937458291649818420e-02
2.167870476841926575e-02
2.350432798266410828e-02
1.771157607436180115e-02
2.294361963868141174e-02
2.104267664253711700e-02
1.375449076294898987e-02
1.929461210966110229e-02
2.091165445744991302e-02
1.476162858307361603e-02
2.246792241930961609e-02
1.975720189511775970e-02
2.012348733842372894e-02
2.276325598359107971e-02
1.894900575280189514e-02
2.159991487860679626e-02
1.280761230736970901e-02
1.560506038367748260e-02
2.298015728592872620e-02
1.774755120277404785e-02
1.781234145164489746e-02
1.664814911782741547e-02
1.607870310544967651e-02
2.734371460974216461e-02
1.469132769852876663e-02
1.613629236817359924e-02
1.413938216865062714e-02
1.368688512593507767e-02
1.311367843300104141e-02
1.730727404356002808e-02
1.243670564144849777e-02
1.439398899674415588e-02
1.602319255471229553e-02
1.591787301003932953e-02
1.883271709084510803e-02
1.714158430695533752e-02
1.623034849762916565e-02
2.098793163895606995e-02
2.065278775990009308e-02
2.014814317226409912e-02
2.236624434590339661e-02
2.493197098374366760e-02
1.892530173063278198e-02
2.737918682396411896e-02
2.341556362807750702e-02
1.503617595881223679e-02
2.660536393523216248e-02
2.158808335661888123e-02
2.567386999726295471e-02
2.390142157673835754e-02
1.537952013313770294e-02
2.651051059365272522e-02
2.177011780440807343e-02
2.148275449872016907e-02
2.033819071948528290e-02
9.370284155011177063e-03
1.910275220870971680e-02
1.917106658220291138e-02
1.775349304080009460e-02
1.937381550669670105e-02
1.880644820630550385e-02
2.079521119594573975e-02
1.961654610931873322e-02
1.239123847335577011e-02
1.717290654778480530e-02
1.550105027854442596e-02
1.786667294800281525e-02
1.391085702925920486e-02
1.930805668234825134e-02
2.208105102181434631e-02
1.444390788674354553e-02
1.610727608203887939e-02
2.555676549673080444e-02
1.630015484988689423e-02
2.696640416979789734e-02
2.243269234895706177e-02
2.234668284654617310e-02
2.892969548702239990e-02
2.524836547672748566e-02
2.779576368629932404e-02
1.679273322224617004e-02
2.221417613327503204e-02
2.491136454045772552e-02
2.671078592538833618e-02
2.317071333527565002e-02
2.334596961736679077e-02
2.108377590775489807e-02
2.628534100949764252e-02
1.986003294587135315e-02
2.195125445723533630e-02
1.880821585655212402e-02
2.077635377645492554e-02
1.732482761144638062e-02
2.300556749105453491e-02
2.002122625708580017e-02
2.102961577475070953e-02
1.464376319199800491e-02
1.451098732650279999e-02
1.868258975446224213e-02
1.753715798258781433e-02
1.577508077025413513e-02
1.729131303727626801e-02
1.673353649675846100e-02
1.775920018553733826e-02
1.755746081471443176e-02
1.874966546893119812e-02
1.487119495868682861e-02
1.984571292996406555e-02
1.688609644770622253e-02
1.253531128168106079e-02
1.828321814537048340e-02
1.590877026319503784e-02
1.870055869221687317e-02
1.682435721158981323e-02
1.101356931030750275e-02
1.839426159858703613e-02
1.625640876591205597e-02
1.613463647663593292e-02
1.376162283122539520e-02
8.266381919384002686e-03
1.290298346430063248e-02
1.270977128297090530e-02
1.260489597916603088e-02
1.224145293235778809e-02
1.315213460475206375e-02
1.517585851252079010e-02
1.401213556528091431e-02
1.342639420181512833e-02
1.849106326699256897e-02
1.859526336193084717e-02
1.916181109845638275e-02
1.107038371264934540e-02
1.785377413034439087e-02
1.753606460988521576e-02
1.239399891346693039e-02
1.372127328068017960e-02
1.931522227823734283e-02
1.382681634277105331e-02
1.732023060321807861e-02
1.727961748838424683e-02
1.821506768465042114e-02
2.013893797993659973e-02
1.729564554989337921e-02
1.891583390533924103e-02
1.289775595068931580e-02
1.504613459110260010e-02
2.179168909788131714e-02
1.794416084885597229e-02
1.738724112510681152e-02
1.533250696957111359e-02
1.562089473009109497e-02
2.490532770752906799e-02
1.427237596362829208e-02
1.551431231200695038e-02
1.269379537552595139e-02
1.387299224734306335e-02
1.226907223463058472e-02
1.663545891642570496e-02
1.371986139565706253e-02
2.954354975372552872e-03
4.224535543471574783e-03
3.710615681484341621e-03
3.950413782149553299e-03
4.579290747642517090e-03
4.875200800597667694e-03
5.440012551844120026e-03
4.364226013422012329e-03
4.731987603008747101e-03
6.793722975999116898e-03
6.321286782622337341e-03
8.858123794198036194e-03
8.953465148806571960e-03
7.696017622947692871e-03
1.234738621860742569e-02
1.016622595489025116e-02
1.028081122785806656e-02
1.386346202343702316e-02
1.148256380110979080e-02
1.217952743172645569e-02
1.302507519721984863e-02
2.006762474775314331e-02
2.299785614013671875e-02
2.394630387425422668e-02
1.018852088600397110e-02
2.632328867912292480e-02
2.456947788596153259e-02
2.390455827116966248e-02
2.185179665684700012e-02
2.514826506376266479e-02
3.233636915683746338e-02
2.736356854438781738e-02
2.896664664149284363e-03
4.005845170468091965e-03
3.743966342881321907e-03
3.977244719862937927e-03
4.854833707213401794e-03
4.759837407618761063e-03
4.186837002635002136e-03
6.016733124852180481e-03
6.326193455606698990e-03
6.722377613186836243e-03
7.062421645969152451e-03
7.446763105690479279e-03
9.399514645338058472e-03
8.686188608407974243e-03
1.200109533965587616e-02
1.128153223544359207e-02
1.094886101782321930e-02
1.278586499392986298e-02
1.274421624839305878e-02
1.325326506048440933e-02
1.375297736376523972e-02
1.728646457195281982e-02
1.905757561326026917e-02
2.454130351543426514e-02
1.639435440301895142e-02
2.566602453589439392e-02
2.554302662611007690e-02
2.739613689482212067e-02
2.471770346164703369e-02
2.658450976014137268e-02
2.587021514773368835e-02
3.447205200791358948e-02
1.505012158304452896e-02
1.115653943270444870e-02
1.357584446668624878e-02
1.645347476005554199e-02
1.345166750252246857e-02
1.641369611024856567e-02
1.642167195677757263e-02
1.521072909235954285e-02
1.740931719541549683e-02
2.171644195914268494e-02
1.991240680217742920e-02
1.398499682545661926e-02
1.961220800876617432e-02
1.982467621564865112e-02
1.419526338577270508e-02
2.301231771707534790e-02
1.926984451711177826e-02
2.782761119306087494e-02
2.175361290574073792e-02
1.559348404407501221e-02
2.384763211011886597e-02
2.212761156260967255e-02
2.121496200561523438e-02
1.814654842019081116e-02
9.122340008616447449e-03
1.698938384652137756e-02
1.622050628066062927e-02
1.679234579205513000e-02
1.609594933688640594e-02
1.751845329999923706e-02
2.022073790431022644e-02
1.688465848565101624e-02
1.234767772257328033e-02
1.239471882581710815e-02
1.475930400192737579e-02
1.733418554067611694e-02
1.067002862691879272e-02
1.846141368150711060e-02
1.655371859669685364e-02
1.234906353056430817e-02
1.581872627139091492e-02
2.122708782553672791e-02
1.473168656229972839e-02
1.859083399176597595e-02
2.019807882606983185e-02
2.211072295904159546e-02
1.982267573475837708e-02
2.194167859852313995e-02
2.032100781798362732e-02
1.580975204706192017e-02
2.824555337429046631e-02
3.091767057776451111e-02
2.512995526194572449e-02
2.126947417855262756e-02
2.034766972064971924e-02
1.899402216076850891e-02
3.175295516848564148e-02
1.765488274395465851e-02
1.979944109916687012e-02
1.661727949976921082e-02
1.865371130406856537e-02
1.888527534902095795e-02
2.174643427133560181e-02
1.416369155049324036e-02
1.207921095192432404e-02
1.638791896402835846e-02
2.015883475542068481e-02
1.313377358019351959e-02
1.709816604852676392e-02
1.396975759416818619e-02
1.954988390207290649e-02
1.867358013987541199e-02
1.391553692519664764e-02
1.830324344336986542e-02
1.798391528427600861e-02
2.020874246954917908e-02
1.801972091197967529e-02
1.961113885045051575e-02
1.623293757438659668e-02
1.548574119806289673e-02
1.923051103949546814e-02
1.104219350963830948e-02
1.884434930980205536e-02
1.151031814515590668e-02
1.787706464529037476e-02
1.816095784306526184e-02
1.915371976792812347e-02
1.769406348466873169e-02
2.089022845029830933e-02
1.932737231254577637e-02
1.734957844018936157e-02
2.224803157150745392e-02
1.848028227686882019e-02
2.154924906790256500e-02
2.151674404740333557e-02
2.419297583401203156e-02
1.952385529875755310e-02
1.572842337191104889e-02
1.623957790434360504e-02
1.734635606408119202e-02
2.075421437621116638e-02
1.516764424741268158e-02
1.860767416656017303e-02
1.487800478935241699e-02
2.120207622647285461e-02
1.908954791724681854e-02
1.221757009625434875e-02
1.787304878234863281e-02
1.888697221875190735e-02
1.314858347177505493e-02
1.998345553874969482e-02
1.624006405472755432e-02
1.859189011156558990e-02
1.865305565297603607e-02
2.215316519141197205e-02
1.962011121213436127e-02
2.001981437206268311e-02
2.018908038735389709e-02
1.766016893088817596e-02
1.851514726877212524e-02
7.773946505039930344e-03
1.863177865743637085e-02
1.798539236187934875e-02
2.082772552967071533e-02
2.029265090823173523e-02
2.130385302007198334e-02
2.047686651349067688e-02
1.805019751191139221e-02
1.263910066336393356e-02
1.668524742126464844e-02
1.911215484142303467e-02
1.312167197465896606e-02
1.714975386857986450e-02
1.389225572347640991e-02
1.844936609268188477e-02
1.726328954100608826e-02
1.300762407481670380e-02
1.760585047304630280e-02
1.682433113455772400e-02
1.757558435201644897e-02
1.860507763922214508e-02
1.769518665969371796e-02
1.556955277919769287e-02
1.369082555174827576e-02
1.757886633276939392e-02
1.153076998889446259e-02
1.696405000984668732e-02
1.202645711600780487e-02
1.714545115828514099e-02
1.896141096949577332e-02
1.939342170953750610e-02
1.782325282692909241e-02
2.057929337024688721e-02
1.950455084443092346e-02
1.745564304292201996e-02
2.300632372498512268e-02
1.736864447593688965e-02
2.035447210073471069e-02
2.439062483608722687e-02
2.215613052248954773e-02
1.990151777863502502e-02
1.568791642785072327e-02
1.555021852254867554e-02
1.658030226826667786e-02
1.848781108856201172e-02
1.643112488090991974e-02
1.693398877978324890e-02
1.550612039864063263e-02
1.856504753232002258e-02
1.763987913727760315e-02
1.188222505152225494e-02
1.707045361399650574e-02
1.802423223853111267e-02
1.274343114346265793e-02
1.907831989228725433e-02
1.704759523272514343e-02
1.702964305877685547e-02
1.882950402796268463e-02
2.203730866312980652e-02
1.992649212479591370e-02
2.142493985593318939e-02
1.984402537345886230e-02
1.792895421385765076e-02
1.926685310900211334e-02
7.736791856586933136e-03
1.862630248069763184e-02
1.858611591160297394e-02
1.867915689945220947e-02
2.136971428990364075e-02
2.059962227940559387e-02
2.200020290911197662e-02
2.062033489346504211e-02
1.142679713666439056e-02
1.093290653079748154e-02
1.090663764625787735e-02
1.250640396028757095e-02
1.448466628789901733e-02
1.168490946292877197e-02
1.425837539136409760e-02
1.145460270345211029e-02
1.382170431315898895e-02
1.378312334418296814e-02
1.303241867572069168e-02
1.627951115369796753e-02
1.597336865961551666e-02
1.578727364540100098e-02
1.620671898126602173e-02
1.475871820002794266e-02
1.857399195432662964e-02
1.383327413350343704e-02
1.890799216926097870e-02
1.459798589348793030e-02
2.191220596432685852e-02
2.377457544207572937e-02
3.007159382104873657e-02
2.854699268937110901e-02
2.070273086428642273e-02
3.076721914112567902e-02
2.628320269286632538e-02
2.781280130147933960e-02
2.793583273887634277e-02
2.742695994675159454e-02
2.435905486345291138e-02
2.826628647744655609e-02
1.036930549889802933e-02
1.085004769265651703e-02
1.155428588390350342e-02
9.622618556022644043e-03
1.357117202132940292e-02
9.545978158712387085e-03
1.454956270754337311e-02
1.179171167314052582e-02
1.363352499902248383e-02
1.350654568523168564e-02
1.225878205150365829e-02
1.429832354187965393e-02
1.659251749515533447e-02
1.356283389031887054e-02
1.780827157199382782e-02
1.728656515479087830e-02
1.763168722391128540e-02
1.801114529371261597e-02
2.399628795683383942e-02
1.960965804755687714e-02
2.733132429420948029e-02
2.638786286115646362e-02
2.765513956546783447e-02
2.871720865368843079e-02
9.829825721681118011e-03
2.915708720684051514e-02
2.785209193825721741e-02
3.059692122042179108e-02
2.869145758450031281e-02
3.099642693996429443e-02
2.774624899029731750e-02
2.895159274339675903e-02
1.630114391446113586e-02
1.610112376511096954e-02
1.820437796413898468e-02
1.684921234846115112e-02
1.719114929437637329e-02
1.727491803467273712e-02
1.987666077911853790e-02
1.932357437908649445e-02
1.863053068518638611e-02
1.923788711428642273e-02
2.209223434329032898e-02
2.307573705911636353e-02
2.056565508246421814e-02
2.338323742151260376e-02
2.128406614065170288e-02
1.858893595635890961e-02
2.347837015986442566e-02
1.503468677401542664e-02
2.098624594509601593e-02
1.415919326245784760e-02
2.178682759404182434e-02
1.837908290326595306e-02
2.130235172808170319e-02
1.695989817380905151e-02
2.379738166928291321e-02
1.721139252185821533e-02
1.596057042479515076e-02
1.808696053922176361e-02
1.486160978674888611e-02
1.631623879075050354e-02
1.575038582086563110e-02
1.748512312769889832e-02
1.911738142371177673e-02
1.625695452094078064e-02
1.398814842104911804e-02
1.850045472383499146e-02
2.017324045300483704e-02
1.804008334875106812e-02
1.906974241137504578e-02
1.657831296324729919e-02
2.089735120534896851e-02
2.032310515642166138e-02
1.590966805815696716e-02
2.013292349874973297e-02
2.078895270824432373e-02
1.657455414533615112e-02
2.308650314807891846e-02
2.166768908500671387e-02
2.159065380692481995e-02
2.570335194468498230e-02
2.835065498948097229e-02
2.638153359293937683e-02
2.388533391058444977e-02
2.118433825671672821e-02
1.952862367033958435e-02
2.002925798296928406e-02
8.457692340016365051e-03
1.724865846335887909e-02
1.664564013481140137e-02
1.747032441198825836e-02
1.687059737741947174e-02
1.902302354574203491e-02
1.741968654096126556e-02
2.078326605260372162e-02
1.103351265192031860e-02
1.569676026701927185e-02
1.700731180608272552e-02
1.209769397974014282e-02
1.763486117124557495e-02
1.272473856806755066e-02
1.960458606481552124e-02
1.634217053651809692e-02
1.276715938001871109e-02
2.266647852957248688e-02
1.559446007013320923e-02
1.868166960775852203e-02
1.787851750850677490e-02
1.755741052329540253e-02
1.767717488110065460e-02
1.507917419075965881e-02
1.771061494946479797e-02
1.125580258667469025e-02
1.890745386481285095e-02
1.211044937372207642e-02
1.965115778148174286e-02
2.476870641112327576e-02
2.212097868323326111e-02
2.059783972799777985e-02
1.954066008329391479e-02
2.122166194021701813e-02
2.027305588126182556e-02
2.087731845676898956e-02
2.081676945090293884e-02
2.907823957502841949e-02
2.899844944477081299e-02
2.487369999289512634e-02
1.434252131730318069e-02
1.559706032276153564e-02
1.623199693858623505e-02
1.500859484076499939e-02
2.036868035793304443e-02
1.512654870748519897e-02
1.810459978878498077e-02
1.389952376484870911e-02
1.852325722575187683e-02
1.868396252393722534e-02
1.200733706355094910e-02
2.298050373792648315e-02
1.871700584888458252e-02
1.272721402347087860e-02
1.880546286702156067e-02
1.687690988183021545e-02
1.780104637145996094e-02
1.743302121758460999e-02
2.137339487671852112e-02
2.083567902445793152e-02
2.258913032710552216e-02
2.086628600955009460e-02
2.010255120694637299e-02
2.085715532302856445e-02
7.885999046266078949e-03
2.027771808207035065e-02
2.003760635852813721e-02
2.135954797267913818e-02
2.117410860955715179e-02
2.306531369686126709e-02
2.641912922263145447e-02
1.927336864173412323e-02
1.151382364332675934e-02
1.642182096838951111e-02
1.773875206708908081e-02
1.245371438562870026e-02
1.758942380547523499e-02
1.311191450804471970e-02
1.893504895269870758e-02
1.651270501315593719e-02
1.345645450055599213e-02
1.918306760489940643e-02
1.659125462174415588e-02
1.849446631968021393e-02
1.852391287684440613e-02
1.857823319733142853e-02
1.676711626350879669e-02
1.532423961907625198e-02
1.957772672176361084e-02
1.184123381972312927e-02
1.773530244827270508e-02
1.246119849383831024e-02
1.864359155297279358e-02
2.151025831699371338e-02
2.191788330674171448e-02
2.144290879368782043e-02
1.977947913110256195e-02
2.342864684760570526e-02
2.016215771436691284e-02
2.290215343236923218e-02
2.083336934447288513e-02
3.122321702539920807e-02
2.487673610448837280e-02
2.569628134369850159e-02
1.686521247029304504e-02
1.512208301573991776e-02
1.599103584885597229e-02
1.582854613661766052e-02
1.941334083676338196e-02
1.574722677469253540e-02
1.786775514483451843e-02
1.444350555539131165e-02
1.975952833890914917e-02
1.791165396571159363e-02
1.257469039410352707e-02
1.930820196866989136e-02
1.756911724805831909e-02
1.284990180283784866e-02
1.915694028139114380e-02
1.681078411638736725e-02
1.840642467141151428e-02
1.734280399978160858e-02
2.221621200442314148e-02
1.950741186738014221e-02
2.245687693357467651e-02
2.183077670633792877e-02
2.077403292059898376e-02
2.235110849142074585e-02
7.875139825046062469e-03
2.150307409465312958e-02
2.085010707378387451e-02
2.213488519191741943e-02
2.307790890336036682e-02
2.412631735205650330e-02
2.179199829697608948e-02
1.933872699737548828e-02
1.259522698819637299e-02
1.757909543812274933e-02
2.106494829058647156e-02
1.281864941120147705e-02
1.825493387877941132e-02
1.354420930147171021e-02
1.827030628919601440e-02
1.874150708317756653e-02
1.320433989167213440e-02
1.949461735785007477e-02
1.877871528267860413e-02
1.837277784943580627e-02
1.981736347079277039e-02
1.820307970046997070e-02
1.819769851863384247e-02
1.511274091899394989e-02
1.915761455893516541e-02
1.213006302714347839e-02
1.786588504910469055e-02
1.274783536791801453e-02
1.829897239804267883e-02
1.916559785604476929e-02
2.067859284579753876e-02
1.880175620317459106e-02
2.203664556145668030e-02
2.001790329813957214e-02
1.750140264630317688e-02
1.966092921793460846e-02
1.766719482839107513e-02
2.333465963602066040e-02
2.057337388396263123e-02
2.084734663367271423e-02
1.897605136036872864e-02
1.579183712601661682e-02
1.614631153643131256e-02
1.650406792759895325e-02
1.996049284934997559e-02
1.733812876045703888e-02
1.823337189853191376e-02
1.588794216513633728e-02
1.950240135192871094e-02
1.916309446096420288e-02
1.227374654263257980e-02
1.833226531744003296e-02
1.801743917167186737e-02
1.312779542058706284e-02
1.895791105926036835e-02
1.754314824938774109e-02
1.834835857152938843e-02
1.985012181103229523e-02
2.138002775609493256e-02
2.144367620348930359e-02
2.103967592120170593e-02
2.386613003909587860e-02
1.832076162099838257e-02
1.954905875027179718e-02
8.167956024408340454e-03
1.875123754143714905e-02
1.966229081153869629e-02
1.802488043904304504e-02
1.857281848788261414e-02
2.052093297243118286e-02
1.936284825205802917e-02
1.659434847533702850e-02
1.239159423857927322e-02
1.831739768385887146e-02
1.692982763051986694e-02
1.135057024657726288e-02
1.610064879059791565e-02
1.116501353681087494e-02
1.429874729365110397e-02
1.367780193686485291e-02
1.196099258959293365e-02
1.594115607440471649e-02
1.431930530816316605e-02
1.665632799267768860e-02
1.502729021012783051e-02
1.473653689026832581e-02
1.434735767543315887e-02
1.336680352687835693e-02
1.619924604892730713e-02
9.745050221681594849e-03
1.585658825933933258e-02
1.146970875561237335e-02
1.394673436880111694e-02
1.553974673151969910e-02
1.613233797252178192e-02
1.356489956378936768e-02
2.262466773390769958e-02
1.386691816151142120e-02
1.342852972447872162e-02
1.522162090986967087e-02
1.262537669390439987e-02
1.830956712365150452e-02
1.659931614995002747e-02
1.559399440884590149e-02
1.833029463887214661e-02
1.471729576587677002e-02
1.339386589825153351e-02
1.440742798149585724e-02
1.678196340799331665e-02
1.395341288298368454e-02
1.474862359464168549e-02
1.185243204236030579e-02
1.489491295069456100e-02
1.633802801370620728e-02
9.830263443291187286e-03
1.397017855197191238e-02
1.462910696864128113e-02
1.076249592006206512e-02
1.648674532771110535e-02
1.405360363423824310e-02
1.545352675020694733e-02
1.654391549527645111e-02
1.808601990342140198e-02
1.719358563423156738e-02
1.678316481411457062e-02
1.778498291969299316e-02
1.365424413233995438e-02
1.397865265607833862e-02
7.798451464623212814e-03
1.396940555423498154e-02
1.408312842249870300e-02
1.365460269153118134e-02
1.389240752905607224e-02
1.537285000085830688e-02
1.508175488561391830e-02
1.643254980444908142e-02
1.606477983295917511e-02
1.758526079356670380e-02
1.537913177162408829e-02
1.687947101891040802e-02
1.687813736498355865e-02
1.841765455901622772e-02
1.495239511132240295e-02
1.705845445394515991e-02
1.622554846107959747e-02
1.434012502431869507e-02
1.928233727812767029e-02
1.277536340057849884e-02
1.954011991620063782e-02
1.677590794861316681e-02
1.891693472862243652e-02
1.608526334166526794e-02
2.137343585491180420e-02
1.944761164486408234e-02
2.413435652852058411e-02
1.885659806430339813e-02
1.986649259924888611e-02
1.986150071024894714e-02
1.776914671063423157e-02
2.723382785916328430e-02
2.285271137952804565e-02
2.045202068984508514e-02
2.000774070620536804e-02
2.095765620470046997e-02
2.205835841596126556e-02
2.237063460052013397e-02
2.449374832212924957e-02
1.666948944330215454e-02
1.484488230198621750e-02
1.600287482142448425e-02
1.617429219186306000e-02
1.628224179148674011e-02
1.471636444330215454e-02
1.785244420170783997e-02
1.733747310936450958e-02
1.911740563809871674e-02
2.014581859111785889e-02
1.884424127638339996e-02
1.830430328845977783e-02
1.820857077836990356e-02
1.931244507431983948e-02
1.984489709138870239e-02
2.031405270099639893e-02
1.984673738479614258e-02
2.058683335781097412e-02
9.972834959626197815e-03
1.754713058471679688e-02
2.218571677803993225e-02
2.121586166322231293e-02
2.052391506731510162e-02
2.382475323975086212e-02
7.836575619876384735e-03
2.085274457931518555e-02
2.026934549212455750e-02
2.221748419106006622e-02
2.045786008238792419e-02
2.075063437223434448e-02
2.151383832097053528e-02
2.207081578671932220e-02
2.326581068336963654e-02
1.724000647664070129e-02
1.656406745314598083e-02
1.781706139445304871e-02
1.999229192733764648e-02
1.919208839535713196e-02
2.272724173963069916e-02
1.462406478822231293e-02
2.004834264516830444e-02
1.825201138854026794e-02
1.652240566909313202e-02
2.085585519671440125e-02
1.403736602514982224e-02
2.271641790866851807e-02
1.769796572625637054e-02
1.998619176447391510e-02
1.832859963178634644e-02
2.206643298268318176e-02
2.407857030630111694e-02
2.265036851167678833e-02
1.893791928887367249e-02
1.767793484032154083e-02
2.025985345244407654e-02
1.768710091710090637e-02
2.591964974999427795e-02
2.172410115599632263e-02
1.856427453458309174e-02
2.299104630947113037e-02
1.911568827927112579e-02
2.266389504075050354e-02
2.108933217823505402e-02
1.971413940191268921e-02
1.266973651945590973e-02
1.267115212976932526e-02
1.463706418871879578e-02
1.618531718850135803e-02
1.863406598567962646e-02
1.376712508499622345e-02
2.118932828307151794e-02
2.044511027634143829e-02
2.239390462636947632e-02
2.281887084245681763e-02
2.277082949876785278e-02
2.216398343443870544e-02
2.334271557629108429e-02
2.112229540944099426e-02
2.140462026000022888e-02
2.061846666038036346e-02
2.198970690369606018e-02
2.119124680757522583e-02
9.690020233392715454e-03
1.877155154943466187e-02
2.107031643390655518e-02
1.926648244261741638e-02
2.096833847463130951e-02
2.265993505716323853e-02
6.065991241484880447e-03
1.866490766406059265e-02
2.322016097605228424e-02
2.034457586705684662e-02
1.824097707867622375e-02
2.019317634403705597e-02
1.913150772452354431e-02
1.845151185989379883e-02
2.026719972491264343e-02
1.851439848542213440e-02
2.067063935101032257e-02
2.147437259554862976e-02
1.879355683922767639e-02
2.151858061552047729e-02
2.130927331745624542e-02
1.753628626465797424e-02
2.095515280961990356e-02
2.151805348694324493e-02
1.742151752114295959e-02
2.241956070065498352e-02
1.319583691656589508e-02
2.131064981222152710e-02
1.818574965000152588e-02
1.890012994408607483e-02
1.853019744157791138e-02
2.035664394497871399e-02
2.682422846555709839e-02
2.068314142525196075e-02
1.805714517831802368e-02
1.882632076740264893e-02
1.912736147642135620e-02
1.615008153021335602e-02
2.718804031610488892e-02
1.916141435503959656e-02
1.795308664441108704e-02
1.702613756060600281e-02
1.802237331867218018e-02
1.887379400432109833e-02
1.856556534767150879e-02
1.712324097752571106e-02
1.204788871109485626e-02
1.484312117099761963e-02
1.403734833002090454e-02
1.699341088533401489e-02
1.905681192874908447e-02
1.421768963336944580e-02
2.099491283297538757e-02
2.326963469386100769e-02
2.453187108039855957e-02
2.261986583471298218e-02
2.582550980150699615e-02
2.141306549310684204e-02
2.396554872393608093e-02
2.180416695773601532e-02
2.122214809060096741e-02
2.005909383296966553e-02
2.390259876847267151e-02
2.085921540856361389e-02
8.977218531072139740e-03
1.909924857318401337e-02
1.889180764555931091e-02
1.841405034065246582e-02
1.870463415980339050e-02
2.032034471631050110e-02
6.312904879450798035e-03
1.778707280755043030e-02
1.799068041145801544e-02
1.770367100834846497e-02
1.712323352694511414e-02
1.747994311153888702e-02
1.697353459894657135e-02
1.601315662264823914e-02
1.898539811372756958e-02
1.949361339211463928e-02
1.902837306261062622e-02
1.712322980165481567e-02
1.849445886909961700e-02
1.875669509172439575e-02
2.039305120706558228e-02
1.247091218829154968e-02
1.732893288135528564e-02
1.627903245389461517e-02
1.369516737759113312e-02
1.949289999902248383e-02
1.257360819727182388e-02
1.960804872214794159e-02
1.631283760070800781e-02
1.796061545610427856e-02
1.724330335855484009e-02
2.021713927388191223e-02
2.011645957827568054e-02
1.947136223316192627e-02
1.649743877351284027e-02
1.704000309109687805e-02
1.881843246519565582e-02
1.576884835958480835e-02
2.723772637546062469e-02
1.894049718976020813e-02
1.725325733423233032e-02
1.651313155889511108e-02
1.869748160243034363e-02
1.930214278399944305e-02
2.019033022224903107e-02
1.784444600343704224e-02
1.204080414026975632e-02
1.575413532555103302e-02
1.627775654196739197e-02
1.656627096235752106e-02
1.615810580551624298e-02
1.428374648094177246e-02
1.860361918807029724e-02
1.888943091034889221e-02
2.031792700290679932e-02
2.001051604747772217e-02
1.935466751456260681e-02
1.975592598319053650e-02
1.903535425662994385e-02
1.883694529533386230e-02
2.042482607066631317e-02
1.744936034083366394e-02
2.081605605781078339e-02
2.054941654205322266e-02
9.153651073575019836e-03
1.787365227937698364e-02
2.002950571477413177e-02
1.849110424518585205e-02
1.882054470479488373e-02
2.061372622847557068e-02
6.013020873069763184e-03
1.736669242382049561e-02
1.794747449457645416e-02
1.917897909879684448e-02
1.713565737009048462e-02
1.860785856842994690e-02
1.791897788643836975e-02
1.672257110476493835e-02
1.590481586754322052e-02
1.539705507457256317e-02
1.657492294907569885e-02
1.552698574960231781e-02
1.631009578704833984e-02
1.477194577455520630e-02
1.882997900247573853e-02
1.407477166503667831e-02
1.714137382805347443e-02
1.767452433705329895e-02
1.351853087544441223e-02
1.880651526153087616e-02
1.312008872628211975e-02
2.158001437783241272e-02
1.775909587740898132e-02
2.012632973492145538e-02
1.756931841373443604e-02
2.089899033308029175e-02
1.982943713665008545e-02
2.336523123085498810e-02
1.882181130349636078e-02
2.350999973714351654e-02
2.127353474497795105e-02
2.028121054172515869e-02
2.592026069760322571e-02
2.367684617638587952e-02
2.250267378985881805e-02
2.193156629800796509e-02
2.480901032686233521e-02
2.428248897194862366e-02
2.502584271132946014e-02
2.500787004828453064e-02
1.727908104658126831e-02
1.462860964238643646e-02
1.500618271529674530e-02
1.413730345666408539e-02
1.549763791263103485e-02
1.368183828890323639e-02
1.833541132509708405e-02
1.599785126745700836e-02
1.910814456641674042e-02
1.868712715804576874e-02
1.924088411033153534e-02
1.913073286414146423e-02
1.925783976912498474e-02
2.009499818086624146e-02
2.026472240686416626e-02
2.053302899003028870e-02
2.090951427817344666e-02
2.118227072060108185e-02
1.032952778041362762e-02
2.062073163688182831e-02
2.297169342637062073e-02
2.306433394551277161e-02
2.410608343780040741e-02
2.508177049458026886e-02
8.223946206271648407e-03
2.421417087316513062e-02
2.203288301825523376e-02
2.392127737402915955e-02
2.238750830292701721e-02
2.398889884352684021e-02
2.349895238876342773e-02
2.526361681520938873e-02
2.482963912189006805e-02
1.549602020531892776e-02
1.701204851269721985e-02
1.546994037926197052e-02
1.632049866020679474e-02
1.660249754786491394e-02
1.815265603363513947e-02
1.333776023238897324e-02
1.804370619356632233e-02
1.697699911892414093e-02
1.275094039738178253e-02
1.892838254570960999e-02
1.158443279564380646e-02
2.097983285784721375e-02
1.630110479891300201e-02
1.913278922438621521e-02
1.632842980325222015e-02
1.952553912997245789e-02
1.716517657041549683e-02
1.996198296546936035e-02
1.742775365710258484e-02
1.770381815731525421e-02
1.974183693528175354e-02
1.759226061403751373e-02
2.323229610919952393e-02
2.134033478796482086e-02
2.035114169120788574e-02
2.117999270558357239e-02
2.333072200417518616e-02
2.293355762958526611e-02
2.362104505300521851e-02
2.222479693591594696e-02
1.423108577728271484e-02
1.438647974282503128e-02
1.345588359981775284e-02
1.279649976640939713e-02
1.459652092307806015e-02
1.229212619364261627e-02
1.861095800995826721e-02
1.716941967606544495e-02
1.936705596745014191e-02
1.873087882995605469e-02
1.923351921141147614e-02
1.962677575647830963e-02
1.870182156562805176e-02
2.077292092144489288e-02
1.837417855858802795e-02
1.784381270408630371e-02
1.833869516849517822e-02
1.869763806462287903e-02
8.631335571408271790e-03
1.798187196254730225e-02
1.900455355644226074e-02
1.926283165812492371e-02
2.170867100358009338e-02
2.275915443897247314e-02
6.553221493959426880e-03
2.264079451560974121e-02
2.121833339333534241e-02
2.516442351043224335e-02
2.071022242307662964e-02
2.423319965600967407e-02
2.350259758532047272e-02
2.275512740015983582e-02
2.496721036732196808e-02
1.695916242897510529e-02
1.583003625273704529e-02
1.395716331899166107e-02
1.853212714195251465e-02
1.691332086920738220e-02
1.882230862975120544e-02
1.365637406706809998e-02
1.726449653506278992e-02
1.799315214157104492e-02
1.456462591886520386e-02
1.870699226856231689e-02
1.442362181842327118e-02
2.246845141053199768e-02
1.785337924957275391e-02
1.991560868918895721e-02
1.811234280467033386e-02
2.187087573111057281e-02
2.329846844077110291e-02
2.199563197791576385e-02
1.878687366843223572e-02
2.395955473184585571e-02
1.974062807857990265e-02
1.740843616425991058e-02
2.601958438754081726e-02
2.103512361645698547e-02
2.024704590439796448e-02
1.839388534426689148e-02
2.147952839732170105e-02
2.154067158699035645e-02
2.286231890320777893e-02
2.052493952214717865e-02
1.590042002499103546e-02
1.223388127982616425e-02
1.437237486243247986e-02
1.409358065575361252e-02
1.793842203915119171e-02
1.302777789533138275e-02
1.896044425666332245e-02
1.755843311548233032e-02
2.046017721295356750e-02
2.030606940388679504e-02
1.984462887048721313e-02
1.962574385106563568e-02
2.055680379271507263e-02
1.964830793440341949e-02
2.262042835354804993e-02
2.058306150138378143e-02
2.153106033802032471e-02
2.234148979187011719e-02
1.110436115413904190e-02
1.977349445223808289e-02
2.224151417613029480e-02
2.428954839706420898e-02
2.048145793378353119e-02
2.389627322554588318e-02
7.464396767318248749e-03
1.965329051017761230e-02
1.877978816628456116e-02
2.059479430317878723e-02
1.889024674892425537e-02
2.245363779366016388e-02
1.991360075771808624e-02
2.033713832497596741e-02
2.034726366400718689e-02
1.891222223639488220e-02
1.601569168269634247e-02
1.753104850649833679e-02
1.949980668723583221e-02
1.959855668246746063e-02
1.975190825760364532e-02
1.494008861482143402e-02
1.839221641421318054e-02
1.781526580452919006e-02
1.524580828845500946e-02
1.969818584620952606e-02
1.432661712169647217e-02
2.064128965139389038e-02
1.866150274872779846e-02
1.992466300725936890e-02
1.787829771637916565e-02
2.212738990783691406e-02
2.363150194287300110e-02
2.031984366476535797e-02
2.050044387578964233e-02
2.215533703565597534e-02
2.240249328315258026e-02
1.894724741578102112e-02
2.951175719499588013e-02
2.352343127131462097e-02
2.243239246308803558e-02
1.933025568723678589e-02
2.048814855515956879e-02
2.334162220358848572e-02
2.387543022632598877e-02
2.254265919327735901e-02
1.506326161324977875e-02
1.457849517464637756e-02
1.709663309156894684e-02
1.679565384984016418e-02
1.778206974267959595e-02
1.533377636224031448e-02
1.917174831032752991e-02
2.029592916369438171e-02
2.047208324074745178e-02
2.039068005979061127e-02
2.065855823457241058e-02
1.943199895322322845e-02
2.083773910999298096e-02
1.915270462632179260e-02
2.192818187177181244e-02
1.972699165344238281e-02
2.110871300101280212e-02
2.140708640217781067e-02
1.029246300458908081e-02
2.055797539651393890e-02
2.066035196185112000e-02
2.184423431754112244e-02
2.137927711009979248e-02
2.277719043195247650e-02
8.308183401823043823e-03
2.096668630838394165e-02
2.168284170329570770e-02
2.157808840274810791e-02
2.148130536079406738e-02
2.236132696270942688e-02
2.042148262262344360e-02
2.121046185493469238e-02
2.243983373045921326e-02
1.842469349503517151e-02
1.764945313334465027e-02
1.588167622685432434e-02
1.426711864769458771e-02
1.827983744442462921e-02
1.418057642877101898e-02
2.134518325328826904e-02
1.297679264098405838e-02
1.907913759350776672e-02
2.186363190412521362e-02
1.850750669836997986e-02
2.340796776115894318e-02
2.054303698241710663e-02
2.025302872061729431e-02
2.534444816410541534e-02
2.269781008362770081e-02
2.733514457941055298e-02
2.219914272427558899e-02
2.351059019565582275e-02
1.442036125808954239e-02
2.634219452738761902e-02
2.418425679206848145e-02
2.177503518760204315e-02
9.045522660017013550e-03
2.013582736253738403e-02
1.872966811060905457e-02
2.159719914197921753e-02
1.724257133901119232e-02
1.976001448929309845e-02
2.197986468672752380e-02
2.005236595869064331e-02
1.802420616149902344e-02
1.765596494078636169e-02
2.506255544722080231e-02
1.941094920039176941e-02
1.704819872975349426e-02
1.912092790007591248e-02
1.446475461125373840e-02
2.393557876348495483e-02
1.674506068229675293e-02
1.962572894990444183e-02
2.239414490759372711e-02
1.383036375045776367e-02
2.229927480220794678e-02
1.977854594588279724e-02
2.511954307556152344e-02
2.647078968584537506e-02
1.460813358426094055e-02
2.795417606830596924e-02
2.401040494441986084e-02
2.358062192797660828e-02
2.352245897054672241e-02
2.623157948255538940e-02
2.217329666018486023e-02
2.469823509454727173e-02
3.010695055127143860e-02
1.941645145416259766e-02
2.179253660142421722e-02
2.021929621696472168e-02
2.025239914655685425e-02
1.957481168210506439e-02
1.330908201634883881e-02
1.889025792479515076e-02
2.290070056915283203e-02
5.389708094298839569e-03
5.028215236961841583e-03
5.686247721314430237e-03
7.426940370351076126e-03
7.156451232731342316e-03
8.211595937609672546e-03
6.626329384744167328e-03
1.006648503243923187e-02
7.821750827133655548e-03
1.065328530967235565e-02
1.430661790072917938e-02
9.714224375784397125e-03
1.010835915803909302e-02
1.230224780738353729e-02
1.428581029176712036e-02
1.567597128450870514e-02
1.057789567857980728e-02
1.274917554110288620e-02
1.905307732522487640e-02
1.229642238467931747e-02
1.682604104280471802e-02
1.993234828114509583e-02
2.038274332880973816e-02
1.118165068328380585e-02
2.241578884422779083e-02
2.175764180719852448e-02
2.205029502511024475e-02
2.029246464371681213e-02
2.214186638593673706e-02
2.957071363925933838e-02
2.033401653170585632e-02
1.907745003700256348e-02
5.213613156229257584e-03
5.086021963506937027e-03
5.673299543559551239e-03
6.378882564604282379e-03
7.607100065797567368e-03
9.556791745126247406e-03
7.833982817828655243e-03
9.842209517955780029e-03
8.072670549154281616e-03
9.547641500830650330e-03
1.309320889413356781e-02
1.085301022976636887e-02
1.282222662121057510e-02
1.276445761322975159e-02
1.294530741870403290e-02
1.311454456299543381e-02
1.245437189936637878e-02
1.432118471711874008e-02
1.862849295139312744e-02
1.528412476181983948e-02
1.589329913258552551e-02
1.731680333614349365e-02
2.089976146817207336e-02
2.062535285949707031e-02
2.603275142610073090e-02
2.296681143343448639e-02
2.322056144475936890e-02
2.256733737885951996e-02
2.239021658897399902e-02
3.321095183491706848e-02
2.315578982234001160e-02
2.570418454706668854e-02
1.777969114482402802e-02
1.917107030749320984e-02
1.587998121976852417e-02
1.675571501255035400e-02
1.728601008653640747e-02
1.724187284708023071e-02
2.203865349292755127e-02
1.370204426348209381e-02
1.979673281311988831e-02
1.967940665781497955e-02
1.680134609341621399e-02
2.219102904200553894e-02
1.944493129849433899e-02
2.014313079416751862e-02
2.265096455812454224e-02
2.162862569093704224e-02
2.100632339715957642e-02
1.880878582596778870e-02
2.548317611217498779e-02
1.406272314488887787e-02
2.448907494544982910e-02
2.389073371887207031e-02
2.103961631655693054e-02
9.564731270074844360e-03
2.278182655572891235e-02
2.049195952713489532e-02
2.135146968066692352e-02
2.110335230827331543e-02
1.955948024988174438e-02
2.411840297281742096e-02
2.311060577630996704e-02
2.185428701341152191e-02
1.765261217951774597e-02
2.247855439782142639e-02
1.819621399044990540e-02
1.794538274407386780e-02
1.698966324329376221e-02
1.719365268945693970e-02
2.210148237645626068e-02
1.642088219523429871e-02
2.102570980787277222e-02
2.068617939949035645e-02
1.374669000506401062e-02
2.076719328761100769e-02
1.906606368720531464e-02
2.064501494169235229e-02
2.318454906344413757e-02
1.443214435130357742e-02
2.570041269063949585e-02
2.270153909921646118e-02
2.363228425383567810e-02
2.387941628694534302e-02
2.341757342219352722e-02
1.965205371379852295e-02
2.499423176050186157e-02
3.385946154594421387e-02
2.437196858227252960e-02
2.497320622205734253e-02
1.983703672885894775e-02
2.230415120720863342e-02
2.243981882929801941e-02
1.503107510507106781e-02
2.029686793684959412e-02
2.420650050044059753e-02
1.090689003467559814e-02
1.033595763146877289e-02
9.410119615495204926e-03
1.114657148718833923e-02
8.733659051358699799e-03
1.193485967814922333e-02
9.155552834272384644e-03
6.727622821927070618e-03
9.124493226408958435e-03
1.083890534937381744e-02
8.941339328885078430e-03
1.279748417437076569e-02
8.587504737079143524e-03
9.257061406970024109e-03
1.002115942537784576e-02
1.055474206805229187e-02
1.345793996006250381e-02
1.277616061270236969e-02
1.474129594862461090e-02
1.100058853626251221e-02
1.894000545144081116e-02
2.232139185070991516e-02
2.022477798163890839e-02
9.246190078556537628e-03
2.858394011855125427e-02
2.358297072350978851e-02
3.019968420267105103e-02
2.085834741592407227e-02
2.423440665006637573e-02
3.119480982422828674e-02
2.735060825943946838e-02
3.516011685132980347e-02
9.257865138351917267e-03
9.601968340575695038e-03
9.650120511651039124e-03
1.098636444658041000e-02
8.283397182822227478e-03
1.453767530620098114e-02
9.445053525269031525e-03
7.419539615511894226e-03
1.010923553258180618e-02
1.040913071483373642e-02
7.785333320498466492e-03
1.181255280971527100e-02
9.318429045379161835e-03
1.023456640541553497e-02
1.085487380623817444e-02
1.005895249545574188e-02
1.329157408326864243e-02
1.505770720541477203e-02
1.527058891952037811e-02
1.249198522418737411e-02
2.030573412775993347e-02
1.940989494323730469e-02
2.103773504495620728e-02
2.077791839838027954e-02
2.119339257478713989e-02
2.674076333642005920e-02
2.461710199713706970e-02
2.822002023458480835e-02
2.305076085031032562e-02
1.965376175940036774e-02
2.611903473734855652e-02
2.783874422311782837e-02
1.873216778039932251e-02
1.523657515645027161e-02
1.827908493578433990e-02
1.643884368240833282e-02
1.730760745704174042e-02
1.555098686367273331e-02
1.917002536356449127e-02
1.189568173140287399e-02
1.689910702407360077e-02
1.805772818624973297e-02
1.533525995910167694e-02
1.748015172779560089e-02
1.664983481168746948e-02
1.768096350133419037e-02
1.761589013040065765e-02
1.788816228508949280e-02
1.872476376593112946e-02
1.582886278629302979e-02
2.058374136686325073e-02
1.087079010903835297e-02
2.143185958266258240e-02
2.437044493854045868e-02
1.945373043417930603e-02
8.940927684307098389e-03
2.289497479796409607e-02
1.817034184932708740e-02
1.993706636130809784e-02
1.524430140852928162e-02
1.791102997958660126e-02
2.124269865453243256e-02
1.883515156805515289e-02
2.237443625926971436e-02
1.783202588558197021e-02
1.612336561083793640e-02
1.895305886864662170e-02
1.748954877257347107e-02
1.591151580214500427e-02
1.522432640194892883e-02
1.725420169532299042e-02
1.507902704179286957e-02
1.897116564214229584e-02
1.822276972234249115e-02
1.178427692502737045e-02
1.644640788435935974e-02
1.619761064648628235e-02
1.584558933973312378e-02
1.878471113741397858e-02
1.301221176981925964e-02
2.188358083367347717e-02
2.417862042784690857e-02
2.209432981908321381e-02
2.122226543724536896e-02
2.134916745126247406e-02
1.931703090667724609e-02
2.251126244664192200e-02
3.019910492002964020e-02
1.663165166974067688e-02
1.946608349680900574e-02
1.893495768308639526e-02
1.920592039823532104e-02
1.868941076099872589e-02
1.496514305472373962e-02
1.728913933038711548e-02
2.048294432461261749e-02
7.559121586382389069e-03
8.679479360580444336e-03
6.249208934605121613e-03
1.019922457635402679e-02
7.960250601172447205e-03
1.059603691101074219e-02
4.983339458703994751e-03
7.227323483675718307e-03
7.305668201297521591e-03
8.264636620879173279e-03
1.270565576851367950e-02
8.450465276837348938e-03
8.048573508858680725e-03
1.070465520024299622e-02
1.117790862917900085e-02
1.294455863535404205e-02
1.012825407087802887e-02
1.252042315900325775e-02
1.198717579245567322e-02
1.237161085009574890e-02
1.481608673930168152e-02
2.108977362513542175e-02
1.983193308115005493e-02
1.318744011223316193e-02
2.438251674175262451e-02
2.267280407249927521e-02
2.546441182494163513e-02
2.344510145485401154e-02
2.408249117434024811e-02
3.115104138851165771e-02
2.204643934965133667e-02
2.649817615747451782e-02
5.785067100077867508e-03
6.754257716238498688e-03
6.207309197634458542e-03
8.396807126700878143e-03
7.809054106473922729e-03
1.398660242557525635e-02
6.679424084722995758e-03
8.131194859743118286e-03
8.178614079952239990e-03
6.898498162627220154e-03
1.247271895408630371e-02
9.801772423088550568e-03
1.008094288408756256e-02
9.735820814967155457e-03
1.005290262401103973e-02
1.112543605268001556e-02
1.083536632359027863e-02
1.347427163273096085e-02
1.321112923324108124e-02
1.523805409669876099e-02
1.531285792589187622e-02
1.668415591120719910e-02
2.116820961236953735e-02
2.005274593830108643e-02
2.509548701345920563e-02
2.458969876170158386e-02
2.464652247726917267e-02
2.633633092045783997e-02
2.445563301444053650e-02
2.884898707270622253e-02
2.668817713856697083e-02
2.539408206939697266e-02
1.816661283373832703e-02
1.705682836472988129e-02
1.575170084834098816e-02
1.697419583797454834e-02
1.856604218482971191e-02
1.238834485411643982e-02
2.095697633922100067e-02
1.411247439682483673e-02
1.951797679066658020e-02
1.996348798274993896e-02
1.540370006114244461e-02
2.326222695410251617e-02
2.064243145287036896e-02
2.075133845210075378e-02
2.545434981584548950e-02
2.374403923749923706e-02
2.682627364993095398e-02
2.152431383728981018e-02
2.356348000466823578e-02
1.349372789263725281e-02
2.746797166764736176e-02
2.467152476310729980e-02
2.258601784706115723e-02
8.664014749228954315e-03
2.276453189551830292e-02
2.100729197263717651e-02
2.246035449206829071e-02
1.968651264905929565e-02
2.138346061110496521e-02
2.253472805023193359e-02
1.868284679949283600e-02
1.753871329128742218e-02
1.555643510073423386e-02
2.052150852978229523e-02
2.127107977867126465e-02
1.629634760320186615e-02
2.422710880637168884e-02
1.459360495209693909e-02
2.095399051904678345e-02
1.876613497734069824e-02
2.224300429224967957e-02
2.471534162759780884e-02
1.196380052715539932e-02
1.952940411865711212e-02
1.809627749025821686e-02
2.361859194934368134e-02
2.378697693347930908e-02
1.527476683259010315e-02
2.497592382133007050e-02
2.455826848745346069e-02
2.603318914771080017e-02
2.545722201466560364e-02
2.604608237743377686e-02
2.398845739662647247e-02
2.580619230866432190e-02
3.276380151510238647e-02
2.066292241215705872e-02
2.488986216485500336e-02
1.964326202869415283e-02
2.162473089993000031e-02
2.028844133019447327e-02
1.355839055031538010e-02
2.060229703783988953e-02
2.336908131837844849e-02
1.612995564937591553e-02
1.642225310206413269e-02
1.241399161517620087e-02
1.381550170481204987e-02
1.413767226040363312e-02
1.174460537731647491e-02
1.683393493294715881e-02
1.258541829884052277e-02
1.743284612894058228e-02
1.990499347448348999e-02
1.572427712380886078e-02
2.036800421774387360e-02
2.150726877152919769e-02
2.152233570814132690e-02
2.324656024575233459e-02
2.406840212643146515e-02
2.580641768872737885e-02
2.519847080111503601e-02
2.630557306110858917e-02
1.739148236811161041e-02
2.665880694985389709e-02
2.810118347406387329e-02
2.742388658225536346e-02
1.109841465950012207e-02
2.337937988340854645e-02
2.107660844922065735e-02
2.266835421323776245e-02
2.239853888750076294e-02
2.352399937808513641e-02
2.415950596332550049e-02
2.065816521644592285e-02
1.991360262036323547e-02
1.231046952307224274e-02
1.444202195852994919e-02
1.436868496239185333e-02
1.569162122905254364e-02
1.469811983406543732e-02
1.331531628966331482e-02
1.596027240157127380e-02
1.467586308717727661e-02
1.951438561081886292e-02
2.094462513923645020e-02
1.334352605044841766e-02
1.920434273779392242e-02
2.088020741939544678e-02
2.206143364310264587e-02
2.399536222219467163e-02
1.600951701402664185e-02
2.650264278054237366e-02
2.600723318755626678e-02
2.776416391134262085e-02
2.853854000568389893e-02
2.745235152542591095e-02
2.246064692735671997e-02
3.136356174945831299e-02
4.049145430326461792e-02
2.238778769969940186e-02
2.618580311536788940e-02
2.182817086577415466e-02
2.291247807443141937e-02
2.202770486474037170e-02
1.564737595617771149e-02
2.301832474768161774e-02
2.624539285898208618e-02
