<system>Protocol: Active. Attitude: Sassy.</system>
1.287161745131015778e-02
1.400327123701572418e-02
1.452486962080001831e-02
1.609690487384796143e-02
1.698304526507854462e-02
1.958866603672504425e-02
2.137866616249084473e-02
2.532512322068214417e-02
2.276378311216831207e-02
2.418245002627372742e-02
1.919276267290115356e-02
2.146358229219913483e-02
2.424999885261058807e-02
1.903892308473587036e-02
2.236504852771759033e-02
2.032730728387832642e-02
2.052635699510574341e-02
1.990456134080886841e-02
2.443179488182067871e-02
2.257953770458698273e-02
2.911231853067874908e-02
2.476973645389080048e-02
2.386269904673099518e-02
2.650102600455284119e-02
2.214261703193187714e-02
2.076617628335952759e-02
2.191497385501861572e-02
2.224028483033180237e-02
2.436460927128791809e-02
2.335927449166774750e-02
1.634897291660308838e-02
1.856712251901626587e-02
1.391822099685668945e-02
1.551700942218303680e-02
1.380547881126403809e-02
1.651833951473236084e-02
1.656289771199226379e-02
1.885539852082729340e-02
1.947800815105438232e-02
2.619008719921112061e-02
2.187240868806838989e-02
2.513178996741771698e-02
2.188167348504066467e-02
2.193094044923782349e-02
2.490719035267829895e-02
1.781068183481693268e-02
2.615358307957649231e-02
1.705976761877536774e-02
2.010386064648628235e-02
2.194828726351261139e-02
2.287435531616210938e-02
1.465685851871967316e-02
2.540601417422294617e-02
2.919159829616546631e-02
1.259476598352193832e-02
2.400054037570953369e-02
2.247486636042594910e-02
2.111091837286949158e-02
2.156341075897216797e-02
2.060371264815330505e-02
2.396473661065101624e-02
2.238790504634380341e-02
2.201911807060241699e-02
2.044983580708503723e-02
1.126825623214244843e-02
1.182844489812850952e-02
1.023282762616872787e-02
1.139494404196739197e-02
1.089097745716571808e-02
1.205315068364143372e-02
1.143281348049640656e-02
9.580688551068305969e-03
1.364538446068763733e-02
1.120555587112903595e-02
1.277833245694637299e-02
1.084285043179988861e-02
1.509103737771511078e-02
1.175745669752359390e-02
1.510543003678321838e-02
1.379113737493753433e-02
1.668282598257064819e-02
1.486195996403694153e-02
2.179472893476486206e-02
1.619575731456279755e-02
2.326804772019386292e-02
2.054557949304580688e-02
1.912617683410644531e-02
2.232161723077297211e-02
2.174227684736251831e-02
2.013820782303810120e-02
2.127090096473693848e-02
2.058675140142440796e-02
2.131702937185764313e-02
1.895430311560630798e-02
1.654969528317451477e-02
1.671962626278400421e-02
1.008365862071514130e-02
1.055800169706344604e-02
1.212674379348754883e-02
1.142272725701332092e-02
9.408503770828247070e-03
1.077669672667980194e-02
1.021496020257472992e-02
1.128606125712394714e-02
1.431577745825052261e-02
1.115772314369678497e-02
1.184594444930553436e-02
1.071127783507108688e-02
1.538761518895626068e-02
1.126267760992050171e-02
1.697444543242454529e-02
1.304251886904239655e-02
1.841504499316215515e-02
1.619298197329044342e-02
1.987694203853607178e-02
1.336517930030822754e-02
2.072267979383468628e-02
2.201826125383377075e-02
1.093020103871822357e-02
2.099150232970714569e-02
2.102790772914886475e-02
2.048590406775474548e-02
2.104751951992511749e-02
2.023390680551528931e-02
2.138422429561614990e-02
1.974487490952014923e-02
2.057233080267906189e-02
2.078570798039436340e-02
1.807415485382080078e-02
1.883826032280921936e-02
1.761488057672977448e-02
2.398031949996948242e-02
1.794028654694557190e-02
2.211625874042510986e-02
2.345030009746551514e-02
2.054306864738464355e-02
1.919929310679435730e-02
2.039972133934497833e-02
2.301397360861301422e-02
2.073479071259498596e-02
2.239777520298957825e-02
2.496373280882835388e-02
2.402482926845550537e-02
2.339789457619190216e-02
2.446524798870086670e-02
1.674450933933258057e-02
2.421718463301658630e-02
2.444515377283096313e-02
2.577409893274307251e-02
1.906784623861312866e-02
2.200733125209808350e-02
2.085815370082855225e-02
1.910567842423915863e-02
1.701452583074569702e-02
1.563462987542152405e-02
1.662731170654296875e-02
1.623316481709480286e-02
1.587350666522979736e-02
1.350972056388854980e-02
1.577986776828765869e-02
1.714548468589782715e-02
1.959198340773582458e-02
1.859004795551300049e-02
2.407579869031906128e-02
2.074641175568103790e-02
1.940178871154785156e-02
2.312619052827358246e-02
2.533269301056861877e-02
2.355669438838958740e-02
2.392806112766265869e-02
2.125068940222263336e-02
2.462168596684932709e-02
2.300056815147399902e-02
1.480367407202720642e-02
2.639276161789894104e-02
1.568679139018058777e-02
2.123859897255897522e-02
2.419382333755493164e-02
2.445388585329055786e-02
1.094396412372589111e-02
2.113386988639831543e-02
2.105895429849624634e-02
9.046627208590507507e-03
1.897798292338848114e-02
1.645317673683166504e-02
1.615152508020401001e-02
1.489591132849454880e-02
1.506716851145029068e-02
1.658058539032936096e-02
1.605209708213806152e-02
1.522514410316944122e-02
1.626897230744361877e-02
6.363748572766780853e-03
6.915134377777576447e-03
7.295659277588129044e-03
7.488593459129333496e-03
7.880050688982009888e-03
9.966220706701278687e-03
1.077570114284753799e-02
1.094060670584440231e-02
1.344882510602474213e-02
1.616519875824451447e-02
1.620014570653438568e-02
1.453957520425319672e-02
1.450632698833942413e-02
2.130148187279701233e-02
1.591631211340427399e-02
2.324282377958297729e-02
2.175889350473880768e-02
2.486068010330200195e-02
2.692829445004463196e-02
2.756792306900024414e-02
3.167836368083953857e-02
3.176853060722351074e-02
3.045688197016716003e-02
4.413594305515289307e-02
4.840930551290512085e-02
5.297918617725372314e-02
5.542165040969848633e-02
5.126827210187911987e-02
5.050338059663772583e-02
3.964491933584213257e-02
3.312404453754425049e-02
2.935573458671569824e-02
6.094877608120441437e-03
6.247208453714847565e-03
7.310161367058753967e-03
7.114279083907604218e-03
8.633796125650405884e-03
1.003299653530120850e-02
1.113098207861185074e-02
1.113853044807910919e-02
1.228866167366504669e-02
1.461232081055641174e-02
1.654527336359024048e-02
1.298326440155506134e-02
1.397173013538122177e-02
1.992120593786239624e-02
1.593905128538608551e-02
2.498799934983253479e-02
2.351072058081626892e-02
2.317352034151554108e-02
2.887469530105590820e-02
2.547821775078773499e-02
2.779369615018367767e-02
3.237561881542205811e-02
2.015765197575092316e-02
4.030198976397514343e-02
4.676406830549240112e-02
5.225046724081039429e-02
5.432940274477005005e-02
5.193798989057540894e-02
5.290565639734268188e-02
4.407652094960212708e-02
5.351702868938446045e-02
5.297507718205451965e-02
2.211589366197586060e-02
2.108463458716869354e-02
1.851502805948257446e-02
2.113083750009536743e-02
1.741740107536315918e-02
2.260891348123550415e-02
1.649464480578899384e-02
1.829235255718231201e-02
1.953297667205333710e-02
1.672492735087871552e-02
2.157527208328247070e-02
1.800622232258319855e-02
1.884477399289608002e-02
2.551379986107349396e-02
1.754034124314785004e-02
2.794151939451694489e-02
1.885956153273582458e-02
1.488295570015907288e-02
1.914908364415168762e-02
2.487243711948394775e-02
2.067554183304309845e-02
1.413377001881599426e-02
2.168481983244419098e-02
1.562131755053997040e-02
1.241556182503700256e-02
1.389493886381387711e-02
1.083307527005672455e-02
1.126489602029323578e-02
1.182805188000202179e-02
1.249922998249530792e-02
1.459365151822566986e-02
1.377667486667633057e-02
2.038810402154922485e-02
1.884974911808967590e-02
1.800825819373130798e-02
1.795524731278419495e-02
1.895783841609954834e-02
1.965598389506340027e-02
1.843425445258617401e-02
2.146355994045734406e-02
2.318520471453666687e-02
2.113400027155876160e-02
1.685702987015247345e-02
2.424702048301696777e-02
2.153040468692779541e-02
1.620472036302089691e-02
2.451206743717193604e-02
1.486053317785263062e-02
1.959377899765968323e-02
2.321765199303627014e-02
1.837106421589851379e-02
9.443106129765510559e-03
1.634898781776428223e-02
1.473201718181371689e-02
8.599773049354553223e-03
1.488889008760452271e-02
1.179152540862560272e-02
1.269135810434818268e-02
1.162222120910882950e-02
1.223007403314113617e-02
1.252254936844110489e-02
1.294320262968540192e-02
1.096429117023944855e-02
1.348520070314407349e-02
1.153915375471115112e-02
1.221008040010929108e-02
1.234414335340261459e-02
1.313978992402553558e-02
1.213087700307369232e-02
1.516918186098337173e-02
1.642090827226638794e-02
1.345797535032033920e-02
1.764468848705291748e-02
1.766205951571464539e-02
1.796673238277435303e-02
1.863213628530502319e-02
2.175281569361686707e-02
1.840189844369888306e-02
2.150644734501838684e-02
2.164496108889579773e-02
2.152069285511970520e-02
2.042751386761665344e-02
2.850199490785598755e-02
2.284077927470207214e-02
3.313481807708740234e-02
2.555769681930541992e-02
2.557491883635520935e-02
3.116862289607524872e-02
3.122674673795700073e-02
3.078276664018630981e-02
3.259653598070144653e-02
3.119017742574214935e-02
3.075931966304779053e-02
2.570994198322296143e-02
2.241784147918224335e-02
2.028478495776653290e-02
1.067055203020572662e-02
1.269730925559997559e-02
1.245028339326381683e-02
1.502693817019462585e-02
1.192512363195419312e-02
1.578173041343688965e-02
1.495683565735816956e-02
1.640735566616058350e-02
1.687048003077507019e-02
1.669424585998058319e-02
1.731163263320922852e-02
1.784838177263736725e-02
2.021830342710018158e-02
1.642458327114582062e-02
2.595805004239082336e-02
1.999102905392646790e-02
2.146559581160545349e-02
2.294220030307769775e-02
2.624894306063652039e-02
1.755334436893463135e-02
2.671001106500625610e-02
2.950328774750232697e-02
1.406694576144218445e-02
2.725639194250106812e-02
2.897068113088607788e-02
3.163121640682220459e-02
3.320540487766265869e-02
3.226896002888679504e-02
3.100432083010673523e-02
2.648529410362243652e-02
3.119174018502235413e-02
3.071994334459304810e-02
9.556430391967296600e-03
9.490335360169410706e-03
6.491511128842830658e-03
8.072867989540100098e-03
7.921222597360610962e-03
7.750358898192644119e-03
6.392919924110174179e-03
7.010766305029392242e-03
7.046866696327924728e-03
6.405973806977272034e-03
6.978439632803201675e-03
6.475867703557014465e-03
6.816068664193153381e-03
6.377161014825105667e-03
1.740656048059463501e-02
7.663555908948183060e-03
9.329425171017646790e-03
9.038681164383888245e-03
1.293392013758420944e-02
1.326055824756622314e-02
1.918353512883186340e-02
1.523472554981708527e-02
2.392151206731796265e-02
2.127254940569400787e-02
2.006482332944869995e-02
2.001757733523845673e-02
1.988287828862667084e-02
1.852283626794815063e-02
1.925783976912498474e-02
2.075607702136039734e-02
1.914360933005809784e-02
1.837341673672199249e-02
7.613112218677997589e-03
8.150762878358364105e-03
8.007187396287918091e-03
8.040588349103927612e-03
7.072978653013706207e-03
7.576392032206058502e-03
5.482034757733345032e-03
6.816000677645206451e-03
6.534526124596595764e-03
5.252438597381114960e-03
7.743090856820344925e-03
5.608427338302135468e-03
6.640498526394367218e-03
7.144746836274862289e-03
1.540963910520076752e-02
7.519750855863094330e-03
1.141458190977573395e-02
1.263254694640636444e-02
1.632481440901756287e-02
1.133216265588998795e-02
1.627280190587043762e-02
1.695046387612819672e-02
1.057159900665283203e-02
2.123716846108436584e-02
1.751889288425445557e-02
1.832094043493270874e-02
1.967613399028778076e-02
2.297014929354190826e-02
2.102866768836975098e-02
1.860551536083221436e-02
1.861789077520370483e-02
2.201544865965843201e-02
1.440270990133285522e-02
1.431421563029289246e-02
1.058096066117286682e-02
1.355726551264524460e-02
1.160313747823238373e-02
1.304397732019424438e-02
1.362255401909351349e-02
1.025578752160072327e-02
1.405160780996084213e-02
1.070560049265623093e-02
1.246373262256383896e-02
1.011824607849121094e-02
1.255304180085659027e-02
1.109003648161888123e-02
1.809766516089439392e-02
1.296927500516176224e-02
1.317642536014318466e-02
1.723818853497505188e-02
2.267077378928661346e-02
1.765220239758491516e-02
3.274859488010406494e-02
2.900742925703525543e-02
2.548760548233985901e-02
3.550702333450317383e-02
3.911054879426956177e-02
3.732003271579742432e-02
4.028239101171493530e-02
3.847552835941314697e-02
3.784297406673431396e-02
3.253529965877532959e-02
2.400943078100681305e-02
2.833818458020687103e-02
1.072282530367374420e-02
1.125439163297414780e-02
1.281769853085279465e-02
1.204972807317972183e-02
1.122085191309452057e-02
1.213074941188097000e-02
1.211490854620933533e-02
1.279040053486824036e-02
1.295807771384716034e-02
1.161304488778114319e-02
1.089421100914478302e-02
1.069828961044549942e-02
1.161506026983261108e-02
1.018547266721725464e-02
1.831938326358795166e-02
1.252799108624458313e-02
1.397110894322395325e-02
1.738382317125797272e-02
2.249661274254322052e-02
1.677918061614036560e-02
2.472401596605777740e-02
3.059788607060909271e-02
1.663882285356521606e-02
3.471366688609123230e-02
3.688141703605651855e-02
3.909661993384361267e-02
4.209207743406295776e-02
3.830846771597862244e-02
3.859862685203552246e-02
3.521321713924407959e-02
3.852772340178489685e-02
3.906902298331260681e-02
5.221727769821882248e-03
5.645134486258029938e-03
5.202439613640308380e-03
4.502736963331699371e-03
4.933874588459730148e-03
4.621125757694244385e-03
4.243992269039154053e-03
4.013885278254747391e-03
4.012557677924633026e-03
3.524712985381484032e-03
4.106733482331037521e-03
4.529723897576332092e-03
4.099417477846145630e-03
4.736058413982391357e-03
7.526943460106849670e-03
1.322612352669239044e-02
1.493364758789539337e-02
1.917467638850212097e-02
2.255349978804588318e-02
3.465230762958526611e-02
2.546968311071395874e-02
4.346806555986404419e-02
4.632007330656051636e-02
4.715908691287040710e-02
4.693707823753356934e-02
4.479654878377914429e-02
4.575346037745475769e-02
3.990155830979347229e-02
4.422461241483688354e-02
3.292929008603096008e-02
2.501253597438335419e-02
2.466490119695663452e-02
6.131771486252546310e-03
4.998572636395692825e-03
5.338103510439395905e-03
4.765855148434638977e-03
4.840468056499958038e-03
4.782541189342737198e-03
4.211202263832092285e-03
4.067595116794109344e-03
3.978734835982322693e-03
3.790765302255749702e-03
4.028717987239360809e-03
4.707935731858015060e-03
4.465383477509021759e-03
5.313050933182239532e-03
8.111601695418357849e-03
1.193693373352289200e-02
1.532668527215719223e-02
1.834936439990997314e-02
2.245748043060302734e-02
3.480073064565658569e-02
2.446964010596275330e-02
4.359286278486251831e-02
4.629721119999885559e-02
4.600505158305168152e-02
4.684412479400634766e-02
4.609989374876022339e-02
4.455265030264854431e-02
4.549229145050048828e-02
4.440651834011077881e-02
3.627676516771316528e-02
2.385214343667030334e-02
2.218883484601974487e-02
1.890858262777328491e-02
1.442176476120948792e-02
1.853594928979873657e-02
1.533807907253503799e-02
1.725381426513195038e-02
1.691877283155918121e-02
1.564441248774528503e-02
1.485452521592378616e-02
1.733428239822387695e-02
2.233176305890083313e-02
1.986536569893360138e-02
2.390087582170963287e-02
1.958531886339187622e-02
2.449276484549045563e-02
2.233220264315605164e-02
2.108959108591079712e-02
2.154490351676940918e-02
2.158315107226371765e-02
1.643728837370872498e-02
2.265139669179916382e-02
1.509597338736057281e-02
2.180290594696998596e-02
2.220253646373748779e-02
2.159181237220764160e-02
2.149295061826705933e-02
2.091581374406814575e-02
2.135665714740753174e-02
1.985877752304077148e-02
2.100807055830955505e-02
1.848744787275791168e-02
1.445601135492324829e-02
1.554315723478794098e-02
1.393826864659786224e-02
1.779954880475997925e-02
1.743696257472038269e-02
1.586332358419895172e-02
1.556860469281673431e-02
1.508116070181131363e-02
1.389919780194759369e-02
1.741986721754074097e-02
1.462312880903482437e-02
1.720680296421051025e-02
2.568339556455612183e-02
1.879783347249031067e-02
2.394797094166278839e-02
1.873441599309444427e-02
1.821314916014671326e-02
1.749316602945327759e-02
1.750650629401206970e-02
1.764252409338951111e-02
1.983231678605079651e-02
2.235569618642330170e-02
1.859104633331298828e-02
2.164983190596103668e-02
2.147029712796211243e-02
2.163491025567054749e-02
2.142805978655815125e-02
2.154661342501640320e-02
2.064032107591629028e-02
2.072381600737571716e-02
2.091914787888526917e-02
1.853955164551734924e-02
1.564951613545417786e-02
1.298129744827747345e-02
1.569448038935661316e-02
1.481260545551776886e-02
1.352148782461881638e-02
1.332589704543352127e-02
1.587937772274017334e-02
2.114888280630111694e-02
2.006037533283233643e-02
1.724274456501007080e-02
2.489650622010231018e-02
2.343402244150638580e-02
1.488118432462215424e-02
2.192779630422592163e-02
1.677367091178894043e-02
2.368179894983768463e-02
2.134376019239425659e-02
1.958247087895870209e-02
1.838127709925174713e-02
1.813905313611030579e-02
1.293306984007358551e-02
1.746988669037818909e-02
1.122927106916904449e-02
1.587085053324699402e-02
1.498351991176605225e-02
1.478460617363452911e-02
1.467514503747224808e-02
1.488494407385587692e-02
1.416552904993295670e-02
1.357221789658069611e-02
1.455480232834815979e-02
1.181916706264019012e-02
8.873190730810165405e-03
1.366781163960695267e-02
1.866338774561882019e-02
1.412362791597843170e-02
9.543521329760551453e-03
1.565098017454147339e-02
1.059809327125549316e-02
1.265850290656089783e-02
1.277125068008899689e-02
2.459070645272731781e-02
1.150892488658428192e-02
1.193758286535739899e-02
2.451938018202781677e-02
1.760904677212238312e-02
2.247073128819465637e-02
1.645592041313648224e-02
1.566083356738090515e-02
1.461974810808897018e-02
1.545745227485895157e-02
1.499650999903678894e-02
1.598137803375720978e-02
1.794777810573577881e-02
1.461943052709102631e-02
1.567456126213073730e-02
1.504702866077423096e-02
1.454089209437370300e-02
1.483258418738842010e-02
1.470757368952035904e-02
1.458828803151845932e-02
1.450902782380580902e-02
1.380533538758754730e-02
1.270754449069499969e-02
1.328392792493104935e-02
9.099793620407581329e-03
4.822712391614913940e-03
5.418045911937952042e-03
5.026187282055616379e-03
4.227238707244396210e-03
4.556599538773298264e-03
4.471683874726295471e-03
4.442419391125440598e-03
4.157503601163625717e-03
4.514852538704872131e-03
4.378032870590686798e-03
5.756057798862457275e-03
8.644510060548782349e-03
1.111082732677459717e-02
1.165138930082321167e-02
1.687111333012580872e-02
1.970591023564338684e-02
2.397183328866958618e-02
2.620505355298519135e-02
2.788921445608139038e-02
3.761576116085052490e-02
2.376415580511093140e-02
3.635240346193313599e-02
3.714925423264503479e-02
3.592662885785102844e-02
3.583183139562606812e-02
3.441815823316574097e-02
3.561297804117202759e-02
3.174461424350738525e-02
3.420043736696243286e-02
2.711983956396579742e-02
2.111862413585186005e-02
2.089240029454231262e-02
5.812780465930700302e-03
4.627184942364692688e-03
5.047845188528299332e-03
4.365053027868270874e-03
4.308841191232204437e-03
4.510963335633277893e-03
4.211137071251869202e-03
4.091711714863777161e-03
4.335976671427488327e-03
4.021096974611282349e-03
5.683469586074352264e-03
8.425865322351455688e-03
1.001496799290180206e-02
1.179075613617897034e-02
1.705987378954887390e-02
2.024111151695251465e-02
2.482837066054344177e-02
2.930515259504318237e-02
2.537363395094871521e-02
3.727656975388526917e-02
2.505687624216079712e-02
3.576132282614707947e-02
3.624736145138740540e-02
3.603732958436012268e-02
3.621660917997360229e-02
3.578608855605125427e-02
3.436360135674476624e-02
3.481013327836990356e-02
3.436345607042312622e-02
2.930987998843193054e-02
2.048619091510772705e-02
1.819593831896781921e-02
1.417126879096031189e-02
1.137295830994844437e-02
1.325929909944534302e-02
9.645100682973861694e-03
1.158069446682929993e-02
1.252512913197278976e-02
1.135550625622272491e-02
1.214375346899032593e-02
1.249431073665618896e-02
1.232411712408065796e-02
1.402639225125312805e-02
1.821359246969223022e-02
1.637027598917484283e-02
2.170072868466377258e-02
2.241615578532218933e-02
2.218580618500709534e-02
2.393107488751411438e-02
2.509478665888309479e-02
1.928159222006797791e-02
2.790889889001846313e-02
1.605585217475891113e-02
2.727374620735645294e-02
2.726124599575996399e-02
2.688984386622905731e-02
2.686588093638420105e-02
2.566887438297271729e-02
2.547614090144634247e-02
2.439339831471443176e-02
2.597759105265140533e-02
1.862061768770217896e-02
1.309331506490707397e-02
1.735044084489345551e-02
1.337897405028343201e-02
1.270624995231628418e-02
1.070622820407152176e-02
1.185319107025861740e-02
9.421058930456638336e-03
1.048026885837316513e-02
1.067869924008846283e-02
1.329384930431842804e-02
1.139093376696109772e-02
9.957102127373218536e-03
1.688304170966148376e-02
1.491783186793327332e-02
1.830342598259449005e-02
1.754933595657348633e-02
1.873103156685829163e-02
1.907613500952720642e-02
1.977018266916275024e-02
2.155549824237823486e-02
2.226711623370647430e-02
2.771804481744766235e-02
2.164452709257602692e-02
2.758512273430824280e-02
2.653737738728523254e-02
2.733633294701576233e-02
2.706845477223396301e-02
2.630985155701637268e-02
2.603728510439395905e-02
2.603922039270401001e-02
2.607179991900920868e-02
2.253521420061588287e-02
1.654670387506484985e-02
1.317080389708280563e-02
6.038126070052385330e-03
7.850281894207000732e-03
7.948355749249458313e-03
6.489366292953491211e-03
1.057086233049631119e-02
1.235609780997037888e-02
1.285212393850088120e-02
1.096674427390098572e-02
1.523323729634284973e-02
1.558278035372495651e-02
1.627899892628192902e-02
1.989545114338397980e-02
2.008638344705104828e-02
2.086754515767097473e-02
2.495859935879707336e-02
2.551285549998283386e-02
2.885032817721366882e-02
3.001458570361137390e-02
2.306716144084930420e-02
3.316882625222206116e-02
2.026380971074104309e-02
3.088181093335151672e-02
3.148445487022399902e-02
3.045352734625339508e-02
3.039788082242012024e-02
2.958470955491065979e-02
3.031568974256515503e-02
2.773245796561241150e-02
2.940058335661888123e-02
2.371354401111602783e-02
1.838298141956329346e-02
1.923101022839546204e-02
7.747620809823274612e-03
6.094482727348804474e-03
7.759595289826393127e-03
8.901160210371017456e-03
7.396861910820007324e-03
9.378793649375438690e-03
9.407421573996543884e-03
1.251797936856746674e-02
1.323991082608699799e-02
1.445667818188667297e-02
1.512833498418331146e-02
2.092580869793891907e-02
2.014667168259620667e-02
2.095065824687480927e-02
2.581430040299892426e-02
2.531996741890907288e-02
2.626634389162063599e-02
2.624439448118209839e-02
2.739344164729118347e-02
3.229148685932159424e-02
2.608339302241802216e-02
3.059013560414314270e-02
3.099002130329608917e-02
3.082728385925292969e-02
3.062381595373153687e-02
3.036955930292606354e-02
2.913990244269371033e-02
2.958862297236919403e-02
2.952535264194011688e-02
2.535590529441833496e-02
1.895018666982650757e-02
1.607706770300865173e-02
1.050081290304660797e-02
9.550003334879875183e-03
1.086763851344585419e-02
8.997024036943912506e-03
1.040733046829700470e-02
1.035159267485141754e-02
1.124215405434370041e-02
1.015792600810527802e-02
1.300447061657905579e-02
1.118501834571361542e-02
1.207204163074493408e-02
1.833104714751243591e-02
1.636924967169761658e-02
1.992313563823699951e-02
2.040830068290233612e-02
1.994091644883155823e-02
1.842518895864486694e-02
1.828739978373050690e-02
1.412239298224449158e-02
1.647658832371234894e-02
1.374944392591714859e-02
1.457173191010951996e-02
1.376282516866922379e-02
1.336704939603805542e-02
1.338487677276134491e-02
1.360713038593530655e-02
1.279223430901765823e-02
1.380934193730354309e-02
1.329179015010595322e-02
1.649867370724678040e-02
1.227603480219841003e-02
1.478962879627943039e-02
9.675197303295135498e-03
9.953947737812995911e-03
1.021797209978103638e-02
9.712390601634979248e-03
9.929081425070762634e-03
9.941000491380691528e-03
1.042812317609786987e-02
1.108224038034677505e-02
1.290245912969112396e-02
1.020393334329128265e-02
1.393273659050464630e-02
1.673285476863384247e-02
1.601099222898483276e-02
1.658884622156620026e-02
1.707204990088939667e-02
1.710738055408000946e-02
1.638365723192691803e-02
1.605702936649322510e-02
1.621746644377708435e-02
1.680784672498703003e-02
1.605460792779922485e-02
1.435123383998870850e-02
1.334184594452381134e-02
1.352431904524564743e-02
1.289130747318267822e-02
1.304449606686830521e-02
1.343972049653530121e-02
1.337831281125545502e-02
1.334609650075435638e-02
1.352221518754959106e-02
1.499984040856361389e-02
1.089125126600265503e-02
6.644705776125192642e-03
6.574302446097135544e-03
6.700728088617324829e-03
5.666490644216537476e-03
6.503060460090637207e-03
6.171603687107563019e-03
6.041703280061483383e-03
5.970173515379428864e-03
6.678555160760879517e-03
6.241627968847751617e-03
7.887070998549461365e-03
8.759423159062862396e-03
8.939942345023155212e-03
9.047252126038074493e-03
1.111398451030254364e-02
1.498264074325561523e-02
1.336305215954780579e-02
1.426462270319461823e-02
1.488792710006237030e-02
1.800663769245147705e-02
1.458644773811101913e-02
1.910456269979476929e-02
1.953151263296604156e-02
1.932997629046440125e-02
1.963932439684867859e-02
1.990997977554798126e-02
1.948331296443939209e-02
2.058143168687820435e-02
1.998524926602840424e-02
2.167224511504173279e-02
1.706801727414131165e-02
1.818333938717842102e-02
7.167438510805368423e-03
6.279713474214076996e-03
6.632729433476924896e-03
6.092084571719169617e-03
6.071262061595916748e-03
5.813957192003726959e-03
5.777044221758842468e-03
6.126949097961187363e-03
6.601389497518539429e-03
6.140281446278095245e-03
7.560772821307182312e-03
8.920798078179359436e-03
8.418800309300422668e-03
9.006701409816741943e-03
1.196058094501495361e-02
1.556899584829807281e-02
1.324982568621635437e-02
1.341336220502853394e-02
1.397795975208282471e-02
1.726549491286277771e-02
1.663807034492492676e-02
1.889578253030776978e-02
1.813774555921554565e-02
1.893165335059165955e-02
1.878980919718742371e-02
1.927773281931877136e-02
1.975545100867748260e-02
1.922253146767616272e-02
1.994779706001281738e-02
1.965859904885292053e-02
1.805861853063106537e-02
1.291260030120611191e-02
1.856220141053199768e-02
1.555258035659790039e-02
1.317503862082958221e-02
1.593885011970996857e-02
1.331959664821624756e-02
1.599328592419624329e-02
1.737810298800468445e-02
1.845818199217319489e-02
1.957559585571289062e-02
1.320568844676017761e-02
2.107264474034309387e-02
1.801846921443939209e-02
1.913381740450859070e-02
1.732445508241653442e-02
1.142021268606185913e-02
1.743346825242042542e-02
1.726638339459896088e-02
1.550919190049171448e-02
1.719740591943264008e-02
1.520011387765407562e-02
1.645125821232795715e-02
1.526553370058536530e-02
1.654537580907344818e-02
8.821188472211360931e-03
1.686744764447212219e-02
1.574647054076194763e-02
1.396818365901708603e-02
1.609838008880615234e-02
1.785051636397838593e-02
1.617325097322463989e-02
1.588241383433341980e-02
1.624150574207305908e-02
1.752386800944805145e-02
1.688989251852035522e-02
1.493756659328937531e-02
1.771406456828117371e-02
1.332916133105754852e-02
1.613533124327659607e-02
1.449604984372854233e-02
1.495832856744527817e-02
1.892387308180332184e-02
1.771941035985946655e-02
2.073965780436992645e-02
1.112958416342735291e-02
1.887090131640434265e-02
1.879275590181350708e-02
2.038782089948654175e-02
1.769308559596538544e-02
1.782550662755966187e-02
1.942460611462593079e-02
1.774309203028678894e-02
1.751995086669921875e-02
1.729094423353672028e-02
1.663871854543685913e-02
1.644107326865196228e-02
2.872592024505138397e-02
1.689341291785240173e-02
1.703491061925888062e-02
1.466846279799938202e-02
1.534279249608516693e-02
1.538314297795295715e-02
1.545285712927579880e-02
1.512186881154775620e-02
1.215708442032337189e-02
1.876878552138805389e-02
1.137976907193660736e-02
1.178879290819168091e-02
1.298213284462690353e-02
1.117969490587711334e-02
1.223772205412387848e-02
1.242620870471000671e-02
1.278940215706825256e-02
1.172451768070459366e-02
1.210120506584644318e-02
1.595713756978511810e-02
1.272973045706748962e-02
1.618477888405323029e-02
1.643657684326171875e-02
1.239004731178283691e-02
1.593952812254428864e-02
1.767751947045326233e-02
1.541666965931653976e-02
1.613209769129753113e-02
1.592969894409179688e-02
1.673404127359390259e-02
1.605414412915706635e-02
1.619473844766616821e-02
8.869113400578498840e-03
1.715439558029174805e-02
1.665576547384262085e-02
1.347669959068298340e-02
1.663732342422008514e-02
1.736911758780479431e-02
1.712656579911708832e-02
1.654889434576034546e-02
1.690559089183807373e-02
1.680499687790870667e-02
1.279371790587902069e-02
1.377367507666349411e-02
1.397126819938421249e-02
1.109515689313411713e-02
1.307713426649570465e-02
1.157834194600582123e-02
1.164149027317762375e-02
1.330688223242759705e-02
1.370427384972572327e-02
1.550359465181827545e-02
1.149543561041355133e-02
1.649536751210689545e-02
1.669005490839481354e-02
1.527826301753520966e-02
1.614943519234657288e-02
1.676275394856929779e-02
1.821708120405673981e-02
1.653752662241458893e-02
1.856324076652526855e-02
1.668672822415828705e-02
1.684252731502056122e-02
1.630053669214248657e-02
2.890009991824626923e-02
1.578432694077491760e-02
1.668515801429748535e-02
1.528074033558368683e-02
1.659533008933067322e-02
1.647184416651725769e-02
1.577979139983654022e-02
1.634481176733970642e-02
1.551194302737712860e-02
1.868562400341033936e-02
1.540824398398399353e-02
1.310100220143795013e-02
1.407803408801555634e-02
1.334331370890140533e-02
1.489076018333435059e-02
1.496739406138658524e-02
1.576182246208190918e-02
1.428722869604825974e-02
1.631649024784564972e-02
1.893227919936180115e-02
1.626354083418846130e-02
2.109347097575664520e-02
2.084486186504364014e-02
1.641308143734931946e-02
2.147084847092628479e-02
2.359702065587043762e-02
2.076022326946258545e-02
2.416525222361087799e-02
2.417097985744476318e-02
2.528550103306770325e-02
2.405609749257564545e-02
2.558159455657005310e-02
1.316065527498722076e-02
2.820347994565963745e-02
2.634550631046295166e-02
2.150419913232326508e-02
2.609420567750930786e-02
2.617737092077732086e-02
2.712416648864746094e-02
2.794226817786693573e-02
2.774852141737937927e-02
1.790383458137512207e-02
1.515970379114151001e-02
1.484684459865093231e-02
1.602600701153278351e-02
1.347972545772790909e-02
1.526595745235681534e-02
1.412317901849746704e-02
1.544110756367444992e-02
1.514989323914051056e-02
1.746715791523456573e-02
1.945089548826217651e-02
1.488764211535453796e-02
2.042616158723831177e-02
2.051696367561817169e-02
1.890852116048336029e-02
2.317437529563903809e-02
2.491795644164085388e-02
2.524986676871776581e-02
2.430988103151321411e-02
2.658008784055709839e-02
2.600301057100296021e-02
2.725812792778015137e-02
2.666767872869968414e-02
3.173364698886871338e-02
2.835762873291969299e-02
2.698717638850212097e-02
2.270798385143280029e-02
2.690988406538963318e-02
2.681942656636238098e-02
2.579377405345439911e-02
2.613790519535541534e-02
2.225872874259948730e-02
2.277069166302680969e-02
1.529661007225513458e-02
1.567551121115684509e-02
1.664231158792972565e-02
1.534655224531888962e-02
1.796064339578151703e-02
1.637907326221466064e-02
2.159688994288444519e-02
2.064781263470649719e-02
1.529193948954343796e-02
2.495656162500381470e-02
2.407616376876831055e-02
2.461734414100646973e-02
2.121891267597675323e-02
1.757538132369518280e-02
2.411159127950668335e-02
2.038362622261047363e-02
1.994380168616771698e-02
2.137335017323493958e-02
1.985452324151992798e-02
2.037039026618003845e-02
1.938398554921150208e-02
1.893231272697448730e-02
1.063602603971958160e-02
2.040450647473335266e-02
2.005249075591564178e-02
1.652394980192184448e-02
1.901561766862869263e-02
2.147096954286098480e-02
2.025671862065792084e-02
1.960205659270286560e-02
1.982355490326881409e-02
2.361379563808441162e-02
1.672534458339214325e-02
1.623682305216789246e-02
1.866621896624565125e-02
1.492578070610761642e-02
1.909074187278747559e-02
1.532359234988689423e-02
1.822550781071186066e-02
2.246196568012237549e-02
1.926625147461891174e-02
2.462715841829776764e-02
1.600694283843040466e-02
2.430261671543121338e-02
2.467442676424980164e-02
2.600985579192638397e-02
2.236322872340679169e-02
2.107341587543487549e-02
2.487805858254432678e-02
2.057558856904506683e-02
2.247278019785881042e-02
2.010960504412651062e-02
2.008257061243057251e-02
2.088569663465023041e-02
3.481472283601760864e-02
1.934270560741424561e-02
2.075934782624244690e-02
1.818417757749557495e-02
1.851893030107021332e-02
1.928041875362396240e-02
2.046897262334823608e-02
2.047615870833396912e-02
1.623039320111274719e-02
1.636134274303913116e-02
1.611197367310523987e-02
1.635992527008056641e-02
1.489534787833690643e-02
1.797134242951869965e-02
1.700360886752605438e-02
2.001038566231727600e-02
2.272258326411247253e-02
1.934910193085670471e-02
1.911608129739761353e-02
2.861248515546321869e-02
2.311449125409126282e-02
2.244943939149379730e-02
2.035570144653320312e-02
1.437579654157161713e-02
2.049181982874870300e-02
2.046706341207027435e-02
1.852295733988285065e-02
2.138267643749713898e-02
1.887829601764678955e-02
2.021002024412155151e-02
1.921558380126953125e-02
1.861280016601085663e-02
8.192446082830429077e-03
1.914003491401672363e-02
1.879866421222686768e-02
1.453784015029668808e-02
1.778920553624629974e-02
1.905700191855430603e-02
1.820852048695087433e-02
1.856681331992149353e-02
1.976863481104373932e-02
1.864536851644515991e-02
1.765167154371738434e-02
1.759878918528556824e-02
2.048828452825546265e-02
1.388262957334518433e-02
1.916822046041488647e-02
1.584053039550781250e-02
2.288364991545677185e-02
2.759647183120250702e-02
2.275029942393302917e-02
2.524294704198837280e-02
1.784290187060832977e-02
2.369043603539466858e-02
2.234616503119468689e-02
2.286774292588233948e-02
2.441441640257835388e-02
1.971318945288658142e-02
2.196211740374565125e-02
1.884319446980953217e-02
2.117166295647621155e-02
1.946106553077697754e-02
1.894103549420833588e-02
1.859860494732856750e-02
2.908930927515029907e-02
1.864501833915710449e-02
1.834090799093246460e-02
1.407304313033819199e-02
1.933425292372703552e-02
1.787019520998001099e-02
1.927369087934494019e-02
1.870683394372463226e-02
1.396491099148988724e-02
1.764434576034545898e-02
1.317253615707159042e-02
1.388643309473991394e-02
1.438652444630861282e-02
1.350684370845556259e-02
1.509944442659616470e-02
1.542657427489757538e-02
1.783331483602523804e-02
1.580378226935863495e-02
1.438940037041902542e-02
2.098873257637023926e-02
1.869787275791168213e-02
2.295491099357604980e-02
2.424395456910133362e-02
1.428399421274662018e-02
2.179049141705036163e-02
2.200178802013397217e-02
1.854681596159934998e-02
2.239676751196384430e-02
2.021635323762893677e-02
2.151047624647617340e-02
2.065421268343925476e-02
2.009035460650920868e-02
1.056601386517286301e-02
2.056172490119934082e-02
2.086743526160717010e-02
1.622793264687061310e-02
2.031606808304786682e-02
2.216801606118679047e-02
1.996232941746711731e-02
2.081166021525859833e-02
2.050305530428886414e-02
1.747101545333862305e-02
1.421929523348808289e-02
1.473473757505416870e-02
1.693771779537200928e-02
1.327392645180225372e-02
1.661955565214157104e-02
1.260040327906608582e-02
1.582346111536026001e-02
1.835852116346359253e-02
1.651520654559135437e-02
2.174199931323528290e-02
1.568876765668392181e-02
2.301720529794692993e-02
2.321753092110157013e-02
2.130413986742496490e-02
2.357781678438186646e-02
2.273415774106979370e-02
2.406038716435432434e-02
2.073387801647186279e-02
2.265591360628604889e-02
2.050997316837310791e-02
2.116729319095611572e-02
2.093504555523395538e-02
3.417058661580085754e-02
1.967234537005424500e-02
2.110690437257289886e-02
1.692083850502967834e-02
2.109557762742042542e-02
1.993372663855552673e-02
1.937585324048995972e-02
1.996935158967971802e-02
1.702155545353889465e-02
1.410813070833683014e-02
1.188979204744100571e-02
1.176294870674610138e-02
1.143531315028667450e-02
1.212020590901374817e-02
1.268677320331335068e-02
1.285550184547901154e-02
1.584910228848457336e-02
1.372433081269264221e-02
1.566603779792785645e-02
1.872935332357883453e-02
1.639304123818874359e-02
2.157939970493316650e-02
2.402525581419467926e-02
1.547795627266168594e-02
2.480599470436573029e-02
2.625319734215736389e-02
2.204900979995727539e-02
2.672443352639675140e-02
2.531345374882221222e-02
2.615791931748390198e-02
2.599523589015007019e-02
2.716248296201229095e-02
1.161334197968244553e-02
2.759952470660209656e-02
2.684042602777481079e-02
2.197105437517166138e-02
2.347322553396224976e-02
2.537260390818119049e-02
2.812998183071613312e-02
2.689111791551113129e-02
2.683554962277412415e-02
1.393056567758321762e-02
1.262244023382663727e-02
1.250542420893907547e-02
1.322793308645486832e-02
1.140575390309095383e-02
1.391073781996965408e-02
1.205383706837892532e-02
1.356091815978288651e-02
1.604578085243701935e-02
1.705049537122249603e-02
1.968144997954368591e-02
1.522993296384811401e-02
2.243349887430667877e-02
2.416795864701271057e-02
2.023590356111526489e-02
2.507888153195381165e-02
2.755229733884334564e-02
2.722931280732154846e-02
2.636292017996311188e-02
2.685581520199775696e-02
2.779891341924667358e-02
2.837248332798480988e-02
2.847985923290252686e-02
3.320590406656265259e-02
2.680503576993942261e-02
2.751095965504646301e-02
2.042546309530735016e-02
2.803846076130867004e-02
2.758577838540077209e-02
2.718023769557476044e-02
2.533627301454544067e-02
1.981574110686779022e-02
1.174094807356595993e-02
1.564420759677886963e-02
1.525660231709480286e-02
1.355102472007274628e-02
1.585538312792778015e-02
1.526294928044080734e-02
1.536627113819122314e-02
1.626899465918540955e-02
1.595433801412582397e-02
1.599930226802825928e-02
1.957522705197334290e-02
2.034847997128963470e-02
2.488446794450283051e-02
2.603821083903312683e-02
1.945331133902072906e-02
2.761905267834663391e-02
3.126331418752670288e-02
2.503394335508346558e-02
3.015825897455215454e-02
2.744397148489952087e-02
2.877525053918361664e-02
2.837750874459743500e-02
2.764865569770336151e-02
1.275639794766902924e-02
2.918197587132453918e-02
2.970545366406440735e-02
2.107957191765308380e-02
2.661010995507240295e-02
2.668931521475315094e-02
2.753888443112373352e-02
2.795618213713169098e-02
2.943123690783977509e-02
1.270902343094348907e-02
1.392151601612567902e-02
1.693606749176979065e-02
1.697871461510658264e-02
1.686605066061019897e-02
1.610580831766128540e-02
1.421444490551948547e-02
1.630969531834125519e-02
1.834880001842975616e-02
1.809182763099670410e-02
2.047806978225708008e-02
1.840138249099254608e-02
2.403809502720832825e-02
2.698574960231781006e-02
2.393496409058570862e-02
2.909265272319316864e-02
2.784346044063568115e-02
3.015916422009468079e-02
2.821090072393417358e-02
2.895034104585647583e-02
2.977799251675605774e-02
3.087384253740310669e-02
2.754461020231246948e-02
3.289863467216491699e-02
2.865867502987384796e-02
2.805857174098491669e-02
2.201228588819503784e-02
2.909040078520774841e-02
2.717936784029006958e-02
2.656325697898864746e-02
2.564274519681930542e-02
1.953692920506000519e-02
1.234466396272182465e-02
1.102192141115665436e-02
1.644557341933250427e-02
1.350366882979869843e-02
1.685115136206150055e-02
1.700152084231376648e-02
1.499368902295827866e-02
1.863994263112545013e-02
1.702477410435676575e-02
2.234615199267864227e-02
1.663164421916007996e-02
1.994690299034118652e-02
2.204473316669464111e-02
2.447170950472354889e-02
2.526282891631126404e-02
2.344699203968048096e-02
2.394472807645797729e-02
2.618215791881084442e-02
2.666803263127803802e-02
1.906601712107658386e-02
2.797735482454299927e-02
2.619083411991596222e-02
2.772451564669609070e-02
1.114524155855178833e-02
2.668566070497035980e-02
2.775140665471553802e-02
2.870346792042255402e-02
2.857881225645542145e-02
2.550409734249114990e-02
3.029946610331535339e-02
3.172013163566589355e-02
2.650068327784538269e-02
1.231443509459495544e-02
1.242109015583992004e-02
1.513020321726799011e-02
1.176352240145206451e-02
1.504979282617568970e-02
1.906353235244750977e-02
1.495569199323654175e-02
1.778823882341384888e-02
2.015216834843158722e-02
2.076413854956626892e-02
2.125095948576927185e-02
2.289520949125289917e-02
2.189943566918373108e-02
1.778007112443447113e-02
2.351225540041923523e-02
2.424155175685882568e-02
2.483935654163360596e-02
2.648666873574256897e-02
2.502465248107910156e-02
3.328080475330352783e-02
2.751348540186882019e-02
2.768789231777191162e-02
2.537949942052364349e-02
2.896836772561073303e-02
2.715143188834190369e-02
2.777764014899730682e-02
2.931767143309116364e-02
2.414960786700248718e-02
2.910661324858665466e-02
2.884329855442047119e-02
1.684954017400741577e-02
2.762261033058166504e-02
1.154845394194126129e-02
9.990552440285682678e-03
1.598381996154785156e-02
1.187907345592975616e-02
1.555371470749378204e-02
1.444671023637056351e-02
1.195733807981014252e-02
1.593566685914993286e-02
1.473012473434209824e-02
2.006185427308082581e-02
1.458507589995861053e-02
1.629879698157310486e-02
2.031306363642215729e-02
2.225726470351219177e-02
2.089655771851539612e-02
1.944705657660961151e-02
1.880525052547454834e-02
2.056679502129554749e-02
2.065320312976837158e-02
1.367154717445373535e-02
2.110531739890575409e-02
1.950063556432723999e-02
2.021795324981212616e-02
8.351190015673637390e-03
2.136203460395336151e-02
2.096754312515258789e-02
2.152094244956970215e-02
2.080551348626613617e-02
2.069699019193649292e-02
2.352587319910526276e-02
2.244436182081699371e-02
2.040093019604682922e-02
1.197054609656333923e-02
1.230755448341369629e-02
1.393132098019123077e-02
1.058205030858516693e-02
1.421635225415229797e-02
1.688489690423011780e-02
1.342158578336238861e-02
1.622206531465053558e-02
1.731296628713607788e-02
1.979563012719154358e-02
1.851963438093662262e-02
1.998683065176010132e-02
1.873935386538505554e-02
1.516898535192012787e-02
1.959687098860740662e-02
1.898926869034767151e-02
2.107283845543861389e-02
2.016190439462661743e-02
1.974433660507202148e-02
2.696233429014682770e-02
2.119568921625614166e-02
2.067825756967067719e-02
2.056522481143474579e-02
2.316338382661342621e-02
2.033041231334209442e-02
2.024747803807258606e-02
2.081562206149101257e-02
2.121096476912498474e-02
2.127940021455287933e-02
2.235901728272438049e-02
1.437522098422050476e-02
2.233399823307991028e-02
1.079013943672180176e-02
1.167461369186639786e-02
1.505296118557453156e-02
1.308854669332504272e-02
1.690967008471488953e-02
1.687063276767730713e-02
1.472422666847705841e-02
1.706778258085250854e-02
1.841388083994388580e-02
1.926231570541858673e-02
1.746174879372119904e-02
1.910850033164024353e-02
2.303250506520271301e-02
2.187570184469223022e-02
2.711077034473419189e-02
2.450159192085266113e-02
2.341265790164470673e-02
2.453969046473503113e-02
2.398348785936832428e-02
1.931886747479438782e-02
2.380847930908203125e-02
2.350114844739437103e-02
2.603876031935214996e-02
1.122017204761505127e-02
2.583619579672813416e-02
2.646227553486824036e-02
2.485981769859790802e-02
2.564578130841255188e-02
2.551382221281528473e-02
2.696737088263034821e-02
2.554376423358917236e-02
2.220623753964900970e-02
1.129103638231754303e-02
1.289459690451622009e-02
1.496081240475177765e-02
1.250663958489894867e-02
1.604466512799263000e-02
1.752503588795661926e-02
1.622115075588226318e-02
1.757815293967723846e-02
2.001659758388996124e-02
2.030815742909908295e-02
1.963369920849800110e-02
2.113712392747402191e-02
2.183530107140541077e-02
1.872319355607032776e-02
2.257704734802246094e-02
2.280998416244983673e-02
2.620396018028259277e-02
2.553215995430946350e-02
2.538692392408847809e-02
3.256123512983322144e-02
2.305159531533718109e-02
2.495202608406543732e-02
2.436394244432449341e-02
2.982089295983314514e-02
2.375667728483676910e-02
2.401089668273925781e-02
2.534107305109500885e-02
2.198119834065437317e-02
2.328785881400108337e-02
2.475947141647338867e-02
1.761590316891670227e-02
2.478390932083129883e-02
1.479852013289928436e-02
1.486266218125820160e-02
1.931557804346084595e-02
1.828457787632942200e-02
1.695755496621131897e-02
1.401073113083839417e-02
1.149111520498991013e-02
1.630479842424392700e-02
9.326534345746040344e-03
1.804002001881599426e-02
1.651441305875778198e-02
9.968698024749755859e-03
1.786607317626476288e-02
2.257309854030609131e-02
1.722736284136772156e-02
1.750141382217407227e-02
1.723966747522354126e-02
1.710368320345878601e-02
1.580593176186084747e-02
7.720156107097864151e-03
1.603825017809867859e-02
1.702509075403213501e-02
1.640115864574909210e-02
5.168331321328878403e-03
1.669636741280555725e-02
1.618733257055282593e-02
1.663494482636451721e-02
1.594151183962821960e-02
1.664672791957855225e-02
1.758366078138351440e-02
1.588062942028045654e-02
1.612740010023117065e-02
1.619809679687023163e-02
1.750512607395648956e-02
1.224307343363761902e-02
1.296835299581289291e-02
1.746908761560916901e-02
1.858195662498474121e-02
1.775302737951278687e-02
1.754304952919483185e-02
1.787406206130981445e-02
1.739295572042465210e-02
1.879090443253517151e-02
1.993005350232124329e-02
1.692027039825916290e-02
1.108822971582412720e-02
1.801996678113937378e-02
1.730767451226711273e-02
1.673718541860580444e-02
1.632922515273094177e-02
1.670606434345245361e-02
2.300383523106575012e-02
1.659196987748146057e-02
1.576647348701953888e-02
1.439401693642139435e-02
2.223180979490280151e-02
1.605474762618541718e-02
1.535458117723464966e-02
1.524713356047868729e-02
1.591675728559494019e-02
1.382523216307163239e-02
1.464654318988323212e-02
9.518474340438842773e-03
1.603187993168830872e-02
1.395043544471263885e-02
1.073697302490472794e-02
1.518181152641773224e-02
1.528071984648704529e-02
1.306525897234678268e-02
1.258012466132640839e-02
9.872986935079097748e-03
1.446991693228483200e-02
1.176691986620426178e-02
1.685985922813415527e-02
1.223469991236925125e-02
1.275262050330638885e-02
1.859569363296031952e-02
1.953533291816711426e-02
1.775158010423183441e-02
1.702048256993293762e-02
1.816027797758579254e-02
1.692868024110794067e-02
1.805192232131958008e-02
1.127212867140769958e-02
1.839106157422065735e-02
1.951555721461772919e-02
1.608742401003837585e-02
6.392549257725477219e-03
1.861287653446197510e-02
1.935153454542160034e-02
1.818943768739700317e-02
1.852854341268539429e-02
1.918999850749969482e-02
1.945447921752929688e-02
1.851579360663890839e-02
1.830166205763816833e-02
1.348297391086816788e-02
1.566812768578529358e-02
1.253734808415174484e-02
9.841611608862876892e-03
1.372500509023666382e-02
1.536770630627870560e-02
1.428611669689416885e-02
1.540204323828220367e-02
1.503555290400981903e-02
1.653068512678146362e-02
1.622786000370979309e-02
1.900148764252662659e-02
1.821986399590969086e-02
1.060325466096401215e-02
1.606798171997070312e-02
1.666340976953506470e-02
1.845765486359596252e-02
1.737728342413902283e-02
1.741541549563407898e-02
2.470031194388866425e-02
1.692355796694755554e-02
1.761605963110923767e-02
1.700284518301486969e-02
2.151185646653175354e-02
1.799831353127956390e-02
1.774397119879722595e-02
1.761356554925441742e-02
1.305421441793441772e-02
1.736781001091003418e-02
1.777783036231994629e-02
9.635770693421363831e-03
1.798810809850692749e-02
1.085940189659595490e-02
9.735736995935440063e-03
1.390682347118854523e-02
1.026133634150028229e-02
1.444227248430252075e-02
1.633423939347267151e-02
1.244298368692398071e-02
1.699677109718322754e-02
1.435348577797412872e-02
2.237229980528354645e-02
1.685025356709957123e-02
1.549122296273708344e-02
2.234970778226852417e-02
2.239165455102920532e-02
2.310060709714889526e-02
2.204237133264541626e-02
2.400170825421810150e-02
2.514532394707202911e-02
2.437553182244300842e-02
1.572232134640216827e-02
2.585001662373542786e-02
2.274662442505359650e-02
2.196323312819004059e-02
9.012227877974510193e-03
2.571807429194450378e-02
2.433686889708042145e-02
2.396583557128906250e-02
2.377198636531829834e-02
2.545367181301116943e-02
2.403922565281391144e-02
2.432635053992271423e-02
2.344526723027229309e-02
1.066352985799312592e-02
1.054147444665431976e-02
1.409308891743421555e-02
9.792534634470939636e-03
1.294280588626861572e-02
1.693243533372879028e-02
1.227702945470809937e-02
1.630549877882003784e-02
1.808757148683071136e-02
2.034751512110233307e-02
2.031059935688972473e-02
2.022632583975791931e-02
2.315890789031982422e-02
1.517535559833049774e-02
2.203406766057014465e-02
2.273309975862503052e-02
2.484740316867828369e-02
2.400567382574081421e-02
2.325670234858989716e-02
2.893255650997161865e-02
2.388742752373218536e-02
2.533773519098758698e-02
2.288266830146312714e-02
2.529744990170001984e-02
2.449690178036689758e-02
2.329382300376892090e-02
2.466430328786373138e-02
1.868873834609985352e-02
2.353079244494438171e-02
2.310445345938205719e-02
1.581651344895362854e-02
2.417902089655399323e-02
1.336904708296060562e-02
1.103440485894680023e-02
1.697348058223724365e-02
1.366572082042694092e-02
1.434055343270301819e-02
1.588434725999832153e-02
1.338687725365161896e-02
1.732004061341285706e-02
1.522263139486312866e-02
1.938085630536079407e-02
1.353375520557165146e-02
1.375907380133867264e-02
2.130791172385215759e-02
2.388628944754600525e-02
2.106161974370479584e-02
1.947817206382751465e-02
1.871982775628566742e-02
1.952983438968658447e-02
1.830031909048557281e-02
1.226118113845586777e-02
1.902018859982490540e-02
1.831497997045516968e-02
1.822862215340137482e-02
7.576451171189546585e-03
1.962430030107498169e-02
1.911514811217784882e-02
1.866441592574119568e-02
1.788335666060447693e-02
1.979497261345386505e-02
2.098711580038070679e-02
1.908116042613983154e-02
2.022051811218261719e-02
1.299313828349113464e-02
1.205214764922857285e-02
1.491950824856758118e-02
1.222153939306735992e-02
1.444829627871513367e-02
1.964958384633064270e-02
1.668281108140945435e-02
1.861784607172012329e-02
2.023716084659099579e-02
1.919476874172687531e-02
1.963742449879646301e-02
2.233759127557277679e-02
2.012309059500694275e-02
1.337267830967903137e-02
1.951576583087444305e-02
1.911451853811740875e-02
2.050595730543136597e-02
1.963618397712707520e-02
2.076315879821777344e-02
2.596699073910713196e-02
1.862906478345394135e-02
1.908404007554054260e-02
2.067041955888271332e-02
2.204220183193683624e-02
1.960477232933044434e-02
1.945156231522560120e-02
1.927609369158744812e-02
1.493722293525934219e-02
1.912045106291770935e-02
1.760160923004150391e-02
1.213929988443851471e-02
2.080509066581726074e-02
1.383802108466625214e-02
1.525690034031867981e-02
2.749050594866275787e-02
2.540978044271469116e-02
2.454287372529506683e-02
1.688994467258453369e-02
1.281308196485042572e-02
2.509462460875511169e-02
9.712893515825271606e-03
2.347664535045623779e-02
2.312785014510154724e-02
9.298782795667648315e-03
2.547666616737842560e-02
3.039784356951713562e-02
2.277496084570884705e-02
2.437884360551834106e-02
2.339145913720130920e-02
1.931524276733398438e-02
1.958770304918289185e-02
6.384030915796756744e-03
2.078172937035560608e-02
2.242053300142288208e-02
1.848049834370613098e-02
4.847243893891572952e-03
1.974347606301307678e-02
1.897291094064712524e-02
1.949927024543285370e-02
2.005789056420326233e-02
2.005127258598804474e-02
1.494407281279563904e-02
1.475349999964237213e-02
1.925750821828842163e-02
1.570769026875495911e-02
2.407658100128173828e-02
1.527235284447669983e-02
1.610965095460414886e-02
2.393713966012001038e-02
2.557964809238910675e-02
2.638325095176696777e-02
2.647808566689491272e-02
2.355926297605037689e-02
2.478745579719543457e-02
2.702068537473678589e-02
2.565630339086055756e-02
2.411623671650886536e-02
1.102770119905471802e-02
2.193611860275268555e-02
2.253148518502712250e-02
2.218247763812541962e-02
1.955810934305191040e-02
2.374887466430664062e-02
2.187678776681423187e-02
2.060949429869651794e-02
1.875589042901992798e-02
1.638631150126457214e-02
2.305387705564498901e-02
1.847069710493087769e-02
1.903350651264190674e-02
1.607928238809108734e-02
1.405127346515655518e-02
1.168806850910186768e-02
1.352002937346696854e-02
8.948093280196189880e-03
2.020099572837352753e-02
