<system>Protocol: Active. Attitude: Sassy.</system>
7.281234953552484512e-03
7.420258596539497375e-03
7.230132352560758591e-03
7.337190210819244385e-03
7.148417644202709198e-03
7.364552002400159836e-03
7.419182918965816498e-03
7.445869501680135727e-03
7.301326841115951538e-03
7.301378995180130005e-03
7.269008085131645203e-03
7.601397112011909485e-03
7.436343934386968613e-03
7.215524092316627502e-03
7.828924804925918579e-03
7.329473271965980530e-03
7.309615146368741989e-03
7.232865318655967712e-03
7.886610925197601318e-03
7.445252966135740280e-03
7.345825433731079102e-03
7.395220920443534851e-03
7.580195087939500809e-03
6.874628365039825439e-03
7.439918816089630127e-03
7.173762656748294830e-03
7.392268162220716476e-03
7.166297174990177155e-03
7.207739632576704025e-03
7.539704907685518265e-03
7.602413184940814972e-03
7.814651355147361755e-03
7.368453312665224075e-03
7.252672221511602402e-03
7.639635354280471802e-03
7.256395183503627777e-03
7.357507944107055664e-03
7.476768922060728073e-03
7.335522212088108063e-03
7.419721689075231552e-03
7.270898669958114624e-03
7.606504485011100769e-03
7.343318779021501541e-03
7.350316271185874939e-03
5.978751461952924728e-03
7.462015375494956970e-03
7.272347807884216309e-03
7.282081060111522675e-03
7.423951290547847748e-03
7.628256455063819885e-03
7.548457942903041840e-03
7.536446209996938705e-03
7.891212590038776398e-03
8.028924465179443359e-03
7.505115121603012085e-03
7.739481516182422638e-03
7.270336616784334183e-03
7.150826044380664825e-03
7.268956862390041351e-03
7.374654524028301239e-03
7.588470354676246643e-03
7.427346892654895782e-03
8.427236229181289673e-03
7.762482389807701111e-03
8.229071274399757385e-03
7.886148057878017426e-03
8.274624124169349670e-03
8.004302158951759338e-03
7.983157411217689514e-03
6.110581569373607635e-03
8.205511607229709625e-03
8.115457370877265930e-03
7.958505302667617798e-03
8.153777569532394409e-03
8.031844161450862885e-03
7.995717227458953857e-03
7.439212873578071594e-03
8.254513144493103027e-03
8.061723783612251282e-03
8.309993892908096313e-03
8.239734917879104614e-03
7.909916341304779053e-03
7.698133587837219238e-03
8.301382884383201599e-03
8.332216180860996246e-03
8.097922429442405701e-03
7.919591851532459259e-03
8.278034627437591553e-03
8.388763293623924255e-03
8.247436024248600006e-03
8.064564317464828491e-03
8.186241611838340759e-03
7.967179641127586365e-03
8.400850929319858551e-03
8.173766545951366425e-03
8.071554824709892273e-03
8.012693375349044800e-03
8.218536153435707092e-03
7.972527295351028442e-03
8.076380938291549683e-03
8.190194144845008850e-03
8.304922841489315033e-03
8.156844414770603180e-03
7.866002619266510010e-03
8.076106198132038116e-03
8.122936822474002838e-03
8.148714900016784668e-03
8.097131736576557159e-03
8.192447014153003693e-03
8.319615386426448822e-03
8.348789066076278687e-03
8.056292310357093811e-03
8.137864060699939728e-03
7.953476160764694214e-03
8.348437026143074036e-03
8.046835660934448242e-03
8.249266073107719421e-03
8.243818767368793488e-03
8.045487105846405029e-03
7.760127540677785873e-03
7.740133441984653473e-03
8.241789415478706360e-03
8.298009634017944336e-03
8.279567584395408630e-03
8.100356906652450562e-03
7.891628891229629517e-03
8.463405072689056396e-03
7.875170558691024780e-03
9.414335712790489197e-03
9.419130161404609680e-03
9.887266904115676880e-03
9.217030368745326996e-03
9.117871522903442383e-03
9.562645107507705688e-03
9.712553583085536957e-03
9.530736133456230164e-03
9.530780836939811707e-03
8.971318602561950684e-03
8.909150958061218262e-03
1.013899408280849457e-02
9.307485073804855347e-03
9.023685008287429810e-03
9.546444751322269440e-03
9.494117461144924164e-03
9.596042335033416748e-03
9.153611958026885986e-03
9.107471443712711334e-03
1.012367941439151764e-02
9.237909689545631409e-03
9.453305974602699280e-03
9.728623554110527039e-03
9.314682334661483765e-03
6.785331293940544128e-03
9.725087322294712067e-03
9.177110157907009125e-03
9.621337987482547760e-03
8.833094500005245209e-03
9.781869128346443176e-03
9.058130905032157898e-03
9.386377409100532532e-03
9.086934849619865417e-03
9.519264101982116699e-03
9.406350553035736084e-03
9.796131402254104614e-03
9.624155238270759583e-03
8.985051885247230530e-03
9.310621768236160278e-03
9.325910359621047974e-03
9.546880610287189484e-03
1.017531007528305054e-02
9.543111547827720642e-03
9.435834363102912903e-03
8.960247971117496490e-03
9.422630071640014648e-03
9.164798073470592499e-03
9.760350920259952545e-03
9.265033528208732605e-03
9.239761158823966980e-03
9.011544287204742432e-03
9.184692986309528351e-03
9.666220284998416901e-03
9.177989326417446136e-03
9.440461173653602600e-03
9.331297129392623901e-03
9.256881661713123322e-03
9.395453147590160370e-03
9.015697985887527466e-03
9.372072294354438782e-03
9.305227547883987427e-03
9.241059422492980957e-03
9.244827553629875183e-03
9.617740288376808167e-03
6.977222394198179245e-03
6.485932040959596634e-03
6.931211799383163452e-03
6.728651933372020721e-03
6.884231697767972946e-03
7.278036326169967651e-03
6.826530676335096359e-03
6.966051645576953888e-03
6.813329644501209259e-03
6.739099510014057159e-03
6.629026029258966446e-03
6.820799317210912704e-03
6.769023835659027100e-03
6.979684345424175262e-03
6.815551780164241791e-03
6.895780097693204880e-03
6.830724887549877167e-03
6.830439902842044830e-03
6.854266859591007233e-03
5.905856378376483917e-03
6.874051876366138458e-03
6.845662370324134827e-03
6.957713980227708817e-03
6.827718578279018402e-03
6.815880537033081055e-03
6.811629515141248703e-03
6.971237249672412872e-03
7.215351797640323639e-03
6.706982851028442383e-03
7.122454699128866196e-03
6.885753944516181946e-03
6.993150804191827774e-03
7.019097916781902313e-03
6.633670069277286530e-03
6.910100579261779785e-03
7.110172417014837265e-03
5.855619907379150391e-03
6.979506928473711014e-03
6.869325414299964905e-03
6.747546140104532242e-03
6.825902033597230911e-03
7.008310873061418533e-03
6.911919452250003815e-03
7.025634869933128357e-03
6.769628729671239853e-03
6.781754083931446075e-03
6.943439599126577377e-03
7.094204425811767578e-03
7.088324055075645447e-03
3.502227133139967918e-03
6.836457643657922745e-03
6.777129136025905609e-03
7.043814752250909805e-03
8.552026003599166870e-03
6.985109299421310425e-03
5.936996079981327057e-03
7.017994765192270279e-03
6.759225856512784958e-03
6.769422441720962524e-03
6.862017326056957245e-03
6.652098149061203003e-03
7.080815266817808151e-03
6.809466984122991562e-03
7.080608047544956207e-03
