<system>Protocol: Active. Attitude: Sassy.</system>
1.442885678261518478e-02
1.453261356800794601e-02
1.514166314154863358e-02
1.513049658387899399e-02
1.473679486662149429e-02
1.438126340508460999e-02
1.405001897364854813e-02
1.483287476003170013e-02
1.355736888945102692e-02
1.552026346325874329e-02
1.433670520782470703e-02
1.476064696907997131e-02
1.450527831912040710e-02
1.445510983467102051e-02
1.458189077675342560e-02
1.450503524392843246e-02
1.467672549188137054e-02
1.506851892918348312e-02
1.460747607052326202e-02
1.490353606641292572e-02
1.469938550144433975e-02
1.476198062300682068e-02
1.424762420356273651e-02
1.584887504577636719e-02
1.397481933236122131e-02
1.477087102830410004e-02
1.473710127174854279e-02
1.459338981658220291e-02
1.457139104604721069e-02
1.447874028235673904e-02
1.346607878804206848e-02
1.519194524735212326e-02
1.433696504682302475e-02
1.557372882962226868e-02
1.405223179608583450e-02
1.606657356023788452e-02
1.527917291969060898e-02
1.452894974499940872e-02
1.463766023516654968e-02
1.541630644351243973e-02
1.478734333068132401e-02
1.621788740158081055e-02
1.481538824737071991e-02
1.467364002019166946e-02
1.524922251701354980e-02
1.493116468191146851e-02
1.455988362431526184e-02
1.467342209070920944e-02
1.444785203784704208e-02
1.499773189425468445e-02
1.530807930976152420e-02
1.514060981571674347e-02
1.431236788630485535e-02
1.508338935673236847e-02
1.485115289688110352e-02
1.460106298327445984e-02
1.470562536269426346e-02
1.420088019222021103e-02
1.510547380894422531e-02
1.460642926394939423e-02
1.439822465181350708e-02
1.469034049659967422e-02
1.442543789744377136e-02
1.485479902476072311e-02
1.429863832890987396e-02
1.498956233263015747e-02
1.474525872617959976e-02
1.450822502374649048e-02
1.429541595280170441e-02
1.439526304602622986e-02
1.503844000399112701e-02
1.519826892763376236e-02
1.479670591652393341e-02
1.469263620674610138e-02
1.404517516493797302e-02
1.455250475555658340e-02
1.519739627838134766e-02
1.459397375583648682e-02
1.456352695822715759e-02
1.452539674937725067e-02
1.431450992822647095e-02
1.549970638006925583e-02
1.489540003240108490e-02
1.468598004430532455e-02
1.425057370215654373e-02
1.466322876513004303e-02
1.441437005996704102e-02
1.513615809381008148e-02
1.440356858074665070e-02
1.481488347053527832e-02
1.431468687951564789e-02
1.451940648257732391e-02
1.473057642579078674e-02
1.449172757565975189e-02
1.391312479972839355e-02
1.410118862986564636e-02
1.499451883137226105e-02
1.411707140505313873e-02
1.687015593051910400e-02
1.481984183192253113e-02
1.446170173585414886e-02
1.479873899370431900e-02
1.449129544198513031e-02
1.433464325964450836e-02
1.462190225720405579e-02
1.457070372998714447e-02
1.495718210935592651e-02
1.441439613699913025e-02
1.556421816349029541e-02
1.472434774041175842e-02
1.461904030293226242e-02
1.452680118381977081e-02
1.416669227182865143e-02
1.446607057005167007e-02
1.538390759378671646e-02
1.417987979948520660e-02
1.465726923197507858e-02
1.541383657604455948e-02
1.389307901263237000e-02
1.485891267657279968e-02
1.429023407399654388e-02
1.466998085379600525e-02
1.446435041725635529e-02
1.467783190310001373e-02
1.524300035089254379e-02
1.488527841866016388e-02
1.499027758836746216e-02
1.480970159173011780e-02
1.435472257435321808e-02
1.481092348694801331e-02
1.490468904376029968e-02
1.419158931821584702e-02
1.436469797044992447e-02
1.492155808955430984e-02
1.476816460490226746e-02
1.444867253303527832e-02
1.466915383934974670e-02
1.478584110736846924e-02
1.493901293724775314e-02
1.463964954018592834e-02
1.482501626014709473e-02
1.447353698313236237e-02
1.439605280756950378e-02
1.441595796495676041e-02
1.516725122928619385e-02
1.487483642995357513e-02
1.451098639518022537e-02
1.481000892817974091e-02
1.441246364265680313e-02
1.463566999882459641e-02
1.683934777975082397e-02
1.577178761363029480e-02
1.386886462569236755e-02
1.420081965625286102e-02
1.432500313967466354e-02
1.401520334184169769e-02
1.437692530453205109e-02
1.479746866971254349e-02
1.872878894209861755e-02
1.469972357153892517e-02
1.474654208868741989e-02
1.453760266304016113e-02
1.523895282298326492e-02
1.515476219356060028e-02
1.493868231773376465e-02
1.430783700197935104e-02
2.197023108601570129e-02
1.494115032255649567e-02
1.479644514620304108e-02
1.415651850402355194e-02
1.469517871737480164e-02
1.472297962754964828e-02
1.460010558366775513e-02
1.482028141617774963e-02
1.443401072174310684e-02
1.422701403498649597e-02
1.475696451961994171e-02
1.441438682377338409e-02
1.468783430755138397e-02
1.523611042648553848e-02
1.465986855328083038e-02
1.505994424223899841e-02
1.477194484323263168e-02
1.505473069846630096e-02
2.141555026173591614e-02
1.447138190269470215e-02
1.447667554020881653e-02
1.476749777793884277e-02
1.494171097874641418e-02
1.455062627792358398e-02
1.424133684486150742e-02
1.435731537640094757e-02
1.481430418789386749e-02
1.549906004220247269e-02
1.597183942794799805e-02
1.528233289718627930e-02
1.453252881765365601e-02
1.477449201047420502e-02
1.494129374623298645e-02
1.494824327528476715e-02
1.449153758585453033e-02
1.455387845635414124e-02
1.418232079595327377e-02
1.508490182459354401e-02
1.497524976730346680e-02
1.607721671462059021e-02
1.501448079943656921e-02
1.501038670539855957e-02
1.438210159540176392e-02
1.502657681703567505e-02
1.459806039929389954e-02
1.463822927325963974e-02
1.553275343030691147e-02
1.426291465759277344e-02
1.554701849818229675e-02
1.489395461976528168e-02
1.476214732974767685e-02
1.535219326615333557e-02
1.478895917534828186e-02
1.458891108632087708e-02
1.543307490646839142e-02
1.865538209676742554e-02
1.477199885994195938e-02
1.486551575362682343e-02
1.458628568798303604e-02
1.519728079438209534e-02
1.466264948248863220e-02
1.551143266260623932e-02
1.451473217457532883e-02
1.427700836211442947e-02
1.467477343976497650e-02
1.467217411845922470e-02
1.491204183548688889e-02
1.444858685135841370e-02
1.544236391782760620e-02
1.444011554121971130e-02
1.407450251281261444e-02
1.495586708188056946e-02
1.448530331254005432e-02
1.487080939114093781e-02
1.486331876367330551e-02
1.529003679752349854e-02
1.511746365576982498e-02
1.447830908000469208e-02
1.501251198351383209e-02
1.508732140064239502e-02
1.474261470139026642e-02
1.442188210785388947e-02
1.496775820851325989e-02
1.496802084147930145e-02
1.496867090463638306e-02
1.502422522753477097e-02
1.439079735428094864e-02
1.503361947834491730e-02
1.410602033138275146e-02
1.478923670947551727e-02
1.444004103541374207e-02
1.432970352470874786e-02
1.492957025766372681e-02
1.406900212168693542e-02
1.532556116580963135e-02
1.452837605029344559e-02
1.415335852652788162e-02
1.517434604465961456e-02
1.411877013742923737e-02
1.498629897832870483e-02
1.476863212883472443e-02
1.446335203945636749e-02
1.486802939325571060e-02
1.425782404839992523e-02
1.455335319042205811e-02
1.724497042596340179e-02
1.503520552068948746e-02
1.507362723350524902e-02
1.527527533471584320e-02
1.844456046819686890e-02
1.474669016897678375e-02
1.433708146214485168e-02
1.489511691033840179e-02
1.427960209548473358e-02
1.494813244789838791e-02
1.394298300147056580e-02
2.227645739912986755e-02
1.448055449873209000e-02
1.471154484897851944e-02
1.472862064838409424e-02
1.354396902024745941e-02
1.453691348433494568e-02
1.559838652610778809e-02
1.421132870018482208e-02
1.640548743307590485e-02
1.500673405826091766e-02
1.621843129396438599e-02
1.460289396345615387e-02
1.604495570063591003e-02
1.474935188889503479e-02
1.477840822190046310e-02
1.626445725560188293e-02
1.450647599995136261e-02
1.456534676253795624e-02
1.449669804424047470e-02
1.430364605039358139e-02
1.477000117301940918e-02
1.504676323384046555e-02
1.465430110692977905e-02
1.494477409869432449e-02
1.487016491591930389e-02
1.468668784946203232e-02
1.479352824389934540e-02
1.433563884347677231e-02
1.472264528274536133e-02
1.505188457667827606e-02
1.505349203944206238e-02
1.456068176776170731e-02
1.487379148602485657e-02
1.467894297093153000e-02
1.440765149891376495e-02
1.468596886843442917e-02
1.482053287327289581e-02
1.485047116875648499e-02
1.406149379909038544e-02
1.507927756756544113e-02
1.459794864058494568e-02
1.414341665804386139e-02
1.458447333425283432e-02
1.508020609617233276e-02
1.514722965657711029e-02
1.532184053212404251e-02
1.396601647138595581e-02
1.443418487906455994e-02
1.467602420598268509e-02
1.468114834278821945e-02
1.542391162365674973e-02
1.417434215545654297e-02
1.533443853259086609e-02
1.458690967410802841e-02
1.445588096976280212e-02
1.425511203706264496e-02
1.456843595951795578e-02
1.524950191378593445e-02
1.471260562539100647e-02
1.470298133790493011e-02
1.415709033608436584e-02
1.435119844973087311e-02
1.739733666181564331e-02
1.482540182769298553e-02
1.423920225352048874e-02
1.446984894573688507e-02
1.407162286341190338e-02
1.461083348840475082e-02
1.548742037266492844e-02
1.495782285928726196e-02
1.511385012418031693e-02
1.500697247684001923e-02
1.538507174700498581e-02
1.506760809570550919e-02
1.516379229724407196e-02
1.462006382644176483e-02
1.438938640058040619e-02
1.535563357174396515e-02
1.440251525491476059e-02
1.449024770408868790e-02
1.476275175809860229e-02
1.416162215173244476e-02
1.436820812523365021e-02
1.473009958863258362e-02
1.441940106451511383e-02
1.452958025038242340e-02
1.438835449516773224e-02
1.527671236544847488e-02
1.431928947567939758e-02
1.598557084798812866e-02
1.539222802966833115e-02
1.531229726970195770e-02
1.382896676659584045e-02
1.447271090000867844e-02
1.440231967717409134e-02
1.492195669561624527e-02
1.413571834564208984e-02
1.463114470243453979e-02
1.810509525239467621e-02
1.479090191423892975e-02
1.315541565418243408e-02
1.483746338635683060e-02
1.493998244404792786e-02
1.524022314697504044e-02
1.455652900040149689e-02
1.573119312524795532e-02
1.456617936491966248e-02
1.450113486498594284e-02
1.519051752984523773e-02
1.479743234813213348e-02
1.511082611978054047e-02
1.477936841547489166e-02
1.486313343048095703e-02
1.458454411476850510e-02
1.435120124369859695e-02
1.516612805426120758e-02
1.494074799120426178e-02
1.453183963894844055e-02
1.407922990620136261e-02
1.410185638815164566e-02
1.431967131793498993e-02
1.471219770610332489e-02
1.463477127254009247e-02
1.488491706550121307e-02
1.463131979107856750e-02
1.475504040718078613e-02
1.396709866821765900e-02
1.477879751473665237e-02
1.456143334507942200e-02
2.503350749611854553e-02
1.490924879908561707e-02
1.484146993607282639e-02
1.460762694478034973e-02
1.466862298548221588e-02
1.446317974478006363e-02
1.383460685610771179e-02
1.444028317928314209e-02
1.441445108503103256e-02
1.515763532370328903e-02
1.462132669985294342e-02
1.523017417639493942e-02
1.463311724364757538e-02
2.604172378778457642e-02
1.428643427789211273e-02
1.476877182722091675e-02
1.495889667421579361e-02
1.514797192066907883e-02
1.696146652102470398e-02
1.477220095694065094e-02
1.489593088626861572e-02
1.462291833013296127e-02
1.445357128977775574e-02
1.516476087272167206e-02
1.445206254720687866e-02
1.435877755284309387e-02
1.405872590839862823e-02
1.606644690036773682e-02
1.452973857522010803e-02
1.442717388272285461e-02
1.509869843721389771e-02
1.490116119384765625e-02
1.525611337274312973e-02
1.801611110568046570e-02
1.462647132575511932e-02
1.462846808135509491e-02
1.485872082412242889e-02
1.422958727926015854e-02
1.451450120657682419e-02
1.493213698267936707e-02
1.449691876769065857e-02
1.549137197434902191e-02
1.474802847951650620e-02
1.497725397348403931e-02
1.471817307174205780e-02
1.415568497031927109e-02
1.576602831482887268e-02
1.439752429723739624e-02
1.467745006084442139e-02
1.477519609034061432e-02
1.505445502698421478e-02
1.477547548711299896e-02
1.510398834943771362e-02
1.481203548610210419e-02
1.483248546719551086e-02
1.489742659032344818e-02
1.502026803791522980e-02
1.551263965666294098e-02
1.517504174262285233e-02
1.473821513354778290e-02
1.475761644542217255e-02
1.461461372673511505e-02
1.516426913440227509e-02
1.420560479164123535e-02
1.476670242846012115e-02
1.516166608780622482e-02
1.500179059803485870e-02
1.506436057388782501e-02
1.429763715714216232e-02
1.484469324350357056e-02
1.451485510915517807e-02
1.489481702446937561e-02
1.513293012976646423e-02
1.440537627786397934e-02
1.501353830099105835e-02
2.968608215451240540e-02
1.465318538248538971e-02
1.433262601494789124e-02
1.639357954263687134e-02
1.485170237720012665e-02
1.473891735076904297e-02
1.437319815158843994e-02
1.408071815967559814e-02
1.387066207826137543e-02
1.464645750820636749e-02
1.416229829192161560e-02
1.542981993407011032e-02
1.451679132878780365e-02
1.456367410719394684e-02
1.484186202287673950e-02
1.464099436998367310e-02
1.524240337312221527e-02
1.417956687510013580e-02
1.442754454910755157e-02
1.516743376851081848e-02
1.482747588306665421e-02
1.453024987131357193e-02
1.452177390456199646e-02
1.466450747102499008e-02
1.482739578932523727e-02
1.487079262733459473e-02
3.048470802605152130e-02
1.487222220748662949e-02
1.408143807202577591e-02
1.471807993948459625e-02
1.500632800161838531e-02
1.487710885703563690e-02
1.491625234484672546e-02
1.554167829453945160e-02
1.432157680392265320e-02
1.512948982417583466e-02
1.517188921570777893e-02
1.435622759163379669e-02
1.488821487873792648e-02
1.538112293928861618e-02
1.507619954645633698e-02
1.448232773691415787e-02
1.464141905307769775e-02
1.452074293047189713e-02
1.435846090316772461e-02
1.443983521312475204e-02
1.434704288840293884e-02
1.534671895205974579e-02
1.504118461161851883e-02
1.446911599487066269e-02
1.453357003629207611e-02
1.474026404321193695e-02
1.520463824272155762e-02
1.533795148134231567e-02
1.441435702145099640e-02
1.440498884767293930e-02
1.431606244295835495e-02
1.487465016543865204e-02
1.480530947446823120e-02
1.536176074296236038e-02
1.492494903504848480e-02
1.432542782276868820e-02
1.454574149101972580e-02
1.417494192719459534e-02
1.443741098046302795e-02
1.449202094227075577e-02
1.458692923188209534e-02
1.461539790034294128e-02
1.450099982321262360e-02
1.467131357640028000e-02
1.470586843788623810e-02
1.484996080398559570e-02
1.468497887253761292e-02
1.447863690555095673e-02
1.758182607591152191e-02
1.480039209127426147e-02
1.469911262392997742e-02
1.425809133797883987e-02
1.449215225875377655e-02
1.497780159115791321e-02
2.390102297067642212e-02
1.533487625420093536e-02
1.412151847034692764e-02
1.436520181596279144e-02
1.454463601112365723e-02
1.467514224350452423e-02
1.601039618253707886e-02
1.471163518726825714e-02
1.447291672229766846e-02
1.429586019366979599e-02
1.470496505498886108e-02
1.430692151188850403e-02
1.596073433756828308e-02
1.462881267070770264e-02
1.431974023580551147e-02
1.520850323140621185e-02
1.447318494319915771e-02
1.441619917750358582e-02
1.490958593785762787e-02
1.460565067827701569e-02
1.496241707354784012e-02
1.478908583521842957e-02
1.497515477240085602e-02
1.451718155294656754e-02
1.371329277753829956e-02
1.418151799589395523e-02
1.499715074896812439e-02
1.536214537918567657e-02
1.425288803875446320e-02
1.485186815261840820e-02
1.426625903695821762e-02
1.433531567454338074e-02
1.510718464851379395e-02
1.489313971251249313e-02
1.573031023144721985e-02
1.467326655983924866e-02
1.452875882387161255e-02
1.460876502096652985e-02
1.465182006359100342e-02
1.435329392552375793e-02
1.523675024509429932e-02
1.462055183947086334e-02
1.459935028105974197e-02
1.452484540641307831e-02
1.443118788301944733e-02
1.465531811118125916e-02
1.462029665708541870e-02
1.433524210005998611e-02
1.516986638307571411e-02
1.488274149596691132e-02
1.448129396885633469e-02
1.473844610154628754e-02
1.492517627775669098e-02
1.435771025717258453e-02
1.460014376789331436e-02
1.456647180020809174e-02
1.482373569160699844e-02
1.637157425284385681e-02
1.438260450959205627e-02
1.479005068540573120e-02
1.434230152517557144e-02
1.495658420026302338e-02
1.497073005884885788e-02
1.479310169816017151e-02
1.509071327745914459e-02
1.446927897632122040e-02
1.448271796107292175e-02
1.510711945593357086e-02
1.457314938306808472e-02
1.515031699091196060e-02
1.484481617808341980e-02
1.538579724729061127e-02
1.479273196309804916e-02
1.492773927748203278e-02
1.480775885283946991e-02
1.433184370398521423e-02
1.455907709896564484e-02
1.527827233076095581e-02
1.539456285536289215e-02
1.411016751080751419e-02
1.457558292895555496e-02
1.473626028746366501e-02
1.406367868185043335e-02
1.431449875235557556e-02
1.526304520666599274e-02
1.563940942287445068e-02
1.469845604151487350e-02
1.466370932757854462e-02
1.477146148681640625e-02
1.554135698825120926e-02
1.477180793881416321e-02
1.484483946114778519e-02
1.508789695799350739e-02
1.464007794857025146e-02
1.443801075220108032e-02
1.421300973743200302e-02
1.433062925934791565e-02
1.242760010063648224e-02
1.476504839956760406e-02
1.463790331035852432e-02
1.476990431547164917e-02
1.525071077048778534e-02
2.872523665428161621e-02
1.267894357442855835e-02
1.462827622890472412e-02
1.472280640155076981e-02
1.535313110798597336e-02
1.464141719043254852e-02
1.558040454983711243e-02
1.409323792904615402e-02
1.449920795857906342e-02
1.443079672753810883e-02
1.495709456503391266e-02
1.372176967561244965e-02
1.457395963370800018e-02
1.492406800389289856e-02
1.466531492769718170e-02
1.555256079882383347e-02
1.445803884416818619e-02
1.568892970681190491e-02
1.550323516130447388e-02
2.580699697136878967e-02
1.394699979573488235e-02
1.523703057318925858e-02
1.471124961972236633e-02
1.435657218098640442e-02
1.455215364694595337e-02
1.487936545163393021e-02
1.488440949469804764e-02
1.487181335687637329e-02
1.460081245750188828e-02
1.439286954700946808e-02
1.399833709001541138e-02
1.473397202789783478e-02
1.470716483891010284e-02
1.479001436382532120e-02
1.854671165347099304e-02
1.471709180623292923e-02
1.436224766075611115e-02
1.450911350548267365e-02
1.483341120183467865e-02
1.529309712350368500e-02
1.478583738207817078e-02
1.560697052627801895e-02
1.465423777699470520e-02
1.463965792208909988e-02
1.516726613044738770e-02
1.454282924532890320e-02
1.487989816814661026e-02
1.465194765478372574e-02
1.525067165493965149e-02
1.446907036006450653e-02
1.461920142173767090e-02
1.489860191941261292e-02
1.425922475755214691e-02
1.449317764490842819e-02
1.467340718954801559e-02
1.496617309749126434e-02
1.506767235696315765e-02
1.473682001233100891e-02
1.512753125280141830e-02
1.492739655077457428e-02
1.541553717106580734e-02
1.448129210621118546e-02
1.451895199716091156e-02
1.505417004227638245e-02
1.434199325740337372e-02
1.503276079893112183e-02
1.512984186410903931e-02
1.491413637995719910e-02
1.452391501516103745e-02
1.544428616762161255e-02
1.461692713201045990e-02
1.438540406525135040e-02
1.512867584824562073e-02
1.393822487443685532e-02
1.445234566926956177e-02
1.533561758697032928e-02
1.516695693135261536e-02
1.418645307421684265e-02
1.424837578088045120e-02
1.499099750071763992e-02
1.500892266631126404e-02
1.633299887180328369e-02
1.488257385790348053e-02
1.426618359982967377e-02
1.536006573587656021e-02
1.600830256938934326e-02
1.426440756767988205e-02
1.430475153028964996e-02
1.471475325524806976e-02
1.486867479979991913e-02
9.557948447763919830e-03
1.473025791347026825e-02
1.459568459540605545e-02
1.531640812754631042e-02
1.506337337195873260e-02
1.513421162962913513e-02
1.455012243241071701e-02
1.514970976859331131e-02
1.535507757216691971e-02
1.428363844752311707e-02
1.423323806375265121e-02
1.480990462005138397e-02
1.473637297749519348e-02
1.468110363930463791e-02
1.504447124898433685e-02
1.474818028509616852e-02
1.494174264371395111e-02
1.456742919981479645e-02
1.541682239621877670e-02
1.434526219964027405e-02
1.544450595974922180e-02
1.506623812019824982e-02
1.436251681298017502e-02
1.420659851282835007e-02
1.499516330659389496e-02
1.489165611565113068e-02
1.658639684319496155e-02
1.387264207005500793e-02
1.459056977182626724e-02
1.423292234539985657e-02
1.538022514432668686e-02
1.557732746005058289e-02
1.478483248502016068e-02
1.487491838634014130e-02
1.475566998124122620e-02
1.455029658973217010e-02
1.482275966554880142e-02
1.438646204769611359e-02
1.381093822419643402e-02
1.514791697263717651e-02
1.501179300248622894e-02
1.438880711793899536e-02
1.442132145166397095e-02
1.498987339437007904e-02
1.567609235644340515e-02
1.428508665412664413e-02
1.393060851842164993e-02
1.516511198133230209e-02
1.509949844330549240e-02
1.468513999134302139e-02
1.468183286488056183e-02
1.471981219947338104e-02
1.632188819348812103e-02
1.474577467888593674e-02
1.428053155541419983e-02
1.480204239487648010e-02
1.463049277663230896e-02
1.442974060773849487e-02
1.414237543940544128e-02
1.508862897753715515e-02
1.471852324903011322e-02
1.465646922588348389e-02
1.490494050085544586e-02
1.493916474282741547e-02
1.444945205003023148e-02
1.404234208166599274e-02
1.405072957277297974e-02
1.470618974417448044e-02
1.473242603242397308e-02
1.456989534199237823e-02
1.451889798045158386e-02
1.512969564646482468e-02
1.482630241662263870e-02
1.474209688603878021e-02
1.427912060171365738e-02
1.505647040903568268e-02
2.991656772792339325e-02
1.382706314325332642e-02
1.429604645818471909e-02
1.443252433091402054e-02
1.464108563959598541e-02
1.488712709397077560e-02
1.441512908786535263e-02
1.438882108777761459e-02
1.423436775803565979e-02
1.396148651838302612e-02
1.486906222999095917e-02
2.003083750605583191e-02
1.479244045913219452e-02
1.461363118141889572e-02
1.417235843837261200e-02
1.485254615545272827e-02
1.483438163995742798e-02
1.504579558968544006e-02
1.440159697085618973e-02
1.441575028002262115e-02
1.489124819636344910e-02
1.510947756469249725e-02
1.450029574334621429e-02
1.420041173696517944e-02
1.484044734388589859e-02
1.388581469655036926e-02
1.467583701014518738e-02
1.442184112966060638e-02
1.526612602174282074e-02
1.535359863191843033e-02
1.476876717060804367e-02
1.486648246645927429e-02
1.443282235413789749e-02
2.051233127713203430e-02
1.442817505449056625e-02
1.462163962423801422e-02
1.538135483860969543e-02
1.505838707089424133e-02
1.465446501970291138e-02
1.472553610801696777e-02
1.477479096502065659e-02
1.443191338330507278e-02
1.431294437497854233e-02
1.471267547458410263e-02
1.427023299038410187e-02
1.476474106311798096e-02
1.508085615932941437e-02
1.508186571300029755e-02
1.542958524078130722e-02
1.483645662665367126e-02
2.100280672311782837e-02
1.486999820917844772e-02
1.509423553943634033e-02
1.437097042798995972e-02
1.473195385187864304e-02
1.434407103806734085e-02
1.479174569249153137e-02
1.469888910651206970e-02
1.511951256543397903e-02
1.436620205640792847e-02
1.487360894680023193e-02
1.402998901903629303e-02
1.424866262823343277e-02
1.477249991148710251e-02
1.446515135467052460e-02
1.474936492741107941e-02
1.472883764654397964e-02
1.438545528799295425e-02
1.531729847192764282e-02
1.436931360512971878e-02
1.612709090113639832e-02
1.458797790110111237e-02
1.423214655369520187e-02
1.475764997303485870e-02
1.532924547791481018e-02
1.413737051188945770e-02
1.434796117246150970e-02
1.439420133829116821e-02
1.465122774243354797e-02
1.444106921553611755e-02
1.467861887067556381e-02
1.472616568207740784e-02
1.441670674830675125e-02
1.490321569144725800e-02
2.172134816646575928e-02
1.475001126527786255e-02
1.398953050374984741e-02
1.486759632825851440e-02
1.452321372926235199e-02
1.447832025587558746e-02
1.484870910644531250e-02
1.498980633914470673e-02
1.492901146411895752e-02
1.509890332818031311e-02
1.442537270486354828e-02
1.448426954448223114e-02
1.510551013052463531e-02
1.466594450175762177e-02
1.437356416136026382e-02
1.468540914356708527e-02
1.412547938525676727e-02
1.462278701364994049e-02
1.460572704672813416e-02
1.484389416873455048e-02
1.426192466169595718e-02
1.494704186916351318e-02
1.462489180266857147e-02
1.532460097223520279e-02
1.525610499083995819e-02
1.527100801467895508e-02
1.468449272215366364e-02
1.463221386075019836e-02
1.493564527481794357e-02
1.436433102935552597e-02
1.442689262330532074e-02
1.408519409596920013e-02
1.537725888192653656e-02
1.564392820000648499e-02
1.469362340867519379e-02
1.535965222865343094e-02
1.461655460298061371e-02
1.505690068006515503e-02
1.492752693593502045e-02
1.504695415496826172e-02
1.469381246715784073e-02
1.395024359226226807e-02
1.460838783532381058e-02
1.487558614462614059e-02
1.478886324912309647e-02
1.450499519705772400e-02
1.470979675650596619e-02
1.435632072389125824e-02
1.448999531567096710e-02
1.454208604991436005e-02
1.512258686125278473e-02
1.471188757568597794e-02
1.507660560309886932e-02
1.499555632472038269e-02
1.463218778371810913e-02
1.381598412990570068e-02
1.630708388984203339e-02
1.456063147634267807e-02
1.486514974385499954e-02
1.473288703709840775e-02
1.487495191395282745e-02
1.437207218259572983e-02
1.446038484573364258e-02
1.475916430354118347e-02
1.463747024536132812e-02
1.492751203477382660e-02
1.489989738911390305e-02
1.473477017134428024e-02
1.455476321280002594e-02
1.473471056669950485e-02
1.490134838968515396e-02
1.461292430758476257e-02
1.496682595461606979e-02
2.308086119592189789e-02
1.545145735144615173e-02
1.480526849627494812e-02
1.487931981682777405e-02
1.526837609708309174e-02
1.446956116706132889e-02
1.482887938618659973e-02
1.487259939312934875e-02
1.447699964046478271e-02
1.485216151922941208e-02
1.434934325516223907e-02
1.497141737490892410e-02
1.511135511100292206e-02
1.561979949474334717e-02
1.586839370429515839e-02
1.464268192648887634e-02
1.459496654570102692e-02
1.447027549147605896e-02
1.518017146736383438e-02
1.475077867507934570e-02
1.555580459535121918e-02
1.455053221434354782e-02
1.494274288415908813e-02
1.457119267433881760e-02
1.491340063512325287e-02
1.461991295218467712e-02
1.454535033553838730e-02
1.480191107839345932e-02
1.470348890870809555e-02
1.506016962230205536e-02
1.486772950738668442e-02
1.453040540218353271e-02
1.526776514947414398e-02
1.479072868824005127e-02
1.419348828494548798e-02
1.453273277729749680e-02
1.428935863077640533e-02
1.441140472888946533e-02
1.458028238266706467e-02
1.583100855350494385e-02
1.492694765329360962e-02
1.480220817029476166e-02
1.455303095281124115e-02
1.521067973226308823e-02
1.478338427841663361e-02
1.455483213067054749e-02
1.577731035649776459e-02
1.445454545319080353e-02
1.486905291676521301e-02
1.428824663162231445e-02
1.451699435710906982e-02
1.503781694918870926e-02
1.460822299122810364e-02
2.940103225409984589e-02
1.448092516511678696e-02
1.479722186923027039e-02
1.480513252317905426e-02
1.440860982984304428e-02
1.485339924693107605e-02
1.398112066090106964e-02
1.461796090006828308e-02
1.488014683127403259e-02
1.512980274856090546e-02
1.456468179821968079e-02
1.474975049495697021e-02
1.516903750598430634e-02
1.434936840087175369e-02
1.510737743228673935e-02
1.466904766857624054e-02
1.465044543147087097e-02
1.464433223009109497e-02
1.483863592147827148e-02
1.459451671689748764e-02
1.527374144643545151e-02
1.482204534113407135e-02
1.458905450999736786e-02
1.430422067642211914e-02
1.391172222793102264e-02
1.436758413910865784e-02
1.339300908148288727e-02
1.555372215807437897e-02
3.633929789066314697e-02
1.372888591140508652e-02
1.623495668172836304e-02
1.389513723552227020e-02
1.420378405600786209e-02
1.433913130313158035e-02
1.431456301361322403e-02
1.506387814879417419e-02
1.498580724000930786e-02
1.446884777396917343e-02
1.433890592306852341e-02
1.482211984694004059e-02
1.468489598482847214e-02
1.589694246649742126e-02
1.474995631724596024e-02
1.473797298967838287e-02
1.436246093362569809e-02
1.478074397891759872e-02
1.483561284840106964e-02
1.480476837605237961e-02
1.482209470123052597e-02
1.444679498672485352e-02
1.504409965127706528e-02
1.452064700424671173e-02
1.451031025499105453e-02
1.492387801408767700e-02
1.403109543025493622e-02
1.521327812224626541e-02
1.442164368927478790e-02
1.508081797510385513e-02
1.467400975525379181e-02
1.439917273819446564e-02
1.465876121073961258e-02
1.487713679671287537e-02
1.482397783547639847e-02
1.495244726538658142e-02
1.431371830403804779e-02
1.474156044423580170e-02
2.834402956068515778e-02
1.474455185234546661e-02
1.477536186575889587e-02
1.542074233293533325e-02
1.675754040479660034e-02
1.414382643997669220e-02
1.456248573958873749e-02
1.449894998222589493e-02
1.507670618593692780e-02
1.669079065322875977e-02
1.459736656397581100e-02
1.473034638911485672e-02
1.516117341816425323e-02
1.458555646240711212e-02
1.443935744464397430e-02
1.432027760893106461e-02
1.485112123191356659e-02
1.462466642260551453e-02
1.446592435240745544e-02
1.396020688116550446e-02
1.456093415617942810e-02
1.452805474400520325e-02
1.429993007332086563e-02
1.471918262541294098e-02
1.460120081901550293e-02
1.458539627492427826e-02
1.460193842649459839e-02
1.450362242758274078e-02
1.448869332671165466e-02
1.433140411972999573e-02
1.431950554251670837e-02
1.503116264939308167e-02
1.749177090823650360e-02
1.517401263117790222e-02
1.450658962130546570e-02
1.428575068712234497e-02
1.511019002646207809e-02
1.413084845989942551e-02
1.418941747397184372e-02
1.458480302244424820e-02
1.458235643804073334e-02
1.505441218614578247e-02
1.512300968170166016e-02
1.463552005589008331e-02
1.489686220884323120e-02
1.528566330671310425e-02
1.510148867964744568e-02
1.527228951454162598e-02
1.465257070958614349e-02
1.446641981601715088e-02
1.434185542166233063e-02
1.442349050194025040e-02
1.379568688571453094e-02
1.415348518639802933e-02
1.424624770879745483e-02
1.502559147775173187e-02
1.468028128147125244e-02
1.621899195015430450e-02
1.482938509434461594e-02
1.440216600894927979e-02
1.398609951138496399e-02
1.465293392539024353e-02
1.503957808017730713e-02
1.464734971523284912e-02
1.445077080279588699e-02
1.496795658022165298e-02
1.477559003978967667e-02
1.530369184911251068e-02
1.531135290861129761e-02
1.501894835382699966e-02
1.442408002912998199e-02
1.467768289148807526e-02
1.441816613078117371e-02
1.442516408860683441e-02
1.655547693371772766e-02
1.431754417717456818e-02
1.446347124874591827e-02
1.413856633007526398e-02
1.440849341452121735e-02
1.490265317261219025e-02
1.476454362273216248e-02
1.933617889881134033e-02
1.510170847177505493e-02
1.441188156604766846e-02
1.525382976979017258e-02
1.510988548398017883e-02
1.462826412171125412e-02
1.447197701781988144e-02
1.453136932104825974e-02
2.953778766095638275e-02
1.438370347023010254e-02
1.531365700066089630e-02
1.437869016081094742e-02
1.490174606442451477e-02
1.393471844494342804e-02
1.455850712954998016e-02
1.447464525699615479e-02
1.442582439631223679e-02
1.480808481574058533e-02
1.443782728165388107e-02
1.441329251974821091e-02
1.538907177746295929e-02
1.475363038480281830e-02
1.436522044241428375e-02
1.524984464049339294e-02
1.483880449086427689e-02
1.471484266221523285e-02
1.438233070075511932e-02
1.508010458201169968e-02
2.771629951894283295e-02
1.406873390078544617e-02
1.461942307651042938e-02
1.462983153760433197e-02
1.465570926666259766e-02
1.492806896567344666e-02
1.464768033474683762e-02
1.514033600687980652e-02
1.471641287207603455e-02
1.418648939579725266e-02
1.457573473453521729e-02
1.636523753404617310e-02
1.434591412544250488e-02
1.484502479434013367e-02
1.436277013272047043e-02
1.454673148691654205e-02
1.463735196739435196e-02
1.488711126148700714e-02
1.564282551407814026e-02
1.452978793531656265e-02
1.534271705895662308e-02
1.425144262611865997e-02
1.446367800235748291e-02
1.474519819021224976e-02
1.550755836069583893e-02
1.457434892654418945e-02
1.533797662705183029e-02
1.471887156367301941e-02
1.501440629363059998e-02
1.423407811671495438e-02
1.585028879344463348e-02
1.490195468068122864e-02
1.525182463228702545e-02
1.514889299869537354e-02
1.393739320337772369e-02
1.457298733294010162e-02
1.462954375892877579e-02
1.454053074121475220e-02
1.412102393805980682e-02
1.483688503503799438e-02
1.513536460697650909e-02
1.449986360967159271e-02
1.472565904259681702e-02
1.518521085381507874e-02
1.577167212963104248e-02
1.451619528234004974e-02
1.506618224084377289e-02
1.464336365461349487e-02
1.413544453680515289e-02
1.472301594913005829e-02
1.425832416862249374e-02
1.415546145290136337e-02
1.430818624794483185e-02
1.439228560775518417e-02
1.474780775606632233e-02
1.483585871756076813e-02
2.142999321222305298e-02
1.557055860757827759e-02
1.435833144932985306e-02
1.781052723526954651e-02
1.457606628537178040e-02
1.414753217250108719e-02
1.429450325667858124e-02
1.464645098894834518e-02
1.486455835402011871e-02
1.370980776846408844e-02
1.487567182630300522e-02
1.518552750349044800e-02
1.469870936125516891e-02
1.432836987078189850e-02
1.437327079474925995e-02
1.515232399106025696e-02
1.433776132762432098e-02
1.470242626965045929e-02
1.423267461359500885e-02
1.412097178399562836e-02
1.452874764800071716e-02
1.378652453422546387e-02
1.404313556849956512e-02
1.490607392042875290e-02
1.479447074234485626e-02
1.469488441944122314e-02
1.501452736556529999e-02
1.506626419723033905e-02
1.469629071652889252e-02
1.541873998939990997e-02
1.500740647315979004e-02
1.436087861657142639e-02
1.475441083312034607e-02
3.434586524963378906e-02
1.375601440668106079e-02
1.451127044856548309e-02
1.513860560953617096e-02
1.443956792354583740e-02
1.455875672399997711e-02
1.504239533096551895e-02
1.478926278650760651e-02
1.466150954365730286e-02
1.486261188983917236e-02
1.452331151813268661e-02
1.493643596768379211e-02
1.480712369084358215e-02
1.470745541155338287e-02
1.437298022210597992e-02
1.491662114858627319e-02
1.616669632494449615e-02
1.534944307059049606e-02
1.439817808568477631e-02
1.495811529457569122e-02
1.419831439852714539e-02
1.331673935055732727e-02
1.488955691456794739e-02
1.467511616647243500e-02
1.481405459344387054e-02
1.440839841961860657e-02
1.454928144812583923e-02
1.436161808669567108e-02
1.433365233242511749e-02
1.638382673263549805e-02
1.476926170289516449e-02
1.410353370010852814e-02
1.569455116987228394e-02
1.481543853878974915e-02
1.561292074620723724e-02
1.511127874255180359e-02
1.480638794600963593e-02
1.470406632870435715e-02
1.633871719241142273e-02
1.425910741090774536e-02
1.465588994324207306e-02
1.450537145137786865e-02
1.458412036299705505e-02
1.444465015083551407e-02
1.428408268839120865e-02
1.533716917037963867e-02
1.450314559042453766e-02
1.410402916371822357e-02
1.447109505534172058e-02
1.498405635356903076e-02
1.304629258811473846e-02
1.481693796813488007e-02
1.450335234403610229e-02
1.476450264453887939e-02
1.495675463229417801e-02
1.485299412161111832e-02
1.428224332630634308e-02
1.555664278566837311e-02
1.451290212571620941e-02
1.425256486982107162e-02
1.453206688165664673e-02
1.423723995685577393e-02
1.484796963632106781e-02
1.511608064174652100e-02
1.435292512178421021e-02
1.430279854685068130e-02
1.489013247191905975e-02
1.447593048214912415e-02
1.516143605113029480e-02
1.431228965520858765e-02
1.731220260262489319e-02
1.409642025828361511e-02
1.438648812472820282e-02
1.494587585330009460e-02
1.456978730857372284e-02
1.471046358346939087e-02
1.494970452040433884e-02
1.478954218327999115e-02
1.519449613988399506e-02
1.425395440310239792e-02
1.442395150661468506e-02
1.471908576786518097e-02
1.390505395829677582e-02
1.465402729809284210e-02
1.504569128155708313e-02
1.398462243378162384e-02
1.458546705543994904e-02
1.406248658895492554e-02
1.447119005024433136e-02
1.437814533710479736e-02
1.428763009607791901e-02
1.457283925265073776e-02
1.431035902351140976e-02
1.442598365247249603e-02
1.430486794561147690e-02
1.475124061107635498e-02
1.515193749219179153e-02
1.445526257157325745e-02
1.479684095829725266e-02
1.473358087241649628e-02
1.444710697978734970e-02
1.498068682849407196e-02
1.462275907397270203e-02
1.429406180977821350e-02
1.483952254056930542e-02
1.417974196374416351e-02
1.406900305300951004e-02
1.525665819644927979e-02
1.414793357253074646e-02
1.450434792786836624e-02
1.425971183925867081e-02
1.458899676799774170e-02
1.494733244180679321e-02
1.430455967783927917e-02
1.420510839670896530e-02
1.440215855836868286e-02
1.471541449427604675e-02
1.481158193200826645e-02
1.499878987669944763e-02
1.461196318268775940e-02
1.448712311685085297e-02
1.435153651982545853e-02
1.473265700042247772e-02
1.478247158229351044e-02
1.463750563561916351e-02
1.503869704902172089e-02
1.454468071460723877e-02
1.485742814838886261e-02
1.416979916393756866e-02
1.406583562493324280e-02
1.507990993559360504e-02
1.528370752930641174e-02
1.496264711022377014e-02
1.495622843503952026e-02
1.557360496371984482e-02
1.482763607054948807e-02
1.486162282526493073e-02
1.511278003454208374e-02
1.463630609214305878e-02
1.401261799037456512e-02
1.450618356466293335e-02
1.468484662473201752e-02
1.500173844397068024e-02
1.548994984477758408e-02
1.518721505999565125e-02
1.428146101534366608e-02
1.038620248436927795e-02
1.526694931089878082e-02
1.486368104815483093e-02
1.526398211717605591e-02
1.445676013827323914e-02
1.498309988528490067e-02
1.433527935296297073e-02
1.560932118445634842e-02
1.610699854791164398e-02
1.460226811468601227e-02
1.462634652853012085e-02
1.458283048123121262e-02
1.549062784761190414e-02
1.517073158174753189e-02
1.430165953934192657e-02
1.360819488763809204e-02
1.487128809094429016e-02
1.486115623265504837e-02
1.513883937150239944e-02
1.484674960374832153e-02
1.499594748020172119e-02
1.438512653112411499e-02
1.412239670753479004e-02
1.796878688037395477e-02
1.469707954674959183e-02
1.454228814691305161e-02
1.487525925040245056e-02
1.472009345889091492e-02
1.971896179020404816e-02
1.404120214283466339e-02
1.402408815920352936e-02
1.465909183025360107e-02
1.443228404968976974e-02
1.502457633614540100e-02
1.503594964742660522e-02
1.427577156573534012e-02
1.482713595032691956e-02
1.452835462987422943e-02
1.454392820596694946e-02
1.435207948088645935e-02
1.464454457163810730e-02
1.512262038886547089e-02
2.856402844190597534e-02
1.471539493650197983e-02
1.592487096786499023e-02
1.469638384878635406e-02
1.446631737053394318e-02
1.501050777733325958e-02
1.435953471809625626e-02
1.462540030479431152e-02
1.471722777932882309e-02
1.491104066371917725e-02
1.503028161823749542e-02
1.466759573668241501e-02
1.578927598893642426e-02
1.469152513891458511e-02
1.425139047205448151e-02
1.535497419536113739e-02
1.445643603801727295e-02
1.539040450006723404e-02
1.472984813153743744e-02
1.413759682327508926e-02
1.466822624206542969e-02
1.467752084136009216e-02
1.485583838075399399e-02
1.463235542178153992e-02
1.440876070410013199e-02
1.490429881960153580e-02
1.498095691204071045e-02
1.543065812438726425e-02
1.621862500905990601e-02
1.455288939177989960e-02
1.428607758134603500e-02
1.476383488625288010e-02
1.455739326775074005e-02
1.399940997362136841e-02
1.462283916771411896e-02
1.450760476291179657e-02
1.482732966542243958e-02
1.477024890482425690e-02
1.485085953027009964e-02
1.426196191459894180e-02
1.463733986020088196e-02
1.377291232347488403e-02
1.454433053731918335e-02
1.407171040773391724e-02
1.843211427330970764e-02
1.421467587351799011e-02
1.464682444930076599e-02
1.536735333502292633e-02
1.435963064432144165e-02
1.486875861883163452e-02
1.478965766727924347e-02
1.416659075766801834e-02
1.482919976115226746e-02
1.671568490564823151e-02
1.451761089265346527e-02
1.405374892055988312e-02
1.423955336213111877e-02
1.510657928884029388e-02
1.474826782941818237e-02
1.371778175234794617e-02
1.530340500175952911e-02
1.440028753131628036e-02
1.515784487128257751e-02
1.545569673180580139e-02
1.393434591591358185e-02
1.514905318617820740e-02
1.568669825792312622e-02
1.471072435379028320e-02
1.508147548884153366e-02
1.443634741008281708e-02
1.465414557605981827e-02
1.481288857758045197e-02
1.487224549055099487e-02
1.415343116968870163e-02
1.540353149175643921e-02
1.545262988656759262e-02
1.441527064889669418e-02
2.481775172054767609e-02
1.535321027040481567e-02
1.481040474027395248e-02
1.523873396217823029e-02
2.014551311731338501e-02
1.512573193758726120e-02
1.409000717103481293e-02
1.604084856808185577e-02
1.464273687452077866e-02
1.408318243920803070e-02
1.497788634151220322e-02
1.443874835968017578e-02
1.427158713340759277e-02
1.405873242765665054e-02
1.481319405138492584e-02
1.466222852468490601e-02
1.476303301751613617e-02
1.411657780408859253e-02
1.553867757320404053e-02
1.487874891608953476e-02
2.581715583801269531e-02
2.528430335223674774e-02
1.522851362824440002e-02
1.507466100156307220e-02
1.528572198003530502e-02
1.441869139671325684e-02
1.433761045336723328e-02
1.479993853718042374e-02
1.440963800996541977e-02
1.560301519930362701e-02
1.413127314299345016e-02
1.415481977164745331e-02
1.522930804640054703e-02
1.461990736424922943e-02
1.458419766277074814e-02
1.410448271781206131e-02
1.431186590343713760e-02
1.514665130525827408e-02
1.498083397746086121e-02
1.537633128464221954e-02
1.545238308608531952e-02
1.443579886108636856e-02
1.453155465424060822e-02
1.379839144647121429e-02
1.507155224680900574e-02
1.511748693883419037e-02
1.475123502314090729e-02
1.427194196730852127e-02
1.444610022008419037e-02
1.452126540243625641e-02
1.492684893310070038e-02
1.458169426769018173e-02
1.434832438826560974e-02
1.466014701873064041e-02
1.450085639953613281e-02
1.429051719605922699e-02
1.464012451469898224e-02
1.443979609757661819e-02
1.518986746668815613e-02
1.424521114677190781e-02
1.434962637722492218e-02
1.590038463473320007e-02
1.500372402369976044e-02
1.451051421463489532e-02
1.480341237038373947e-02
1.472780667245388031e-02
1.398374419659376144e-02
1.477903686463832855e-02
1.502778287976980209e-02
1.421726681292057037e-02
1.357613783329725266e-02
1.503551378846168518e-02
1.465111318975687027e-02
1.477688737213611603e-02
1.470343023538589478e-02
1.523845922201871872e-02
1.474724430590867996e-02
1.441215816885232925e-02
1.431752368807792664e-02
1.482106931507587433e-02
1.496733166277408600e-02
1.515503972768783569e-02
1.458530221134424210e-02
1.396536082029342651e-02
1.384304277598857880e-02
1.493625901639461517e-02
1.819432526826858521e-02
1.450612582266330719e-02
1.365208812057971954e-02
1.446849107742309570e-02
1.433580927550792694e-02
1.462939009070396423e-02
1.407427527010440826e-02
1.397595740854740143e-02
1.498099602758884430e-02
1.443013828247785568e-02
1.432135328650474548e-02
1.449126563966274261e-02
1.480946410447359085e-02
1.527567766606807709e-02
1.570530235767364502e-02
1.439689751714468002e-02
1.456946227699518204e-02
1.467642746865749359e-02
1.446196157485246658e-02
1.468809414654970169e-02
1.511826179921627045e-02
1.457472704350948334e-02
1.483332552015781403e-02
1.466286927461624146e-02
1.463153958320617676e-02
1.485125720500946045e-02
1.473582070320844650e-02
1.444151718169450760e-02
1.419709343463182449e-02
1.445284672081470490e-02
1.426417753100395203e-02
1.498391199856996536e-02
1.451712194830179214e-02
1.507220230996608734e-02
1.483314018696546555e-02
1.428708154708147049e-02
1.472747791558504105e-02
1.501893438398838043e-02
1.434284634888172150e-02
1.498388778418302536e-02
1.442871801555156708e-02
1.476735249161720276e-02
1.452741492539644241e-02
1.485844980925321579e-02
1.497107185423374176e-02
1.576687768101692200e-02
1.518963277339935303e-02
1.480178534984588623e-02
1.421510335057973862e-02
1.523351483047008514e-02
3.359250351786613464e-02
1.450027246028184891e-02
1.460125762969255447e-02
1.458560861647129059e-02
1.415412593632936478e-02
1.494558528065681458e-02
1.594090461730957031e-02
1.493805833160877228e-02
1.428039371967315674e-02
1.462445501238107681e-02
1.533098984509706497e-02
1.473605073988437653e-02
1.483777631074190140e-02
1.489658281207084656e-02
1.548265945166349411e-02
2.598481997847557068e-02
1.425928622484207153e-02
1.512187346816062927e-02
1.506432145833969116e-02
1.456415094435214996e-02
1.516617089509963989e-02
1.538896001875400543e-02
1.484174095094203949e-02
1.511961780488491058e-02
1.607275009155273438e-02
1.465297490358352661e-02
1.439692452549934387e-02
1.488163974136114120e-02
1.454981416463851929e-02
1.436039153486490250e-02
1.462953910231590271e-02
1.469334214925765991e-02
1.659679785370826721e-02
1.426881179213523865e-02
1.513584889471530914e-02
1.483864802867174149e-02
1.443932764232158661e-02
1.458034198731184006e-02
1.588926278054714203e-02
1.463047415018081665e-02
1.498667988926172256e-02
1.484647393226623535e-02
1.457855850458145142e-02
1.489671785384416580e-02
1.514657028019428253e-02
1.483797095715999603e-02
1.561482157558202744e-02
1.425568480044603348e-02
1.402280479669570923e-02
1.469134725630283356e-02
1.501318812370300293e-02
1.478173676878213882e-02
1.458501163870096207e-02
1.451672799885272980e-02
1.401126570999622345e-02
1.544163469225168228e-02
1.503477338701486588e-02
1.470691710710525513e-02
1.496056094765663147e-02
1.484629418700933456e-02
1.456600427627563477e-02
1.429668068885803223e-02
2.558317035436630249e-02
1.512847095727920532e-02
1.622228324413299561e-02
1.500207558274269104e-02
1.446149684488773346e-02
1.566998288035392761e-02
1.458954438567161560e-02
1.461337041109800339e-02
1.451369002461433411e-02
1.448022481054067612e-02
1.498702354729175568e-02
1.482110098004341125e-02
1.405946258455514908e-02
1.503528840839862823e-02
1.512202806770801544e-02
1.375343091785907745e-02
1.439670100808143616e-02
1.479415502399206161e-02
1.431034412235021591e-02
1.496280357241630554e-02
1.454266812652349472e-02
1.507532410323619843e-02
1.417169533669948578e-02
1.412102207541465759e-02
1.477428339421749115e-02
1.745342463254928589e-02
1.510470826178789139e-02
1.439422555267810822e-02
1.524248532950878143e-02
1.488623209297657013e-02
1.568451337516307831e-02
1.490359567105770111e-02
1.456284523010253906e-02
1.473891362547874451e-02
1.451967097818851471e-02
1.509205251932144165e-02
1.442446373403072357e-02
1.447151135653257370e-02
1.473356969654560089e-02
1.709664985537528992e-02
1.502238214015960693e-02
1.451039314270019531e-02
1.481027062982320786e-02
1.477293297648429871e-02
1.447377167642116547e-02
1.373867690563201904e-02
1.458603236824274063e-02
1.440504845231771469e-02
1.497653126716613770e-02
1.489149406552314758e-02
1.450182497501373291e-02
1.477363891899585724e-02
1.410075835883617401e-02
1.430613826960325241e-02
1.473820675164461136e-02
1.384730264544487000e-02
1.449750177562236786e-02
1.516201905906200409e-02
1.498859934508800507e-02
1.442232541739940643e-02
1.511514466255903244e-02
1.515996456146240234e-02
1.486948691308498383e-02
1.505690626800060272e-02
1.438356470316648483e-02
1.430597342550754547e-02
1.516917161643505096e-02
1.435348391532897949e-02
1.484595146030187607e-02
1.494180969893932343e-02
1.439757924526929855e-02
1.512266136705875397e-02
1.453770138323307037e-02
1.432318426668643951e-02
1.488957460969686508e-02
1.477612927556037903e-02
1.419440843164920807e-02
1.492002978920936584e-02
1.508949045091867447e-02
1.440951414406299591e-02
1.516410522162914276e-02
1.453876681625843048e-02
1.480771973729133606e-02
1.468979939818382263e-02
1.408294215798377991e-02
1.421964354813098907e-02
1.456041540950536728e-02
1.547898165881633759e-02
1.493303757160902023e-02
1.554811559617519379e-02
1.377813145518302917e-02
1.467225141823291779e-02
1.453064382076263428e-02
1.433374546468257904e-02
1.434836722910404205e-02
1.398912724107503891e-02
1.481012720614671707e-02
1.400606147944927216e-02
1.413933932781219482e-02
1.504997164011001587e-02
1.465030200779438019e-02
1.522068679332733154e-02
1.456312928348779678e-02
1.513221301138401031e-02
1.475886069238185883e-02
1.446875557303428650e-02
1.378971524536609650e-02
1.493551675230264664e-02
1.401624828577041626e-02
1.570311747491359711e-02
1.413258165121078491e-02
1.508152857422828674e-02
1.447983551770448685e-02
1.461916416883468628e-02
1.459678169339895248e-02
1.490922458469867706e-02
1.540617085993289948e-02
1.583711430430412292e-02
1.500098221004009247e-02
1.488025486469268799e-02
1.405322737991809845e-02
1.474301330745220184e-02
1.489737350493669510e-02
1.422972232103347778e-02
1.458639930933713913e-02
1.444104127585887909e-02
1.495925150811672211e-02
1.461668871343135834e-02
1.534187607467174530e-02
1.471259351819753647e-02
1.443168893456459045e-02
1.467642188072204590e-02
1.499225664883852005e-02
1.598038338124752045e-02
1.504561677575111389e-02
1.461603026837110519e-02
1.420106180012226105e-02
1.488858554512262344e-02
1.440254040062427521e-02
1.478038541972637177e-02
1.492339652031660080e-02
1.499462779611349106e-02
1.510935463011264801e-02
1.466606743633747101e-02
1.441205199807882309e-02
1.466169767081737518e-02
1.508026104420423508e-02
1.498684100806713104e-02
1.415569894015789032e-02
1.466251350939273834e-02
1.443678326904773712e-02
1.457346230745315552e-02
1.511575654149055481e-02
1.497752498835325241e-02
1.404131017625331879e-02
1.473092939704656601e-02
1.500704884529113770e-02
1.439346559345722198e-02
1.452129147946834564e-02
1.480364985764026642e-02
1.523033808916807175e-02
1.608295738697052002e-02
1.544460840523242950e-02
1.473786216229200363e-02
1.482210867106914520e-02
1.515803486108779907e-02
1.461552642285823822e-02
1.502619590610265732e-02
1.479477621614933014e-02
1.490273699164390564e-02
1.440875977277755737e-02
1.448196172714233398e-02
1.507416553795337677e-02
1.559644006192684174e-02
1.515131350606679916e-02
1.472285855561494827e-02
1.392306946218013763e-02
1.463074609637260437e-02
1.461570803076028824e-02
1.474018767476081848e-02
1.413504686206579208e-02
1.494752243161201477e-02
1.477782242000102997e-02
1.474133133888244629e-02
1.515697408467531204e-02
1.462270785123109818e-02
1.440051570534706116e-02
1.492908224463462830e-02
1.443076226860284805e-02
1.443020533770322800e-02
1.484525110572576523e-02
1.469850540161132812e-02
1.453516911715269089e-02
1.520128734409809113e-02
1.473427377641201019e-02
1.488309726119041443e-02
1.491123531013727188e-02
1.473926566541194916e-02
1.462954282760620117e-02
1.836401969194412231e-02
1.479266025125980377e-02
1.465683337301015854e-02
1.456474699079990387e-02
1.450542826205492020e-02
1.481436938047409058e-02
1.484390906989574432e-02
1.416894514113664627e-02
1.655772328376770020e-02
1.389432884752750397e-02
1.454367488622665405e-02
1.497920881956815720e-02
1.499142125248908997e-02
1.490680873394012451e-02
1.451723277568817139e-02
1.502482220530509949e-02
1.441137120127677917e-02
1.483768410980701447e-02
1.476009935140609741e-02
1.469010300934314728e-02
1.448330935090780258e-02
1.409292779862880707e-02
1.486821565777063370e-02
1.432996988296508789e-02
1.432777009904384613e-02
1.422785874456167221e-02
1.490071043372154236e-02
1.417448744177818298e-02
1.447290461510419846e-02
1.510483492165803909e-02
1.525507029145956039e-02
1.415980421006679535e-02
1.806635037064552307e-02
1.433396618813276291e-02
1.531718485057353973e-02
1.439519226551055908e-02
1.489514485001564026e-02
1.519306935369968414e-02
1.413377746939659119e-02
1.481192000210285187e-02
1.431258767843246460e-02
1.679744943976402283e-02
1.451303996145725250e-02
1.442332938313484192e-02
1.484024710953235626e-02
1.492880843579769135e-02
1.372432336211204529e-02
1.480444893240928650e-02
1.970529183745384216e-02
1.514650695025920868e-02
1.477936096489429474e-02
1.489419862627983093e-02
1.577537506818771362e-02
1.477438304573297501e-02
1.593811437487602234e-02
1.521827932447195053e-02
1.407802943140268326e-02
1.477472018450498581e-02
1.487732399255037308e-02
1.436604931950569153e-02
1.459594815969467163e-02
1.435631886124610901e-02
1.498557627201080322e-02
1.466760970652103424e-02
1.436440646648406982e-02
1.495509501546621323e-02
1.426538079977035522e-02
1.457676105201244354e-02
1.486661843955516815e-02
1.423102989792823792e-02
1.441603153944015503e-02
1.420623622834682465e-02
1.435427088290452957e-02
1.466623321175575256e-02
1.379930041730403900e-02
1.872380264103412628e-02
1.468982826918363571e-02
1.472757756710052490e-02
