<system>Protocol: Active. Attitude: Sassy.</system>
2.747783437371253967e-02
2.615103311836719513e-02
2.756872773170471191e-02
2.408513426780700684e-02
2.077660150825977325e-02
2.189031988382339478e-02
2.095796354115009308e-02
2.147806808352470398e-02
2.238279022276401520e-02
2.184199541807174683e-02
1.977801322937011719e-02
2.212461084127426147e-02
2.019010484218597412e-02
2.727994881570339203e-02
2.359567768871784210e-02
2.102165296673774719e-02
2.006277628242969513e-02
1.817618869245052338e-02
1.960418932139873505e-02
2.786958031356334686e-02
2.449689432978630066e-02
2.016136050224304199e-02
2.460483834147453308e-02
1.700834557414054871e-02
1.497485395520925522e-02
2.170182764530181885e-02
2.529289014637470245e-02
1.769550517201423645e-02
2.360033430159091949e-02
2.034574560821056366e-02
2.073645964264869690e-02
1.744626089930534363e-02
4.494038969278335571e-02
3.341661393642425537e-02
2.111283689737319946e-02
1.938283443450927734e-02
2.443216368556022644e-02
1.855891570448875427e-02
2.102594636380672455e-02
2.119116857647895813e-02
2.175987884402275085e-02
2.212628722190856934e-02
2.741612680256366730e-02
1.912798359990119934e-02
2.695892751216888428e-02
2.307404205203056335e-02
2.281663194298744202e-02
2.450939640402793884e-02
2.629554830491542816e-02
2.133942395448684692e-02
2.561124786734580994e-02
2.110320515930652618e-02
2.507068216800689697e-02
2.859926968812942505e-02
1.334237307310104370e-02
1.977857202291488647e-02
2.126822434365749359e-02
1.393714919686317444e-02
1.376622729003429413e-02
1.532203704118728638e-02
2.141053974628448486e-02
2.039810642600059509e-02
2.330488339066505432e-02
1.916328445076942444e-02
2.959413081407546997e-02
2.669386006891727448e-02
3.429887443780899048e-02
2.981691434979438782e-02
3.330443054437637329e-02
2.513976022601127625e-02
2.454866468906402588e-02
1.875425875186920166e-02
2.397741191089153290e-02
2.259607613086700439e-02
1.775741949677467346e-02
2.365912124514579773e-02
2.305533364415168762e-02
2.867397665977478027e-02
2.521481551229953766e-02
2.542644925415515900e-02
1.915566995739936829e-02
2.804251760244369507e-02
2.899936214089393616e-02
2.674732729792594910e-02
2.812064066529273987e-02
2.438041940331459045e-02
2.646790258586406708e-02
1.765055209398269653e-02
1.558781694620847702e-02
2.808001264929771423e-02
3.420300781726837158e-02
2.122348546981811523e-02
2.821067720651626587e-02
2.772589400410652161e-02
3.588976711034774780e-02
2.276801504194736481e-02
3.441906720399856567e-02
3.033571876585483551e-02
3.199286013841629028e-02
2.731116488575935364e-02
2.821812778711318970e-02
2.194954827427864075e-02
2.559087239205837250e-02
2.320481091737747192e-02
1.903766393661499023e-02
2.066483907401561737e-02
2.241394296288490295e-02
2.099220640957355499e-02
2.703967690467834473e-02
2.162319049239158630e-02
2.260470017790794373e-02
2.342362329363822937e-02
2.768144197762012482e-02
2.692658081650733948e-02
3.263855725526809692e-02
2.413039468228816986e-02
3.074667975306510925e-02
3.392000868916511536e-02
3.969837725162506104e-02
2.474639937281608582e-02
2.210639789700508118e-02
1.625077798962593079e-02
2.494522556662559509e-02
2.179204672574996948e-02
2.505964040756225586e-02
2.365792170166969299e-02
2.488587796688079834e-02
2.790421620011329651e-02
2.696144580841064453e-02
2.659432776272296906e-02
3.149741142988204956e-02
2.546116150915622711e-02
2.415038831532001495e-02
2.181627787649631500e-02
1.965316571295261383e-02
2.134237810969352722e-02
1.972670666873455048e-02
2.107183821499347687e-02
1.647510752081871033e-02
2.181971818208694458e-02
1.940347254276275635e-02
2.992311865091323853e-02
1.910286024212837219e-02
1.862382516264915466e-02
1.709708943963050842e-02
1.857163012027740479e-02
2.126073464751243591e-02
2.307000011205673218e-02
2.591363340616226196e-02
2.530155703425407410e-02
2.558643743395805359e-02
1.623386703431606293e-02
1.291488297283649445e-02
2.454280108213424683e-02
2.796448208391666412e-02
1.463548280298709869e-02
2.044639922678470612e-02
2.148056775331497192e-02
1.941252127289772034e-02
2.043000236153602600e-02
3.632660582661628723e-02
2.703337930142879486e-02
2.688959240913391113e-02
3.332855179905891418e-02
2.469807118177413940e-02
2.540162578225135803e-02
2.496419847011566162e-02
2.207163162529468536e-02
1.854362338781356812e-02
2.324000000953674316e-02
2.711084671318531036e-02
1.852746680378913879e-02
2.503316849470138550e-02
2.029739320278167725e-02
1.972692273557186127e-02
2.320960350334644318e-02
2.461418695747852325e-02
2.224081568419933319e-02
2.463062293827533722e-02
2.114770933985710144e-02
2.435165457427501678e-02
2.972581982612609863e-02
1.378586981445550919e-02
2.520800009369850159e-02
1.796042919158935547e-02
1.505918614566326141e-02
1.470195408910512924e-02
1.454437896609306335e-02
2.688833326101303101e-02
2.091991342604160309e-02
2.602753415703773499e-02
2.017763257026672363e-02
2.631474658846855164e-02
2.931547164916992188e-02
2.615712024271488190e-02
2.285846695303916931e-02
2.216123417019844055e-02
2.214899659156799316e-02
2.409588731825351715e-02
2.633380703628063202e-02
2.005413919687271118e-02
2.202516421675682068e-02
1.957361027598381042e-02
2.330101467669010162e-02
1.954390108585357666e-02
3.267771750688552856e-02
2.332781627774238586e-02
2.074324712157249451e-02
2.573699504137039185e-02
2.915643528103828430e-02
2.664814889430999756e-02
2.515588328242301941e-02
3.447815030813217163e-02
2.408664673566818237e-02
2.612887881696224213e-02
2.192940004169940948e-02
1.550411432981491089e-02
2.876361086964607239e-02
3.120283782482147217e-02
2.002220414578914642e-02
2.833862788975238800e-02
3.041052445769309998e-02
2.765961550176143646e-02
2.867309935390949249e-02
2.969733625650405884e-02
2.574685961008071899e-02
2.699403837323188782e-02
3.039314784109592438e-02
2.699478901922702789e-02
2.657933719456195831e-02
2.479941584169864655e-02
2.519357763230800629e-02
2.517854049801826477e-02
3.140172362327575684e-02
3.578088060021400452e-02
2.403745055198669434e-02
2.614357508718967438e-02
2.614282257854938507e-02
2.237552776932716370e-02
3.357546776533126831e-02
3.134966641664505005e-02
2.882734127342700958e-02
3.411941975355148315e-02
3.450418263673782349e-02
3.022763505578041077e-02
3.790269792079925537e-02
2.332023531198501587e-02
3.027288801968097687e-02
1.974263601005077362e-02
1.988219097256660461e-02
1.960910856723785400e-02
2.102072536945343018e-02
3.657726943492889404e-02
2.436349540948867798e-02
2.767997980117797852e-02
2.521133609116077423e-02
1.695699431002140045e-02
1.796850934624671936e-02
1.576445065438747406e-02
1.562048308551311493e-02
1.722638681530952454e-02
1.642316579818725586e-02
1.839073747396469116e-02
1.695870421826839447e-02
2.038586512207984924e-02
1.904856786131858826e-02
1.667442172765731812e-02
2.150915376842021942e-02
2.548155374825000763e-02
2.262741699814796448e-02
2.425840683281421661e-02
2.605557814240455627e-02
2.200037799775600433e-02
2.427740208804607391e-02
2.577015012502670288e-02
2.775258570909500122e-02
2.704599127173423767e-02
2.135846577584743500e-02
2.792822569608688354e-02
1.883826777338981628e-02
1.682254299521446228e-02
2.414932474493980408e-02
2.899641916155815125e-02
2.235749736428260803e-02
3.452651575207710266e-02
2.780212834477424622e-02
2.939360402524471283e-02
2.671841904520988464e-02
1.778123155236244202e-02
1.397651154547929764e-02
1.817117817699909210e-02
1.674529537558555603e-02
1.576856523752212524e-02
1.802022755146026611e-02
1.951486058533191681e-02
1.679828017950057983e-02
1.922143809497356415e-02
2.123782597482204437e-02
2.094145677983760834e-02
2.079450525343418121e-02
2.250871993601322174e-02
1.977522112429141998e-02
2.414264902472496033e-02
1.802957430481910706e-02
2.564788982272148132e-02
2.323495037853717804e-02
2.210798859596252441e-02
2.424390241503715515e-02
3.224699199199676514e-02
3.428176045417785645e-02
3.076389618217945099e-02
2.493987977504730225e-02
2.334234490990638733e-02
1.653413847088813782e-02
1.848603039979934692e-02
1.960274577140808105e-02
3.151763230562210083e-02
2.501086704432964325e-02
2.368390001356601715e-02
3.127441182732582092e-02
1.620452292263507843e-02
1.737424731254577637e-02
1.920615881681442261e-02
1.828933693468570709e-02
2.034609392285346985e-02
1.972254738211631775e-02
2.113803103566169739e-02
2.385841310024261475e-02
2.198038250207901001e-02
2.362468838691711426e-02
2.325204573571681976e-02
2.880584448575973511e-02
2.649513632059097290e-02
3.132964670658111572e-02
2.921383455395698547e-02
2.426559664309024811e-02
3.221227228641510010e-02
3.329756855964660645e-02
3.637696802616119385e-02
3.017534315586090088e-02
3.650997206568717957e-02
2.586092427372932434e-02
3.382609784603118896e-02
2.075228095054626465e-02
1.750131696462631226e-02
2.931570820510387421e-02
3.593351691961288452e-02
2.341322414577007294e-02
3.322264179587364197e-02
3.502663969993591309e-02
3.334484249353408813e-02
3.398343175649642944e-02
1.598654501140117645e-02
1.729966700077056885e-02
1.773957535624504089e-02
1.892366632819175720e-02
1.982041075825691223e-02
2.098244428634643555e-02
2.193746715784072876e-02
2.382053062319755554e-02
2.311501652002334595e-02
2.587610110640525818e-02
2.817697077989578247e-02
2.547746896743774414e-02
2.678006328642368317e-02
2.873083390295505524e-02
2.568651549518108368e-02
3.506592661142349243e-02
3.062021546065807343e-02
3.159421682357788086e-02
3.306550532579421997e-02
4.110891371965408325e-02
4.064277186989784241e-02
4.274849966168403625e-02
3.175763413310050964e-02
3.487266600131988525e-02
2.559809759259223938e-02
1.909025758504867554e-02
2.184343338012695312e-02
2.354995906352996826e-02
4.075274243950843811e-02
2.686080709099769592e-02
3.195036202669143677e-02
3.034674562513828278e-02
1.659628562629222870e-02
1.541510503739118576e-02
1.839879155158996582e-02
1.594834402203559875e-02
2.006786689162254333e-02
1.716465502977371216e-02
1.847554743289947510e-02
1.714545302093029022e-02
2.342305332422256470e-02
2.053566277027130127e-02
1.529599446803331375e-02
2.014699205756187439e-02
2.446159720420837402e-02
2.401717379689216614e-02
2.905472368001937866e-02
2.717589028179645538e-02
2.784494869410991669e-02
1.291804667562246323e-02
2.695597149431705475e-02
2.520649880170822144e-02
2.508463710546493530e-02
1.886611431837081909e-02
2.162668295204639435e-02
1.304288022220134735e-02
1.174437813460826874e-02
2.986237034201622009e-02
2.132936939597129822e-02
1.935680955648422241e-02
3.029931709170341492e-02
1.921098679304122925e-02
2.512279525399208069e-02
1.772482320666313171e-02
1.562447566539049149e-02
1.523856446146965027e-02
1.424599438905715942e-02
1.707039587199687958e-02
1.715008355677127838e-02
2.108795754611492157e-02
2.281233295798301697e-02
1.847370900213718414e-02
2.491532638669013977e-02
2.352995052933692932e-02
3.069716505706310272e-02
1.979739218950271606e-02
2.056052908301353455e-02
3.046399727463722229e-02
2.319953963160514832e-02
1.875074207782745361e-02
2.369647286832332611e-02
2.526785433292388916e-02
2.499525249004364014e-02
1.581918075680732727e-02
2.837061695754528046e-02
2.026862837374210358e-02
1.364394091069698334e-02
1.642204076051712036e-02
2.230156399309635162e-02
1.301665045320987701e-02
1.229892391711473465e-02
1.376606337726116180e-02
2.259682491421699524e-02
2.037482708692550659e-02
2.620223164558410645e-02
1.951546967029571533e-02
2.604641392827033997e-02
3.041358478367328644e-02
3.058110177516937256e-02
2.505343407392501831e-02
2.823266386985778809e-02
2.213130332529544830e-02
2.410475164651870728e-02
2.553442865610122681e-02
2.778360992670059204e-02
2.694480121135711670e-02
2.355651184916496277e-02
2.756484597921371460e-02
2.280823513865470886e-02
3.263588249683380127e-02
2.852417156100273132e-02
1.946606114506721497e-02
1.789765805006027222e-02
3.114481270313262939e-02
2.708954736590385437e-02
2.374775148928165436e-02
2.754288725554943085e-02
1.834992133080959320e-02
2.252995036542415619e-02
1.457259990274906158e-02
1.278412155807018280e-02
2.356816455721855164e-02
2.474959567189216614e-02
2.059058845043182373e-02
3.061384707689285278e-02
2.301543205976486206e-02
2.452180534601211548e-02
2.222319319844245911e-02
3.985064476728439331e-02
2.725526317954063416e-02
2.782481536269187927e-02
2.668027207255363464e-02
2.479605004191398621e-02
2.418526820838451385e-02
2.912424318492412567e-02
2.254991792142391205e-02
2.224224060773849487e-02
2.486067637801170349e-02
2.585405297577381134e-02
3.097672201693058014e-02
2.411469444632530212e-02
2.366535551846027374e-02
2.141586691141128540e-02
2.566506154835224152e-02
2.934237942099571228e-02
2.615254744887351990e-02
2.422844991087913513e-02
2.471254952251911163e-02
3.242231532931327820e-02
3.273251652717590332e-02
1.924053952097892761e-02
2.062513306736946106e-02
2.229274436831474304e-02
1.189612690359354019e-02
1.521674450486898422e-02
1.785900071263313293e-02
2.824868634343147278e-02
2.180444821715354919e-02
2.522339858114719391e-02
2.486067079007625580e-02
1.622612029314041138e-02
1.787707582116127014e-02
1.757058873772621155e-02
1.710961386561393738e-02
2.093615010380744934e-02
1.830801740288734436e-02
2.294439077377319336e-02
2.135759964585304260e-02
1.859180256724357605e-02
2.032737620174884796e-02
1.859050989151000977e-02
1.850854232907295227e-02
1.876172423362731934e-02
1.660528406500816345e-02
2.020140737295150757e-02
1.906105503439903259e-02
1.556054595857858658e-02
1.917164772748947144e-02
1.736870780587196350e-02
1.571018621325492859e-02
1.403249986469745636e-02
1.854399219155311584e-02
2.080884203314781189e-02
1.313773356378078461e-02
1.350502856075763702e-02
1.363320276141166687e-02
1.461197156459093094e-02
1.441281381994485855e-02
1.725855283439159393e-02
1.449580676853656769e-02
1.606011763215065002e-02
1.423085667192935944e-02
1.786238141357898712e-02
1.718351989984512329e-02
1.913435570895671844e-02
2.060031518340110779e-02
1.911069080233573914e-02
1.902889274060726166e-02
1.737392693758010864e-02
2.939164452254772186e-02
1.818241924047470093e-02
2.037565782666206360e-02
1.832325756549835205e-02
1.934202574193477631e-02
1.813623495399951935e-02
1.602562703192234039e-02
1.813781447708606720e-02
1.805194467306137085e-02
1.601330563426017761e-02
1.474308222532272339e-02
1.879162155091762543e-02
1.531707495450973511e-02
1.298276055604219437e-02
1.630738563835620880e-02
1.470419485121965408e-02
1.421418040990829468e-02
1.334534585475921631e-02
1.552159525454044342e-02
1.506908051669597626e-02
1.474591903388500214e-02
1.661988906562328339e-02
1.973912119865417480e-02
1.533429324626922607e-02
1.647271215915679932e-02
1.150991860777139664e-02
1.813829690217971802e-02
1.161702908575534821e-02
1.285746041685342789e-02
1.340527459979057312e-02
1.038897596299648285e-02
1.064556092023849487e-02
9.818387217819690704e-03
9.216086007654666901e-03
1.079271361231803894e-02
1.007528044283390045e-02
1.048111915588378906e-02
1.390154100954532623e-02
1.490825228393077850e-02
1.562478207051753998e-02
8.710398338735103607e-03
1.568365842103958130e-02
8.761137723922729492e-03
1.728787645697593689e-02
1.022506505250930786e-02
9.557851590216159821e-03
1.266683917492628098e-02
9.200170636177062988e-03
1.132269203662872314e-02
8.435951545834541321e-03
8.095026016235351562e-03
9.920848533511161804e-03
1.172461360692977905e-02
9.835712611675262451e-03
1.111427787691354752e-02
1.156136300414800644e-02
8.637160994112491608e-03
1.971729099750518799e-02
1.234182342886924744e-02
1.569833979010581970e-02
1.348236389458179474e-02
1.099567674100399017e-02
1.192150823771953583e-02
1.260595209896564484e-02
1.173231191933155060e-02
1.290263608098030090e-02
1.331397891044616699e-02
1.412189565598964691e-02
1.137208007276058197e-02
1.059188507497310638e-02
1.189189217984676361e-02
1.229258161038160324e-02
1.153539679944515228e-02
1.283057592809200287e-02
1.447977405041456223e-02
1.136919297277927399e-02
1.915411278605461121e-02
1.353836711496114731e-02
1.606687903404235840e-02
1.405601389706134796e-02
8.051659911870956421e-03
1.154270209372043610e-02
1.036035083234310150e-02
1.166659593582153320e-02
1.280093751847743988e-02
1.001089438796043396e-02
1.110111828893423080e-02
1.305163651704788208e-02
1.238024141639471054e-02
1.039581373333930969e-02
1.087313704192638397e-02
1.187840290367603302e-02
1.252062432467937469e-02
1.122703962028026581e-02
1.282186433672904968e-02
1.480953302234411240e-02
1.303023844957351685e-02
1.319463178515434265e-02
1.151902228593826294e-02
1.223482936620712280e-02
1.229551248252391815e-02
1.909045130014419556e-02
1.314416248351335526e-02
1.457643881440162659e-02
1.670537143945693970e-02
1.531348749995231628e-02
2.147298306226730347e-02
1.594240218400955200e-02
1.443714275956153870e-02
1.856813579797744751e-02
1.460646186023950577e-02
2.149413898587226868e-02
1.468625199049711227e-02
1.409543305635452271e-02
1.420085132122039795e-02
1.647282578051090240e-02
1.350975874811410904e-02
1.800401881337165833e-02
1.630425266921520233e-02
1.733474433422088623e-02
1.709349267184734344e-02
1.246256381273269653e-02
1.169955171644687653e-02
1.068995986133813858e-02
1.054545026272535324e-02
1.265481859445571899e-02
1.095104031264781952e-02
1.133761927485466003e-02
1.223654393106698990e-02
1.170124486088752747e-02
1.306066196411848068e-02
1.260379794985055923e-02
1.309368386864662170e-02
1.248294301331043243e-02
1.432271488010883331e-02
1.239034906029701233e-02
1.276987604796886444e-02
1.630062237381935120e-02
1.363221090286970139e-02
1.575544849038124084e-02
1.696241088211536407e-02
1.628259383141994476e-02
1.752208918333053589e-02
1.616548188030719757e-02
1.945086568593978882e-02
1.664561219513416290e-02
1.699203997850418091e-02
1.507596671581268311e-02
1.517791673541069031e-02
1.713079586625099182e-02
1.940204203128814697e-02
1.591574400663375854e-02
1.641076058149337769e-02
5.100007355213165283e-02
1.550732366740703583e-02
2.477213367819786072e-02
1.728064939379692078e-02
1.374297402799129486e-02
1.336494646966457367e-02
2.846607565879821777e-02
1.417442411184310913e-02
1.367901824414730072e-02
1.424346771091222763e-02
1.503477431833744049e-02
1.300427317619323730e-02
1.364798098802566528e-02
1.821091398596763611e-02
2.425832673907279968e-02
1.200135797262191772e-02
1.514130923897027969e-02
1.544877327978610992e-02
1.494898553937673569e-02
1.404774188995361328e-02
1.439111866056919098e-02
1.856796443462371826e-02
1.320029795169830322e-02
1.218794006854295731e-02
1.078847981989383698e-02
1.093257591128349304e-02
1.172487065196037292e-02
1.410849764943122864e-02
1.166618615388870239e-02
1.287680119276046753e-02
1.300358586013317108e-02
1.171555742621421814e-02
2.055782452225685120e-02
3.710823506116867065e-02
1.525302510708570480e-02
1.419878471642732620e-02
1.344232447445392609e-02
1.311214733868837357e-02
1.252635195851325989e-02
1.549707073718309402e-02
1.301418244838714600e-02
1.782280206680297852e-02
1.344225835055112839e-02
1.653913035988807678e-02
1.397265214473009109e-02
1.583071425557136536e-02
1.332063414156436920e-02
1.627960428595542908e-02
1.645481213927268982e-02
1.213541720062494278e-02
1.532300747931003571e-02
1.525017619132995605e-02
1.086835190653800964e-02
1.787074469029903412e-02
1.457487978041172028e-02
1.175170950591564178e-02
1.107619144022464752e-02
1.149564608931541443e-02
1.230609044432640076e-02
1.390796620398759842e-02
1.169446110725402832e-02
1.327653788030147552e-02
1.456649787724018097e-02
1.503957249224185944e-02
2.095798775553703308e-02
1.913098990917205811e-02
1.822265051305294037e-02
2.047757431864738464e-02
1.730656065046787262e-02
1.894475333392620087e-02
1.967415027320384979e-02
1.832406595349311829e-02
1.633857749402523041e-02
2.012400142848491669e-02
1.863174326717853546e-02
1.762476563453674316e-02
1.484362594783306122e-02
1.782668940722942352e-02
1.732141897082328796e-02
1.537306420505046844e-02
1.630078628659248352e-02
1.450115814805030823e-02
1.381279062479734421e-02
1.607842370867729187e-02
1.368027180433273315e-02
1.977490633726119995e-02
1.428409852087497711e-02
1.364105287939310074e-02
1.202790066599845886e-02
1.255896687507629395e-02
1.345485355705022812e-02
1.517667807638645172e-02
1.591263338923454285e-02
1.736893318593502045e-02
1.559401676058769226e-02
1.361502427607774734e-02
1.781423389911651611e-02
2.016198635101318359e-02
1.763092726469039917e-02
1.583688333630561829e-02
1.894037798047065735e-02
1.622027903795242310e-02
1.551385130733251572e-02
1.775883510708808899e-02
1.458387449383735657e-02
1.658652909100055695e-02
1.507976558059453964e-02
1.769807934761047363e-02
1.933062635362148285e-02
1.696900837123394012e-02
1.570019870996475220e-02
1.534300856292247772e-02
1.552969124168157578e-02
1.417299080640077591e-02
1.850589364767074585e-02
1.510232780128717422e-02
1.171028427779674530e-02
1.583390310406684875e-02
1.580973528325557709e-02
1.216467656195163727e-02
1.315103098750114441e-02
1.458522025495767593e-02
1.423132419586181641e-02
1.381671987473964691e-02
1.435011252760887146e-02
1.672948710620403290e-02
2.007169090211391449e-02
1.419374719262123108e-02
1.022814493626356125e-02
1.113083958625793457e-02
9.989090263843536377e-03
1.003908365964889526e-02
1.134021580219268799e-02
1.192105375230312347e-02
1.914406195282936096e-02
1.656937226653099060e-02
1.746085472404956818e-02
1.775953546166419983e-02
1.845266669988632202e-02
1.924997568130493164e-02
2.164812013506889343e-02
1.781456358730792999e-02
2.237746864557266235e-02
2.274923399090766907e-02
2.205977216362953186e-02
2.134165912866592407e-02
2.733776345849037170e-02
1.990956440567970276e-02
1.969503983855247498e-02
1.920986920595169067e-02
2.160901390016078949e-02
1.350416988134384155e-02
1.459169574081897736e-02
1.440246030688285828e-02
1.585454866290092468e-02
1.539489440619945526e-02
1.894214376807212830e-02
1.527550350874662399e-02
1.737706735730171204e-02
1.949232630431652069e-02
1.252367533743381500e-02
9.774100035429000854e-03
1.120658125728368759e-02
1.111269928514957428e-02
1.203639712184667587e-02
1.247339323163032532e-02
1.515489351004362106e-02
1.490804739296436310e-02
1.553723122924566269e-02
1.631838455796241760e-02
1.898985356092453003e-02
1.588642597198486328e-02
2.376201748847961426e-02
2.112418226897716522e-02
2.079347334802150726e-02
2.405100874602794647e-02
2.660856768488883972e-02
2.262400835752487183e-02
2.156580984592437744e-02
2.493420615792274475e-02
1.385681517422199249e-02
2.913782000541687012e-02
1.498843822628259659e-02
1.586061902344226837e-02
1.815906539559364319e-02
1.616732962429523468e-02
1.301536336541175842e-02
1.892087422311306000e-02
2.007494494318962097e-02
2.107162214815616608e-02
1.643416285514831543e-02
2.007857896387577057e-02
1.440510712563991547e-02
1.385964918881654739e-02
1.311524771153926849e-02
1.303037814795970917e-02
1.482500694692134857e-02
1.301720645278692245e-02
1.625629514455795288e-02
1.574643701314926147e-02
1.440067403018474579e-02
1.388176716864109039e-02
1.786579936742782593e-02
1.393879763782024384e-02
1.584355346858501434e-02
1.379230059683322906e-02
1.588004827499389648e-02
1.364208105951547623e-02
1.302177831530570984e-02
1.385970972478389740e-02
1.379766501486301422e-02
1.458406448364257812e-02
1.171034947037696838e-02
1.741418614983558655e-02
1.269202493131160736e-02
1.073715742677450180e-02
1.053615007549524307e-02
1.016024686396121979e-02
1.111215911805629730e-02
1.134089566767215729e-02
1.797033473849296570e-02
1.446207799017429352e-02
1.280510332435369492e-02
1.405642274767160416e-02
1.515703648328781128e-02
1.354736089706420898e-02
1.333190128207206726e-02
1.447652280330657959e-02
1.380971260368824005e-02
1.561284717172384262e-02
1.473782677203416824e-02
1.941394060850143433e-02
1.454252190887928009e-02
1.541463099420070648e-02
1.238798350095748901e-02
1.615714654326438904e-02
1.721393316984176636e-02
1.562587916851043701e-02
1.643098890781402588e-02
1.607735082507133484e-02
1.337137911468744278e-02
1.786393299698829651e-02
1.587613299489021301e-02
1.492012850940227509e-02
1.490788068622350693e-02
1.407421007752418518e-02
1.227409485727548599e-02
1.094038039445877075e-02
1.219442673027515411e-02
1.527014840394258499e-02
1.304793357849121094e-02
1.087817922234535217e-02
1.428278535604476929e-02
1.576118357479572296e-02
1.581957377493381500e-02
1.401634234935045242e-02
1.237588468939065933e-02
1.156296674162149429e-02
1.538557559251785278e-02
1.920313015580177307e-02
9.916015900671482086e-03
2.149211242794990540e-02
2.199389040470123291e-02
1.250682398676872253e-02
1.234829612076282501e-02
1.414281781762838364e-02
1.139323227107524872e-02
1.097216457128524780e-02
2.473603375256061554e-02
1.119974348694086075e-02
1.968092471361160278e-02
1.613882184028625488e-02
1.314201578497886658e-02
1.680763810873031616e-02
1.924914494156837463e-02
1.354587450623512268e-02
1.452976278960704803e-02
1.405116077512502670e-02
1.623031124472618103e-02
1.428258419036865234e-02
1.311977952718734741e-02
1.304794475436210632e-02
1.549601275473833084e-02
1.530962437391281128e-02
1.491538807749748230e-02
1.334806159138679504e-02
1.429668534547090530e-02
1.420161779969930649e-02
1.385566312819719315e-02
1.746312528848648071e-02
1.088199485093355179e-02
1.015515998005867004e-02
1.699900254607200623e-02
1.369698625057935715e-02
1.224445831030607224e-02
9.737689048051834106e-03
1.250511966645717621e-02
1.149718370288610458e-02
1.388436369597911835e-02
1.080576330423355103e-02
1.174784451723098755e-02
1.134721189737319946e-02
1.213042251765727997e-02
1.090527791529893875e-02
1.244874484837055206e-02
1.263578794896602631e-02
1.227532327175140381e-02
1.864405721426010132e-02
1.257320400327444077e-02
1.762107014656066895e-02
1.541463471949100494e-02
1.487365085631608963e-02
1.255946699529886246e-02
1.375878509134054184e-02
1.412525027990341187e-02
1.335328910499811172e-02
1.641553267836570740e-02
1.768044382333755493e-02
1.246150955557823181e-02
1.734564080834388733e-02
3.891565650701522827e-02
3.311602026224136353e-02
2.733140625059604645e-02
2.425987273454666138e-02
2.120108716189861298e-02
1.867445558309555054e-02
2.726410329341888428e-02
1.931783556938171387e-02
1.719713211059570312e-02
2.575974911451339722e-02
1.977296918630599976e-02
1.525108981877565384e-02
1.949094235897064209e-02
1.655315607786178589e-02
1.493086665868759155e-02
1.256206538528203964e-02
2.665322832763195038e-02
1.058412902057170868e-02
1.628389395773410797e-02
2.120381966233253479e-02
2.460934966802597046e-02
1.624070107936859131e-02
1.802252605557441711e-02
1.404912211000919342e-02
1.353356149047613144e-02
1.358987949788570404e-02
1.328322011977434158e-02
8.971657603979110718e-03
1.082894019782543182e-02
9.260769933462142944e-03
9.295775555074214935e-03
9.812634438276290894e-03
4.239694774150848389e-02
3.134655207395553589e-02
2.683852240443229675e-02
1.964373886585235596e-02
2.164585515856742859e-02
1.621663942933082581e-02
2.274146489799022675e-02
1.765539497137069702e-02
1.754990033805370331e-02
2.976752445101737976e-02
1.553949993103742599e-02
1.537112984806299210e-02
1.427214220166206360e-02
2.154360152781009674e-02
1.714274287223815918e-02
2.295270562171936035e-02
1.799476332962512970e-02
2.673726715147495270e-02
1.280300319194793701e-02
1.728375256061553955e-02
2.023955062031745911e-02
2.166077122092247009e-02
1.499022170901298523e-02
1.188256777822971344e-02
1.130030583590269089e-02
1.023935154080390930e-02
1.034488901495933533e-02
1.195757929235696793e-02
9.602773934602737427e-03
1.583490893244743347e-02
1.604003831744194031e-02
1.104343123733997345e-02
3.261020407080650330e-02
2.636248245835304260e-02
2.269744127988815308e-02
2.114866115152835846e-02
1.965775713324546814e-02
1.712367311120033264e-02
2.683422714471817017e-02
2.077994309365749359e-02
1.930585689842700958e-02
2.502433955669403076e-02
2.155443280935287476e-02
1.475631073117256165e-02
2.257313579320907593e-02
2.421426586806774139e-02
1.375130750238895416e-02
1.360790897160768509e-02
2.136715874075889587e-02
1.256869267672300339e-02
1.834424585103988647e-02
2.415110729634761810e-02
2.620204910635948181e-02
1.630217209458351135e-02
1.754796132445335388e-02
1.594905368983745575e-02
1.513560675084590912e-02
1.337446644902229309e-02
1.342351548373699188e-02
8.918827399611473083e-03
1.149207353591918945e-02
9.585518389940261841e-03
9.684802033007144928e-03
1.034879498183727264e-02
4.323131591081619263e-02
3.168570250272750854e-02
2.504401654005050659e-02
2.145650796592235565e-02
2.151134051382541656e-02
1.985024660825729370e-02
2.588920667767524719e-02
1.645324937999248505e-02
1.593387126922607422e-02
3.067379258573055267e-02
1.479010656476020813e-02
1.469548698514699936e-02
1.443743519484996796e-02
2.994333207607269287e-02
1.569666713476181030e-02
2.486724779009819031e-02
2.502672374248504639e-02
1.811162196099758148e-02
1.432433165609836578e-02
1.818808168172836304e-02
2.430155500769615173e-02
2.833589911460876465e-02
1.630849577486515045e-02
1.144267059862613678e-02
1.072984747588634491e-02
9.799107909202575684e-03
1.005096081644296646e-02
1.460294239223003387e-02
9.638464078307151794e-03
1.782781071960926056e-02
1.681727170944213867e-02
1.195514202117919922e-02
2.940323203802108765e-02
2.561595290899276733e-02
2.094510942697525024e-02
2.227332442998886108e-02
2.274823933839797974e-02
1.925963722169399261e-02
2.449037507176399231e-02
1.704446971416473389e-02
1.893764361739158630e-02
1.999810710549354553e-02
2.194895222783088684e-02
1.547167729586362839e-02
2.250507473945617676e-02
2.103695087134838104e-02
1.355651207268238068e-02
1.345337927341461182e-02
3.130642324686050415e-02
1.264056097716093063e-02
1.806105673313140869e-02
1.788680255413055420e-02
2.856737375259399414e-02
1.561783067882061005e-02
1.975737512111663818e-02
1.528672501444816589e-02
1.790607720613479614e-02
1.891939714550971985e-02
1.551065780222415924e-02
1.014380902051925659e-02
1.201314106583595276e-02
9.714541956782341003e-03
9.632492437958717346e-03
1.323988661170005798e-02
3.860709071159362793e-02
2.746243588626384735e-02
1.908539980649948120e-02
1.825668290257453918e-02
1.668016426265239716e-02
1.582898013293743134e-02
2.137653529644012451e-02
1.932329311966896057e-02
1.764589548110961914e-02
1.832427829504013062e-02
1.587668806314468384e-02
1.594512537121772766e-02
1.484370045363903046e-02
2.701568417251110077e-02
1.695238426327705383e-02
1.977604813873767853e-02
2.433853968977928162e-02
1.857277750968933105e-02
1.449307519942522049e-02
1.888832636177539825e-02
2.256535366177558899e-02
2.049252763390541077e-02
1.717187836766242981e-02
1.213868893682956696e-02
1.076282188296318054e-02
9.954119101166725159e-03
1.011584512889385223e-02
1.567362435162067413e-02
9.846031665802001953e-03
1.871498301625251770e-02
2.189960889518260956e-02
1.347541622817516327e-02
2.099302411079406738e-02
2.569073438644409180e-02
2.613374404609203339e-02
2.108540385961532593e-02
2.424060180783271790e-02
2.138673514127731323e-02
2.831141836941242218e-02
2.147132903337478638e-02
2.350725978612899780e-02
3.076759167015552521e-02
3.053758293390274048e-02
1.834594085812568665e-02
2.718210220336914062e-02
4.358930140733718872e-02
2.025290578603744507e-02
2.265717834234237671e-02
3.060490451753139496e-02
1.916205510497093201e-02
2.852688357234001160e-02
3.202143684029579163e-02
4.331972822546958923e-02
3.774036467075347900e-02
3.783041983842849731e-02
1.857989281415939331e-02
1.700531132519245148e-02
2.130148559808731079e-02
1.857553794980049133e-02
2.017055824398994446e-02
2.000344358384609222e-02
1.973343081772327423e-02
1.754987053573131561e-02
1.856356859207153320e-02
3.910500928759574890e-02
2.038759551942348480e-02
3.485523164272308350e-02
3.634840995073318481e-02
1.947298832237720490e-02
1.934785395860671997e-02
2.647473290562629700e-02
1.993893086910247803e-02
1.782556250691413879e-02
5.032914504408836365e-02
1.838822290301322937e-02
1.810528337955474854e-02
1.894393190741539001e-02
2.895842306315898895e-02
1.838496699929237366e-02
2.707693912088871002e-02
4.788260161876678467e-02
2.516626939177513123e-02
2.417003363370895386e-02
3.189905732870101929e-02
4.323236644268035889e-02
3.555919975042343140e-02
2.485325373709201813e-02
2.145799994468688965e-02
1.990938186645507812e-02
1.830340921878814697e-02
1.903398707509040833e-02
2.663672901690006256e-02
1.833727397024631500e-02
3.277304396033287048e-02
2.819648198783397675e-02
1.962274312973022461e-02
3.701315820217132568e-02
2.567273378372192383e-02
2.634409628808498383e-02
1.975478418171405792e-02
2.271654456853866577e-02
1.763277314603328705e-02
1.918087154626846313e-02
2.589316293597221375e-02
2.122599631547927856e-02
4.208194464445114136e-02
2.925838530063629150e-02
1.443350501358509064e-02
2.353052422404289246e-02
4.251028969883918762e-02
1.395165733993053436e-02
2.194913476705551147e-02
3.834079205989837646e-02
1.559225283563137054e-02
2.733743004500865936e-02
3.639779239892959595e-02
4.047006368637084961e-02
3.195083886384963989e-02
2.691281214356422424e-02
1.497063599526882172e-02
1.407588738948106766e-02
1.560767926275730133e-02
1.423567440360784531e-02
1.219692081212997437e-02
1.452605985105037689e-02
1.259442605078220367e-02
1.186207588762044907e-02
1.305623166263103485e-02
3.353749960660934448e-02
2.788331732153892517e-02
3.053168021142482758e-02
2.868854627013206482e-02
2.646271884441375732e-02
2.570542693138122559e-02
2.280675619840621948e-02
1.669531129300594330e-02
1.513265445828437805e-02
4.681653156876564026e-02
2.019645646214485168e-02
1.497885212302207947e-02
1.409671455621719360e-02
2.945076115429401398e-02
1.559254061430692673e-02
2.656717225909233093e-02
4.140840470790863037e-02
2.123242802917957306e-02
1.927296072244644165e-02
2.409811131656169891e-02
4.900025576353073120e-02
3.423991054296493530e-02
2.287029474973678589e-02
1.649072766304016113e-02
1.460022944957017899e-02
1.252020336687564850e-02
1.288773026317358017e-02
2.030451968312263489e-02
1.208837889134883881e-02
2.710926532745361328e-02
2.604995667934417725e-02
1.410737447440624237e-02
3.154050186276435852e-02
2.810127474367618561e-02
2.374706789851188660e-02
2.516339719295501709e-02
2.096178941428661346e-02
1.906098052859306335e-02
3.033356368541717529e-02
2.148357778787612915e-02
1.856947503983974457e-02
2.919596806168556213e-02
2.335223183035850525e-02
1.491479948163032532e-02
2.075081877410411835e-02
2.626254409551620483e-02
1.398145779967308044e-02
1.312125846743583679e-02
2.191736176609992981e-02
1.185344438999891281e-02
1.680868491530418396e-02
2.573299594223499298e-02
2.919632941484451294e-02
1.521734055131673813e-02
1.815619692206382751e-02
1.515631843358278275e-02
1.417253725230693817e-02
1.376848854124546051e-02
1.324917189776897430e-02
8.817541413009166718e-03
1.180403679609298706e-02
9.378595277667045593e-03
9.605446830391883850e-03
1.068223733454942703e-02
4.533139616250991821e-02
3.131773322820663452e-02
2.450584247708320618e-02
2.263448201119899750e-02
2.073602378368377686e-02
1.956684887409210205e-02
2.566308900713920593e-02
1.846652477979660034e-02
1.746112480759620667e-02
2.324366569519042969e-02
1.620842888951301575e-02
1.496826857328414917e-02
1.421876065433025360e-02
2.404636889696121216e-02
1.523731276392936707e-02
2.825327403843402863e-02
2.070238441228866577e-02
2.040150202810764313e-02
1.436734758317470551e-02
1.423322781920433044e-02
2.624342218041419983e-02
2.271457575261592865e-02
1.658823713660240173e-02
1.162333507090806961e-02
1.085148938000202179e-02
1.043985970318317413e-02
1.008928008377552032e-02
1.343558542430400848e-02
9.634463116526603699e-03
1.519071124494075775e-02
1.504912599921226501e-02
1.094074919819831848e-02
3.973017260432243347e-02
2.690540067851543427e-02
2.116328850388526917e-02
1.674208790063858032e-02
1.903094723820686340e-02
1.536130718886852264e-02
1.833475753664970398e-02
2.507880702614784241e-02
1.772967167198657990e-02
4.215193912386894226e-02
2.930910140275955200e-02
1.364786457270383835e-02
2.181038446724414825e-02
3.622287511825561523e-02
1.322980877012014389e-02
1.949927210807800293e-02
4.241234436631202698e-02
1.591558009386062622e-02
3.004420548677444458e-02
3.174982219934463501e-02
3.704415261745452881e-02
3.783566504716873169e-02
2.469800040125846863e-02
1.520590763539075851e-02
1.407046802341938019e-02
1.600326970219612122e-02
1.398446224629878998e-02
1.197906024754047394e-02
1.363421604037284851e-02
1.239787880331277847e-02
1.152081321924924850e-02
1.302849687635898590e-02
3.099102899432182312e-02
2.426563948392868042e-02
3.382119908928871155e-02
2.747313119471073151e-02
2.363409847021102905e-02
2.335801348090171814e-02
2.373313158750534058e-02
1.498395483940839767e-02
1.468652114272117615e-02
4.171307757496833801e-02
1.405708678066730499e-02
1.340913213789463043e-02
1.332436315715312958e-02
2.889131009578704834e-02
1.391599979251623154e-02
2.551430836319923401e-02
5.628498271107673645e-02
1.929244771599769592e-02
1.664427109062671661e-02
2.591433562338352203e-02
3.373777866363525391e-02
2.708545327186584473e-02
2.134383842349052429e-02
1.614575646817684174e-02
1.427963003516197205e-02
1.295606419444084167e-02
1.238738931715488434e-02
2.060117200016975403e-02
1.160404365509748459e-02
2.376373112201690674e-02
2.894504368305206299e-02
1.410952396690845490e-02
3.140434622764587402e-02
2.819344773888587952e-02
2.110586315393447876e-02
2.125006169080734253e-02
2.054133079946041107e-02
1.815533265471458435e-02
2.474517375230789185e-02
1.722712069749832153e-02
1.801679469645023346e-02
2.777777612209320068e-02
1.862202771008014679e-02
1.415333524346351624e-02
1.834666915237903595e-02
1.799836382269859314e-02
1.276272628456354141e-02
1.307730190455913544e-02
1.826927065849304199e-02
1.152391359210014343e-02
1.387499831616878510e-02
2.406387031078338623e-02
1.975166983902454376e-02
1.738727092742919922e-02
1.626415178179740906e-02
1.749192178249359131e-02
1.358898635953664780e-02
1.494830660521984100e-02
1.300504710525274277e-02
8.796295151114463806e-03
1.243041921406984329e-02
9.757237508893013000e-03
9.292008355259895325e-03
1.153316721320152283e-02
4.282992705702781677e-02
2.824510261416435242e-02
2.290621772408485413e-02
2.079855091869831085e-02
1.638269424438476562e-02
1.600499451160430908e-02
1.921547390520572662e-02
1.808736100792884827e-02
1.677024364471435547e-02
2.025996893644332886e-02
1.464617066085338593e-02
1.540832780301570892e-02
1.368092838674783707e-02
1.511413790285587311e-02
1.499870978295803070e-02
2.620137110352516174e-02
2.003977447748184204e-02
2.322246134281158447e-02
1.391059532761573792e-02
1.453298144042491913e-02
1.920009404420852661e-02
1.802277565002441406e-02
1.494326721876859665e-02
1.084148325026035309e-02
1.026640459895133972e-02
9.417386725544929504e-03
9.664213284850120544e-03
1.588858291506767273e-02
9.168511256575584412e-03
1.790585182607173920e-02
1.604782789945602417e-02
1.438578218221664429e-02
2.093841508030891418e-02
1.521410048007965088e-02
1.694511994719505310e-02
1.640502363443374634e-02
1.762309484183788300e-02
1.692365109920501709e-02
1.773421838879585266e-02
1.742164976894855499e-02
1.863581128418445587e-02
2.145507931709289551e-02
2.223292924463748932e-02
2.094593830406665802e-02
2.390212565660476685e-02
2.828442119061946869e-02
2.671487629413604736e-02
2.890805900096893311e-02
4.007400572299957275e-02
3.545217216014862061e-02
3.381305932998657227e-02
3.684443980455398560e-02
4.793872311711311340e-02
4.438355192542076111e-02
4.683206230401992798e-02
4.170256853103637695e-02
2.464589849114418030e-02
1.952088810503482819e-02
2.725328318774700165e-02
4.817172884941101074e-02
2.519950270652770996e-02
2.619776874780654907e-02
3.677228093147277832e-02
3.642593696713447571e-02
1.920222118496894836e-02
1.816395297646522522e-02
1.524229906499385834e-02
1.574809662997722626e-02
1.595206186175346375e-02
1.636514998972415924e-02
1.705574989318847656e-02
1.853637024760246277e-02
1.833877712488174438e-02
2.246706187725067139e-02
1.989817433059215546e-02
2.146342396736145020e-02
2.072545699775218964e-02
2.865645661950111389e-02
2.298552915453910828e-02
2.818322926759719849e-02
3.770277649164199829e-02
3.550298511981964111e-02
3.831352666020393372e-02
3.786088526248931885e-02
3.949102759361267090e-02
5.084557831287384033e-02
3.938493505120277405e-02
4.367663338780403137e-02
2.731690928339958191e-02
2.652821317315101624e-02
1.885225810110569000e-02
2.264469303190708160e-02
2.319042384624481201e-02
2.921748533844947815e-02
3.624116629362106323e-02
3.491013497114181519e-02
2.970497310161590576e-02
2.327645570039749146e-02
2.966964803636074066e-02
2.631866000592708588e-02
2.919990010559558868e-02
2.550773136317729950e-02
2.759283222258090973e-02
1.976005919277667999e-02
2.072058618068695068e-02
2.491423860192298889e-02
2.737506665289402008e-02
1.982302777469158173e-02
2.739337831735610962e-02
2.222399413585662842e-02
2.393994480371475220e-02
3.305969387292861938e-02
3.105155006051063538e-02
2.082345262169837952e-02
2.332229912281036377e-02
2.076727338135242462e-02
2.456550300121307373e-02
2.629892155528068542e-02
2.528711780905723572e-02
2.177487313747406006e-02
1.921542175114154816e-02
1.844622567296028137e-02
1.976077631115913391e-02
2.505318075418472290e-02
2.059221826493740082e-02
1.893022097647190094e-02
2.629217505455017090e-02
2.744406647980213165e-02
2.798667550086975098e-02
2.615211531519889832e-02
2.242881804704666138e-02
1.967284083366394043e-02
2.255408093333244324e-02
2.020130679011344910e-02
1.986105740070343018e-02
2.784308046102523804e-02
2.321399003267288208e-02
2.494849264621734619e-02
1.937110722064971924e-02
2.659716457128524780e-02
2.039102092385292053e-02
2.805586531758308411e-02
2.098825573921203613e-02
2.280810847878456116e-02
2.468117699027061462e-02
2.436292916536331177e-02
2.775181457400321960e-02
2.231957204639911652e-02
2.807409130036830902e-02
2.732009813189506531e-02
2.200862579047679901e-02
2.601761743426322937e-02
1.922707259654998779e-02
1.956116780638694763e-02
1.891195401549339294e-02
2.086913213133811951e-02
1.916648074984550476e-02
2.151557803153991699e-02
2.827845513820648193e-02
2.332670614123344421e-02
2.490254305303096771e-02
3.099947422742843628e-02
2.339071594178676605e-02
1.706896908581256866e-02
2.000330016016960144e-02
1.602176204323768616e-02
1.479465886950492859e-02
1.939409226179122925e-02
1.871281862258911133e-02
2.901895903050899506e-02
1.620655879378318787e-02
1.688388921320438385e-02
1.800888404250144958e-02
3.140892833471298218e-02
2.020402252674102783e-02
2.435853704810142517e-02
2.612064406275749207e-02
1.531571522355079651e-02
1.781593263149261475e-02
1.542966067790985107e-02
1.878836750984191895e-02
2.602917887270450592e-02
2.060581557452678680e-02
1.991471089422702789e-02
1.335561089217662811e-02
1.279726624488830566e-02
1.361482404172420502e-02
2.049254626035690308e-02
1.414676569402217865e-02
1.281411759555339813e-02
2.170839160680770874e-02
1.817425899207592010e-02
4.404531046748161316e-02
2.080702595412731171e-02
2.640365436673164368e-02
2.305169962346553802e-02
2.228073403239250183e-02
2.258076891303062439e-02
1.877194084227085114e-02
1.646554097533226013e-02
1.589256711304187775e-02
3.641410917043685913e-02
1.655286736786365509e-02
2.110010385513305664e-02
1.733079552650451660e-02
1.979568600654602051e-02
1.640760898590087891e-02
2.691869065165519714e-02
1.413044519722461700e-02
2.258007787168025970e-02
1.920387148857116699e-02
2.118213102221488953e-02
2.378710731863975525e-02
1.910758018493652344e-02
1.526759006083011627e-02
2.039274573326110840e-02
1.747772097587585449e-02
1.631768792867660522e-02
1.258850563317537308e-02
1.343535725027322769e-02
1.374382898211479187e-02
1.309582032263278961e-02
1.909397169947624207e-02
1.943022944033145905e-02
2.855649217963218689e-02
1.610017567873001099e-02
2.627630718052387238e-02
2.679566293954849243e-02
2.529823407530784607e-02
2.209358289837837219e-02
1.750839129090309143e-02
2.199687808752059937e-02
1.795768737792968750e-02
1.800408959388732910e-02
1.784005388617515564e-02
1.577251777052879333e-02
1.977246813476085663e-02
1.637719385325908661e-02
1.789588853716850281e-02
2.172613143920898438e-02
2.238880097866058350e-02
1.632153242826461792e-02
1.902821473777294159e-02
1.544129010289907455e-02
1.983631029725074768e-02
1.834594644606113434e-02
2.006847225129604340e-02
1.528204139322042465e-02
1.453002355992794037e-02
1.443525403738021851e-02
1.636231504380702972e-02
2.123057842254638672e-02
1.938690245151519775e-02
1.316517777740955353e-02
1.843385957181453705e-02
1.842736080288887024e-02
2.244937606155872345e-02
2.605629339814186096e-02
1.956315711140632629e-02
1.856718398630619049e-02
1.783723384141921997e-02
2.110144123435020447e-02
2.048766799271106720e-02
1.992958411574363708e-02
1.849078014492988586e-02
1.869636029005050659e-02
1.877364702522754669e-02
2.143837139010429382e-02
1.648798957467079163e-02
2.056221291422843933e-02
1.441336981952190399e-02
1.730355992913246155e-02
1.447639800608158112e-02
2.065492793917655945e-02
1.901200786232948303e-02
1.732147298753261566e-02
2.246224880218505859e-02
1.991964690387248993e-02
1.686217449605464935e-02
1.778958365321159363e-02
1.733000949025154114e-02
1.596093736588954926e-02
1.506020128726959229e-02
1.787027530372142792e-02
1.402030512690544128e-02
1.522914133965969086e-02
2.305427752435207367e-02
1.695584878325462341e-02
3.330520913004875183e-02
2.101753093302249908e-02
2.428659424185752869e-02
1.760303601622581482e-02
1.730534993112087250e-02
1.542047411203384399e-02
1.506131049245595932e-02
1.726966723799705505e-02
1.855495944619178772e-02
1.563082635402679443e-02
1.908593438565731049e-02
1.946610212326049805e-02
1.864936575293540955e-02
1.655526086688041687e-02
1.774799823760986328e-02
1.878254674375057220e-02
1.862086355686187744e-02
1.654473692178726196e-02
1.588169112801551819e-02
1.578863710165023804e-02
2.076735347509384155e-02
1.804322749376296997e-02
2.034341730177402496e-02
1.842240802943706512e-02
1.591677032411098480e-02
1.519388798624277115e-02
1.723544672131538391e-02
1.753526553511619568e-02
1.747230999171733856e-02
1.399852707982063293e-02
2.006160840392112732e-02
1.817260123789310455e-02
2.749565616250038147e-02
2.822510339319705963e-02
2.470176666975021362e-02
1.958351954817771912e-02
1.970177888870239258e-02
1.754164695739746094e-02
1.717870682477951050e-02
1.565421186387538910e-02
1.807745546102523804e-02
1.889967545866966248e-02
1.744291558861732483e-02
1.784309372305870056e-02
1.783297955989837646e-02
1.634366065263748169e-02
1.978988945484161377e-02
1.725073158740997314e-02
1.348130218684673309e-02
2.052651718258857727e-02
1.667949184775352478e-02
1.989274844527244568e-02
1.718073897063732147e-02
1.751005090773105621e-02
1.731669530272483826e-02
1.611200720071792603e-02
1.838061399757862091e-02
1.722028851509094238e-02
1.570501923561096191e-02
1.761493831872940063e-02
1.520828064531087875e-02
1.580491289496421814e-02
1.968735828995704651e-02
1.792606711387634277e-02
2.495954185724258423e-02
2.278046496212482452e-02
2.923620678484439850e-02
2.690032869577407837e-02
2.274835668504238129e-02
2.284723706543445587e-02
1.880310475826263428e-02
1.908652484416961670e-02
1.740289293229579926e-02
3.021498769521713257e-02
1.805412769317626953e-02
1.496469601988792419e-02
1.986547373235225677e-02
2.358300983905792236e-02
2.196642756462097168e-02
2.635814994573593140e-02
1.918103173375129700e-02
1.591998711228370667e-02
1.861346885561943054e-02
1.593006402254104614e-02
2.100556343793869019e-02
2.230056002736091614e-02
2.117379568517208099e-02
1.878881268203258514e-02
1.351809408515691757e-02
1.278514787554740906e-02
1.598774269223213196e-02
1.921852119266986847e-02
1.503929123282432556e-02
1.264340057969093323e-02
2.324437722563743591e-02
1.941603049635887146e-02
2.990571409463882446e-02
2.560828998684883118e-02
2.285062894225120544e-02
2.218022756278514862e-02
2.342266216874122620e-02
1.959146559238433838e-02
1.887138560414314270e-02
1.845898479223251343e-02
2.032710425555706024e-02
2.569822408258914948e-02
1.773794367909431458e-02
1.981907896697521210e-02
1.695487648248672485e-02
2.476936578750610352e-02
1.723537594079971313e-02
1.880794018507003784e-02
1.643250137567520142e-02
2.120247296988964081e-02
2.065771259367465973e-02
2.155756019055843353e-02
2.314808033406734467e-02
1.828453689813613892e-02
1.534032635390758514e-02
1.781459152698516846e-02
1.928296498954296112e-02
1.585079729557037354e-02
1.329139806330204010e-02
1.561564579606056213e-02
1.338470540940761566e-02
1.569284498691558838e-02
2.149088494479656219e-02
1.793846860527992249e-02
2.693910337984561920e-02
2.822782099246978760e-02
2.550682798027992249e-02
2.321829646825790405e-02
2.950484864413738251e-02
2.169730514287948608e-02
2.195709757506847382e-02
2.167544141411781311e-02
2.285141870379447937e-02
3.172524645924568176e-02
2.740733884274959564e-02
2.122900262475013733e-02
2.687606960535049438e-02
2.495780773460865021e-02
2.580812759697437286e-02
3.646442294120788574e-02
3.565164655447006226e-02
2.259871736168861389e-02
2.702841907739639282e-02
1.991377212107181549e-02
3.008882328867912292e-02
2.566582337021827698e-02
2.619341947138309479e-02
2.334092557430267334e-02
1.963918283581733704e-02
1.951294764876365662e-02
2.053990028798580170e-02
2.833604998886585236e-02
2.151429466903209686e-02
2.021072432398796082e-02
2.884638868272304535e-02
2.666945010423660278e-02
3.968226909637451172e-02
2.377711609005928040e-02
2.562014386057853699e-02
2.310864813625812531e-02
2.306168712675571442e-02
2.061803452670574188e-02
2.211144380271434784e-02
2.614301070570945740e-02
2.241550013422966003e-02
2.680579572916030884e-02
2.000614814460277557e-02
2.830154821276664734e-02
2.112665027379989624e-02
3.201942145824432373e-02
2.153387665748596191e-02
2.426747977733612061e-02
2.471920475363731384e-02
2.826363965868949890e-02
3.327643126249313354e-02
2.405254356563091278e-02
3.395318612456321716e-02
2.914327755570411682e-02
2.168911322951316833e-02
2.668187022209167480e-02
2.325841784477233887e-02
2.204546704888343811e-02
1.948877237737178802e-02
2.050078287720680237e-02
2.168155089020729065e-02
2.048427984118461609e-02
3.534612432122230530e-02
2.421094104647636414e-02
2.011293359100818634e-02
1.886140927672386169e-02
2.084434404969215393e-02
2.149831131100654602e-02
2.035824395716190338e-02
2.014399319887161255e-02
2.015532553195953369e-02
2.022106572985649109e-02
2.096014097332954407e-02
2.507745102047920227e-02
2.081304416060447693e-02
2.145323902368545532e-02
2.315906807780265808e-02
2.305684611201286316e-02
2.615576982498168945e-02
3.245659917593002319e-02
3.367479145526885986e-02
2.844493836164474487e-02
3.591646999120712280e-02
2.958575263619422913e-02
4.991600662469863892e-02
4.586125537753105164e-02
4.130268841981887817e-02
4.602148011326789856e-02
2.635171264410018921e-02
2.571373432874679565e-02
2.485350705683231354e-02
4.264508560299873352e-02
2.406780421733856201e-02
3.531095385551452637e-02
3.290166705846786499e-02
4.586230590939521790e-02
1.714062690734863281e-02
2.121453545987606049e-02
1.980014890432357788e-02
2.033847197890281677e-02
2.030562981963157654e-02
2.160451188683509827e-02
2.070217393338680267e-02
1.989030092954635620e-02
2.092775702476501465e-02
2.478624135255813599e-02
2.177151851356029510e-02
2.320609614253044128e-02
2.164367958903312683e-02
2.454468980431556702e-02
2.168731205165386200e-02
2.582745067775249481e-02
3.149611502885818481e-02
3.346998989582061768e-02
3.879944235086441040e-02
3.353374823927879333e-02
3.815070539712905884e-02
5.026275292038917542e-02
4.266014695167541504e-02
3.705229237675666809e-02
2.782744169235229492e-02
3.075784444808959961e-02
2.162414975464344025e-02
2.446532063186168671e-02
2.626853436231613159e-02
2.979295328259468079e-02
4.075425118207931519e-02
3.446068614721298218e-02
