<system>Protocol: Active. Attitude: Sassy.</system>
1.236039400100708008e-02
1.198126003146171570e-02
1.169082894921302795e-02
1.197848655283451080e-02
1.231677643954753876e-02
1.218008436262607574e-02
1.245833467692136765e-02
1.150983851402997971e-02
1.179158873856067657e-02
1.237319782376289368e-02
1.213896274566650391e-02
1.238561980426311493e-02
1.092588622123003006e-02
1.197404973208904266e-02
1.190828438848257065e-02
1.250813063234090805e-02
1.125837489962577820e-02
1.226070057600736618e-02
1.177405379712581635e-02
1.227802410721778870e-02
1.218532212078571320e-02
1.166671514511108398e-02
1.183885894715785980e-02
1.216518320143222809e-02
1.225539948791265488e-02
1.230707764625549316e-02
1.299267821013927460e-02
1.230086386203765869e-02
1.222480274736881256e-02
1.227931305766105652e-02
9.998120367527008057e-03
1.198348123580217361e-02
1.159755699336528778e-02
1.281637884676456451e-02
1.221450418233871460e-02
6.362851709127426147e-03
1.170964073389768600e-02
1.220831088721752167e-02
1.274461671710014343e-02
1.090488303452730179e-02
1.201853714883327484e-02
1.181031204760074615e-02
1.226241979748010635e-02
1.150687132030725479e-02
1.157519407570362091e-02
1.188143528997898102e-02
1.188219059258699417e-02
8.626039139926433563e-03
1.257566083222627640e-02
1.210218295454978943e-02
1.199885085225105286e-02
1.191957201808691025e-02
1.212830003350973129e-02
1.194376032799482346e-02
1.144854817539453506e-02
1.255065202713012695e-02
1.201092079281806946e-02
1.214502099901437759e-02
1.180178299546241760e-02
1.168668456375598907e-02
1.220229268074035645e-02
1.177484448999166489e-02
1.166205294430255890e-02
1.167282462120056152e-02
1.260889694094657898e-02
1.216588262468576431e-02
1.208927948027849197e-02
1.208352204412221909e-02
1.186325401067733765e-02
1.116512902081012726e-02
1.204960513859987259e-02
8.309226483106613159e-03
1.178932189941406250e-02
1.169639639556407928e-02
1.144618168473243713e-02
1.230486668646335602e-02
1.211904454976320267e-02
1.187860220670700073e-02
1.204501558095216751e-02
7.621073164045810699e-03
1.206543296575546265e-02
1.258441247045993805e-02
1.207676529884338379e-02
1.141341123729944229e-02
1.255533099174499512e-02
1.197344996035099030e-02
1.195007748901844025e-02
1.263795979321002960e-02
1.228092052042484283e-02
1.166917756199836731e-02
1.204147934913635254e-02
1.244858745485544205e-02
1.204266957938671112e-02
1.275042816996574402e-02
1.246513333171606064e-02
1.234252005815505981e-02
1.232119742780923843e-02
1.194247882813215256e-02
1.376147009432315826e-02
1.049353089183568954e-02
1.156686525791883469e-02
1.187094021588563919e-02
1.252516172826290131e-02
1.216048188507556915e-02
1.200880296528339386e-02
1.203293912112712860e-02
1.202120725065469742e-02
1.195132359862327576e-02
1.207754947245121002e-02
1.226788759231567383e-02
1.213161367923021317e-02
1.109774596989154816e-02
1.155285909771919250e-02
1.014885678887367249e-02
1.115922816097736359e-02
1.202887948602437973e-02
1.213524863123893738e-02
1.220650691539049149e-02
1.214807294309139252e-02
1.141024194657802582e-02
1.223735511302947998e-02
1.216789893805980682e-02
1.219191681593656540e-02
1.189277879893779755e-02
1.178443990647792816e-02
1.184423454105854034e-02
1.272531971335411072e-02
1.207224838435649872e-02
1.191099174320697784e-02
1.188233681023120880e-02
1.278048660606145859e-02
1.241717860102653503e-02
1.187510229647159576e-02
1.223866455256938934e-02
1.176827214658260345e-02
1.184200681746006012e-02
1.162703335285186768e-02
1.212255470454692841e-02
1.203658990561962128e-02
1.211530901491641998e-02
1.220870204269886017e-02
1.223313715308904648e-02
1.224806066602468491e-02
1.165800075978040695e-02
1.206117309629917145e-02
1.234386488795280457e-02
1.130129117518663406e-02
1.081466209143400192e-02
1.196839101612567902e-02
1.181339658796787262e-02
1.050934940576553345e-02
1.202500984072685242e-02
1.241663377732038498e-02
1.175040751695632935e-02
1.138985715806484222e-02
1.112357527017593384e-02
1.075092982500791550e-02
1.233001984655857086e-02
1.284539792686700821e-02
1.169387437403202057e-02
1.221588067710399628e-02
1.232154574245214462e-02
1.163472421467304230e-02
1.228089071810245514e-02
1.289796829223632812e-02
1.250050775706768036e-02
1.333466824144124985e-02
1.190934795886278152e-02
1.224407739937305450e-02
1.212247647345066071e-02
1.240389700978994370e-02
1.185310911387205124e-02
1.293089520186185837e-02
1.212398894131183624e-02
1.244958490133285522e-02
1.172241196036338806e-02
1.195811852812767029e-02
1.237145438790321350e-02
1.206008903682231903e-02
1.303243078291416168e-02
1.218177471309900284e-02
1.233746856451034546e-02
1.259336248040199280e-02
1.203455869108438492e-02
1.388200931251049042e-02
1.182686444371938705e-02
1.228020526468753815e-02
1.193949952721595764e-02
1.184812933206558228e-02
1.046759262681007385e-02
1.198188122361898422e-02
1.135527342557907104e-02
1.158450916409492493e-02
1.150828320533037186e-02
1.245629414916038513e-02
1.165973767638206482e-02
1.184557192027568817e-02
1.192588917911052704e-02
1.136707700788974762e-02
1.184730231761932373e-02
1.280900649726390839e-02
1.270799711346626282e-02
1.041317731142044067e-02
1.213765982538461685e-02
1.219115592539310455e-02
1.181625016033649445e-02
1.188450306653976440e-02
1.184318587183952332e-02
1.226283796131610870e-02
1.207257062196731567e-02
1.250017620623111725e-02
1.164121925830841064e-02
1.062432676553726196e-02
1.245046034455299377e-02
1.061002630740404129e-02
1.177146285772323608e-02
1.135448459535837173e-02
1.175966206938028336e-02
1.240685861557722092e-02
1.012493111193180084e-02
9.588396176695823669e-03
1.288094278424978256e-02
1.185723580420017242e-02
7.520789280533790588e-03
1.232256367802619934e-02
1.210645865648984909e-02
1.203701179474592209e-02
1.284908130764961243e-02
1.240961253643035889e-02
1.184561010450124741e-02
1.186958607286214828e-02
1.020148955285549164e-02
1.137054525315761566e-02
1.202372461557388306e-02
1.171491108834743500e-02
1.182890124619007111e-02
1.196228899061679840e-02
1.139404810965061188e-02
1.180015131831169128e-02
1.136177591979503632e-02
1.185948774218559265e-02
1.202300004661083221e-02
1.260389201343059540e-02
1.134050451219081879e-02
1.195139437913894653e-02
1.118878833949565887e-02
1.224476750940084457e-02
1.131297275424003601e-02
1.214472483843564987e-02
1.260281912982463837e-02
1.244159787893295288e-02
1.138302404433488846e-02
1.130758691579103470e-02
1.196198351681232452e-02
1.226918492466211319e-02
1.229946129024028778e-02
1.208934932947158813e-02
1.135392114520072937e-02
1.281500980257987976e-02
1.170587167143821716e-02
1.178784854710102081e-02
1.184699963778257370e-02
1.213282905519008636e-02
1.185106392949819565e-02
1.174920517951250076e-02
1.243227627128362656e-02
1.216210238635540009e-02
1.227872446179389954e-02
1.190951280295848846e-02
1.225836388766765594e-02
1.156187709420919418e-02
1.215553469955921173e-02
1.152384560555219650e-02
1.153005845844745636e-02
1.167068444192409515e-02
7.762034423649311066e-03
1.199129596352577209e-02
1.207435782998800278e-02
1.249896734952926636e-02
1.135301776230335236e-02
1.173526421189308167e-02
1.196575257927179337e-02
1.207563467323780060e-02
1.222276035696268082e-02
1.177820935845375061e-02
1.233794540166854858e-02
1.184584572911262512e-02
1.187124382704496384e-02
1.221814658492803574e-02
1.216264814138412476e-02
1.201784424483776093e-02
1.189895346760749817e-02
1.224125362932682037e-02
1.303331740200519562e-02
1.001777034252882004e-02
1.160492282360792160e-02
1.120475865900516510e-02
1.150819286704063416e-02
1.204177178442478180e-02
1.122225448489189148e-02
1.191760972142219543e-02
1.208499912172555923e-02
1.206746324896812439e-02
1.253773830831050873e-02
1.148951146751642227e-02
1.142067648470401764e-02
1.249812915921211243e-02
1.248916238546371460e-02
1.158520299941301346e-02
1.130611728876829147e-02
1.223424728959798813e-02
1.232988294214010239e-02
1.198606006801128387e-02
1.181628368794918060e-02
1.151020452380180359e-02
1.209003664553165436e-02
1.174116693437099457e-02
1.293066889047622681e-02
1.182157453149557114e-02
1.182499527931213379e-02
1.164485700428485870e-02
1.203139033168554306e-02
1.195911690592765808e-02
1.145971007645130157e-02
1.253323815762996674e-02
1.208953000605106354e-02
1.268852129578590393e-02
1.212982460856437683e-02
1.169822178781032562e-02
1.194160431623458862e-02
1.203143037855625153e-02
1.222683396190404892e-02
1.155488193035125732e-02
1.170006487518548965e-02
1.217686850577592850e-02
1.188944093883037567e-02
1.091791968792676926e-02
1.172342896461486816e-02
1.189762260764837265e-02
1.226302795112133026e-02
1.148328557610511780e-02
1.016476750373840332e-02
1.201649568974971771e-02
1.208793185651302338e-02
1.074147783219814301e-02
1.199997588992118835e-02
1.255539618432521820e-02
1.193304918706417084e-02
1.152329705655574799e-02
1.245827972888946533e-02
1.140904426574707031e-02
1.198266819119453430e-02
1.214897539466619492e-02
1.146753132343292236e-02
1.227692700922489166e-02
1.230831537395715714e-02
1.211819518357515335e-02
1.229037903249263763e-02
1.225013099610805511e-02
1.188827026635408401e-02
1.224715635180473328e-02
1.185843348503112793e-02
1.192528381943702698e-02
1.142179407179355621e-02
1.197679899632930756e-02
1.256427727639675140e-02
1.240376941859722137e-02
1.218838803470134735e-02
1.275292690843343735e-02
1.080811023712158203e-02
1.237873174250125885e-02
1.361771393567323685e-02
1.246265694499015808e-02
1.178621128201484680e-02
1.182597130537033081e-02
1.248673163354396820e-02
1.208264753222465515e-02
1.219636108726263046e-02
1.145835965871810913e-02
1.241774670779705048e-02
9.771628305315971375e-03
1.204984635114669800e-02
1.230098772794008255e-02
1.186925731599330902e-02
1.265916042029857635e-02
1.109790243208408356e-02
1.181797403842210770e-02
8.781339973211288452e-03
1.209867559373378754e-02
1.132360659539699554e-02
1.174436509609222412e-02
1.251622103154659271e-02
1.212079077959060669e-02
1.195323839783668518e-02
1.262819766998291016e-02
1.182692870497703552e-02
1.266938261687755585e-02
1.225180737674236298e-02
1.145604439079761505e-02
1.218255795538425446e-02
1.153440400958061218e-02
1.181014813482761383e-02
1.201714761555194855e-02
1.247182115912437439e-02
1.178875006735324860e-02
1.224832981824874878e-02
1.214264798909425735e-02
1.219830941408872604e-02
1.210139598697423935e-02
1.116410177201032639e-02
1.023033820092678070e-02
2.790585905313491821e-02
1.279584690928459167e-02
9.041569195687770844e-03
1.190213579684495926e-02
1.234757527709007263e-02
1.214101538062095642e-02
1.210563816130161285e-02
1.163291465491056442e-02
1.035373378545045853e-02
1.214894466102123260e-02
1.315820775926113129e-02
1.139114797115325928e-02
1.200367324054241180e-02
1.265516504645347595e-02
1.232267450541257858e-02
7.875330746173858643e-03
1.229994278401136398e-02
1.231323368847370148e-02
1.031755097210407257e-02
1.170805841684341431e-02
1.201552152633666992e-02
1.174365822225809097e-02
1.212893147021532059e-02
1.182106696069240570e-02
1.173564046621322632e-02
1.169092394411563873e-02
1.177264656871557236e-02
8.656026795506477356e-03
1.191185507923364639e-02
1.240215823054313660e-02
1.221151091158390045e-02
1.212652027606964111e-02
1.231254171580076218e-02
8.623135276138782501e-03
6.418143864721059799e-03
1.186862774193286896e-02
1.162328291684389114e-02
1.141858100891113281e-02
1.106099784374237061e-02
1.285986974835395813e-02
1.175091229379177094e-02
1.244515925645828247e-02
1.308454386889934540e-02
1.244334131479263306e-02
1.206253375858068466e-02
1.096052769571542740e-02
1.179559342563152313e-02
1.183362212032079697e-02
1.232285518199205399e-02
1.233127340674400330e-02
1.208041980862617493e-02
1.081717945635318756e-02
7.026256993412971497e-03
1.271411124616861343e-02
1.135550439357757568e-02
9.067403152585029602e-03
1.097793038934469223e-02
1.212591957300901413e-02
8.434748277068138123e-03
1.193233300000429153e-02
1.232470199465751648e-02
1.147984247654676437e-02
1.172507554292678833e-02
1.168685778975486755e-02
1.258485205471515656e-02
1.199708320200443268e-02
8.079884573817253113e-03
1.284885685890913010e-02
1.225242950022220612e-02
1.208431273698806763e-02
1.170252077281475067e-02
1.202274765819311142e-02
1.245872676372528076e-02
1.175832562148571014e-02
1.273399405181407928e-02
1.149989664554595947e-02
1.143737323582172394e-02
1.176426559686660767e-02
1.120141707360744476e-02
1.297123823314905167e-02
1.202778704464435577e-02
1.198757998645305634e-02
1.161296386271715164e-02
1.231512706726789474e-02
1.211061142385005951e-02
1.216289494186639786e-02
1.146242022514343262e-02
1.213925704360008240e-02
1.116204261779785156e-02
1.198036503046751022e-02
6.812434643507003784e-03
1.162586547434329987e-02
1.214857213199138641e-02
1.126075442880392075e-02
1.229732111096382141e-02
1.140959002077579498e-02
1.175304036587476730e-02
1.194481737911701202e-02
1.212865300476551056e-02
1.243450492620468140e-02
1.198963448405265808e-02
8.809632621705532074e-03
1.082487963140010834e-02
1.160457637161016464e-02
1.235829386860132217e-02
1.172851584851741791e-02
1.092584803700447083e-02
1.316846162080764771e-02
1.157946512103080750e-02
1.257298979908227921e-02
9.996480308473110199e-03
1.282682176679372787e-02
1.220032479614019394e-02
1.214492507278919220e-02
7.823633030056953430e-03
1.192616857588291168e-02
1.226771716028451920e-02
1.213920488953590393e-02
1.214921846985816956e-02
1.155957207083702087e-02
1.247357018291950226e-02
1.272331923246383667e-02
1.244310196489095688e-02
1.227688789367675781e-02
1.238197088241577148e-02
1.180284842848777771e-02
1.227865926921367645e-02
1.243726722896099091e-02
1.244054548442363739e-02
1.203211024403572083e-02
1.137887686491012573e-02
1.205019373446702957e-02
1.229515019804239273e-02
1.106412149965763092e-02
1.181129645556211472e-02
1.171647384762763977e-02
1.112160459160804749e-02
1.236928626894950867e-02
1.210932806134223938e-02
1.215316168963909149e-02
1.228101085871458054e-02
1.204723399132490158e-02
1.153996214270591736e-02
1.178379356861114502e-02
1.216614432632923126e-02
1.187415979802608490e-02
1.162625383585691452e-02
1.212555170059204102e-02
1.171386428177356720e-02
1.170142553746700287e-02
1.170340366661548615e-02
1.214610505849123001e-02
1.247402280569076538e-02
1.151893660426139832e-02
1.177642680704593658e-02
1.624592393636703491e-02
1.220698654651641846e-02
1.238950900733470917e-02
1.169081404805183411e-02
1.188465487211942673e-02
1.188194658607244492e-02
1.116970181465148926e-02
1.240336522459983826e-02
1.226695626974105835e-02
1.257055066525936127e-02
1.166232395917177200e-02
1.243922952562570572e-02
1.207862980663776398e-02
1.132584735751152039e-02
1.142349839210510254e-02
1.152186561375856400e-02
1.150101330131292343e-02
1.222251821309328079e-02
1.212014723569154739e-02
1.213893853127956390e-02
1.181061379611492157e-02
1.202148012816905975e-02
1.165700890123844147e-02
1.155190356075763702e-02
1.230820268392562866e-02
1.168099604547023773e-02
1.140154898166656494e-02
1.239175628870725632e-02
1.199431531131267548e-02
1.215459033846855164e-02
1.242944039404392242e-02
1.173805445432662964e-02
1.233583875000476837e-02
1.105340942740440369e-02
1.250011101365089417e-02
1.211173273622989655e-02
1.191199570894241333e-02
1.244886592030525208e-02
1.162811275571584702e-02
1.171453110873699188e-02
1.237531844526529312e-02
1.193994097411632538e-02
1.247204467654228210e-02
1.252564042806625366e-02
1.193968858569860458e-02
1.195942237973213196e-02
1.235764566808938980e-02
1.195259951055049896e-02
1.180442143231630325e-02
1.251127012073993683e-02
1.229037903249263763e-02
1.184530742466449738e-02
1.169423013925552368e-02
1.247743889689445496e-02
1.197494566440582275e-02
1.053825207054615021e-02
1.168998517096042633e-02
1.282082311809062958e-02
1.050926186144351959e-02
1.182986982166767120e-02
1.104761473834514618e-02
1.111995056271553040e-02
1.187108922749757767e-02
1.074304245412349701e-02
1.189007796347141266e-02
1.147467363625764847e-02
1.210546214133501053e-02
1.206765696406364441e-02
1.289840508252382278e-02
1.206268649548292160e-02
1.202348712831735611e-02
1.120620593428611755e-02
1.134259719401597977e-02
1.196327060461044312e-02
1.296717580407857895e-02
1.205415185540914536e-02
1.215145364403724670e-02
1.011286489665508270e-02
1.192554924637079239e-02
9.459538385272026062e-03
1.155498623847961426e-02
1.157741621136665344e-02
1.161708310246467590e-02
1.139189489185810089e-02
1.135245431214570999e-02
1.009048800915479660e-02
1.312466338276863098e-02
1.272463332861661911e-02
1.237031910568475723e-02
1.289113983511924744e-02
1.203191466629505157e-02
1.198523491621017456e-02
1.196191925555467606e-02
1.173274777829647064e-02
1.151488907635211945e-02
7.415940985083580017e-03
1.205940172076225281e-02
7.250591646879911423e-03
1.129110623151063919e-02
1.178917288780212402e-02
1.204120460897684097e-02
1.211688295006752014e-02
1.006217952817678452e-02
9.928753599524497986e-03
1.130945421755313873e-02
1.204925589263439178e-02
1.191283762454986572e-02
1.177391037344932556e-02
1.200348325073719025e-02
1.206503808498382568e-02
1.160130277276039124e-02
1.203122176229953766e-02
1.196322962641716003e-02
1.144452579319477081e-02
1.190356910228729248e-02
1.192241720855236053e-02
1.180474180728197098e-02
1.084072887897491455e-02
1.265295594930648804e-02
1.186686940491199493e-02
1.175262778997421265e-02
8.947899565100669861e-03
1.211898587644100189e-02
1.231601461768150330e-02
1.157184690237045288e-02
1.220848225057125092e-02
1.265596784651279449e-02
1.226148847490549088e-02
1.184061635285615921e-02
1.226529665291309357e-02
1.214431971311569214e-02
1.185350865125656128e-02
1.186272315680980682e-02
1.179529167711734772e-02
1.187125034630298615e-02
1.245019212365150452e-02
1.199873909354209900e-02
1.062579825520515442e-02
1.217684242874383926e-02
1.177632622420787811e-02
1.183983869850635529e-02
1.112218201160430908e-02
8.302401751279830933e-03
7.014212664216756821e-03
1.203010696917772293e-02
1.188789773732423782e-02
1.223074086010456085e-02
1.208829879760742188e-02
1.197061315178871155e-02
1.307087671011686325e-02
1.056977640837430954e-02
1.208023168146610260e-02
1.195231638848781586e-02
1.193767599761486053e-02
1.176205649971961975e-02
1.135223731398582458e-02
1.235417649149894714e-02
1.206649839878082275e-02
1.199680194258689880e-02
1.202103681862354279e-02
1.261505484580993652e-02
1.270534656941890717e-02
1.208533532917499542e-02
1.112549658864736557e-02
1.163853146135807037e-02
1.178378611803054810e-02
1.151248347014188766e-02
1.158886589109897614e-02
1.133054867386817932e-02
6.690545938909053802e-03
1.191622018814086914e-02
1.176839880645275116e-02
6.431674584746360779e-03
1.203148066997528076e-02
1.205516420304775238e-02
1.219481416046619415e-02
1.228780858218669891e-02
1.245002448558807373e-02
8.660010993480682373e-03
1.186979189515113831e-02
1.147294230759143829e-02
1.253738254308700562e-02
1.096689421683549881e-02
1.067103166133165359e-02
1.187005825340747833e-02
1.187898870557546616e-02
1.222368609160184860e-02
1.163859385997056961e-02
1.144327595829963684e-02
1.266651973128318787e-02
8.400546386837959290e-03
1.212857663631439209e-02
9.922750294208526611e-03
1.211843825876712799e-02
1.089960709214210510e-02
1.142372377216815948e-02
1.227455586194992065e-02
1.205256674438714981e-02
1.030525937676429749e-02
1.174840610474348068e-02
1.180850900709629059e-02
1.253566890954971313e-02
1.110511086881160736e-02
1.159451715648174286e-02
1.181621477007865906e-02
1.203226484358310699e-02
1.100407727062702179e-02
1.197586394846439362e-02
7.866162806749343872e-03
1.216352451592683792e-02
1.255856826901435852e-02
1.242131181061267853e-02
1.002302020788192749e-02
1.037333812564611435e-02
1.254680007696151733e-02
1.230745390057563782e-02
1.232498418539762497e-02
1.218415424227714539e-02
1.246198639273643494e-02
1.260288339108228683e-02
1.191934198141098022e-02
1.233445107936859131e-02
1.214190665632486343e-02
9.993114508688449860e-03
1.180991157889366150e-02
1.196632161736488342e-02
1.173527073115110397e-02
1.196123287081718445e-02
1.134561840444803238e-02
1.197469793260097504e-02
9.883159771561622620e-03
1.278992369771003723e-02
1.298674196004867554e-02
1.122676022350788116e-02
1.200427114963531494e-02
1.116530410945415497e-02
1.234356965869665146e-02
1.228376664221286774e-02
1.237985305488109589e-02
1.217164751142263412e-02
1.128466799855232239e-02
1.163655146956443787e-02
1.153527107089757919e-02
1.232029870152473450e-02
1.281519979238510132e-02
1.140505075454711914e-02
1.174024119973182678e-02
1.212849467992782593e-02
1.211278047412633896e-02
1.197189558297395706e-02
1.228379830718040466e-02
1.190915331244468689e-02
1.166461594402790070e-02
1.190763711929321289e-02
1.159326266497373581e-02
7.614546455442905426e-03
1.231813337653875351e-02
1.175701618194580078e-02
1.203796081244945526e-02
1.174975745379924774e-02
1.215785555541515350e-02
1.186464261263608932e-02
1.192158460617065430e-02
1.124349609017372131e-02
1.227687858045101166e-02
1.167471148073673248e-02
1.139664184302091599e-02
1.106235850602388382e-02
6.952774710953235626e-03
1.201620884239673615e-02
1.087966375052928925e-02
1.107400096952915192e-02
1.205099280923604965e-02
1.223534252494573593e-02
1.162895746529102325e-02
1.213506981730461121e-02
1.172825600951910019e-02
9.951024316251277924e-03
1.210013218224048615e-02
1.275417208671569824e-02
1.176024693995714188e-02
1.139484159648418427e-02
1.241239625960588455e-02
1.186156272888183594e-02
1.190429832786321640e-02
1.203021034598350525e-02
1.185785606503486633e-02
1.268153637647628784e-02
1.228354498744010925e-02
1.227542571723461151e-02
1.180999353528022766e-02
1.211707480251789093e-02
1.235925033688545227e-02
1.243343576788902283e-02
1.208444777876138687e-02
1.179956085979938507e-02
1.261836290359497070e-02
1.241967175155878067e-02
1.005007512867450714e-02
1.083326060324907303e-02
1.134711503982543945e-02
1.258388906717300415e-02
1.214988250285387039e-02
1.211340911686420441e-02
1.138605549931526184e-02
1.135467179119586945e-02
1.159445755183696747e-02
1.285047177225351334e-02
1.256733573973178864e-02
1.158029213547706604e-02
1.227042824029922485e-02
1.203074213117361069e-02
1.201153919100761414e-02
1.218247227370738983e-02
1.145305670797824860e-02
1.214348152279853821e-02
1.272778399288654327e-02
1.173547841608524323e-02
1.067205891013145447e-02
1.234073750674724579e-02
1.202267315238714218e-02
1.154491677880287170e-02
1.158396340906620026e-02
1.201010216027498245e-02
1.006861776113510132e-02
1.236872188746929169e-02
1.219619344919919968e-02
1.135794259607791901e-02
1.189845521003007889e-02
1.190684456378221512e-02
1.230018027126789093e-02
1.199714373797178268e-02
1.186022721230983734e-02
1.181887369602918625e-02
1.181555911898612976e-02
1.249526906758546829e-02
1.268655434250831604e-02
1.215994264930486679e-02
1.245077885687351227e-02
1.176634989678859711e-02
1.176020875573158264e-02
1.168563961982727051e-02
9.649537503719329834e-03
1.197343878448009491e-02
1.299299113452434540e-02
1.217853277921676636e-02
1.209023315459489822e-02
1.205290108919143677e-02
1.259649358689785004e-02
1.221198122948408127e-02
1.181138493120670319e-02
1.155537739396095276e-02
1.074547693133354187e-02
1.247645262628793716e-02
1.151789352297782898e-02
1.137645170092582703e-02
1.192782726138830185e-02
1.238116528838872910e-02
1.223625615239143372e-02
1.181381009519100189e-02
1.172898523509502411e-02
1.176053564995527267e-02
6.163333542644977570e-03
1.232386194169521332e-02
1.262218691408634186e-02
1.197412423789501190e-02
1.185977831482887268e-02
1.152986101806163788e-02
1.279619522392749786e-02
1.199709903448820114e-02
1.254510693252086639e-02
1.184342615306377411e-02
1.172173302620649338e-02
1.234595198184251785e-02
1.212297379970550537e-02
1.157343760132789612e-02
7.581007666885852814e-03
1.276484876871109009e-02
1.200138777494430542e-02
1.181774400174617767e-02
1.160195469856262207e-02
8.516089990735054016e-03
1.170461997389793396e-02
1.194612495601177216e-02
1.277925726026296616e-02
1.070170477032661438e-02
1.211124472320079803e-02
1.047360524535179138e-02
1.242252998054027557e-02
9.847419336438179016e-03
1.166597381234169006e-02
1.192730106413364410e-02
1.218595355749130249e-02
1.125457789748907089e-02
1.206219196319580078e-02
1.193617098033428192e-02
1.203673612326383591e-02
1.206358894705772400e-02
1.168058533221483231e-02
1.181168854236602783e-02
1.193150132894515991e-02
1.180834602564573288e-02
1.292015891522169113e-02
1.225647330284118652e-02
1.235051546245813370e-02
1.204710640013217926e-02
1.192506588995456696e-02
1.240138337016105652e-02
1.076046191155910492e-02
1.168866828083992004e-02
1.172491442412137985e-02
1.226623449474573135e-02
1.270784717053174973e-02
1.178395189344882965e-02
1.232389081269502640e-02
1.195699814707040787e-02
1.230164431035518646e-02
1.023127138614654541e-02
1.229058019816875458e-02
1.236820314079523087e-02
1.226057671010494232e-02
1.214220933616161346e-02
1.197955291718244553e-02
1.124570891261100769e-02
1.241948455572128296e-02
1.248537376523017883e-02
1.126076560467481613e-02
1.204297691583633423e-02
1.110510900616645813e-02
1.185618992894887924e-02
1.207614876329898834e-02
1.213336549699306488e-02
1.204334944486618042e-02
1.175797265022993088e-02
1.207453757524490356e-02
1.145814731717109680e-02
1.152903586626052856e-02
1.245719566941261292e-02
1.221057865768671036e-02
1.233918685466051102e-02
1.155559718608856201e-02
1.161508634686470032e-02
1.209896150976419449e-02
1.166839990764856339e-02
1.182775199413299561e-02
1.159712299704551697e-02
1.231960952281951904e-02
1.206336915493011475e-02
1.212744880467653275e-02
1.231781858950853348e-02
1.226216740906238556e-02
1.211984734982252121e-02
1.164005696773529053e-02
1.197804883122444153e-02
1.218950189650058746e-02
1.159004960209131241e-02
1.254320517182350159e-02
8.943783119320869446e-03
1.268045511096715927e-02
1.176795549690723419e-02
1.189301349222660065e-02
1.122910808771848679e-02
1.154091302305459976e-02
1.163975335657596588e-02
1.144966296851634979e-02
1.245746389031410217e-02
1.248617842793464661e-02
1.196692604571580887e-02
1.251041982322931290e-02
1.204305514693260193e-02
1.206115167587995529e-02
1.194864511489868164e-02
1.177575811743736267e-02
1.226475276052951813e-02
1.230023987591266632e-02
1.141249109059572220e-02
1.163754239678382874e-02
1.277171447873115540e-02
1.070829853415489197e-02
1.005053892731666565e-02
1.185347139835357666e-02
1.184445060789585114e-02
1.258468255400657654e-02
1.023510470986366272e-02
1.242372673004865646e-02
1.261654403060674667e-02
1.219034940004348755e-02
7.047416642308235168e-03
1.208049152046442032e-02
1.177687570452690125e-02
1.194420550018548965e-02
1.220307499170303345e-02
1.233477890491485596e-02
1.177579630166292191e-02
1.146869920194149017e-02
1.226671226322650909e-02
1.211520843207836151e-02
6.875173654407262802e-03
1.156538538634777069e-02
1.237098313868045807e-02
1.288399379700422287e-02
1.182931941002607346e-02
1.100392453372478485e-02
1.162299886345863342e-02
1.092366781085729599e-02
1.092679053544998169e-02
1.191726420074701309e-02
1.092496141791343689e-02
1.257619448006153107e-02
1.159938797354698181e-02
1.204041019082069397e-02
1.215236447751522064e-02
1.227501221001148224e-02
1.221812237054109573e-02
1.170266047120094299e-02
1.233266387134790421e-02
1.194042526185512543e-02
1.263099163770675659e-02
1.200606767088174820e-02
1.359097473323345184e-02
1.057193800806999207e-02
1.200944557785987854e-02
1.227016933262348175e-02
1.225363928824663162e-02
1.231420785188674927e-02
1.090307440608739853e-02
1.204723957926034927e-02
1.192030590027570724e-02
1.212850119918584824e-02
1.204920932650566101e-02
1.247730012983083725e-02
1.249655708670616150e-02
1.241462118923664093e-02
1.165540888905525208e-02
1.185908354818820953e-02
1.191153377294540405e-02
1.056955382227897644e-02
1.184156909584999084e-02
1.155550405383110046e-02
1.181837171316146851e-02
1.208920404314994812e-02
1.252851169556379318e-02
1.226762030273675919e-02
1.152324210852384567e-02
1.173307746648788452e-02
1.219012588262557983e-02
1.197048183530569077e-02
1.202057581394910812e-02
1.172492001205682755e-02
1.090800482779741287e-02
1.248767971992492676e-02
1.106182765215635300e-02
1.192371547222137451e-02
1.030443795025348663e-02
1.227629277855157852e-02
1.230784412473440170e-02
1.163220312446355820e-02
1.207905542105436325e-02
1.194182224571704865e-02
1.216607447713613510e-02
1.169809326529502869e-02
1.199423521757125854e-02
1.213752571493387222e-02
1.230750419199466705e-02
1.205832976847887039e-02
1.248580403625965118e-02
1.221362687647342682e-02
1.067910436540842056e-02
1.239142008125782013e-02
1.236655935645103455e-02
1.076203677803277969e-02
1.149489171802997589e-02
1.183133944869041443e-02
1.222959253937005997e-02
1.252743601799011230e-02
1.173526234924793243e-02
1.287134271115064621e-02
1.208755560219287872e-02
1.205511391162872314e-02
1.184042729437351227e-02
1.109502464532852173e-02
1.178466342389583588e-02
1.191654056310653687e-02
1.208122074604034424e-02
1.232983730733394623e-02
1.204542443156242371e-02
1.191205717623233795e-02
1.239362545311450958e-02
1.128599233925342560e-02
1.167343370616436005e-02
1.227217260748147964e-02
1.200417801737785339e-02
1.219530031085014343e-02
1.229693833738565445e-02
1.213245466351509094e-02
1.156487502157688141e-02
1.204343326389789581e-02
1.163657754659652710e-02
1.227402500808238983e-02
1.176819670945405960e-02
9.385219775140285492e-03
1.117984019219875336e-02
1.193004474043846130e-02
1.266331784427165985e-02
1.219800859689712524e-02
1.245366409420967102e-02
1.178003102540969849e-02
1.251575630158185959e-02
1.186868827790021896e-02
1.142969354987144470e-02
1.213982328772544861e-02
1.122726872563362122e-02
1.219236105680465698e-02
1.162573881447315216e-02
1.157891936600208282e-02
1.152111217379570007e-02
1.197939645498991013e-02
1.279680896550416946e-02
1.205559261143207550e-02
1.097138412296772003e-02
1.218478661030530930e-02
1.156903617084026337e-02
1.175279449671506882e-02
1.223918609321117401e-02
1.209060288965702057e-02
1.088550500571727753e-02
1.239560171961784363e-02
1.148579921573400497e-02
1.254839915782213211e-02
1.175932586193084717e-02
1.210666820406913757e-02
1.217317767441272736e-02
1.224215142428874969e-02
1.396352890878915787e-02
1.215280778706073761e-02
1.200572960078716278e-02
1.220452785491943359e-02
1.237349677830934525e-02
1.152595411986112595e-02
1.122171990573406219e-02
1.201084814965724945e-02
1.149107795208692551e-02
1.191245857626199722e-02
1.200010906904935837e-02
1.150261517614126205e-02
1.168681867420673370e-02
1.204790826886892319e-02
1.199616864323616028e-02
1.198794506490230560e-02
1.203539688140153885e-02
1.286073029041290283e-02
1.133517175912857056e-02
1.199206430464982986e-02
1.193219050765037537e-02
1.216370332986116409e-02
1.222996227443218231e-02
1.209035702049732208e-02
1.272948738187551498e-02
1.198063790798187256e-02
1.226480118930339813e-02
1.125882100313901901e-02
1.184845436364412308e-02
1.205445919185876846e-02
1.168742030858993530e-02
1.238745637238025665e-02
1.182437501847743988e-02
1.234214939177036285e-02
1.203216053545475006e-02
1.231816224753856659e-02
1.219160854816436768e-02
1.227749418467283249e-02
1.260186266154050827e-02
1.242241635918617249e-02
1.173149421811103821e-02
1.231531985104084015e-02
1.218169834464788437e-02
1.212872844189405441e-02
1.248371880501508713e-02
1.156312972307205200e-02
1.137070637196302414e-02
1.101950928568840027e-02
1.091618090867996216e-02
1.159854512661695480e-02
1.286987774074077606e-02
1.177880354225635529e-02
1.193417422473430634e-02
1.063933875411748886e-02
1.124379783868789673e-02
7.601744029670953751e-03
1.097289286553859711e-02
1.217628456652164459e-02
1.008827798068523407e-02
1.132023055106401443e-02
1.161294989287853241e-02
1.164581440389156342e-02
1.130170747637748718e-02
1.236178353428840637e-02
1.175406016409397125e-02
1.218753494322299957e-02
1.245678961277008057e-02
1.217167265713214874e-02
1.230527274310588837e-02
1.132443360984325409e-02
1.227099262177944183e-02
1.192497275769710541e-02
1.164091844111680984e-02
1.124170515686273575e-02
1.199883036315441132e-02
1.198411174118518829e-02
1.041082199662923813e-02
1.194630470126867294e-02
1.139719970524311066e-02
1.401393953710794449e-02
1.256777159869670868e-02
1.179211400449275970e-02
1.165137439966201782e-02
1.206671446561813354e-02
1.247963309288024902e-02
1.155385188758373260e-02
1.173368655145168304e-02
1.220727898180484772e-02
1.241630129516124725e-02
1.204560045152902603e-02
1.171611994504928589e-02
9.725048206746578217e-03
1.202191784977912903e-02
1.282094512134790421e-02
1.234127860516309738e-02
1.196624431759119034e-02
1.147914864122867584e-02
1.219508983194828033e-02
1.096468232572078705e-02
1.197203341871500015e-02
1.191080547869205475e-02
1.200057007372379303e-02
1.259742863476276398e-02
1.234814338386058807e-02
1.199699938297271729e-02
7.126028649508953094e-03
1.159662567079067230e-02
1.108521223068237305e-02
1.228027977049350739e-02
7.480127271264791489e-03
1.117778662592172623e-02
1.227346062660217285e-02
1.184496097266674042e-02
1.208726316690444946e-02
1.196904946118593216e-02
1.193977892398834229e-02
1.227714307606220245e-02
1.188809890300035477e-02
1.228802651166915894e-02
1.214131340384483337e-02
1.137584261596202850e-02
1.235572807490825653e-02
1.187813654541969299e-02
1.206462457776069641e-02
1.186667382717132568e-02
1.269383914768695831e-02
1.229817606508731842e-02
1.094987429678440094e-02
1.260392367839813232e-02
1.209458708763122559e-02
5.499714519828557968e-03
1.184493489563465118e-02
1.216459088027477264e-02
1.235952787101268768e-02
1.170845516026020050e-02
1.222738437354564667e-02
1.109734456986188889e-02
1.247701141983270645e-02
1.279862504452466965e-02
1.247697882354259491e-02
1.180891692638397217e-02
1.135311089456081390e-02
1.198426820337772369e-02
1.195649988949298859e-02
1.169361546635627747e-02
1.084527373313903809e-02
1.174430549144744873e-02
6.076575722545385361e-03
1.193517167121171951e-02
1.183139905333518982e-02
1.130395010113716125e-02
1.245290972292423248e-02
1.208136975765228271e-02
1.163048669695854187e-02
1.237422507256269455e-02
1.197729166597127914e-02
1.107992697507143021e-02
1.197473332285881042e-02
1.143529266119003296e-02
9.703198447823524475e-03
1.194200944155454636e-02
1.191319059580564499e-02
1.134246122092008591e-02
1.062445156276226044e-02
1.095307059586048126e-02
1.232502982020378113e-02
1.195550151169300079e-02
1.199764385819435120e-02
1.201589778065681458e-02
1.224102452397346497e-02
1.212150789797306061e-02
1.126820594072341919e-02
1.175453700125217438e-02
1.202920451760292053e-02
1.096047461032867432e-02
1.131496485322713852e-02
1.193661987781524658e-02
1.209171209484338760e-02
1.256445702165365219e-02
1.108893938362598419e-02
1.223937422037124634e-02
1.186183653771877289e-02
1.240218896418809891e-02
1.146223396062850952e-02
1.191683392971754074e-02
1.165706943720579147e-02
1.178969722241163254e-02
1.199633441865444183e-02
1.179091632366180420e-02
1.242664922028779984e-02
1.161211542785167694e-02
1.214803196489810944e-02
1.169833727180957794e-02
1.255742087960243225e-02
1.141307130455970764e-02
1.162114646285772324e-02
1.183865219354629517e-02
1.175352931022644043e-02
1.202376559376716614e-02
1.177711598575115204e-02
1.151924580335617065e-02
1.222366560250520706e-02
1.163445040583610535e-02
1.245455630123615265e-02
1.107414625585079193e-02
1.205991953611373901e-02
1.201230939477682114e-02
1.177143026143312454e-02
1.251546107232570648e-02
1.158993970602750778e-02
1.189152710139751434e-02
1.239389926195144653e-02
1.213693805038928986e-02
1.156741473823785782e-02
1.104327198117971420e-02
1.243156939744949341e-02
1.193514373153448105e-02
1.223042607307434082e-02
1.247381884604692459e-02
1.180277485400438309e-02
1.240781508386135101e-02
1.210601627826690674e-02
1.229704264551401138e-02
1.228418014943599701e-02
1.186230592429637909e-02
1.135149691253900528e-02
1.180798374116420746e-02
1.226677838712930679e-02
1.214941032230854034e-02
1.262925844639539719e-02
1.191842183470726013e-02
1.183202490210533142e-02
1.236151903867721558e-02
1.231229491531848907e-02
1.220125332474708557e-02
1.268541626632213593e-02
1.127511635422706604e-02
1.214966177940368652e-02
1.205051690340042114e-02
1.240690238773822784e-02
1.253045536577701569e-02
1.211101468652486801e-02
1.193265803158283234e-02
1.161643397063016891e-02
1.208595652133226395e-02
1.203748025000095367e-02
1.173063367605209351e-02
1.223847083747386932e-02
1.163657568395137787e-02
1.068960595875978470e-02
1.174380723387002945e-02
1.248758938163518906e-02
1.245230622589588165e-02
1.192018110305070877e-02
1.183444075286388397e-02
8.983421139419078827e-03
1.214146800339221954e-02
8.976521901786327362e-03
1.186348125338554382e-02
1.178039610385894775e-02
1.204135455191135406e-02
1.181643456220626831e-02
1.261296309530735016e-02
1.181472465395927429e-02
1.205922849476337433e-02
1.245881244540214539e-02
1.205100677907466888e-02
7.198953069746494293e-03
1.165950484573841095e-02
9.484095498919487000e-03
1.066629495471715927e-02
1.209114678204059601e-02
1.240706257522106171e-02
1.233969163149595261e-02
1.193706505000591278e-02
7.004583720117807388e-03
1.266913861036300659e-02
1.226153504103422165e-02
1.209884323179721832e-02
1.158028189092874527e-02
1.190837100148200989e-02
1.233682967722415924e-02
1.158365607261657715e-02
9.781418368220329285e-03
1.169833261519670486e-02
1.200848352164030075e-02
1.150759868323802948e-02
1.147885806858539581e-02
1.213432382792234421e-02
1.297832280397415161e-02
1.223536580801010132e-02
1.161398179829120636e-02
1.246044225990772247e-02
1.199931837618350983e-02
1.219483837485313416e-02
1.219993270933628082e-02
1.288354676216840744e-02
1.394888106733560562e-02
1.154897734522819519e-02
1.153048779815435410e-02
1.231037639081478119e-02
1.213308703154325485e-02
1.170268002897500992e-02
1.265781745314598083e-02
1.251663267612457275e-02
1.215398311614990234e-02
1.230267994105815887e-02
1.183884963393211365e-02
1.220666617155075073e-02
6.181425414979457855e-03
1.175188273191452026e-02
1.222817786037921906e-02
1.158073171973228455e-02
1.198075804859399796e-02
1.252228766679763794e-02
1.113813277333974838e-02
1.173958368599414825e-02
1.206793077290058136e-02
1.236011087894439697e-02
1.240324601531028748e-02
1.184077002108097076e-02
1.244014408439397812e-02
1.150101423263549805e-02
1.194522529840469360e-02
1.248051319271326065e-02
1.223636791110038757e-02
1.174370013177394867e-02
1.191855967044830322e-02
1.182146742939949036e-02
1.131567545235157013e-02
1.187862455844879150e-02
1.204049866646528244e-02
1.225250028073787689e-02
1.203908491879701614e-02
1.157016865909099579e-02
1.172126457095146179e-02
1.204729452729225159e-02
1.240218244493007660e-02
1.208298932760953903e-02
1.253706216812133789e-02
1.164382882416248322e-02
8.926592767238616943e-03
1.259333360940217972e-02
1.183740422129631042e-02
1.218135003000497818e-02
1.235009171068668365e-02
1.221452187746763229e-02
1.290777232497930527e-02
1.195531710982322693e-02
1.158534362912178040e-02
9.828804992139339447e-03
1.231473125517368317e-02
1.176620740443468094e-02
1.155341137200593948e-02
1.213524863123893738e-02
1.209161803126335144e-02
1.155257690697908401e-02
1.264584437012672424e-02
1.227853912860155106e-02
1.230960711836814880e-02
1.257271412760019302e-02
1.177846733480691910e-02
1.174243167042732239e-02
1.215201243758201599e-02
1.168755628168582916e-02
9.232716634869575500e-03
1.170931756496429443e-02
1.256787031888961792e-02
1.248021982610225677e-02
1.175595261156558990e-02
1.357250474393367767e-02
1.016113348305225372e-02
1.215358637273311615e-02
1.226057764142751694e-02
1.204435154795646667e-02
1.185897551476955414e-02
1.225022133439779282e-02
1.135432440787553787e-02
9.549812413752079010e-03
1.226104609668254852e-02
1.188462600111961365e-02
1.280291657894849777e-02
1.127538271248340607e-02
1.252138335257768631e-02
1.117425784468650818e-02
1.229284144937992096e-02
1.195737347006797791e-02
1.220455951988697052e-02
1.203986257314682007e-02
1.181423850357532501e-02
1.132840849459171295e-02
1.230026967823505402e-02
1.262950617820024490e-02
1.232694182544946671e-02
1.115582324564456940e-02
8.161410689353942871e-03
1.012277230620384216e-02
1.186910271644592285e-02
1.206003036350011826e-02
1.230506226420402527e-02
1.229884661734104156e-02
1.220731530338525772e-02
1.161116547882556915e-02
1.022528018802404404e-02
1.182341761887073517e-02
1.151704415678977966e-02
1.239363290369510651e-02
1.172149181365966797e-02
1.160225458443164825e-02
1.275954116135835648e-02
1.222896296530961990e-02
1.171809621155261993e-02
1.265459787100553513e-02
7.757806684821844101e-03
1.237628329545259476e-02
1.284254528582096100e-02
1.189550757408142090e-02
1.183373201638460159e-02
1.085131894797086716e-02
1.146470196545124054e-02
1.233586762100458145e-02
1.186710409820079803e-02
1.198553852736949921e-02
1.232849061489105225e-02
7.816869765520095825e-03
1.218200754374265671e-02
1.173727773129940033e-02
1.189375296235084534e-02
1.199180819094181061e-02
1.191883906722068787e-02
1.206519640982151031e-02
1.205975376069545746e-02
1.206221990287303925e-02
1.176774688065052032e-02
1.143587194383144379e-02
1.006430853158235550e-02
1.248448342084884644e-02
1.225009281188249588e-02
1.210048422217369080e-02
1.213090121746063232e-02
1.180896721780300140e-02
1.224798709154129028e-02
1.174469850957393646e-02
1.112007722258567810e-02
1.129408366978168488e-02
1.223339699208736420e-02
1.193940080702304840e-02
1.110931672155857086e-02
1.036353409290313721e-02
1.113422028720378876e-02
1.251596119254827499e-02
1.211030595004558563e-02
1.116903405636548996e-02
1.213697064667940140e-02
1.186770480126142502e-02
1.198728941380977631e-02
1.225392147898674011e-02
1.208777725696563721e-02
1.131738256663084030e-02
1.185756176710128784e-02
1.232416462153196335e-02
1.284328848123550415e-02
1.007197424769401550e-02
1.185992080718278885e-02
1.157425343990325928e-02
1.258868724107742310e-02
1.134090684354305267e-02
1.235041581094264984e-02
1.215707696974277496e-02
1.196602825075387955e-02
1.204258762300014496e-02
1.197674404829740524e-02
1.220150664448738098e-02
1.242116838693618774e-02
1.151604764163494110e-02
1.222668960690498352e-02
1.238845288753509521e-02
1.206627860665321350e-02
1.074751559644937515e-02
1.228030584752559662e-02
1.156693231314420700e-02
1.250046584755182266e-02
1.145484857261180878e-02
1.205897144973278046e-02
1.179568842053413391e-02
1.179866492748260498e-02
1.161293312907218933e-02
1.181713771075010300e-02
1.185486093163490295e-02
1.177367009222507477e-02
1.175582315772771835e-02
1.246759388595819473e-02
1.215557940304279327e-02
1.254234090447425842e-02
1.230861619114875793e-02
1.248947158455848694e-02
1.186652667820453644e-02
1.181194745004177094e-02
1.198130566626787186e-02
1.257609575986862183e-02
1.157223433256149292e-02
1.123101823031902313e-02
1.229428499937057495e-02
1.182828005403280258e-02
1.254642754793167114e-02
6.832647137343883514e-03
1.162358839064836502e-02
1.243128627538681030e-02
1.193613931536674500e-02
8.547796867787837982e-03
9.771113283932209015e-03
1.172975450754165649e-02
1.264762505888938904e-02
1.183167751878499985e-02
1.226287893950939178e-02
1.156175043433904648e-02
1.041938550770282745e-02
1.253649778664112091e-02
1.205334905534982681e-02
1.210046000778675079e-02
1.207431312650442123e-02
1.194512657821178436e-02
1.193028036504983902e-02
1.170711778104305267e-02
1.174524333328008652e-02
1.258336380124092102e-02
1.201063208281993866e-02
1.208858005702495575e-02
1.175776496529579163e-02
1.203712262213230133e-02
1.244112476706504822e-02
9.820651262998580933e-03
1.158527471125125885e-02
9.812777861952781677e-03
1.301812659949064255e-02
1.246384717524051666e-02
1.209633611142635345e-02
1.175561454147100449e-02
1.238247565925121307e-02
1.151318661868572235e-02
1.191351097077131271e-02
1.242830697447061539e-02
1.231476012617349625e-02
1.211932115256786346e-02
1.210203580558300018e-02
1.198567636311054230e-02
8.010537363588809967e-03
1.209111697971820831e-02
1.210516877472400665e-02
1.186417788267135620e-02
1.232528127729892731e-02
1.181301567703485489e-02
1.171611063182353973e-02
1.074619311839342117e-02
1.183628290891647339e-02
1.168831810355186462e-02
1.025339402258396149e-02
1.180169917643070221e-02
1.148439384996891022e-02
1.198970619589090347e-02
1.191920321434736252e-02
8.399805985391139984e-03
1.230750139802694321e-02
1.257139816880226135e-02
1.218014582991600037e-02
1.311046723276376724e-02
1.163268834352493286e-02
1.251159328967332840e-02
1.207235082983970642e-02
1.182685140520334244e-02
1.218775101006031036e-02
1.180447824299335480e-02
1.204483583569526672e-02
1.249356195330619812e-02
1.094063837081193924e-02
1.187736913561820984e-02
1.180203910917043686e-02
1.205622218549251556e-02
6.978564895689487457e-03
1.047723926603794098e-02
1.185335777699947357e-02
1.218614447861909866e-02
1.186840422451496124e-02
1.123780012130737305e-02
1.177930831909179688e-02
1.219615899026393890e-02
1.226140931248664856e-02
1.132954936474561691e-02
1.169367413967847824e-02
1.176092494279146194e-02
1.156975701451301575e-02
1.212684717029333115e-02
1.172267459332942963e-02
1.091232895851135254e-02
1.148921251296997070e-02
7.772255688905715942e-03
1.182517129927873611e-02
1.188538316637277603e-02
1.243413239717483521e-02
1.204457972198724747e-02
1.195912528783082962e-02
1.180257834494113922e-02
1.270944997668266296e-02
1.183161512017250061e-02
1.241371873766183853e-02
1.230762526392936707e-02
1.166107319295406342e-02
1.190010458230972290e-02
1.151926163583993912e-02
1.229545287787914276e-02
1.176779530942440033e-02
9.297547861933708191e-03
1.203954685479402542e-02
1.246029231697320938e-02
1.215683016926050186e-02
1.252669095993041992e-02
1.241993717849254608e-02
7.702001370489597321e-03
1.175790559500455856e-02
1.158227026462554932e-02
1.196692511439323425e-02
1.204272639006376266e-02
1.243298500776290894e-02
1.239902153611183167e-02
1.183673460036516190e-02
1.218453235924243927e-02
1.185966376215219498e-02
1.203583180904388428e-02
1.207719743251800537e-02
1.156169734895229340e-02
1.175114698708057404e-02
1.233853958547115326e-02
1.235108822584152222e-02
6.943123415112495422e-03
1.171495951712131500e-02
1.204766612499952316e-02
1.170445606112480164e-02
1.199814677238464355e-02
1.255367230623960495e-02
1.161947753280401230e-02
1.181259192526340485e-02
1.246313564479351044e-02
1.173226349055767059e-02
1.224797032773494720e-02
1.181593909859657288e-02
1.237016171216964722e-02
1.181242056190967560e-02
1.210989337414503098e-02
1.170897670090198517e-02
1.267577521502971649e-02
1.194491796195507050e-02
1.149576995521783829e-02
1.292810495942831039e-02
1.191205810755491257e-02
1.187844015657901764e-02
1.171543914824724197e-02
1.219198200851678848e-02
1.160509698092937469e-02
1.118712965399026871e-02
1.188269723206758499e-02
1.133475266396999359e-02
1.191616803407669067e-02
1.144573092460632324e-02
1.227363944053649902e-02
1.240664348006248474e-02
1.202681846916675568e-02
1.200014352798461914e-02
1.148681528866291046e-02
1.202230900526046753e-02
1.230841968208551407e-02
1.227518543601036072e-02
1.220485568046569824e-02
1.233972515910863876e-02
1.196300797164440155e-02
1.221606321632862091e-02
1.193176209926605225e-02
1.206669956445693970e-02
1.191657036542892456e-02
1.090525649487972260e-02
1.206004340201616287e-02
1.195235457271337509e-02
1.234820857644081116e-02
1.112756505608558655e-02
1.205249503254890442e-02
1.229856908321380615e-02
1.136704720556735992e-02
1.149665191769599915e-02
8.230173960328102112e-03
1.135105267167091370e-02
1.231353171169757843e-02
1.230482384562492371e-02
1.224926300346851349e-02
1.208556070923805237e-02
1.159355510026216507e-02
1.211690157651901245e-02
1.229417882859706879e-02
1.193365082144737244e-02
1.222744025290012360e-02
1.233364734798669815e-02
1.095323450863361359e-02
1.122249290347099304e-02
1.261029206216335297e-02
1.238149031996726990e-02
1.195379532873630524e-02
1.197126414626836777e-02
1.274345535784959793e-02
1.257710810750722885e-02
1.240991428494453430e-02
8.672687225043773651e-03
1.215200498700141907e-02
1.222293265163898468e-02
1.228929776698350906e-02
1.203579455614089966e-02
1.207948476076126099e-02
1.203246600925922394e-02
1.212165132164955139e-02
1.097509078681468964e-02
1.221506483852863312e-02
8.883051574230194092e-03
1.224536262452602386e-02
1.232702657580375671e-02
1.120885554701089859e-02
1.122862845659255981e-02
1.075179688632488251e-02
1.195535622537136078e-02
1.258101034909486771e-02
1.223401911556720734e-02
1.237364485859870911e-02
1.145157776772975922e-02
1.215693727135658264e-02
1.254837214946746826e-02
1.248400285840034485e-02
1.184124406427145004e-02
1.195252779871225357e-02
1.216860115528106689e-02
1.178755611181259155e-02
1.189769618213176727e-02
1.256535761058330536e-02
1.167542301118373871e-02
1.187478564679622650e-02
1.177027821540832520e-02
1.132240891456604004e-02
1.021220814436674118e-02
1.107116602361202240e-02
1.166736707091331482e-02
1.256731897592544556e-02
1.215235795825719833e-02
1.213031820952892303e-02
1.147768087685108185e-02
1.182078570127487183e-02
1.216494478285312653e-02
1.234259549528360367e-02
1.196765433996915817e-02
1.213554292917251587e-02
1.249767560511827469e-02
1.244564168155193329e-02
1.163930445909500122e-02
1.237868797034025192e-02
1.247253268957138062e-02
1.169126294553279877e-02
1.198215968906879425e-02
1.169082242995500565e-02
1.193370483815670013e-02
1.116690691560506821e-02
1.249644719064235687e-02
1.185214612632989883e-02
1.201200485229492188e-02
1.236255653202533722e-02
1.190600357949733734e-02
1.138489134609699249e-02
1.176377013325691223e-02
1.192022580653429031e-02
1.269043236970901489e-02
1.178119052201509476e-02
1.247556880116462708e-02
1.153355278074741364e-02
1.155894249677658081e-02
1.183084398508071899e-02
1.197358220815658569e-02
7.242385298013687134e-03
1.214888319373130798e-02
1.238733157515525818e-02
1.252687163650989532e-02
1.162085123360157013e-02
1.164540275931358337e-02
1.202594395726919174e-02
1.189577952027320862e-02
9.513137862086296082e-03
1.238000858575105667e-02
1.152688451111316681e-02
1.223398838192224503e-02
1.185954175889492035e-02
1.219412032514810562e-02
1.217188406735658646e-02
1.208713557571172714e-02
1.061313971877098083e-02
1.102803926914930344e-02
1.240695640444755554e-02
1.118121854960918427e-02
1.222336385399103165e-02
1.236674562096595764e-02
1.234560273587703705e-02
1.188058592379093170e-02
1.211096346378326416e-02
1.239989511668682098e-02
1.002774294465780258e-02
1.203356031328439713e-02
1.245813071727752686e-02
1.238189637660980225e-02
1.148822158575057983e-02
1.191465184092521667e-02
1.211987715214490891e-02
1.191921345889568329e-02
1.179450936615467072e-02
1.187754794955253601e-02
1.189270243048667908e-02
1.241170614957809448e-02
1.221906486898660660e-02
1.217942684888839722e-02
1.306025218218564987e-02
1.220544986426830292e-02
1.227755192667245865e-02
8.983362466096878052e-03
1.247345842421054840e-02
1.100383512675762177e-02
1.037213765084743500e-02
1.214569713920354843e-02
1.184319518506526947e-02
1.309440378099679947e-02
1.168055459856987000e-02
1.063824817538261414e-02
1.204019039869308472e-02
1.221534516662359238e-02
1.135171763598918915e-02
1.214593090116977692e-02
1.175924018025398254e-02
1.223952881991863251e-02
1.239862013608217239e-02
1.219394616782665253e-02
1.242803409695625305e-02
1.186483167111873627e-02
1.173262670636177063e-02
1.248988602310419083e-02
1.147332042455673218e-02
1.232889480888843536e-02
8.493856526911258698e-03
1.321798097342252731e-02
1.243837177753448486e-02
1.095329038798809052e-02
