<system>Protocol: Active. Attitude: Sassy.</system>
1.247930154204368591e-02
1.261004060506820679e-02
1.187661942094564438e-02
1.150910742580890656e-02
1.284582726657390594e-02
1.281367894262075424e-02
1.242076978087425232e-02
1.138831488788127899e-02
1.213255338370800018e-02
1.336389686912298203e-02
1.240331865847110748e-02
1.311029680073261261e-02
1.038187649101018906e-02
1.193002797663211823e-02
1.280141249299049377e-02
1.307076402008533478e-02
1.043794117867946625e-02
1.201747171580791473e-02
1.211359165608882904e-02
1.261381059885025024e-02
1.364531740546226501e-02
1.187864597886800766e-02
1.239971816539764404e-02
1.284998096525669098e-02
1.157346554100513458e-02
1.222029328346252441e-02
1.330403517931699753e-02
1.182354334741830826e-02
1.233624946326017380e-02
1.333731692284345627e-02
8.540949784219264984e-03
1.309661846607923508e-02
1.101651322096586227e-02
1.337577775120735168e-02
1.293506845831871033e-02
7.355691399425268173e-03
1.122476533055305481e-02
1.242488063871860504e-02
1.280657760798931122e-02
1.081327907741069794e-02
1.227526552975177765e-02
1.244756951928138733e-02
1.293500978499650955e-02
1.162514090538024902e-02
1.076431386172771454e-02
1.178344711661338806e-02
1.240960508584976196e-02
8.151046000421047211e-03
1.228999532759189606e-02
1.275372970849275589e-02
1.224710792303085327e-02
1.258486416190862656e-02
1.256189495325088501e-02
1.166803948581218719e-02
1.102453749626874924e-02
1.244306378066539764e-02
1.238217391073703766e-02
1.157405413687229156e-02
1.353974360972642899e-02
1.127966865897178650e-02
1.327150594443082809e-02
1.267523877322673798e-02
1.226707827299833298e-02
1.238669455051422119e-02
1.240001618862152100e-02
1.218109391629695892e-02
1.228760741651058197e-02
1.215028483420610428e-02
1.225838530808687210e-02
1.105309277772903442e-02
1.118100434541702271e-02
8.809027262032032013e-03
1.182392612099647522e-02
1.310996152460575104e-02
1.219142042100429535e-02
1.280878297984600067e-02
1.166169811040163040e-02
1.336296275258064270e-02
1.252870168536901474e-02
7.758774794638156891e-03
1.255230791866779327e-02
1.365734636783599854e-02
1.250760257244110107e-02
1.189376600086688995e-02
1.309949625283479691e-02
1.234723627567291260e-02
1.186722051352262497e-02
1.358446851372718811e-02
1.583039388060569763e-02
1.072417199611663818e-02
1.209462061524391174e-02
1.168546825647354126e-02
1.222858205437660217e-02
1.309638284146785736e-02
1.244657486677169800e-02
1.217509713023900986e-02
1.238422375172376633e-02
1.113508269190788269e-02
1.734829880297183990e-02
9.930995292961597443e-03
1.263655535876750946e-02
1.224932447075843811e-02
1.315975002944469452e-02
1.162615604698657990e-02
1.174911577254533768e-02
1.240289676934480667e-02
1.246575918048620224e-02
1.219895388931035995e-02
1.310821808874607086e-02
1.236359030008316040e-02
1.115012634545564651e-02
1.134497951716184616e-02
1.076625660061836243e-02
9.502140805125236511e-03
1.166491676121950150e-02
1.239294465631246567e-02
1.181759871542453766e-02
1.235507056117057800e-02
1.115847192704677582e-02
1.118665840476751328e-02
1.221233978867530823e-02
1.199425384402275085e-02
1.110371574759483337e-02
1.262130122631788254e-02
1.229064352810382843e-02
1.099460385739803314e-02
1.376389712095260620e-02
1.125763077288866043e-02
1.182437688112258911e-02
1.229015178978443146e-02
1.273569185286760330e-02
1.153181865811347961e-02
1.253830827772617340e-02
1.209231652319431305e-02
1.181041169911623001e-02
1.272716000676155090e-02
1.195760630071163177e-02
1.272643171250820160e-02
1.258626673370599747e-02
1.237984187901020050e-02
1.245118491351604462e-02
1.229975186288356781e-02
1.182536780834197998e-02
1.102650724351406097e-02
1.223481819033622742e-02
1.231768261641263962e-02
1.070908922702074051e-02
1.051536016166210175e-02
1.237100176513195038e-02
1.160810049623250961e-02
1.149597670882940292e-02
1.413753814995288849e-02
1.325770840048789978e-02
1.291892305016517639e-02
1.163971982896327972e-02
1.054716296494007111e-02
9.985301643610000610e-03
1.257460471242666245e-02
1.242609787732362747e-02
1.116230525076389313e-02
1.248444244265556335e-02
1.199390459805727005e-02
1.103080064058303833e-02
1.265973784029483795e-02
1.314851082861423492e-02
1.239862293004989624e-02
2.159310132265090942e-02
1.148282829672098160e-02
1.194657292217016220e-02
1.237607933580875397e-02
1.299888174980878830e-02
1.143870688974857330e-02
1.337623037397861481e-02
1.255680061876773834e-02
1.249462366104125977e-02
1.183659024536609650e-02
1.146264653652906418e-02
1.254342216998338699e-02
1.208742707967758179e-02
1.428242586553096771e-02
1.223530247807502747e-02
1.268936693668365479e-02
1.388502493500709534e-02
1.168350689113140106e-02
1.652299612760543823e-02
1.172639057040214539e-02
1.297463010996580124e-02
1.222907006740570068e-02
1.165573205798864365e-02
1.028603129088878632e-02
1.232692506164312363e-02
1.205792464315891266e-02
1.083493605256080627e-02
1.379180513322353363e-02
1.270231045782566071e-02
1.199163682758808136e-02
1.174317859113216400e-02
1.051257923245429993e-02
1.023602858185768127e-02
1.089741289615631104e-02
1.230330765247344971e-02
1.218448765575885773e-02
9.452220983803272247e-03
1.153383869677782059e-02
1.206714101135730743e-02
1.256251707673072815e-02
1.232312805950641632e-02
1.183483004570007324e-02
1.227434445172548294e-02
1.307827048003673553e-02
1.268603652715682983e-02
1.129739731550216675e-02
1.012579631060361862e-02
1.148335635662078857e-02
9.635982103645801544e-03
1.301178429275751114e-02
1.168301515281200409e-02
1.172173023223876953e-02
1.200827956199645996e-02
9.618899784982204437e-03
9.428726509213447571e-03
1.563732326030731201e-02
1.190299354493618011e-02
8.452310226857662201e-03
1.227692794054746628e-02
1.329691242426633835e-02
1.174609921872615814e-02
1.557048596441745758e-02
1.242816634476184845e-02
1.110536046326160431e-02
1.238968409597873688e-02
9.255874902009963989e-03
1.147163100540637970e-02
1.305921375751495361e-02
1.088129170238971710e-02
1.321960985660552979e-02
1.086451951414346695e-02
1.212596613913774490e-02
1.063981931656599045e-02
1.070176810026168823e-02
1.188678108155727386e-02
1.299306098371744156e-02
1.249051280319690704e-02
9.926973842084407806e-03
1.255752705037593842e-02
1.013724412769079208e-02
1.352879311889410019e-02
1.022769417613744736e-02
1.246473193168640137e-02
1.379088684916496277e-02
1.255345344543457031e-02
1.137768104672431946e-02
1.104279421269893646e-02
1.213580276817083359e-02
1.147412229329347610e-02
1.171147357672452927e-02
1.198850572109222412e-02
1.152676716446876526e-02
1.380316354334354401e-02
1.233184989541769028e-02
1.196765806525945663e-02
1.163165457546710968e-02
1.179326791316270828e-02
1.129951979964971542e-02
1.129921339452266693e-02
1.289508864283561707e-02
1.178678963333368301e-02
1.215955615043640137e-02
1.240201294422149658e-02
1.321176625788211823e-02
1.159819215536117554e-02
1.353699155151844025e-02
1.194338314235210419e-02
1.164354197680950165e-02
1.135923434048891068e-02
1.084629911929368973e-02
1.253499649465084076e-02
1.267896220088005066e-02
1.294336561113595963e-02
1.070641074329614639e-02
1.195752248167991638e-02
1.100377924740314484e-02
1.291549485176801682e-02
1.198868639767169952e-02
1.211441215127706528e-02
1.279845833778381348e-02
1.216667611151933670e-02
1.272981241345405579e-02
1.279255095869302750e-02
1.255399826914072037e-02
1.285958848893642426e-02
1.274694129824638367e-02
1.335229165852069855e-02
1.357562467455863953e-02
1.088210009038448334e-02
1.147540472447872162e-02
1.101620122790336609e-02
1.064634043723344803e-02
1.227904483675956726e-02
1.168288290500640869e-02
1.185760553926229477e-02
1.227017864584922791e-02
1.243953220546245575e-02
1.332327164709568024e-02
1.125624310225248337e-02
1.133369561284780502e-02
1.249484159052371979e-02
1.250342000275850296e-02
1.153280865401029587e-02
1.117658987641334534e-02
1.226385682821273804e-02
1.198002882301807404e-02
1.166910305619239807e-02
1.116598490625619888e-02
1.116171106696128845e-02
1.178498100489377975e-02
1.168322935700416565e-02
1.375238411128520966e-02
1.157559081912040710e-02
1.204555481672286987e-02
1.168747805058956146e-02
1.135267876088619232e-02
1.205614581704139709e-02
1.128524914383888245e-02
1.228536758571863174e-02
1.176243741065263748e-02
1.289939135313034058e-02
1.171841099858283997e-02
1.178130786865949631e-02
1.167680695652961731e-02
1.240638084709644318e-02
1.241733133792877197e-02
1.182096730917692184e-02
1.157454401254653931e-02
1.286498177796602249e-02
1.265157759189605713e-02
1.043573021888732910e-02
1.202933955937623978e-02
1.181090995669364929e-02
1.333031244575977325e-02
1.131954416632652283e-02
9.708633646368980408e-03
1.256914529949426651e-02
1.192595995962619781e-02
1.281756069511175156e-02
1.181809976696968079e-02
1.255511119961738586e-02
1.152863539755344391e-02
1.157033257186412811e-02
1.229823008179664612e-02
1.198233012109994888e-02
1.336369290947914124e-02
1.187513303011655807e-02
1.167005766183137894e-02
1.275565847754478455e-02
1.405017450451850891e-02
1.310432981699705124e-02
1.335136964917182922e-02
1.261167041957378387e-02
1.236458029597997665e-02
1.274169236421585083e-02
1.189318671822547913e-02
1.232800073921680450e-02
1.129990816116333008e-02
1.159643940627574921e-02
1.183883938938379288e-02
1.290129870176315308e-02
1.352200191468000412e-02
1.266480144113302231e-02
1.106003765016794205e-02
1.242933329194784164e-02
1.480257324874401093e-02
1.286981813609600067e-02
1.192011218518018723e-02
1.168361306190490723e-02
1.166290417313575745e-02
1.146019063889980316e-02
1.287420094013214111e-02
1.025989837944507599e-02
1.260243356227874756e-02
1.166803110390901566e-02
1.219679322093725204e-02
1.281830668449401855e-02
1.235563494265079498e-02
1.278578862547874451e-02
1.057309471070766449e-02
1.210966426879167557e-02
9.575275704264640808e-03
1.302401535212993622e-02
1.042481884360313416e-02
1.209264528006315231e-02
1.274307351559400558e-02
1.179950125515460968e-02
1.170819532126188278e-02
1.293543167412281036e-02
1.205055601894855499e-02
1.283385977149009705e-02
1.351373083889484406e-02
1.092422567307949066e-02
1.221002079546451569e-02
1.202042214572429657e-02
1.177428103983402252e-02
1.210177130997180939e-02
1.264704763889312744e-02
1.303510647267103195e-02
1.168415043503046036e-02
1.240492518991231918e-02
1.198127493262290955e-02
1.112090982496738434e-02
1.137293130159378052e-02
9.616547264158725739e-03
3.117723390460014343e-02
1.195938140153884888e-02
8.990928530693054199e-03
1.084939390420913696e-02
1.166694983839988708e-02
1.129564549773931503e-02
1.255897805094718933e-02
1.212226226925849915e-02
1.051365211606025696e-02
1.194938365370035172e-02
1.307137403637170792e-02
1.165342144668102264e-02
1.150132901966571808e-02
1.844340562820434570e-02
1.209767442196607590e-02
7.005460560321807861e-03
1.441456563770771027e-02
1.210201345384120941e-02
1.245126314461231232e-02
1.073867082595825195e-02
1.216780487447977066e-02
1.061652321368455887e-02
1.230492629110813141e-02
1.366610173135995865e-02
1.146085653454065323e-02
1.186688430607318878e-02
1.225903537124395370e-02
9.346504695713520050e-03
1.276401616632938385e-02
1.299185678362846375e-02
1.308615133166313171e-02
1.346319541335105896e-02
1.214800588786602020e-02
1.041344180703163147e-02
6.477905437350273132e-03
1.236543059349060059e-02
1.148199476301670074e-02
1.113306730985641479e-02
1.065156050026416779e-02
1.388434693217277527e-02
1.185481809079647064e-02
1.319960877299308777e-02
1.324148755520582199e-02
1.157140266150236130e-02
1.186583563685417175e-02
1.070484891533851624e-02
1.358730159699916840e-02
1.176493614912033081e-02
1.273550000041723251e-02
1.238890271633863449e-02
1.216478832066059113e-02
1.034000888466835022e-02
6.385324057191610336e-03
1.248473860323429108e-02
1.185623742640018463e-02
8.416227996349334717e-03
1.053928025066852570e-02
1.227628253400325775e-02
8.122721686959266663e-03
1.300686039030551910e-02
1.209541410207748413e-02
1.198187842965126038e-02
1.207611151039600372e-02
1.069733686745166779e-02
1.197584532201290131e-02
1.298100408166646957e-02
7.602027151733636856e-03
1.276432257145643234e-02
1.231359504163265228e-02
1.235420629382133484e-02
1.107930857688188553e-02
1.212020963430404663e-02
1.312855258584022522e-02
1.213093474507331848e-02
1.252165064215660095e-02
1.825489103794097900e-02
1.338988263159990311e-02
1.136342622339725494e-02
1.210241578519344330e-02
1.446660794317722321e-02
1.237456593662500381e-02
1.131709106266498566e-02
1.158613245934247971e-02
1.168009731918573380e-02
1.179400365799665451e-02
1.175198704004287720e-02
1.173293311148881912e-02
1.241607870906591415e-02
1.131771970540285110e-02
1.292667165398597717e-02
7.004045881330966949e-03
1.194271817803382874e-02
1.214916910976171494e-02
1.095772534608840942e-02
1.204085443168878555e-02
1.143516041338443756e-02
1.089498959481716156e-02
1.173863001167774200e-02
1.242825761437416077e-02
1.269696187227964401e-02
1.300028152763843536e-02
1.135947182774543762e-02
1.009424868971109390e-02
1.279519032686948776e-02
1.287545729428529739e-02
1.337929442524909973e-02
1.087513752281665802e-02
1.298951357603073120e-02
1.163504831492900848e-02
1.372641697525978088e-02
9.818051941692829132e-03
1.341535616666078568e-02
1.208927761763334274e-02
1.214430294930934906e-02
8.178038522601127625e-03
1.166818104684352875e-02
1.273631677031517029e-02
1.225432660430669785e-02
1.184946298599243164e-02
1.229319814592599869e-02
1.265324559062719345e-02
1.298404857516288757e-02
1.306787878274917603e-02
1.332889683544635773e-02
1.268242299556732178e-02
1.194826979190111160e-02
1.428172644227743149e-02
1.192580629140138626e-02
1.454863138496875763e-02
1.216357666999101639e-02
1.091489661484956741e-02
1.201653946191072464e-02
1.227629650384187698e-02
1.095878239721059799e-02
1.171399839222431183e-02
1.147331483662128448e-02
9.994793683290481567e-03
1.236212067306041718e-02
1.253116969019174576e-02
1.220177765935659409e-02
1.220612879842519760e-02
1.218277122825384140e-02
1.131231989711523056e-02
1.252554543316364288e-02
1.227830257266759872e-02
1.141403056681156158e-02
1.171015854924917221e-02
1.319658104330301285e-02
1.220656558871269226e-02
1.375944726169109344e-02
1.119864545762538910e-02
1.200930587947368622e-02
1.289233379065990448e-02
1.187118701636791229e-02
1.142020151019096375e-02
2.098554931581020355e-02
1.172868255525827408e-02
1.236421335488557816e-02
1.222853176295757294e-02
1.235451642423868179e-02
1.259906776249408722e-02
1.206178590655326843e-02
1.299280114471912384e-02
1.264733448624610901e-02
1.344147697091102600e-02
1.186704915016889572e-02
1.234243903309106827e-02
1.255258638411760330e-02
1.090039126574993134e-02
1.153378747403621674e-02
1.115323882550001144e-02
1.158359181135892868e-02
1.166497264057397842e-02
1.255333796143531799e-02
1.161183137446641922e-02
1.182878017425537109e-02
1.184548530727624893e-02
1.274892315268516541e-02
1.250834297388792038e-02
1.317323185503482819e-02
1.132589951157569885e-02
1.106343045830726624e-02
1.302151940762996674e-02
1.204294338822364807e-02
1.220623683184385300e-02
1.281776931136846542e-02
1.177443191409111023e-02
1.188340596854686737e-02
1.091416925191879272e-02
1.223121769726276398e-02
1.196284592151641846e-02
1.247343793511390686e-02
1.348255202174186707e-02
1.269691064953804016e-02
1.188523881137371063e-02
1.296466402709484100e-02
1.199144870042800903e-02
1.274002809077501297e-02
1.263718120753765106e-02
1.093583554029464722e-02
1.255765743553638458e-02
1.124689448624849319e-02
1.146405376493930817e-02
1.127907633781433105e-02
1.276666857302188873e-02
1.310421898961067200e-02
1.189325936138629913e-02
1.057405397295951843e-02
1.187387201935052872e-02
1.095140539109706879e-02
1.023035123944282532e-02
1.160462759435176849e-02
1.369170285761356354e-02
1.066945213824510574e-02
1.206457149237394333e-02
1.048734225332736969e-02
1.075395382940769196e-02
1.080279052257537842e-02
1.022310834378004074e-02
1.168358698487281799e-02
1.070423889905214310e-02
1.215108111500740051e-02
1.170555874705314636e-02
1.168910507112741470e-02
1.302693039178848267e-02
1.249813940376043320e-02
1.199454814195632935e-02
1.071444898843765259e-02
1.179054472595453262e-02
1.244330964982509613e-02
1.098123751580715179e-02
1.155634224414825439e-02
9.641868993639945984e-03
1.173417177051305771e-02
8.835858665406703949e-03
1.150638610124588013e-02
1.026817224919795990e-02
1.257439889013767242e-02
1.108447741717100143e-02
1.112865470349788666e-02
9.735189378261566162e-03
1.476247608661651611e-02
1.286540925502777100e-02
1.240976434201002121e-02
1.240603718906641006e-02
1.196633372455835342e-02
1.272856816649436951e-02
1.263763383030891418e-02
1.144222542643547058e-02
1.111802272498607635e-02
7.258140016347169876e-03
1.227946113795042038e-02
8.138277567923069000e-03
1.110926643013954163e-02
1.196872629225254059e-02
1.212099380791187286e-02
1.279985066503286362e-02
1.381490658968687057e-02
9.296231903135776520e-03
1.152148097753524780e-02
1.241107098758220673e-02
1.232209708541631699e-02
1.150058303028345108e-02
1.139889471232891083e-02
1.236991398036479950e-02
1.160267554223537445e-02
1.246469654142856598e-02
1.223411969840526581e-02
1.174408849328756332e-02
1.278977282345294952e-02
1.281900890171527863e-02
1.176480948925018311e-02
1.142749004065990448e-02
1.221559755504131317e-02
1.226431876420974731e-02
1.216447260230779648e-02
1.447596866637468338e-02
1.197769865393638611e-02
1.329918112605810165e-02
1.162988319993019104e-02
1.281965337693691254e-02
1.209744438529014587e-02
1.370881125330924988e-02
1.300788391381502151e-02
1.201079040765762329e-02
1.206676661968231201e-02
1.254738681018352509e-02
1.137421280145645142e-02
1.198872458189725876e-02
1.232430338859558105e-02
1.367056556046009064e-02
1.363995857536792755e-02
1.104276441037654877e-02
1.180407311767339706e-02
1.185246929526329041e-02
1.274946890771389008e-02
1.146423816680908203e-02
9.203855879604816437e-03
6.209835410118103027e-03
1.304551213979721069e-02
1.202136464416980743e-02
1.220077089965343475e-02
1.187644619494676590e-02
1.160921156406402588e-02
1.200431585311889648e-02
1.051147188991308212e-02
1.254737749695777893e-02
1.206727325916290283e-02
1.177620328962802887e-02
1.158079225569963455e-02
1.121412217617034912e-02
1.271650474518537521e-02
1.148483436554670334e-02
1.213181577622890472e-02
1.282749231904745102e-02
1.276141405105590820e-02
1.239832770079374313e-02
1.215753983706235886e-02
1.045653875917196274e-02
1.165542379021644592e-02
1.325584575533866882e-02
1.143372897058725357e-02
1.149055082350969315e-02
1.212939247488975525e-02
6.356699392199516296e-03
1.266724057495594025e-02
1.257494464516639709e-02
6.137163378298282623e-03
1.203031651675701141e-02
1.216001622378826141e-02
1.283819787204265594e-02
1.187839731574058533e-02
1.370664313435554504e-02
8.634891360998153687e-03
1.251148618757724762e-02
1.081712078303098679e-02
1.442928053438663483e-02
1.103044673800468445e-02
1.072406396269798279e-02
1.150743290781974792e-02
1.243483461439609528e-02
1.226404868066310883e-02
1.300662569701671600e-02
1.077049411833286285e-02
1.257985830307006836e-02
7.891977205872535706e-03
1.282220520079135895e-02
9.734922088682651520e-03
1.264904625713825226e-02
9.949514642357826233e-03
1.174883358180522919e-02
1.154444180428981781e-02
1.186148077249526978e-02
9.486259892582893372e-03
1.103335432708263397e-02
1.192022953182458878e-02
1.284458395093679428e-02
1.134651340544223785e-02
1.115620601922273636e-02
1.229221187531948090e-02
1.066013518720865250e-02
1.065484806895256042e-02
1.249334402382373810e-02
7.408545352518558502e-03
1.284718886017799377e-02
1.211061608046293259e-02
1.187076792120933533e-02
1.028440240770578384e-02
1.029381435364484787e-02
1.280866749584674835e-02
1.210682746022939682e-02
1.248697843402624130e-02
1.124738529324531555e-02
1.189384236931800842e-02
1.223941426724195480e-02
1.148042827844619751e-02
1.162265986204147339e-02
1.185697503387928009e-02
9.675417095422744751e-03
1.221094932407140732e-02
1.302904076874256134e-02
1.124300342053174973e-02
1.253241486847400665e-02
1.064281258732080460e-02
1.191231701523065567e-02
8.745653554797172546e-03
1.392487995326519012e-02
1.252700947225093842e-02
1.140999607741832733e-02
1.157714799046516418e-02
1.090924721211194992e-02
1.281420234590768814e-02
1.194048579782247543e-02
1.125369872897863388e-02
1.248951628804206848e-02
1.088611222803592682e-02
1.163490675389766693e-02
1.114459056407213211e-02
1.221574656665325165e-02
1.348712015897035599e-02
1.175290904939174652e-02
1.190223917365074158e-02
1.224836148321628571e-02
1.178924087435007095e-02
1.165912207216024399e-02
1.300475187599658966e-02
1.267450116574764252e-02
1.239183917641639709e-02
1.277227420359849930e-02
1.126560010015964508e-02
7.180582731962203979e-03
1.225608959794044495e-02
1.173410471528768539e-02
1.171914115548133850e-02
1.231181621551513672e-02
1.216302625834941864e-02
1.054364442825317383e-02
1.211551576852798462e-02
1.159080490469932556e-02
1.235117204487323761e-02
1.275893114507198334e-02
1.069399341940879822e-02
9.832412004470825195e-03
9.697765111923217773e-03
1.199381891638040543e-02
1.097680069506168365e-02
1.088978722691535950e-02
1.222085114568471909e-02
1.193479262292385101e-02
1.133324578404426575e-02
1.143814716488122940e-02
1.145941391587257385e-02
9.478766471147537231e-03
1.228757016360759735e-02
1.893361844122409821e-02
1.399455405771732330e-02
1.078060921281576157e-02
1.300274953246116638e-02
1.147296279668807983e-02
1.288982294499874115e-02
1.200524810701608658e-02
1.188243366777896881e-02
1.322842761874198914e-02
1.290603913366794586e-02
1.250899024307727814e-02
1.264324691146612167e-02
1.288623642176389694e-02
1.223639212548732758e-02
1.366258785128593445e-02
1.220060512423515320e-02
1.157988794147968292e-02
1.254226081073284149e-02
1.304299291223287582e-02
9.345820173621177673e-03
1.116927899420261383e-02
1.042097620666027069e-02
1.563967391848564148e-02
1.255113538354635239e-02
1.175974868237972260e-02
1.098055951297283173e-02
1.130423136055469513e-02
1.161826588213443756e-02
1.309699472039937973e-02
1.362304296344518661e-02
1.203611679375171661e-02
1.291288807988166809e-02
1.295552495867013931e-02
1.237679179757833481e-02
1.171382889151573181e-02
1.040290016680955887e-02
1.186873950064182281e-02
1.421382836997509003e-02
1.260029338300228119e-02
1.498139649629592896e-02
1.250953320413827896e-02
1.229315809905529022e-02
1.148155797272920609e-02
1.147377304732799530e-02
1.162791997194290161e-02
9.437873028218746185e-03
1.251937728375196457e-02
1.263440027832984924e-02
1.209948398172855377e-02
1.257427223026752472e-02
1.117071881890296936e-02
1.266536302864551544e-02
1.069981977343559265e-02
1.229468919336795807e-02
1.173739135265350342e-02
1.161002088338136673e-02
1.346660964190959930e-02
1.232564449310302734e-02
1.205582357943058014e-02
1.558192260563373566e-02
1.294917799532413483e-02
1.153754070401191711e-02
1.190295442938804626e-02
8.846669457852840424e-03
1.159300096333026886e-02
1.331943832337856293e-02
1.155025325715541840e-02
1.217568386346101761e-02
1.189678721129894257e-02
1.183915510773658752e-02
1.246912963688373566e-02
1.138618867844343185e-02
1.228001248091459274e-02
1.452324353158473969e-02
1.204004604369401932e-02
1.161392685025930405e-02
1.000861264765262604e-02
1.194827537983655930e-02
1.217371784150600433e-02
1.341231632977724075e-02
1.142570562660694122e-02
1.201988384127616882e-02
1.245284453034400940e-02
7.252940442413091660e-03
1.209904253482818604e-02
1.291000843048095703e-02
1.188966259360313416e-02
1.166424527764320374e-02
1.124665979295969009e-02
1.229199487715959549e-02
1.250582560896873474e-02
1.273217238485813141e-02
1.166188530623912811e-02
1.138732675462961197e-02
1.282732933759689331e-02
1.159552857279777527e-02
1.177760213613510132e-02
8.296878077089786530e-03
1.649861969053745270e-02
1.430921442806720734e-02
1.174543052911758423e-02
1.167112775146961212e-02
7.688514888286590576e-03
1.188727654516696930e-02
1.151966303586959839e-02
1.270815450698137283e-02
1.055312156677246094e-02
1.254310645163059235e-02
8.982364088296890259e-03
1.313427370041608810e-02
8.936624974012374878e-03
1.084561832249164581e-02
1.258817873895168304e-02
1.262683793902397156e-02
1.037739217281341553e-02
1.217697001993656158e-02
1.218035072088241577e-02
1.194400154054164886e-02
1.191514544188976288e-02
1.167785748839378357e-02
1.278734393417835236e-02
1.183282025158405304e-02
1.135137490928173065e-02
1.329393126070499420e-02
1.145958062261343002e-02
1.227724738419055939e-02
1.277659460902214050e-02
1.218142919242382050e-02
1.258096098899841309e-02
1.203600130975246429e-02
1.141159795224666595e-02
1.156507059931755066e-02
1.287263538688421249e-02
1.276134047657251358e-02
1.048997417092323303e-02
1.181107386946678162e-02
1.212301291525363922e-02
1.285894960165023804e-02
9.900914505124092102e-03
1.257110387086868286e-02
1.324670389294624329e-02
1.223303377628326416e-02
1.252181455492973328e-02
1.233972236514091492e-02
1.093021407723426819e-02
1.243747398257255554e-02
1.311202347278594971e-02
1.089817099273204803e-02
1.165163144469261169e-02
1.012512762099504471e-02
1.161754410713911057e-02
1.322653610259294510e-02
1.236101984977722168e-02
1.204666867852210999e-02
1.174049917608499527e-02
1.331577915698289871e-02
1.149160042405128479e-02
1.182634942233562469e-02
1.213547773659229279e-02
1.286654174327850342e-02
1.483387965708971024e-02
1.208015996962785721e-02
1.098768599331378937e-02
1.354598067700862885e-02
1.100884471088647842e-02
1.311444398015737534e-02
1.143880560994148254e-02
1.189849153161048889e-02
1.241252943873405457e-02
1.269635744392871857e-02
1.374392025172710419e-02
1.276587136089801788e-02
1.246035285294055939e-02
1.211363077163696289e-02
1.162406615912914276e-02
1.204560976475477219e-02
1.206851471215486526e-02
1.261654309928417206e-02
8.868230506777763367e-03
1.257540844380855560e-02
1.266133040189743042e-02
1.180494949221611023e-02
1.062084455043077469e-02
1.033104397356510162e-02
1.222460158169269562e-02
1.435992680490016937e-02
1.284442469477653503e-02
1.276545785367488861e-02
1.255311351269483566e-02
1.295727491378784180e-02
1.290478371083736420e-02
1.173512823879718781e-02
1.126554142683744431e-02
1.123627088963985443e-02
1.200913451611995697e-02
1.182038336992263794e-02
1.135267317295074463e-02
1.199541054666042328e-02
1.311941072344779968e-02
1.630108617246150970e-02
9.275126270949840546e-03
1.063104346394538879e-02
1.242741104215383530e-02
1.216679159551858902e-02
9.768441319465637207e-03
1.235522329807281494e-02
1.329044997692108154e-02
1.371187251061201096e-02
6.815602537244558334e-03
1.291597541421651840e-02
1.059785112738609314e-02
1.202862896025180817e-02
1.099251769483089447e-02
1.299592759460210800e-02
1.212497428059577942e-02
1.083912421017885208e-02
1.189019251614809036e-02
1.289400830864906311e-02
7.037578616291284561e-03
1.094849407672882080e-02
1.228746026754379272e-02
1.283910125494003296e-02
1.193065661936998367e-02
9.776111692190170288e-03
1.111771725118160248e-02
9.088004007935523987e-03
1.047719083726406097e-02
2.124639600515365601e-02
9.491657838225364685e-03
1.387469097971916199e-02
1.114869862794876099e-02
1.173056289553642273e-02
1.214268989861011505e-02
1.182054169476032257e-02
1.249251328408718109e-02
1.083570905029773712e-02
1.243215706199407578e-02
1.174068916589021683e-02
1.277163345366716385e-02
1.296656578779220581e-02
1.542143709957599640e-02
1.021207030862569809e-02
1.165048871189355850e-02
1.321061141788959503e-02
1.206258498132228851e-02
1.257722917944192886e-02
1.063933316618204117e-02
1.115705631673336029e-02
1.191150769591331482e-02
1.142212003469467163e-02
1.317754853516817093e-02
1.371323317289352417e-02
1.224373467266559601e-02
1.229749247431755066e-02
1.128507498651742935e-02
1.208683289587497711e-02
1.119570061564445496e-02
9.563112631440162659e-03
1.171908993273973465e-02
1.196279190480709076e-02
1.192416902631521225e-02
1.224968023598194122e-02
1.285594329237937927e-02
1.151089090853929520e-02
1.308675482869148254e-02
2.186246588826179504e-02
1.236005313694477081e-02
1.264394540339708328e-02
1.393790915608406067e-02
1.366097014397382736e-02
1.070161815732717514e-02
1.305165700614452362e-02
9.865078143775463104e-03
1.174124330282211304e-02
1.186393108218908310e-02
1.347405090928077698e-02
1.504782773554325104e-02
1.197702065110206604e-02
1.234604418277740479e-02
1.163091510534286499e-02
1.202059909701347351e-02
1.171809807419776917e-02
1.122752390801906586e-02
1.180331408977508545e-02
1.203618198633193970e-02
1.318721845746040344e-02
1.280398759990930557e-02
1.146092917770147324e-02
9.259388782083988190e-03
1.299650035798549652e-02
1.264756638556718826e-02
9.952036663889884949e-03
1.149464584887027740e-02
1.283875200897455215e-02
1.393377967178821564e-02
1.227809581905603409e-02
1.317783072590827942e-02
1.488748379051685333e-02
1.347528863698244095e-02
1.251391973346471786e-02
1.136516593396663666e-02
1.052639447152614594e-02
1.088852901011705399e-02
1.221427973359823227e-02
1.244701072573661804e-02
1.212231628596782684e-02
1.204773783683776855e-02
1.152946613729000092e-02
1.222296524792909622e-02
1.149009168148040771e-02
1.275836583226919174e-02
1.245977915823459625e-02
1.150018908083438873e-02
1.146897301077842712e-02
1.179505325853824615e-02
1.282845716923475266e-02
1.255638338625431061e-02
1.230254955589771271e-02
1.197541877627372742e-02
1.120267249643802643e-02
1.268116198480129242e-02
8.702555671334266663e-03
1.276002172380685806e-02
1.184208318591117859e-02
1.263255160301923752e-02
1.140286587178707123e-02
1.257578283548355103e-02
1.247580535709857941e-02
1.295941695570945740e-02
1.146760955452919006e-02
1.128174550831317902e-02
1.268440671265125275e-02
1.121375430375337601e-02
1.266330853104591370e-02
1.132110133767127991e-02
1.174677908420562744e-02
1.153376884758472443e-02
1.346099376678466797e-02
1.411465462297201157e-02
1.575148664414882660e-02
9.881280362606048584e-03
1.295870169997215271e-02
1.047071069478988647e-02
1.192573830485343933e-02
1.398522034287452698e-02
1.201247889548540115e-02
1.042503863573074341e-02
1.210680417716503143e-02
1.000278163701295853e-02
1.332795247435569763e-02
1.133011095225811005e-02
1.220267266035079956e-02
1.243776641786098480e-02
1.208683662116527557e-02
2.289465814828872681e-02
1.214324682950973511e-02
1.199962198734283447e-02
1.179716177284717560e-02
1.473545469343662262e-02
1.180003676563501358e-02
1.101314462721347809e-02
1.272509247064590454e-02
1.056518126279115677e-02
1.140340976417064667e-02
1.239729765802621841e-02
1.216345187276601791e-02
1.233961991965770721e-02
1.195393502712249756e-02
1.230550743639469147e-02
1.182212308049201965e-02
1.163925416767597198e-02
1.398712955415248871e-02
1.093421224504709244e-02
1.317128911614418030e-02
1.759784482419490814e-02
1.155660767108201981e-02
1.177689805626869202e-02
1.210999861359596252e-02
1.325099915266036987e-02
1.251333393156528473e-02
1.216772105544805527e-02
1.066614687442779541e-02
1.224740780889987946e-02
1.237051375210285187e-02
1.196951791644096375e-02
1.237963885068893433e-02
1.247652713209390640e-02
1.258457638323307037e-02
1.177886780351400375e-02
1.186881214380264282e-02
1.158596388995647430e-02
1.186073478311300278e-02
1.302568987011909485e-02
1.205621659755706787e-02
1.085680816322565079e-02
1.210870034992694855e-02
1.209059450775384903e-02
1.257997006177902222e-02
1.315692067146301270e-02
1.159273833036422729e-02
1.104415394365787506e-02
1.084987353533506393e-02
1.074491068720817566e-02
1.109431684017181396e-02
1.547184586524963379e-02
1.139888726174831390e-02
1.152369938790798187e-02
1.027728896588087082e-02
1.186591014266014099e-02
6.873256526887416840e-03
1.087693125009536743e-02
1.226964499801397324e-02
9.674453176558017731e-03
1.065521314740180969e-02
1.185204833745956421e-02
1.198145374655723572e-02
1.185475848615169525e-02
1.304596289992332458e-02
1.214485708624124527e-02
1.250721886754035950e-02
1.343267969787120819e-02
1.262862049043178558e-02
1.229212433099746704e-02
1.025097817182540894e-02
1.179963722825050354e-02
1.217486895620822906e-02
1.168457418680191040e-02
1.050110813230276108e-02
1.195302419364452362e-02
1.223865337669849396e-02
1.336808409541845322e-02
1.116659957915544510e-02
1.112156547605991364e-02
1.497189514338970184e-02
1.276283338665962219e-02
1.149456202983856201e-02
1.172887813299894333e-02
1.246800832450389862e-02
1.274891104549169540e-02
1.083816401660442352e-02
1.156851835548877716e-02
1.399610750377178192e-02
1.248129270970821381e-02
1.115668285638093948e-02
1.153804920613765717e-02
9.194327518343925476e-03
1.303926855325698853e-02
1.280001737177371979e-02
1.178780570626258850e-02
1.265016198158264160e-02
1.150551252067089081e-02
1.245525106787681580e-02
1.038656663149595261e-02
1.141570322215557098e-02
1.132969371974468231e-02
1.178210973739624023e-02
1.216553058475255966e-02
1.283601392060518265e-02
1.160906441509723663e-02
6.912353448569774628e-03
1.208599843084812164e-02
1.154784392565488815e-02
1.292314007878303528e-02
1.395420636981725693e-02
1.046170014888048172e-02
1.281854137778282166e-02
1.112237572669982910e-02
1.170156896114349365e-02
1.201207283884286880e-02
1.244941633194684982e-02
1.268453989177942276e-02
1.269954815506935120e-02
1.259785052388906479e-02
1.262091659009456635e-02
1.117809489369392395e-02
1.230869442224502563e-02
1.338486000895500183e-02
1.243735384196043015e-02
1.119320560246706009e-02
1.241554412990808487e-02
1.264033187180757523e-02
1.056144014000892639e-02
1.257946901023387909e-02
1.250393874943256378e-02
6.777363829314708710e-03
1.141385268419981003e-02
1.234403997659683228e-02
1.307402271777391434e-02
1.201797649264335632e-02
1.333431433886289597e-02
1.000512391328811646e-02
1.258380897343158722e-02
1.493864133954048157e-02
1.276610326021909714e-02
1.143155340105295181e-02
1.095032691955566406e-02
1.213035080581903458e-02
1.224827487021684647e-02
1.204135455191135406e-02
1.089024730026721954e-02
1.196967437863349915e-02
6.161807104945182800e-03
1.161103695631027222e-02
1.236139051616191864e-02
1.127947214990854263e-02
1.185016054660081863e-02
1.165434345602989197e-02
1.223956793546676636e-02
1.397908851504325867e-02
1.217897422611713409e-02
1.021487358957529068e-02
1.286185439676046371e-02
1.138425897806882858e-02
9.196987375617027283e-03
1.222081016749143600e-02
1.177896186709403992e-02
1.072644442319869995e-02
1.058497279882431030e-02
9.896548464894294739e-03
1.271860487759113312e-02
1.298422086983919144e-02
1.207481324672698975e-02
1.157075166702270508e-02
1.154612191021442413e-02
1.199352741241455078e-02
1.156135369092226028e-02
1.192121673375368118e-02
1.179012097418308258e-02
1.017068233340978622e-02
1.172183547168970108e-02
1.248474977910518646e-02
1.205790974199771881e-02
1.344219222664833069e-02
1.330354437232017517e-02
1.191718969494104385e-02
1.298483647406101227e-02
1.251342985779047012e-02
1.089491229504346848e-02
1.166709978133440018e-02
1.200265809893608093e-02
1.305506005883216858e-02
1.211066357791423798e-02
1.283377036452293396e-02
1.258752122521400452e-02
1.191833615303039551e-02
1.170233078300952911e-02
1.242095418274402618e-02
1.256291754543781281e-02
1.132750976830720901e-02
1.136038172990083694e-02
1.215850375592708588e-02
1.310590654611587524e-02
1.273758430033922195e-02
1.135089248418807983e-02
1.146777998656034470e-02
1.175103150308132172e-02
1.160759478807449341e-02
1.205284520983695984e-02
1.051859650760889053e-02
1.268046814948320389e-02
1.186918094754219055e-02
1.165079139173030853e-02
1.329353079199790955e-02
1.181254256516695023e-02
1.176733989268541336e-02
1.247160788625478745e-02
1.201872341334819794e-02
1.172831282019615173e-02
1.078366860747337341e-02
1.295347139239311218e-02
1.363301835954189301e-02
1.303257606923580170e-02
1.289990358054637909e-02
1.271801535040140152e-02
1.197603531181812286e-02
1.326634828001260757e-02
1.215511187911033630e-02
1.258343178778886795e-02
1.129732932895421982e-02
1.057125534862279892e-02
1.220668852329254150e-02
1.227656193077564240e-02
1.234128419309854507e-02
1.234616898000240326e-02
1.171100605279207230e-02
1.230741664767265320e-02
1.239420566707849503e-02
1.381317526102066040e-02
1.283389143645763397e-02
1.209122687578201294e-02
1.088500767946243286e-02
1.144374255090951920e-02
1.268145814538002014e-02
1.294001936912536621e-02
1.301880367100238800e-02
1.294435560703277588e-02
1.297356095165014267e-02
1.082771643996238708e-02
1.265090238302946091e-02
1.284671202301979065e-02
1.326120458543300629e-02
1.215451117604970932e-02
1.184071041643619537e-02
1.056041289120912552e-02
1.319257076829671860e-02
1.294189225882291794e-02
1.249597594141960144e-02
1.358018629252910614e-02
1.039825938642024994e-02
9.409192018210887909e-03
1.196056231856346130e-02
9.012489579617977142e-03
1.191627420485019684e-02
1.087872777134180069e-02
1.186919212341308594e-02
1.159314811229705811e-02
1.261907629668712616e-02
1.318960916250944138e-02
1.203064434230327606e-02
1.360513269901275635e-02
1.090902369469404221e-02
7.678495720028877258e-03
1.286580227315425873e-02
8.502231910824775696e-03
9.633658453822135925e-03
1.133080571889877319e-02
1.242460217326879501e-02
1.270446740090847015e-02
1.165267266333103180e-02
6.812405772507190704e-03
1.274125557392835617e-02
1.257628202438354492e-02
1.392187736928462982e-02
1.308969687670469284e-02
1.185073517262935638e-02
1.260822638869285583e-02
1.185239851474761963e-02
1.163690537214279175e-02
1.168581470847129822e-02
1.166884228587150574e-02
1.175701059401035309e-02
1.137517765164375305e-02
1.234271097928285599e-02
1.642001606523990631e-02
1.245473977178335190e-02
1.122912764549255371e-02
1.227488368749618530e-02
1.205823197960853577e-02
1.246713660657405853e-02
1.238774321973323822e-02
1.737222820520401001e-02
2.221935056149959564e-02
1.087100058794021606e-02
1.089384220540523529e-02
1.210407167673110962e-02
1.193201169371604919e-02
1.138666924089193344e-02
1.322080381214618683e-02
1.226381119340658188e-02
1.255094446241855621e-02
1.269403845071792603e-02
1.119277626276016235e-02
1.230606809258460999e-02
7.584123406559228897e-03
1.190838403999805450e-02
1.332870684564113617e-02
1.044002454727888107e-02
1.223191991448402405e-02
1.259701140224933624e-02
1.067558210343122482e-02
1.108438149094581604e-02
1.219250075519084930e-02
1.292563229799270630e-02
1.152623724192380905e-02
1.178766414523124695e-02
1.310015283524990082e-02
1.168154366314411163e-02
1.209883764386177063e-02
1.279197447001934052e-02
1.667950674891471863e-02
1.099185459315776825e-02
1.239007897675037384e-02
1.173420250415802002e-02
1.048990990966558456e-02
1.062679104506969452e-02
1.214787364006042480e-02
1.260297000408172607e-02
1.203870773315429688e-02
1.147476024925708771e-02
1.215409860014915466e-02
1.229195110499858856e-02
1.090659201145172119e-02
1.250218693166971207e-02
1.319235563278198242e-02
1.156436093151569366e-02
1.184456422924995422e-02
1.264749839901924133e-02
1.287790667265653610e-02
1.297216769307851791e-02
1.231410913169384003e-02
1.149118877947330475e-02
1.226673834025859833e-02
1.155106630176305771e-02
1.159627921879291534e-02
1.102872937917709351e-02
1.210316643118858337e-02
1.184096746146678925e-02
1.217953860759735107e-02
1.245830021798610687e-02
1.366268098354339600e-02
1.041342504322528839e-02
1.231408864259719849e-02
1.206313259899616241e-02
1.315195672214031219e-02
1.264552585780620575e-02
1.214121282100677490e-02
1.174094527959823608e-02
1.167979184538125992e-02
1.090142130851745605e-02
9.302548132836818695e-03
1.167824864387512207e-02
1.335803605616092682e-02
1.292321458458900452e-02
1.147305127233266830e-02
1.432435493916273117e-02
9.949853643774986267e-03
1.304541528224945068e-02
1.195358019322156906e-02
1.752818748354911804e-02
1.210094057023525238e-02
1.418857276439666748e-02
1.112361252307891846e-02
1.283516082912683487e-02
1.257481239736080170e-02
1.170071586966514587e-02
1.554176770150661469e-02
1.175908837467432022e-02
1.239584386348724365e-02
1.055853068828582764e-02
1.192517671734094620e-02
1.241162233054637909e-02
1.126477681100368500e-02
1.160592772066593170e-02
1.190101727843284607e-02
1.079280488193035126e-02
1.172964088618755341e-02
1.288924925029277802e-02
1.275489851832389832e-02
1.661187596619129181e-02
1.114918477833271027e-02
9.577909484505653381e-03
1.130609586834907532e-02
1.239616423845291138e-02
1.186741888523101807e-02
1.245646551251411438e-02
1.218124572187662125e-02
1.146885938942432404e-02
8.933562785387039185e-03
1.242134813219308853e-02
1.158360764384269714e-02
1.198825240135192871e-02
1.228865608572959900e-02
1.115631684660911560e-02
1.267967652529478073e-02
1.242148689925670624e-02
1.216600742191076279e-02
1.346662733703851700e-02
7.782934233546257019e-03
1.138790789991617203e-02
1.252911426126956940e-02
1.080059260129928589e-02
1.168853696435689926e-02
1.059226691722869873e-02
1.173659693449735641e-02
1.196556631475687027e-02
1.216274220496416092e-02
1.199128571897745132e-02
1.391888409852981567e-02
8.303521201014518738e-03
1.252868585288524628e-02
1.160526555031538010e-02
1.196377910673618317e-02
1.113884989172220230e-02
1.120731234550476074e-02
1.185275055468082428e-02
1.245964877307415009e-02
1.279088389128446579e-02
1.100509986281394958e-02
1.154492329806089401e-02
1.113846898078918457e-02
1.215523947030305862e-02
1.250312663614749908e-02
1.150557026267051697e-02
1.207244489341974258e-02
1.138246525079011917e-02
1.264053210616111755e-02
1.269712485373020172e-02
1.161814946681261063e-02
1.031875051558017731e-02
1.230929046869277954e-02
1.275370270013809204e-02
1.111950259655714035e-02
9.830011054873466492e-03
1.096861716359853745e-02
1.231248863041400909e-02
1.285437680780887604e-02
1.040119584649801254e-02
1.319458149373531342e-02
1.236312836408615112e-02
1.103039644658565521e-02
1.288291160017251968e-02
1.205532066524028778e-02
1.008857134729623795e-02
1.205415278673171997e-02
1.222563814371824265e-02
1.314657554030418396e-02
9.652443230152130127e-03
1.175609789788722992e-02
1.173336151987314224e-02
1.236095093190670013e-02
1.145682297646999359e-02
1.274391170591115952e-02
1.272020116448402405e-02
1.354017946869134903e-02
1.271042041480541229e-02
1.113566942512989044e-02
1.200784556567668915e-02
1.227419450879096985e-02
1.215773448348045349e-02
1.260446012020111084e-02
1.182888820767402649e-02
1.225544419139623642e-02
1.086912304162979126e-02
1.366342324763536453e-02
1.210296340286731720e-02
1.349551323801279068e-02
1.201939769089221954e-02
1.203335262835025787e-02
1.185546908527612686e-02
1.182677317410707474e-02
1.092018373310565948e-02
1.144143845885992050e-02
1.178654748946428299e-02
1.204146072268486023e-02
1.135964319109916687e-02
1.258617267012596130e-02
1.230050995945930481e-02
1.356932520866394043e-02
1.208071038126945496e-02
1.259502954781055450e-02
1.180343143641948700e-02
1.186545193195343018e-02
1.266111433506011963e-02
1.420768350362777710e-02
1.204707194119691849e-02
1.085061393678188324e-02
1.266901846975088120e-02
1.165143027901649475e-02
1.291068829596042633e-02
7.602921221405267715e-03
1.205427199602127075e-02
1.291935332119464874e-02
1.206975895911455154e-02
8.887617848813533783e-03
1.601856574416160583e-02
1.067754440009593964e-02
1.329682394862174988e-02
1.158316060900688171e-02
1.145918667316436768e-02
1.210040133446455002e-02
1.085630059242248535e-02
1.329438202083110809e-02
1.282298378646373749e-02
1.212271302938461304e-02
1.211675722151994705e-02
1.144214067608118057e-02
1.161725632846355438e-02
1.193208247423171997e-02
1.316759549081325531e-02
1.822576671838760376e-02
1.173371076583862305e-02
1.270504668354988098e-02
1.234405022114515305e-02
1.184195466339588165e-02
1.329366117715835571e-02
1.018661540001630783e-02
1.188950706273317337e-02
9.499705396592617035e-03
1.580375432968139648e-02
1.178301870822906494e-02
1.277817413210868835e-02
1.188100595027208328e-02
1.280115451663732529e-02
1.064093224704265594e-02
1.256186142563819885e-02
1.264385320246219635e-02
1.321920566260814667e-02
1.265311613678932190e-02
1.166871190071105957e-02
1.209817081689834595e-02
7.584120146930217743e-03
1.269514858722686768e-02
1.240636408329010010e-02
1.255791075527667999e-02
1.200731657445430756e-02
1.126836985349655151e-02
1.175611466169357300e-02
1.025180239230394363e-02
1.182511076331138611e-02
1.159447710961103439e-02
1.025355234742164612e-02
1.173173263669013977e-02
1.057915948331356049e-02
1.256369799375534058e-02
1.133254170417785645e-02
1.036181766539812088e-02
1.199522241950035095e-02
1.293918676674365997e-02
1.303911581635475159e-02
1.331874541938304901e-02
1.187536492943763733e-02
1.226990669965744019e-02
1.154326647520065308e-02
1.186440885066986084e-02
1.140639930963516235e-02
1.104508340358734131e-02
1.337213069200515747e-02
1.353341713547706604e-02
1.235864218324422836e-02
1.234712265431880951e-02
1.150088105350732803e-02
1.344381645321846008e-02
6.282035261392593384e-03
1.006316766142845154e-02
1.200063060969114304e-02
1.243862602859735489e-02
1.185343228280544281e-02
1.092696748673915863e-02
1.229389011859893799e-02
1.248817052692174911e-02
1.244797091931104660e-02
1.068466249853372574e-02
1.156776305288076401e-02
1.282368134707212448e-02
1.201010122895240784e-02
1.196646690368652344e-02
1.145679410547018051e-02
1.110660843551158905e-02
1.159171853214502335e-02
7.823384366929531097e-03
1.164271309971809387e-02
1.178920269012451172e-02
1.274320483207702637e-02
1.170178782194852829e-02
1.231429725885391235e-02
1.256418600678443909e-02
1.423969306051731110e-02
1.068287249654531479e-02
1.299020275473594666e-02
1.187986135482788086e-02
1.118083484470844269e-02
1.155096665024757385e-02
1.109048444777727127e-02
1.292209699749946594e-02
1.107005216181278229e-02
1.092168409377336502e-02
1.271580718457698822e-02
1.342095993459224701e-02
1.226120814681053162e-02
1.223652157932519913e-02
1.384722627699375153e-02
7.856557145714759827e-03
1.277361344546079636e-02
1.087378151714801788e-02
1.273329369723796844e-02
1.324546895921230316e-02
1.254981197416782379e-02
1.320788450539112091e-02
1.125025004148483276e-02
1.218476425856351852e-02
1.191657409071922302e-02
1.228568423539400101e-02
1.204892620444297791e-02
1.229858957231044769e-02
1.257248781621456146e-02
1.343717053532600403e-02
1.203495264053344727e-02
6.846368778496980667e-03
1.172590442001819611e-02
1.159770786762237549e-02
1.121195219457149506e-02
1.194558478891849518e-02
1.259979605674743652e-02
1.110987737774848938e-02
1.246627233922481537e-02
1.329320110380649567e-02
1.180492714047431946e-02
1.303221099078655243e-02
1.190049573779106140e-02
1.246994268149137497e-02
1.137763820588588715e-02
1.236626412719488144e-02
1.232064515352249146e-02
1.454893406480550766e-02
1.146127935498952866e-02
1.148571632802486420e-02
1.263433415442705154e-02
1.187139935791492462e-02
1.262637786567211151e-02
1.175277028232812881e-02
1.181940641254186630e-02
1.080369669944047928e-02
1.007690094411373138e-02
1.215058192610740662e-02
1.064141001552343369e-02
1.118933781981468201e-02
1.043451577425003052e-02
1.292698644101619720e-02
1.304154749959707260e-02
1.221884973347187042e-02
1.226563565433025360e-02
1.198944449424743652e-02
1.174558885395526886e-02
1.224735751748085022e-02
1.181090809404850006e-02
1.288310438394546509e-02
1.353319734334945679e-02
1.237123832106590271e-02
1.226594857871532440e-02
1.270028576254844666e-02
1.161556877195835114e-02
1.196424569934606552e-02
9.447384625673294067e-03
1.232255436480045319e-02
1.144353765994310379e-02
1.177955605089664459e-02
1.044521480798721313e-02
1.292562298476696014e-02
1.194938365370035172e-02
1.090467348694801331e-02
1.155199296772480011e-02
8.534474298357963562e-03
1.190833467990159988e-02
1.430097967386245728e-02
1.306728832423686981e-02
1.244904380291700363e-02
1.217469386756420135e-02
1.125361677259206772e-02
1.253174431622028351e-02
1.287317834794521332e-02
1.189400814473628998e-02
1.223129779100418091e-02
1.178346388041973114e-02
1.090880762785673141e-02
1.072742603719234467e-02
1.322482898831367493e-02
1.253467611968517303e-02
1.331925950944423676e-02
1.251298747956752777e-02
1.335259061306715012e-02
1.238931529223918915e-02
1.233405061066150665e-02
8.245976641774177551e-03
1.180404424667358398e-02
1.257469691336154938e-02
1.176716946065425873e-02
1.273568719625473022e-02
1.172295399010181427e-02
1.152553968131542206e-02
1.281764358282089233e-02
1.063533872365951538e-02
1.227398961782455444e-02
8.378884755074977875e-03
1.200782880187034607e-02
1.233313325792551041e-02
1.132119260728359222e-02
1.153818890452384949e-02
1.110436487942934036e-02
1.283774338662624359e-02
1.343549042940139771e-02
1.308714039623737335e-02
1.293652877211570740e-02
1.243230700492858887e-02
1.189799886196851730e-02
1.230389066040515900e-02
1.209336984902620316e-02
1.175437774509191513e-02
1.281438209116458893e-02
1.416844874620437622e-02
1.109594479203224182e-02
1.289337035268545151e-02
1.242554374039173126e-02
1.224884483963251114e-02
1.326150819659233093e-02
1.192032266408205032e-02
1.045765355229377747e-02
9.384226053953170776e-03
1.114959362894296646e-02
1.238452363759279251e-02
1.216165907680988312e-02
1.398706343024969101e-02
1.147278212010860443e-02
1.186159159988164902e-02
1.229433063417673111e-02
1.260068733245134354e-02
1.412166468799114227e-02
1.258457824587821960e-02
1.281024981290102005e-02
1.311136409640312195e-02
1.279011741280555725e-02
1.114292256534099579e-02
1.183930225670337677e-02
1.255461201071739197e-02
1.237067207694053650e-02
1.212621480226516724e-02
1.106177829205989838e-02
1.148335635662078857e-02
1.174016669392585754e-02
1.214522682130336761e-02
1.159531436860561371e-02
1.170232426375150681e-02
1.260983198881149292e-02
1.219576410949230194e-02
1.120527647435665131e-02
1.154738664627075195e-02
1.245004031807184219e-02
1.196328829973936081e-02
1.153271179646253586e-02
1.273414585739374161e-02
1.097906753420829773e-02
1.133439503610134125e-02
1.151552237570285797e-02
1.157356612384319305e-02
7.223215419799089432e-03
1.148202829062938690e-02
1.361589506268501282e-02
1.214507967233657837e-02
1.206658221781253815e-02
1.046286523342132568e-02
1.235528104007244110e-02
1.297108829021453857e-02
8.353654295206069946e-03
1.193576678633689880e-02
1.075692102313041687e-02
1.234591472893953323e-02
1.139798667281866074e-02
1.223323028534650803e-02
1.240312494337558746e-02
1.180902495980262756e-02
9.859146550297737122e-03
1.072527654469013214e-02
1.204690057784318924e-02
1.113907061517238617e-02
1.201680861413478851e-02
1.310638897120952606e-02
1.263230666518211365e-02
1.189198438078165054e-02
1.317434944212436676e-02
1.178068853914737701e-02
9.314127266407012939e-03
1.246048230677843094e-02
1.143310591578483582e-02
1.216415502130985260e-02
1.093356590718030930e-02
1.250094734132289886e-02
1.237153541296720505e-02
1.189037971198558807e-02
1.319509558379650116e-02
1.186671480536460876e-02
1.254745945334434509e-02
1.365663111209869385e-02
1.285551209002733231e-02
1.269153784960508347e-02
1.893494836986064911e-02
1.231945957988500595e-02
1.261042617261409760e-02
8.690623566508293152e-03
1.357099134474992752e-02
1.123617123812437057e-02
9.880409575998783112e-03
1.389817707240581512e-02
1.209817826747894287e-02
1.298446208238601685e-02
1.215651910752058029e-02
1.066133566200733185e-02
1.249471120536327362e-02
1.274485141038894653e-02
1.177303772419691086e-02
1.221681106835603714e-02
1.128341630101203918e-02
1.253343559801578522e-02
1.251731347292661667e-02
1.214766129851341248e-02
1.339650340378284454e-02
1.247825007885694504e-02
1.211808994412422180e-02
1.223136112093925476e-02
1.105244550853967667e-02
1.180126331746578217e-02
9.029809385538101196e-03
1.427275873720645905e-02
1.256746705621480942e-02
1.030613854527473450e-02
