<system>Protocol: Active. Attitude: Sassy.</system>
1.458336971700191498e-02
1.421758532524108887e-02
1.474674418568611145e-02
1.415164582431316376e-02
1.421098038554191589e-02
1.424007490277290344e-02
1.376490946859121323e-02
1.478406786918640137e-02
1.405620761215686798e-02
1.421248912811279297e-02
1.428916677832603455e-02
1.476822327822446823e-02
1.365947257727384567e-02
1.414269953966140747e-02
1.492397766560316086e-02
1.405306905508041382e-02
1.402810215950012207e-02
1.406794972717761993e-02
1.412943191826343536e-02
1.453803759068250656e-02
1.504604145884513855e-02
1.406753249466419220e-02
1.407797355204820633e-02
1.486619003117084503e-02
1.398617308586835861e-02
1.445946469902992249e-02
1.464531756937503815e-02
1.523537840694189072e-02
1.409421581774950027e-02
1.424697600305080414e-02
1.299238018691539764e-02
1.398379448801279068e-02
1.403810270130634308e-02
1.456257514655590057e-02
1.423338986933231354e-02
1.426113955676555634e-02
1.487976685166358948e-02
1.422556955367326736e-02
1.427631452679634094e-02
1.364570762962102890e-02
1.420039404183626175e-02
1.500386372208595276e-02
1.521156914532184601e-02
1.394211500883102417e-02
1.431807037442922592e-02
1.430700346827507019e-02
1.437432877719402313e-02
1.525137014687061310e-02
1.415912061929702759e-02
1.543812174350023270e-02
1.425628829747438431e-02
1.421333663165569305e-02
1.450560055673122406e-02
1.461499929428100586e-02
1.413382217288017273e-02
1.461101323366165161e-02
1.523406617343425751e-02
1.357019506394863129e-02
1.517946459352970123e-02
1.409344468265771866e-02
1.437219977378845215e-02
1.412110030651092529e-02
1.418757066130638123e-02
1.441186759620904922e-02
1.403801981359720230e-02
1.442140340805053711e-02
1.411072723567485809e-02
1.381588168442249298e-02
1.437627151608467102e-02
1.423425041139125824e-02
1.455066725611686707e-02
1.429237704724073410e-02
1.437584310770034790e-02
1.420960668474435806e-02
1.387002132833003998e-02
1.457153353840112686e-02
1.439271122217178345e-02
1.416250504553318024e-02
1.437677349895238876e-02
1.412108913064002991e-02
1.445366814732551575e-02
1.399634685367345810e-02
1.434155553579330444e-02
1.426428370177745819e-02
1.430882699787616730e-02
1.468642242252826691e-02
1.429774984717369080e-02
1.446442678570747375e-02
1.484488882124423981e-02
1.394085399806499481e-02
1.442262344062328339e-02
1.476658135652542114e-02
1.409375481307506561e-02
1.405236963182687759e-02
1.437028869986534119e-02
1.463617291301488876e-02
1.484648045152425766e-02
1.407151948660612106e-02
1.578412018716335297e-02
1.406001672148704529e-02
1.459213532507419586e-02
1.436128467321395874e-02
1.425600796937942505e-02
1.452958397567272186e-02
1.484071370214223862e-02
1.457832939922809601e-02
1.389228738844394684e-02
1.431320514529943466e-02
1.496092043817043304e-02
1.412393245846033096e-02
1.463030092418193817e-02
1.418644748628139496e-02
1.511132624000310898e-02
1.382328197360038757e-02
1.434001326560974121e-02
1.421926170587539673e-02
1.452551782131195068e-02
1.481569372117519379e-02
1.389112323522567749e-02
1.378020457923412323e-02
1.398904807865619659e-02
1.427621114999055862e-02
1.418175362050533295e-02
1.421653106808662415e-02
1.469520479440689087e-02
1.463096495717763901e-02
1.542377378791570663e-02
1.451903767883777618e-02
1.445073075592517853e-02
1.437899935990571976e-02
1.482252310961484909e-02
1.444675028324127197e-02
1.460536662489175797e-02
1.489713322371244431e-02
1.425008289515972137e-02
1.455710642039775848e-02
1.444220729172229767e-02
1.380003709346055984e-02
1.427657064050436020e-02
1.435685716569423676e-02
1.447122078388929367e-02
1.430541370064020157e-02
1.423025503754615784e-02
1.465967297554016113e-02
1.396983861923217773e-02
1.489627268165349960e-02
1.460479386150836945e-02
1.382153574377298355e-02
1.428205519914627075e-02
1.432927139103412628e-02
1.441669464111328125e-02
1.486336253583431244e-02
1.430066581815481186e-02
1.381873618811368942e-02
1.379992254078388214e-02
1.434651762247085571e-02
1.384770218282938004e-02
1.479397621005773544e-02
1.565860211849212646e-02
1.428477466106414795e-02
1.403084676712751389e-02
1.470357365906238556e-02
1.450851000845432281e-02
1.454682182520627975e-02
1.472927350550889969e-02
1.426248624920845032e-02
1.547232177108526230e-02
1.431289874017238617e-02
1.450226642191410065e-02
1.413200981914997101e-02
1.438509859144687653e-02
1.477328501641750336e-02
1.454270444810390472e-02
1.447435840964317322e-02
1.473455876111984253e-02
1.482594665139913559e-02
1.443140301853418350e-02
1.458850223571062088e-02
1.391984988003969193e-02
1.499620638787746429e-02
1.377685368061065674e-02
1.429893076419830322e-02
1.486910041421651840e-02
1.481718569993972778e-02
1.681837439537048340e-02
1.417007856070995331e-02
1.448430493474006653e-02
1.389996055513620377e-02
1.396862789988517761e-02
1.447283383458852768e-02
1.492830924689769745e-02
1.465555839240550995e-02
1.431999355554580688e-02
1.454405952244997025e-02
1.525674946606159210e-02
1.429414376616477966e-02
1.397272106260061264e-02
1.446336042135953903e-02
1.446501445025205612e-02
1.477762125432491302e-02
1.383830234408378601e-02
1.444124989211559296e-02
1.406270265579223633e-02
1.395563036203384399e-02
1.427658461034297943e-02
1.435237936675548553e-02
1.479066163301467896e-02
1.417718548327684402e-02
1.398570276796817780e-02
1.512246485799551010e-02
1.407737843692302704e-02
1.472042221575975418e-02
1.476414315402507782e-02
1.409700140357017517e-02
1.469613797962665558e-02
1.477834396064281464e-02
1.419294625520706177e-02
1.425211597234010696e-02
1.401979755610227585e-02
1.427532918751239777e-02
1.430365256965160370e-02
1.607061177492141724e-02
1.458770222961902618e-02
1.354637369513511658e-02
1.426684856414794922e-02
1.436718739569187164e-02
1.448084600269794464e-02
1.493604760617017746e-02
1.422193925827741623e-02
1.389208063483238220e-02
1.438856776803731918e-02
1.459815539419651031e-02
1.334190182387828827e-02
1.424166653305292130e-02
1.493631210178136826e-02
1.436715852469205856e-02
1.394561119377613068e-02
1.467607542872428894e-02
1.461832132190465927e-02
1.382799353450536728e-02
1.370861381292343140e-02
1.434694789350032806e-02
1.465235650539398193e-02
1.355935540050268173e-02
1.445859111845493317e-02
1.421878393739461899e-02
1.486434880644083023e-02
1.487809140235185623e-02
1.462334953248500824e-02
1.403539441525936127e-02
1.509297545999288559e-02
1.414527744054794312e-02
1.391817256808280945e-02
1.462736912071704865e-02
1.376455835998058319e-02
1.401214115321636200e-02
1.423571724444627762e-02
1.423351466655731201e-02
1.417543832212686539e-02
1.396581530570983887e-02
1.493373699486255646e-02
1.499160844832658768e-02
1.418369077146053314e-02
1.460816059261560440e-02
1.399659551680088043e-02
1.438621245324611664e-02
1.467296294867992401e-02
1.380440033972263336e-02
1.452770270407199860e-02
1.455128099769353867e-02
1.361620146781206131e-02
1.527638547122478485e-02
1.435616053640842438e-02
1.451694779098033905e-02
1.436963118612766266e-02
1.321444660425186157e-02
1.421444583684206009e-02
1.391807384788990021e-02
1.463250815868377686e-02
1.467656902968883514e-02
1.340987905859947205e-02
1.455779187381267548e-02
1.831199973821640015e-02
1.387674547731876373e-02
1.464570593088865280e-02
1.460581924766302109e-02
1.447937730699777603e-02
1.478046365082263947e-02
1.465632766485214233e-02
1.482971943914890289e-02
1.496795006096363068e-02
1.437131129205226898e-02
1.453364267945289612e-02
1.481053698807954788e-02
1.463235076516866684e-02
1.462568901479244232e-02
1.452821027487516403e-02
1.501995790749788284e-02
1.469224877655506134e-02
1.415206864476203918e-02
1.440970972180366516e-02
1.408347859978675842e-02
1.388452760875225067e-02
1.375223603099584579e-02
1.453190669417381287e-02
1.439101807773113251e-02
1.492137741297483444e-02
1.464302092790603638e-02
1.406767219305038452e-02
1.361319981515407562e-02
1.446682959794998169e-02
1.464850455522537231e-02
1.446242444217205048e-02
1.433599554002285004e-02
1.424055360257625580e-02
1.433011982589960098e-02
1.419945526868104935e-02
1.429385412484407425e-02
1.383676007390022278e-02
1.433738600462675095e-02
1.399655174463987350e-02
1.455256715416908264e-02
1.448659412562847137e-02
1.487380266189575195e-02
1.429235562682151794e-02
1.407023519277572632e-02
1.455000787973403931e-02
1.334563829004764557e-02
1.380234956741333008e-02
1.496437285095453262e-02
1.470341254025697708e-02
1.433249283581972122e-02
1.478062942624092102e-02
1.436321157962083817e-02
1.434820331633090973e-02
1.413596980273723602e-02
1.431859191507101059e-02
1.384989358484745026e-02
1.424020342528820038e-02
1.465015113353729248e-02
1.432337425649166107e-02
1.400300208479166031e-02
1.396679505705833435e-02
1.425536256283521652e-02
1.457158941775560379e-02
1.435641106218099594e-02
1.459140237420797348e-02
1.406755484640598297e-02
1.359693147242069244e-02
1.429565250873565674e-02
1.481872238218784332e-02
1.416936330497264862e-02
1.427362766116857529e-02
1.418298017233610153e-02
1.452243514358997345e-02
1.479021832346916199e-02
1.449944823980331421e-02
1.542789489030838013e-02
1.410643756389617920e-02
1.500828191637992859e-02
1.474343612790107727e-02
1.493074838072061539e-02
1.399895641952753067e-02
1.354865450412034988e-02
1.369413454085588455e-02
1.438075583428144455e-02
1.439097151160240173e-02
1.439938507974147797e-02
1.393327862024307251e-02
1.459181960672140121e-02
1.417206227779388428e-02
1.556738931685686111e-02
1.412057317793369293e-02
1.416288502514362335e-02
1.338772475719451904e-02
1.379445940256118774e-02
1.430250518023967743e-02
1.470122486352920532e-02
1.457889936864376068e-02
1.349029131233692169e-02
1.337310671806335449e-02
1.452197507023811340e-02
1.440046355128288269e-02
1.373437605798244476e-02
1.398710999637842178e-02
1.391199789941310883e-02
1.435938198119401932e-02
1.478774659335613251e-02
1.423723250627517700e-02
1.482762768864631653e-02
1.388001162558794022e-02
1.390306837856769562e-02
1.418873947113752365e-02
1.409249473363161087e-02
1.457495801150798798e-02
1.377999503165483475e-02
1.423241943120956421e-02
1.474538445472717285e-02
1.484719477593898773e-02
1.392353698611259460e-02
1.380218379199504852e-02
1.406110636889934540e-02
1.478593144565820694e-02
1.428305543959140778e-02
1.449918001890182495e-02
1.456873863935470581e-02
1.417871844023466110e-02
1.426424644887447357e-02
1.387508399784564972e-02
1.429302617907524109e-02
1.378456875681877136e-02
3.726050257682800293e-02
1.430788636207580566e-02
1.418607588857412338e-02
1.456859614700078964e-02
1.406934019178152084e-02
1.393907237797975540e-02
1.382538396865129471e-02
1.395756751298904419e-02
1.399825420230627060e-02
1.449686754494905472e-02
1.431248057633638382e-02
1.478631980717182159e-02
1.409459114074707031e-02
1.633258722722530365e-02
1.425358280539512634e-02
1.418119575828313828e-02
1.471305917948484421e-02
1.390166580677032471e-02
1.524645648896694183e-02
1.444431953132152557e-02
1.401517074555158615e-02
1.332302484661340714e-02
1.411345601081848145e-02
1.461033523082733154e-02
1.394443586468696594e-02
1.433947496116161346e-02
1.503110863268375397e-02
1.439471729099750519e-02
1.451192237436771393e-02
1.406181603670120239e-02
1.423670351505279541e-02
1.472141221165657043e-02
1.388121116906404495e-02
1.469399034976959229e-02
1.431494113057851791e-02
1.429858431220054626e-02
1.431237068027257919e-02
1.427338086068630219e-02
1.446246169507503510e-02
1.434988155961036682e-02
1.461706496775150299e-02
1.494529470801353455e-02
1.385604031383991241e-02
1.370101422071456909e-02
1.433492451906204224e-02
1.374397054314613342e-02
1.488051190972328186e-02
1.453582569956779480e-02
1.440985314548015594e-02
1.420030556619167328e-02
1.361250504851341248e-02
1.396184414625167847e-02
1.385595183819532394e-02
1.429996639490127563e-02
1.448383089154958725e-02
1.405794173479080200e-02
1.453643850982189178e-02
1.415921561419963837e-02
1.401641778647899628e-02
1.437909714877605438e-02
1.465524267405271530e-02
1.399838924407958984e-02
1.412742305546998978e-02
1.485650241374969482e-02
1.456299144774675369e-02
1.422982290387153625e-02
1.428334508091211319e-02
1.497748959809541702e-02
1.426852121949195862e-02
1.462501287460327148e-02
1.419130805879831314e-02
1.394965872168540955e-02
1.474120281636714935e-02
1.384472288191318512e-02
1.415451150387525558e-02
1.323041971772909164e-02
1.473082229495048523e-02
1.366786286234855652e-02
1.498691551387310028e-02
1.467327028512954712e-02
1.442537177354097366e-02
1.401307061314582825e-02
1.396628003567457199e-02
1.471105590462684631e-02
1.446265075355768204e-02
1.368445158004760742e-02
1.422651018947362900e-02
1.433521881699562073e-02
1.461979839950799942e-02
1.468480192124843597e-02
1.411107741296291351e-02
1.447080168873071671e-02
1.402336824685335159e-02
1.428151223808526993e-02
1.418863143771886826e-02
1.412332989275455475e-02
1.378755271434783936e-02
1.384313870221376419e-02
1.374004874378442764e-02
1.394336204975843430e-02
1.439885608851909637e-02
1.082115806639194489e-02
1.416754536330699921e-02
1.451562810689210892e-02
1.446646172553300858e-02
1.444402150809764862e-02
1.458582654595375061e-02
1.458021439611911774e-02
1.444674283266067505e-02
1.434371992945671082e-02
1.402100548148155212e-02
1.443272270262241364e-02
1.498446613550186157e-02
1.456393674015998840e-02
1.443415321409702301e-02
1.478942669928073883e-02
1.428830064833164215e-02
1.452028565108776093e-02
1.450415421277284622e-02
1.445501297712326050e-02
1.407957263290882111e-02
1.435079984366893768e-02
1.476408913731575012e-02
1.504789572209119797e-02
1.463030930608510971e-02
1.439297758042812347e-02
1.449772436171770096e-02
1.449762284755706787e-02
1.509293075650930405e-02
1.396121457219123840e-02
1.477252226322889328e-02
1.469850353896617889e-02
1.467016525566577911e-02
1.426929049193859100e-02
1.450492627918720245e-02
1.452648360282182693e-02
1.434160768985748291e-02
1.449720747768878937e-02
1.434696838259696960e-02
1.395123824477195740e-02
1.420785952359437943e-02
1.462874189019203186e-02
1.418150216341018677e-02
1.476016920059919357e-02
1.481066178530454636e-02
1.408912241458892822e-02
1.386179868131875992e-02
1.420874521136283875e-02
1.460259128361940384e-02
1.490624994039535522e-02
1.432712562382221222e-02
1.406080089509487152e-02
1.443628780543804169e-02
1.386335399001836777e-02
1.500676572322845459e-02
1.580686494708061218e-02
1.391199324280023575e-02
1.371438335627317429e-02
1.426452863961458206e-02
1.417914777994155884e-02
1.405594777315855026e-02
1.475109253078699112e-02
1.451994571834802628e-02
1.438706368207931519e-02
1.412553712725639343e-02
1.449619978666305542e-02
1.399090886116027832e-02
1.502490136772394180e-02
1.405512169003486633e-02
1.388151198625564575e-02
1.451187860220670700e-02
1.416764594614505768e-02
1.439733617007732391e-02
1.442593522369861603e-02
1.443848200142383575e-02
1.432044245302677155e-02
1.496477890759706497e-02
1.417803205549716949e-02
1.441099587827920914e-02
1.460712309926748276e-02
1.446614041924476624e-02
1.463699527084827423e-02
1.415438205003738403e-02
1.467656157910823822e-02
1.443669758737087250e-02
1.443913578987121582e-02
1.473154406994581223e-02
1.416000165045261383e-02
1.452240068465471268e-02
1.488039642572402954e-02
1.455812528729438782e-02
1.455501094460487366e-02
1.486084051430225372e-02
1.502785738557577133e-02
1.441580988466739655e-02
1.470026187598705292e-02
1.446715556085109711e-02
1.454371865838766098e-02
1.468107849359512329e-02
1.441967487335205078e-02
1.423702482134103775e-02
1.401740126311779022e-02
1.471922919154167175e-02
1.397825218737125397e-02
1.459395326673984528e-02
1.478579640388488770e-02
1.458769850432872772e-02
1.491086278110742569e-02
1.406232826411724091e-02
1.430379785597324371e-02
1.441848091781139374e-02
1.421463489532470703e-02
1.532069686800241470e-02
1.554740220308303833e-02
1.442454382777214050e-02
1.407965831458568573e-02
1.454314962029457092e-02
1.462911069393157959e-02
1.397496368736028671e-02
1.473355386406183243e-02
1.364535093307495117e-02
1.367546338587999344e-02
1.381943747401237488e-02
1.419755630195140839e-02
1.458345167338848114e-02
1.409154478460550308e-02
1.476547122001647949e-02
1.465806644409894943e-02
1.465231738984584808e-02
1.405006833374500275e-02
1.425430830568075180e-02
1.437260583043098450e-02
1.435798220336437225e-02
1.480102911591529846e-02
1.380703691393136978e-02
1.430932618677616119e-02
1.414666883647441864e-02
1.445815153419971466e-02
1.371696591377258301e-02
1.489826664328575134e-02
1.431888528168201447e-02
1.496845483779907227e-02
1.443644054234027863e-02
1.485274359583854675e-02
1.464452594518661499e-02
1.398597098886966705e-02
1.481979526579380035e-02
1.495778094977140427e-02
1.426225434988737106e-02
1.421668287366628647e-02
1.359793450683355331e-02
1.421051844954490662e-02
1.276196539402008057e-02
1.434782985597848892e-02
1.449192408472299576e-02
1.444782689213752747e-02
1.466638129204511642e-02
1.110801100730895996e-02
1.287904009222984314e-02
1.437663752585649490e-02
1.447324268519878387e-02
1.459096837788820267e-02
1.433848123997449875e-02
1.538244821131229401e-02
1.429178472608327866e-02
1.501804217696189880e-02
1.468345522880554199e-02
1.461866684257984161e-02
1.408768817782402039e-02
1.407163590192794800e-02
1.445838809013366699e-02
1.451408769935369492e-02
1.440141722559928894e-02
1.404695771634578705e-02
1.473121251910924911e-02
1.444890163838863373e-02
1.595348492264747620e-02
1.411990821361541748e-02
1.453005336225032806e-02
1.482128724455833435e-02
1.420185156166553497e-02
1.455130893737077713e-02
1.449382491409778595e-02
1.443452201783657074e-02
1.471506711095571518e-02
1.486735325306653976e-02
1.386243104934692383e-02
1.383893564343452454e-02
1.447218470275402069e-02
1.386586111038923264e-02
1.456964761018753052e-02
1.471899636089801788e-02
1.414348278194665909e-02
1.453011296689510345e-02
1.445968449115753174e-02
1.433578319847583771e-02
1.466551609337329865e-02
1.341609284281730652e-02
1.431821659207344055e-02
1.407897751778364182e-02
1.461788360029459000e-02
1.428538560867309570e-02
1.455428078770637512e-02
1.436173822730779648e-02
1.457093749195337296e-02
1.445649191737174988e-02
1.422117557376623154e-02
1.423166505992412567e-02
1.518145389854907990e-02
1.402257941663265228e-02
1.423579640686511993e-02
1.437593996524810791e-02
1.497808471322059631e-02
1.420438848435878754e-02
1.454146578907966614e-02
1.519556343555450439e-02
1.451899576932191849e-02
1.528496108949184418e-02
1.419965922832489014e-02
1.474816910922527313e-02
1.452661305665969849e-02
1.387508399784564972e-02
1.450614631175994873e-02
1.486651040613651276e-02
1.435680501163005829e-02
1.425019279122352600e-02
1.435275003314018250e-02
1.418775506317615509e-02
1.423232350498437881e-02
1.451230328530073166e-02
1.382235717028379440e-02
1.430778764188289642e-02
1.471753232181072235e-02
1.451847143471240997e-02
1.475257053971290588e-02
1.390128768980503082e-02
1.453089155256748199e-02
1.411906536668539047e-02
1.474390458315610886e-02
1.383151859045028687e-02
1.396147906780242920e-02
1.502441894263029099e-02
1.540234405547380447e-02
1.424322277307510376e-02
1.429625134915113449e-02
1.397962216287851334e-02
1.395015604794025421e-02
1.181452628225088120e-02
1.488560810685157776e-02
1.410322263836860657e-02
1.436879858374595642e-02
1.454742997884750366e-02
1.448420528322458267e-02
1.469981670379638672e-02
1.421266049146652222e-02
1.421860884875059128e-02
1.510233432054519653e-02
1.378356292843818665e-02
1.491996832191944122e-02
1.379851438105106354e-02
1.405971962958574295e-02
1.415301486849784851e-02
1.452700607478618622e-02
1.432685460895299911e-02
1.404603570699691772e-02
1.374451350420713425e-02
1.492725033313035965e-02
1.438829116523265839e-02
1.502121612429618835e-02
1.380306109786033630e-02
1.407877542078495026e-02
1.442616153508424759e-02
1.422470435500144958e-02
1.607762649655342102e-02
1.393796037882566452e-02
1.417959854006767273e-02
1.392182148993015289e-02
1.405177544802427292e-02
1.426606345921754837e-02
1.492553018033504486e-02
1.473542675375938416e-02
1.451120153069496155e-02
1.468412391841411591e-02
1.456287782639265060e-02
1.399526931345462799e-02
1.341928355395793915e-02
1.498242467641830444e-02
1.387271657586097717e-02
1.390612591058015823e-02
1.424126885831356049e-02
1.495590247213840485e-02
1.476208120584487915e-02
1.373993698507547379e-02
1.462993212044239044e-02
1.474036648869514465e-02
1.407179050147533417e-02
1.443686801940202713e-02
1.452499814331531525e-02
1.473424211144447327e-02
1.507189869880676270e-02
1.452191080898046494e-02
1.461275573819875717e-02
1.397111173719167709e-02
1.440756395459175110e-02
1.429987139999866486e-02
1.398004125803709030e-02
1.495293527841567993e-02
1.425143238157033920e-02
1.449493877589702606e-02
1.411641947925090790e-02
1.445483975112438202e-02
1.449858210980892181e-02
1.434273272752761841e-02
1.372792758047580719e-02
1.457720436155796051e-02
1.414817944169044495e-02
1.442403905093669891e-02
1.463665440678596497e-02
1.434739679098129272e-02
1.462068222463130951e-02
1.476481184363365173e-02
1.398346573114395142e-02
1.478500477969646454e-02
8.858816698193550110e-03
1.512667723000049591e-02
1.495627313852310181e-02
1.455461606383323669e-02
1.437373366206884384e-02
1.401517912745475769e-02
1.400792039930820465e-02
1.415097620338201523e-02
1.468871720135211945e-02
1.365823484957218170e-02
1.445324718952178955e-02
1.596152596175670624e-02
1.434617582708597183e-02
1.462219282984733582e-02
1.394936535507440567e-02
1.414259895682334900e-02
1.458189170807600021e-02
1.424066908657550812e-02
1.412959024310112000e-02
1.443349104374647141e-02
1.445810124278068542e-02
1.459200493991374969e-02
1.452931202948093414e-02
1.469934079796075821e-02
1.441119052469730377e-02
1.416246220469474792e-02
1.415337249636650085e-02
1.454128138720989227e-02
1.454967819154262543e-02
1.476248819380998611e-02
1.369926147162914276e-02
1.461612898856401443e-02
1.420709304511547089e-02
1.716025173664093018e-02
1.387743465602397919e-02
1.414578594267368317e-02
1.413474231958389282e-02
1.371137425303459167e-02
1.466480642557144165e-02
1.474833209067583084e-02
1.438677683472633362e-02
1.446622889488935471e-02
1.469037588685750961e-02
1.459748391062021255e-02
1.445879880338907242e-02
1.392222195863723755e-02
1.430970057845115662e-02
1.455708313733339310e-02
1.495805941522121429e-02
1.442703977227210999e-02
1.501517836004495621e-02
1.407930161803960800e-02
1.517976541072130203e-02
1.408821437507867813e-02
1.443910785019397736e-02
1.434673741459846497e-02
1.484774891287088394e-02
1.414582412689924240e-02
1.457399316132068634e-02
1.482445467263460159e-02
1.439503207802772522e-02
1.410702615976333618e-02
1.389156375080347061e-02
1.418248936533927917e-02
1.426373235881328583e-02
1.508576609194278717e-02
1.425264403223991394e-02
1.437646150588989258e-02
1.401427667587995529e-02
1.404946763068437576e-02
1.495150383561849594e-02
1.461011543869972229e-02
1.434589363634586334e-02
1.441545039415359497e-02
1.427251286804676056e-02
1.465252786874771118e-02
1.405581552535295486e-02
1.397525146603584290e-02
1.476376876235008240e-02
1.492076180875301361e-02
1.419498864561319351e-02
1.439698226749897003e-02
1.468602474778890610e-02
1.494966726750135422e-02
1.379936188459396362e-02
1.486140303313732147e-02
1.422224473208189011e-02
1.434918399900197983e-02
1.443366054445505142e-02
1.441622152924537659e-02
1.452392432838678360e-02
1.378097757697105408e-02
1.429760549217462540e-02
1.472690608352422714e-02
1.353892590850591660e-02
1.424620859324932098e-02
1.462442614138126373e-02
1.407307386398315430e-02
1.428369432687759399e-02
1.381911803036928177e-02
1.437328755855560303e-02
1.432841829955577850e-02
1.425554044544696808e-02
1.367877796292304993e-02
1.446805521845817566e-02
1.472210977226495743e-02
1.514101959764957428e-02
1.468442566692829132e-02
1.467989757657051086e-02
1.530296821147203445e-02
1.441124640405178070e-02
1.392176933586597443e-02
1.357345841825008392e-02
1.388328522443771362e-02
1.442854478955268860e-02
1.387800648808479309e-02
1.536238472908735275e-02
1.449016854166984558e-02
1.438303757458925247e-02
1.433451287448406219e-02
1.430916041135787964e-02
1.417308021336793900e-02
1.407787390053272247e-02
1.445635780692100525e-02
1.418824680149555206e-02
1.403677556663751602e-02
1.412650756537914276e-02
1.452093757688999176e-02
1.430169772356748581e-02
1.439319644123315811e-02
1.453899033367633820e-02
1.455021090805530548e-02
1.365602388978004456e-02
1.441045571118593216e-02
1.476753223687410355e-02
1.446739770472049713e-02
1.399613451212644577e-02
1.397840864956378937e-02
1.372346561402082443e-02
1.502590067684650421e-02
1.459478959441184998e-02
1.413234882056713104e-02
1.420543063431978226e-02
1.464015804231166840e-02
1.448613218963146210e-02
1.417147088795900345e-02
1.396454125642776489e-02
1.450864598155021667e-02
1.457161456346511841e-02
1.412040740251541138e-02
1.419305242598056793e-02
1.446970272809267044e-02
1.407591998577117920e-02
1.429922133684158325e-02
1.486897841095924377e-02
1.425204612314701080e-02
1.434440165758132935e-02
1.575705967843532562e-02
1.511244662106037140e-02
1.476090308278799057e-02
1.372929289937019348e-02
1.427318528294563293e-02
1.441499218344688416e-02
1.461772620677947998e-02
1.465796120464801788e-02
1.386376656591892242e-02
1.461035851389169693e-02
1.404989138245582581e-02
1.484344247728586197e-02
1.443187333643436432e-02
1.405569352209568024e-02
1.501342747360467911e-02
1.443554926663637161e-02
1.446936838328838348e-02
1.422880310565233231e-02
1.520597469061613083e-02
1.401948556303977966e-02
1.393247582018375397e-02
1.424576900899410248e-02
1.434744428843259811e-02
1.428273878991603851e-02
1.466165948659181595e-02
1.418294943869113922e-02
1.409610919654369354e-02
1.381378807127475739e-02
1.454219967126846313e-02
1.420051790773868561e-02
1.425211504101753235e-02
1.425191201269626617e-02
1.430790219455957413e-02
1.477814000099897385e-02
1.443427801132202148e-02
1.438012160360813141e-02
1.373223494738340378e-02
1.413401681929826736e-02
1.458658464252948761e-02
1.527294516563415527e-02
1.429291814565658569e-02
1.421176642179489136e-02
1.382778026163578033e-02
1.494158338755369186e-02
1.461277157068252563e-02
1.407714188098907471e-02
1.485276874154806137e-02
1.390210445970296860e-02
1.433179341256618500e-02
1.385432388633489609e-02
1.435349509119987488e-02
1.468545757234096527e-02
1.440955232828855515e-02
9.487262926995754242e-03
1.436664536595344543e-02
1.427292637526988983e-02
1.462053693830966949e-02
1.442535221576690674e-02
1.462154928594827652e-02
1.448908075690269470e-02
1.409430801868438721e-02
1.407576166093349457e-02
1.444621197879314423e-02
1.458385773003101349e-02
1.410617120563983917e-02
1.435753982514142990e-02
1.456952095031738281e-02
1.481828931719064713e-02
1.421234942972660065e-02
1.358507946133613586e-02
1.429403200745582581e-02
1.379133760929107666e-02
1.396280527114868164e-02
1.411212142556905746e-02
1.444982551038265228e-02
1.471663638949394226e-02
1.432782784104347229e-02
1.470921747386455536e-02
1.390929799526929855e-02
1.297995820641517639e-02
1.533793844282627106e-02
1.330365799367427826e-02
1.367636024951934814e-02
1.483226846903562546e-02
1.381068024784326553e-02
1.411856897175312042e-02
1.396523788571357727e-02
1.402116008102893829e-02
1.471492275595664978e-02
1.443385705351829529e-02
1.425767689943313599e-02
1.444205082952976227e-02
1.468481309711933136e-02
1.409918628633022308e-02
1.545227784663438797e-02
1.395294163376092911e-02
1.411230769008398056e-02
1.431115996092557907e-02
1.415657345205545425e-02
1.420135796070098877e-02
1.399763859808444977e-02
1.374714914709329605e-02
1.439446490257978439e-02
1.409796252846717834e-02
1.437981426715850830e-02
1.436677016317844391e-02
1.425203308463096619e-02
1.453891396522521973e-02
1.530808210372924805e-02
1.423894241452217102e-02
1.456171087920665741e-02
1.418987661600112915e-02
1.408953592181205750e-02
1.414445228874683380e-02
1.424042787402868271e-02
1.434409990906715393e-02
1.425454020500183105e-02
1.432795263826847076e-02
1.463812403380870819e-02
1.538216229528188705e-02
1.402993127703666687e-02
1.481243968009948730e-02
1.461896300315856934e-02
1.552839577198028564e-02
1.363203860819339752e-02
1.446023955941200256e-02
1.392047852277755737e-02
1.446720957756042480e-02
1.477887481451034546e-02
1.395548321306705475e-02
1.487429253756999969e-02
1.523855328559875488e-02
1.461578905582427979e-02
1.390962302684783936e-02
1.379838399589061737e-02
1.417390536516904831e-02
1.358114648610353470e-02
1.461289729923009872e-02
1.466785371303558350e-02
1.377549767494201660e-02
1.431943103671073914e-02
1.402992010116577148e-02
1.411117613315582275e-02
1.469367276877164841e-02
1.419317722320556641e-02
1.432764343917369843e-02
1.425929553806781769e-02
1.466099545359611511e-02
1.445024646818637848e-02
1.366889011114835739e-02
1.399739086627960205e-02
1.540316361933946609e-02
1.470455806702375412e-02
1.436621602624654770e-02
1.455911155790090561e-02
1.497282739728689194e-02
1.466650888323783875e-02
1.351873390376567841e-02
1.424138434231281281e-02
1.404452510178089142e-02
1.423956640064716339e-02
1.410964503884315491e-02
1.462936773896217346e-02
1.423759665340185165e-02
1.470136083662509918e-02
1.404353044927120209e-02
1.397380512207746506e-02
1.405300293117761612e-02
1.449634414166212082e-02
1.415545307099819183e-02
1.447490230202674866e-02
1.357082091271877289e-02
1.474636141210794449e-02
1.447011902928352356e-02
1.414544880390167236e-02
1.449617929756641388e-02
1.469967141747474670e-02
1.385975442826747894e-02
1.414464041590690613e-02
1.375111378729343414e-02
1.476844586431980133e-02
1.453777868300676346e-02
1.371176913380622864e-02
1.384498737752437592e-02
1.427839510142803192e-02
1.432959269732236862e-02
1.431085914373397827e-02
1.436647772789001465e-02
1.415598019957542419e-02
1.399351283907890320e-02
1.429084874689579010e-02
1.511527504771947861e-02
1.526685990393161774e-02
1.565505936741828918e-02
1.386897079646587372e-02
1.477295812219381332e-02
1.419114135205745697e-02
1.421295851469039917e-02
1.508657354861497879e-02
1.403187401592731476e-02
1.676318421959877014e-02
1.396394614130258560e-02
1.436476968228816986e-02
1.470213010907173157e-02
1.433008629828691483e-02
1.442415919154882431e-02
1.487367600202560425e-02
1.396321319043636322e-02
1.303719356656074524e-02
1.493469625711441040e-02
1.452898513525724411e-02
1.398435421288013458e-02
1.476775854825973511e-02
1.442039106041193008e-02
1.384268607944250107e-02
1.465024426579475403e-02
1.400215644389390945e-02
1.433024182915687561e-02
1.443222537636756897e-02
1.460747979581356049e-02
1.448468212038278580e-02
1.396010257303714752e-02
1.462218258529901505e-02
1.476938184350728989e-02
1.425428595393896103e-02
1.411519851535558701e-02
1.437659282237291336e-02
1.427377201616764069e-02
1.304858550429344177e-02
1.380882412195205688e-02
1.442240178585052490e-02
1.428174879401922226e-02
1.440586894750595093e-02
1.496405620127916336e-02
1.457608025521039963e-02
1.467508915811777115e-02
1.487713959068059921e-02
1.431897655129432678e-02
1.382242795079946518e-02
1.528231520205736160e-02
1.416677795350551605e-02
1.461711898446083069e-02
1.461707800626754761e-02
1.397807244211435318e-02
1.389231532812118530e-02
1.493953727185726166e-02
1.491993479430675507e-02
1.418206933885812759e-02
1.426992751657962799e-02
1.385254971683025360e-02
1.513665728271007538e-02
1.436195615679025650e-02
1.457584090530872345e-02
1.493291091173887253e-02
1.393116731196641922e-02
1.413453370332717896e-02
1.401631720364093781e-02
1.453132834285497665e-02
1.544469036161899567e-02
1.424141973257064819e-02
1.426314096897840500e-02
1.463534310460090637e-02
1.417561806738376617e-02
1.351449638605117798e-02
1.413195766508579254e-02
1.493538636714220047e-02
1.401311811059713364e-02
1.448777690529823303e-02
1.389069575816392899e-02
1.421109028160572052e-02
1.420218870043754578e-02
1.450018770992755890e-02
1.487721502780914307e-02
1.446803007274866104e-02
1.455981284379959106e-02
1.401225384324789047e-02
1.421541254967451096e-02
1.498438697308301926e-02
1.438712514936923981e-02
1.373060978949069977e-02
1.412280090153217316e-02
1.413403265178203583e-02
1.487706229090690613e-02
1.429442781955003738e-02
1.431865431368350983e-02
1.633944921195507050e-02
1.446658838540315628e-02
1.605272106826305389e-02
1.409546658396720886e-02
1.452168822288513184e-02
1.427123788744211197e-02
1.381046138703823090e-02
1.501913927495479584e-02
1.418563537299633026e-02
1.470438390970230103e-02
1.507725752890110016e-02
1.492642145603895187e-02
1.489234343171119690e-02
1.412039436399936676e-02
1.432344596832990646e-02
1.476098597049713135e-02
1.460450701415538788e-02
1.439460925757884979e-02
1.428177952766418457e-02
1.443951670080423355e-02
1.433439739048480988e-02
1.426141522824764252e-02
1.443057693541049957e-02
1.453024800866842270e-02
1.406815834343433380e-02
1.519644446671009064e-02
1.485423557460308075e-02
1.386481430381536484e-02
1.429997570812702179e-02
1.473405770957469940e-02
1.454936154186725616e-02
1.493600476533174515e-02
1.127513498067855835e-02
1.374100148677825928e-02
1.429485622793436050e-02
1.457871403545141220e-02
1.433750707656145096e-02
1.450842432677745819e-02
1.464706100523471832e-02
1.507899165153503418e-02
1.455180812627077103e-02
1.516511105000972748e-02
1.409286819398403168e-02
1.415685284882783890e-02
1.406132243573665619e-02
1.411422062665224075e-02
1.409920863807201385e-02
1.412080414593219757e-02
1.522047910839319229e-02
1.445672102272510529e-02
1.436173915863037109e-02
1.445159502327442169e-02
1.391384191811084747e-02
1.298647932708263397e-02
1.462332718074321747e-02
1.457643974572420120e-02
1.511137653142213821e-02
1.417251303791999817e-02
1.437577046453952789e-02
1.400009822100400925e-02
1.379714719951152802e-02
1.559302303940057755e-02
1.454454846680164337e-02
1.455716136842966080e-02
1.414417289197444916e-02
1.456295326352119446e-02
1.494565606117248535e-02
1.466932985931634903e-02
1.407312974333763123e-02
1.429775636643171310e-02
1.387651078402996063e-02
1.452001463621854782e-02
1.400206983089447021e-02
1.436616294085979462e-02
1.485040597617626190e-02
1.432038098573684692e-02
1.406842656433582306e-02
1.487823389470577240e-02
1.377686113119125366e-02
1.413890719413757324e-02
1.442507281899452209e-02
1.431592274457216263e-02
1.284399442374706268e-02
1.455286331474781036e-02
1.393513940274715424e-02
1.351905334740877151e-02
1.437404006719589233e-02
1.424278877675533295e-02
1.405549608170986176e-02
1.491894759237766266e-02
1.423094794154167175e-02
1.439617201685905457e-02
1.377850212156772614e-02
1.369370520114898682e-02
1.447385735809803009e-02
1.406472176313400269e-02
1.446499116718769073e-02
1.427943818271160126e-02
1.409023068845272064e-02
1.411071140319108963e-02
1.473551336675882339e-02
1.438935939222574234e-02
1.510466448962688446e-02
1.439551729708909988e-02
1.426675450056791306e-02
1.435637846589088440e-02
1.403797790408134460e-02
1.429281383752822876e-02
1.444402989000082016e-02
1.421673223376274109e-02
1.473313663154840469e-02
1.399865001440048218e-02
1.478377915918827057e-02
1.434936001896858215e-02
1.386640314012765884e-02
1.427044346928596497e-02
1.508260238915681839e-02
1.375803165137767792e-02
1.416336745023727417e-02
1.376051828265190125e-02
1.405828073620796204e-02
1.506255380809307098e-02
1.393682695925235748e-02
1.410027686506509781e-02
1.436143554747104645e-02
1.433944795280694962e-02
1.415343023836612701e-02
1.444077491760253906e-02
1.494310051202774048e-02
1.423996035009622574e-02
1.479766517877578735e-02
1.484355330467224121e-02
1.479746494442224503e-02
1.390754058957099915e-02
1.381202414631843567e-02
1.463123969733715057e-02
1.449216436594724655e-02
1.422856189310550690e-02
1.484555378556251526e-02
1.414881180971860886e-02
1.455167122185230255e-02
1.409336458891630173e-02
1.457267720252275467e-02
1.468105427920818329e-02
1.401762105524539948e-02
1.406770199537277222e-02
1.472534425556659698e-02
1.417966652661561966e-02
1.433324813842773438e-02
1.411069743335247040e-02
1.470681093633174896e-02
1.428761426359415054e-02
1.386467833071947098e-02
1.396496780216693878e-02
1.412147656083106995e-02
1.382982358336448669e-02
1.431636232882738113e-02
1.479656063020229340e-02
1.405960507690906525e-02
1.400888804346323013e-02
1.327246613800525665e-02
1.461875438690185547e-02
1.438301056623458862e-02
1.530104130506515503e-02
1.478844787925481796e-02
1.460228394716978073e-02
1.471773721277713776e-02
1.498182769864797592e-02
1.470198482275009155e-02
1.476826332509517670e-02
1.457974687218666077e-02
1.454193890094757080e-02
1.429460942745208740e-02
1.462936680763959885e-02
1.375301741063594818e-02
1.466419361531734467e-02
1.484435610473155975e-02
1.397930458188056946e-02
1.025654282420873642e-02
1.427724771201610565e-02
1.365995034575462341e-02
1.511239260435104370e-02
1.372735761106014252e-02
1.457845978438854218e-02
1.379086263477802277e-02
1.507488824427127838e-02
1.459050737321376801e-02
1.496303826570510864e-02
1.473603490740060806e-02
1.428652368485927582e-02
1.517130434513092041e-02
1.407344639301300049e-02
1.435916498303413391e-02
1.354212034493684769e-02
1.384056173264980316e-02
1.454499363899230957e-02
1.429158542305231094e-02
1.478454750031232834e-02
1.413229852914810181e-02
1.439638063311576843e-02
1.434377301484346390e-02
1.461626030504703522e-02
1.457185111939907074e-02
1.525566913187503815e-02
1.395689416676759720e-02
1.447397470474243164e-02
1.241749525070190430e-02
1.407768391072750092e-02
1.466474588960409164e-02
1.405814941972494125e-02
1.423640362918376923e-02
1.412701327353715897e-02
1.474103424698114395e-02
1.443353295326232910e-02
1.398038119077682495e-02
1.468600146472454071e-02
1.468193717300891876e-02
1.449486799538135529e-02
1.510208100080490112e-02
1.583323068916797638e-02
1.574180461466312408e-02
1.457495056092739105e-02
1.427049189805984497e-02
1.470371894538402557e-02
1.433308981359004974e-02
1.377964857965707779e-02
1.456793956458568573e-02
1.501500420272350311e-02
1.463215611875057220e-02
1.411921903491020203e-02
1.412610616534948349e-02
1.387740671634674072e-02
1.414277311414480209e-02
1.508973259478807449e-02
1.423251815140247345e-02
1.459851861000061035e-02
1.443886291235685349e-02
1.390683837234973907e-02
1.443873066455125809e-02
1.401950046420097351e-02
1.444267202168703079e-02
1.461152173578739166e-02
1.444313861429691315e-02
1.416672952473163605e-02
1.512604579329490662e-02
1.499107200652360916e-02
1.443257555365562439e-02
1.472527626901865005e-02
1.572877354919910431e-02
1.477892138063907623e-02
1.442086137831211090e-02
1.458562351763248444e-02
1.413884572684764862e-02
1.418751757591962814e-02
1.440655905753374100e-02
1.397139299660921097e-02
1.424718089401721954e-02
1.384322531521320343e-02
1.450411789119243622e-02
1.384278666228055954e-02
1.398027502000331879e-02
1.423588581383228302e-02
1.451499760150909424e-02
1.444181520491838455e-02
1.610540598630905151e-02
1.451422087848186493e-02
1.429121196269989014e-02
1.485035941004753113e-02
1.431673672050237656e-02
1.483287941664457321e-02
1.376983895897865295e-02
1.452275086194276810e-02
1.460049673914909363e-02
1.521880738437175751e-02
1.429764926433563232e-02
1.436844281852245331e-02
1.409855484962463379e-02
1.447867136448621750e-02
1.434552762657403946e-02
1.425983384251594543e-02
1.444111950695514679e-02
1.461187843233346939e-02
1.467554457485675812e-02
1.459816470742225647e-02
1.419203635305166245e-02
1.455274038016796112e-02
1.439166348427534103e-02
1.390347164124250412e-02
1.413211040198802948e-02
1.451717317104339600e-02
1.432217564433813095e-02
1.402961090207099915e-02
1.429281849414110184e-02
1.434095576405525208e-02
1.457349956035614014e-02
1.453382708132266998e-02
1.394573599100112915e-02
1.498834602534770966e-02
1.441440824419260025e-02
1.478995382785797119e-02
1.470158156007528305e-02
1.453855168074369431e-02
1.393176149576902390e-02
1.398546528071165085e-02
1.580815576016902924e-02
1.416772510856389999e-02
1.423488184809684753e-02
1.397929526865482330e-02
1.477420516312122345e-02
1.468977332115173340e-02
1.458629872649908066e-02
1.509030163288116455e-02
1.404732652008533478e-02
1.431819237768650055e-02
1.457101572304964066e-02
1.492207311093807220e-02
1.463586464524269104e-02
1.450194418430328369e-02
1.069315988570451736e-02
1.493931468576192856e-02
1.466769725084304810e-02
1.444785296916961670e-02
1.385497115552425385e-02
1.391763798892498016e-02
1.450979150831699371e-02
1.419016811996698380e-02
1.459151227027177811e-02
1.442423090338706970e-02
1.445729471743106842e-02
1.436507143080234528e-02
1.453542150557041168e-02
1.411313004791736603e-02
1.478799059987068176e-02
1.460278499871492386e-02
1.436703093349933624e-02
1.421112380921840668e-02
1.429636776447296143e-02
1.450549811124801636e-02
1.454655732959508896e-02
1.444180682301521301e-02
1.449337694793939590e-02
1.461026724427938461e-02
1.442822162061929703e-02
1.443727873265743256e-02
1.394892670214176178e-02
1.401833910495042801e-02
1.441825926303863525e-02
1.447527483105659485e-02
1.420126389712095261e-02
1.458741724491119385e-02
1.406578347086906433e-02
1.398684643208980560e-02
1.462632324546575546e-02
1.384947076439857483e-02
1.417808979749679565e-02
1.465918868780136108e-02
1.478032581508159637e-02
1.450967602431774139e-02
1.467986125499010086e-02
1.442347839474678040e-02
1.474650576710700989e-02
1.409738883376121521e-02
1.430652290582656860e-02
1.455753296613693237e-02
1.428504101932048798e-02
1.495330594480037689e-02
1.419080421328544617e-02
1.198476552963256836e-02
1.447939407080411911e-02
1.454011537134647369e-02
1.429923623800277710e-02
1.410470623522996902e-02
1.441523432731628418e-02
1.443671714514493942e-02
1.489380095154047012e-02
1.399145834147930145e-02
1.473498903214931488e-02
1.449637580662965775e-02
1.406961679458618164e-02
1.489627361297607422e-02
1.416103169322013855e-02
1.399285998195409775e-02
1.426069717854261398e-02
1.485910080373287201e-02
1.455924473702907562e-02
1.593410223722457886e-02
1.451490819454193115e-02
1.416141819208860397e-02
1.473705656826496124e-02
1.419601589441299438e-02
1.381739787757396698e-02
1.425041351467370987e-02
1.435291022062301636e-02
1.461294293403625488e-02
1.427301205694675446e-02
1.498421188443899155e-02
1.456893328577280045e-02
1.484595425426959991e-02
1.462768111377954483e-02
1.459531951695680618e-02
1.493662595748901367e-02
1.434992440044879913e-02
1.409344375133514404e-02
1.439222134649753571e-02
1.473890617489814758e-02
1.401764154434204102e-02
1.448608003556728363e-02
1.481554098427295685e-02
1.485171448439359665e-02
1.368208415806293488e-02
1.386013533920049667e-02
1.433230936527252197e-02
1.457168720662593842e-02
1.412079390138387680e-02
1.466087810695171356e-02
1.446701493114233017e-02
1.463409792631864548e-02
1.443419978022575378e-02
1.363824307918548584e-02
1.467995718121528625e-02
1.454921811819076538e-02
1.454394869506359100e-02
1.467337924987077713e-02
1.424141786992549896e-02
1.452021300792694092e-02
1.406935416162014008e-02
1.451013237237930298e-02
1.449032966047525406e-02
1.479038316756486893e-02
1.451497059315443039e-02
1.381777413189411163e-02
1.465885154902935028e-02
1.457617618143558502e-02
2.923327311873435974e-02
1.359872706234455109e-02
1.408130396157503128e-02
1.478819362819194794e-02
1.404918171465396881e-02
1.436065230518579483e-02
1.482995972037315369e-02
1.465755701065063477e-02
1.396123506128787994e-02
1.448319386690855026e-02
1.460110768675804138e-02
1.484694518148899078e-02
1.422795653343200684e-02
1.408997736871242523e-02
1.402930077165365219e-02
1.470603980123996735e-02
1.404209434986114502e-02
1.517766248434782028e-02
1.460220385342836380e-02
1.461428590118885040e-02
1.466212980449199677e-02
1.369821652770042419e-02
1.449597440659999847e-02
1.470826379954814911e-02
1.567989587783813477e-02
1.433688029646873474e-02
1.399405393749475479e-02
1.448413170874118805e-02
1.401568762958049774e-02
1.425134576857089996e-02
1.436932291835546494e-02
1.381952222436666489e-02
1.460705697536468506e-02
1.454083621501922607e-02
1.398901268839836121e-02
1.402257196605205536e-02
1.415709778666496277e-02
1.464680582284927368e-02
1.386909931898117065e-02
1.370828039944171906e-02
1.439983490854501724e-02
1.408532168716192245e-02
1.437116134911775589e-02
1.446295622736215591e-02
1.477915886789560318e-02
1.436885166913270950e-02
1.486950553953647614e-02
1.405928283929824829e-02
1.379662379622459412e-02
1.412355713546276093e-02
1.343582198023796082e-02
1.459299959242343903e-02
1.417505647987127304e-02
1.469336636364459991e-02
1.437184214591979980e-02
1.432249695062637329e-02
1.432764623314142227e-02
1.460581645369529724e-02
1.433419995009899139e-02
1.455706078559160233e-02
1.418992690742015839e-02
1.424651406705379486e-02
1.690736413002014160e-02
1.451799273490905762e-02
1.513686496764421463e-02
1.477974001318216324e-02
1.386545225977897644e-02
1.488533057272434235e-02
1.401666551828384399e-02
1.430387981235980988e-02
1.414541061967611313e-02
1.472786068916320801e-02
1.451025344431400299e-02
1.415213011205196381e-02
1.407415606081485748e-02
1.400713808834552765e-02
1.450359262526035309e-02
1.393266860395669937e-02
1.430323906242847443e-02
1.493193674832582474e-02
1.489898189902305603e-02
1.452227216213941574e-02
1.406389568001031876e-02
1.517071388661861420e-02
1.422700658440589905e-02
1.381158549338579178e-02
1.465695165097713470e-02
1.569424942135810852e-02
1.423912029713392258e-02
1.382439956068992615e-02
1.478244643658399582e-02
1.432547532021999359e-02
1.600770093500614166e-02
1.431778632104396820e-02
1.451413426548242569e-02
1.439426559954881668e-02
1.467335782945156097e-02
1.413041818886995316e-02
1.490225829184055328e-02
1.424775645136833191e-02
1.388473995029926300e-02
1.422939356416463852e-02
1.423784904181957245e-02
1.467937789857387543e-02
1.440258044749498367e-02
1.464152242988348007e-02
1.511931046843528748e-02
1.330098975449800491e-02
1.397548522800207138e-02
1.412711106240749359e-02
1.454875990748405457e-02
1.513624936342239380e-02
1.470464747399091721e-02
1.472603995352983475e-02
1.444996520876884460e-02
1.505729649215936661e-02
1.392358541488647461e-02
1.437382306903600693e-02
1.440622285008430481e-02
1.389184780418872833e-02
1.491084787994623184e-02
1.423333305865526199e-02
1.467884704470634460e-02
1.458733715116977692e-02
1.453732140362262726e-02
1.414640992879867554e-02
1.351839490234851837e-02
1.412187889218330383e-02
1.447675190865993500e-02
1.424688752740621567e-02
1.478838548064231873e-02
1.467111799865961075e-02
1.442299783229827881e-02
1.476067304611206055e-02
1.439185254275798798e-02
1.522395387291908264e-02
1.421578973531723022e-02
1.443483773618936539e-02
1.444768905639648438e-02
1.449324749410152435e-02
1.387851499021053314e-02
1.396786421537399292e-02
1.451849192380905151e-02
1.446167938411235809e-02
1.471753045916557312e-02
1.453695539385080338e-02
1.397549733519554138e-02
1.420262828469276428e-02
1.382584869861602783e-02
1.490890607237815857e-02
1.400585286319255829e-02
1.449699793010950089e-02
1.433969289064407349e-02
1.471549551934003830e-02
1.410203333944082260e-02
1.436450239270925522e-02
1.366555318236351013e-02
1.457567140460014343e-02
1.479117106646299362e-02
1.473938580602407455e-02
1.376483961939811707e-02
1.463067717850208282e-02
1.500445138663053513e-02
1.482015755027532578e-02
1.413014717400074005e-02
1.436255592852830887e-02
1.416606735438108444e-02
1.442069374024868011e-02
1.397613994777202606e-02
1.465734280645847321e-02
1.456731371581554413e-02
1.468330249190330505e-02
1.424336619675159454e-02
1.488556526601314545e-02
1.394680980592966080e-02
1.427651196718215942e-02
1.421580649912357330e-02
1.405317150056362152e-02
1.423907838761806488e-02
1.473036967217922211e-02
1.439965888857841492e-02
1.446352340281009674e-02
1.420064456760883331e-02
1.386322919279336929e-02
1.444381941109895706e-02
1.473664492368698120e-02
1.361650507897138596e-02
1.375020947307348251e-02
1.474981475621461868e-02
1.413669809699058533e-02
1.494900975376367569e-02
1.454429328441619873e-02
1.458977069705724716e-02
1.437350548803806305e-02
1.442185416817665100e-02
1.449925359338521957e-02
1.440892834216356277e-02
1.487403362989425659e-02
1.461314037442207336e-02
1.402610633522272110e-02
1.391509454697370529e-02
1.474401727318763733e-02
1.455372199416160583e-02
1.417845115065574646e-02
1.471990905702114105e-02
1.502284593880176544e-02
1.475202292203903198e-02
1.449244748800992966e-02
1.435678265988826752e-02
1.429122872650623322e-02
1.486107334494590759e-02
1.439121551811695099e-02
1.387877948582172394e-02
1.475353073328733444e-02
1.436766609549522400e-02
1.468890346586704254e-02
1.362536847591400146e-02
1.441232673823833466e-02
1.473442278802394867e-02
1.423043012619018555e-02
1.396519504487514496e-02
1.420833449810743332e-02
1.428872719407081604e-02
1.482135243713855743e-02
1.551266759634017944e-02
1.448943652212619781e-02
1.427692361176013947e-02
1.469768676906824112e-02
1.428453251719474792e-02
1.442959904670715332e-02
1.404801011085510254e-02
1.367917098104953766e-02
1.421961281448602676e-02
1.473134011030197144e-02
1.462255045771598816e-02
1.411468721926212311e-02
1.496914681047201157e-02
1.430736295878887177e-02
1.386401336640119553e-02
1.471098884940147400e-02
1.395655237138271332e-02
1.477199140936136246e-02
1.436963304877281189e-02
1.420588418841362000e-02
1.434983871877193451e-02
1.441453490406274796e-02
1.442116871476173401e-02
1.385769248008728027e-02
1.432653516530990601e-02
1.466187275946140289e-02
1.352249644696712494e-02
1.399834919720888138e-02
1.341341249644756317e-02
1.430963724851608276e-02
1.447332371026277542e-02
1.473836228251457214e-02
1.470887754112482071e-02
1.470529939979314804e-02
1.413306407630443573e-02
1.379174739122390747e-02
1.399567350745201111e-02
1.547854766249656677e-02
1.396554242819547653e-02
1.429426856338977814e-02
1.427253894507884979e-02
1.463487744331359863e-02
1.443325821310281754e-02
1.411905512213706970e-02
1.448626350611448288e-02
1.470807567238807678e-02
1.410914119333028793e-02
1.455146260559558868e-02
1.433416269719600677e-02
1.420548744499683380e-02
1.410341635346412659e-02
1.415828242897987366e-02
1.418923679739236832e-02
1.393893174827098846e-02
1.450777240097522736e-02
1.418668590486049652e-02
1.430716644972562790e-02
1.431043259799480438e-02
1.438820362091064453e-02
1.433770917356014252e-02
1.413322240114212036e-02
1.449354924261569977e-02
1.441362220793962479e-02
1.365088298916816711e-02
1.398918032646179199e-02
1.378673501312732697e-02
1.508565992116928101e-02
1.437021791934967041e-02
1.452851481735706329e-02
1.488337107002735138e-02
1.372258830815553665e-02
1.462018676102161407e-02
1.446811296045780182e-02
1.446251664310693741e-02
1.431998517364263535e-02
1.382063981145620346e-02
1.481505483388900757e-02
1.414735149592161179e-02
1.576994545757770538e-02
1.454880274832248688e-02
1.454485952854156494e-02
1.450849603861570358e-02
1.467511616647243500e-02
1.382370665669441223e-02
1.488515641540288925e-02
1.688671670854091644e-02
1.470994297415018082e-02
1.449373271316289902e-02
1.420295983552932739e-02
1.539541408419609070e-02
1.457929424941539764e-02
1.478240918368101120e-02
1.477333158254623413e-02
1.467843726277351379e-02
1.459393650293350220e-02
1.453955192118883133e-02
1.388430409133434296e-02
1.431515533477067947e-02
1.448284462094306946e-02
1.409635506570339203e-02
1.433514058589935303e-02
1.426788233220577240e-02
1.448664348572492599e-02
1.429549977183341980e-02
1.425937935709953308e-02
1.449560932815074921e-02
1.419472321867942810e-02
1.455042883753776550e-02
1.409178040921688080e-02
1.429303176701068878e-02
1.425278931856155396e-02
1.346148736774921417e-02
1.508479472249746323e-02
1.431501936167478561e-02
1.442808285355567932e-02
