<system>Protocol: Active. Attitude: Sassy.</system>
1.156363636255264282e-02
1.294676773250102997e-02
1.208849623799324036e-02
1.082404889166355133e-02
1.419798098504543304e-02
1.439887005835771561e-02
1.344912219792604446e-02
1.955748349428176880e-02
1.401681452989578247e-02
1.831786707043647766e-02
1.887162402272224426e-02
1.328526623547077179e-02
1.964693889021873474e-02
1.538636907935142517e-02
2.165297232568264008e-02
2.411593869328498840e-02
1.158449426293373108e-02
2.139042317867279053e-02
2.171659283339977264e-02
2.145439572632312775e-02
1.909327134490013123e-02
2.208293415606021881e-02
2.040950953960418701e-02
5.760254804044961929e-03
1.966809853911399841e-02
2.105879038572311401e-02
2.160283178091049194e-02
2.092668972909450531e-02
2.108296193182468414e-02
2.251028455793857574e-02
2.149929478764533997e-02
2.415444329380989075e-02
1.218097470700740814e-02
1.315958611667156219e-02
1.178990583866834641e-02
1.140962168574333191e-02
1.449404843151569366e-02
1.323679834604263306e-02
1.201406773179769516e-02
1.583021506667137146e-02
1.643506996333599091e-02
1.369067374616861343e-02
2.216620929539203644e-02
1.988141797482967377e-02
2.279261685907840729e-02
2.317763678729534149e-02
1.845470815896987915e-02
2.194633707404136658e-02
2.548293396830558777e-02
2.211290225386619568e-02
2.136280760169029236e-02
2.154226787388324738e-02
1.721194386482238770e-02
2.108579128980636597e-02
2.110531926155090332e-02
2.096444368362426758e-02
2.061956003308296204e-02
2.447031065821647644e-02
2.251268364489078522e-02
2.247595041990280151e-02
1.980911940336227417e-02
2.256548218429088593e-02
1.213305350393056870e-02
1.054969616234302521e-02
1.907818764448165894e-02
2.182932198047637939e-02
1.831784844398498535e-02
1.495599094778299332e-02
2.523486316204071045e-02
2.275085076689720154e-02
1.789624989032745361e-02
2.944303676486015320e-02
1.593911834061145782e-02
2.538003772497177124e-02
2.248558774590492249e-02
1.508679520338773727e-02
2.197663858532905579e-02
1.560721918940544128e-02
2.585725113749504089e-02
2.637844905257225037e-02
1.234650984406471252e-02
2.537493593990802765e-02
2.409029006958007812e-02
2.655274607241153717e-02
2.316767349839210510e-02
2.349138446152210236e-02
2.574870549142360687e-02
6.342857610434293747e-03
2.463439293205738068e-02
2.826141752302646637e-02
2.362289279699325562e-02
2.457377128303050995e-02
2.338714711368083954e-02
2.512764185667037964e-02
2.406075410544872284e-02
2.690019831061363220e-02
1.950778067111968994e-02
1.999051868915557861e-02
1.885196939110755920e-02
1.766019314527511597e-02
2.027653343975543976e-02
2.012807130813598633e-02
1.467449590563774109e-02
2.169365063309669495e-02
2.242590487003326416e-02
1.886939257383346558e-02
2.814212627708911896e-02
2.531199529767036438e-02
2.864052914083003998e-02
2.854819409549236298e-02
2.249475941061973572e-02
2.549385279417037964e-02
3.154511377215385437e-02
2.529035322368144989e-02
2.547100931406021118e-02
2.697268128395080566e-02
1.852118596434593201e-02
2.445706352591514587e-02
2.535032108426094055e-02
2.199302427470684052e-02
2.610167674720287323e-02
2.529311552643775940e-02
2.368120290338993073e-02
2.367642894387245178e-02
2.416873350739479065e-02
2.494018897414207458e-02
1.310421433299779892e-02
1.067732833325862885e-02
1.235732622444629669e-02
1.050058007240295410e-02
1.264716312289237976e-02
1.147370785474777222e-02
1.212930213660001755e-02
1.271430775523185730e-02
1.263941358774900436e-02
1.733478903770446777e-02
1.075570285320281982e-02
1.369482837617397308e-02
1.616457849740982056e-02
9.071210399270057678e-03
1.484713330864906311e-02
1.040685735642910004e-02
1.804281026124954224e-02
1.756800338625907898e-02
9.508267976343631744e-03
1.327687688171863556e-02
1.470462791621685028e-02
1.611318998038768768e-02
1.727851480245590210e-02
1.573371514678001404e-02
1.462403498589992523e-02
4.374996758997440338e-03
1.603762619197368622e-02
1.387805677950382233e-02
1.422642357647418976e-02
1.388679072260856628e-02
1.512333564460277557e-02
1.494172587990760803e-02
1.446254272013902664e-02
1.567257940769195557e-02
1.056610792875289917e-02
1.050822436809539795e-02
1.208225637674331665e-02
1.224693097174167633e-02
1.222408749163150787e-02
1.166728511452674866e-02
1.160818617790937424e-02
1.265900954604148865e-02
1.270293723791837692e-02
9.997643530368804932e-03
1.732817851006984711e-02
1.504220161586999893e-02
1.623873785138130188e-02
1.358990743756294250e-02
1.483648270368576050e-02
1.175280660390853882e-02
1.902317255735397339e-02
1.552692335098981857e-02
1.401066966354846954e-02
1.472523342818021774e-02
9.377507492899894714e-03
1.404515467584133148e-02
1.578964293003082275e-02
1.716523244976997375e-02
1.415065862238407135e-02
1.596089825034141541e-02
1.401665154844522476e-02
1.659765839576721191e-02
1.390043273568153381e-02
1.686578989028930664e-02
1.080095116049051285e-02
1.071623899042606354e-02
1.855794899165630341e-02
1.593013666570186615e-02
1.795123517513275146e-02
1.840061321854591370e-02
2.048454433679580688e-02
2.156375348567962646e-02
2.189549617469310760e-02
2.437245845794677734e-02
1.750244200229644775e-02
2.609119191765785217e-02
2.249965816736221313e-02
1.417763158679008484e-02
2.230176329612731934e-02
1.597426645457744598e-02
2.582254074513912201e-02
2.466372400522232056e-02
1.276168692857027054e-02
2.218364551663398743e-02
2.457248792052268982e-02
2.298007532954216003e-02
1.911607384681701660e-02
2.405147626996040344e-02
2.151923626661300659e-02
6.078296341001987457e-03
2.204345166683197021e-02
2.232272177934646606e-02
2.318950742483139038e-02
2.285340428352355957e-02
2.308093756437301636e-02
2.228449657559394836e-02
2.252260968089103699e-02
2.108032256364822388e-02
1.961340382695198059e-02
1.507806126028299332e-02
1.751470565795898438e-02
2.164211869239807129e-02
1.758172363042831421e-02
1.948931626975536346e-02
1.753043010830879211e-02
1.764565519988536835e-02
2.684807218611240387e-02
1.703031547367572784e-02
2.943483553826808929e-02
2.596753463149070740e-02
2.804233506321907043e-02
3.006635047495365143e-02
2.165613323450088501e-02
2.602663077414035797e-02
3.257486224174499512e-02
2.384097129106521606e-02
2.192396298050880432e-02
2.267715148627758026e-02
1.696969196200370789e-02
2.303209155797958374e-02
2.301018871366977692e-02
1.865323260426521301e-02
2.261775359511375427e-02
2.026945538818836212e-02
2.289228886365890503e-02
2.446431666612625122e-02
2.388422936201095581e-02
2.441666088998317719e-02
1.069274358451366425e-02
1.425232179462909698e-02
1.494762301445007324e-02
1.403518766164779663e-02
1.453753188252449036e-02
1.923852786421775818e-02
1.432250160723924637e-02
1.752427406609058380e-02
1.599001139402389526e-02
2.067287452518939972e-02
1.941874995827674866e-02
2.139023132622241974e-02
2.648387476801872253e-02
1.633125916123390198e-02
2.804121933877468109e-02
1.813157461583614349e-02
3.106160089373588562e-02
3.261936455965042114e-02
1.498507987707853317e-02
3.146289288997650146e-02
3.375503420829772949e-02
3.324296697974205017e-02
2.415199019014835358e-02
3.167425468564033508e-02
3.335645049810409546e-02
7.609426043927669525e-03
2.999286539852619171e-02
3.549048304557800293e-02
2.976168319582939148e-02
3.215707093477249146e-02
3.055054321885108948e-02
2.852461114525794983e-02
3.242261335253715515e-02
2.806133031845092773e-02
1.676626689732074738e-02
1.457109022885560989e-02
1.359429676085710526e-02
1.676243543624877930e-02
1.487331185489892960e-02
1.725217327475547791e-02
1.720046438276767731e-02
1.724442839622497559e-02
2.208436280488967896e-02
1.738873869180679321e-02
3.287745267152786255e-02
2.764168567955493927e-02
3.280570358037948608e-02
3.334496915340423584e-02
2.680838853120803833e-02
2.611956372857093811e-02
3.578404337167739868e-02
3.183748200535774231e-02
3.372909873723983765e-02
3.065399453043937683e-02
2.454854920506477356e-02
2.922615036368370056e-02
3.076838329434394836e-02
2.203564159572124481e-02
3.218282759189605713e-02
2.853805571794509888e-02
3.116896376013755798e-02
3.214471787214279175e-02
2.990289963781833649e-02
3.265367075800895691e-02
1.446365006268024445e-02
1.500766351819038391e-02
1.801676303148269653e-02
1.525384373962879181e-02
1.684817858040332794e-02
1.708421111106872559e-02
1.831882447004318237e-02
1.946611702442169189e-02
1.590383052825927734e-02
2.257191017270088196e-02
1.809085719287395477e-02
2.080539613962173462e-02
2.557014301419258118e-02
1.803125068545341492e-02
2.690941840410232544e-02
2.231399714946746826e-02
3.146296739578247070e-02
3.137212991714477539e-02
1.870488002896308899e-02
3.195250034332275391e-02
3.420468419790267944e-02
3.369898349046707153e-02
2.766271121799945831e-02
3.336440399289131165e-02
3.303809091448783875e-02
9.003596380352973938e-03
2.981116808950901031e-02
3.901364654302597046e-02
3.498528152704238892e-02
3.616907447576522827e-02
3.496535122394561768e-02
3.390750288963317871e-02
3.607727587223052979e-02
3.170480579137802124e-02
1.865604333579540253e-02
1.632815599441528320e-02
1.644871756434440613e-02
1.666111871600151062e-02
1.573277637362480164e-02
1.857364550232887268e-02
1.632311195135116577e-02
2.077884227037429810e-02
1.936980895698070526e-02
1.859609782695770264e-02
3.020622208714485168e-02
2.355539053678512573e-02
2.921889722347259521e-02
2.803049981594085693e-02
2.899131737649440765e-02
2.658148109912872314e-02
2.775330841541290283e-02
3.492483869194984436e-02
3.232985734939575195e-02
3.356559574604034424e-02
2.471782080829143524e-02
3.107777610421180725e-02
3.297445550560951233e-02
2.886502817273139954e-02
3.661171346902847290e-02
4.011172056198120117e-02
3.670813143253326416e-02
3.612469509243965149e-02
3.299300372600555420e-02
3.704124316573143005e-02
2.023023553192615509e-02
1.693679578602313995e-02
2.200863510370254517e-02
1.859034970402717590e-02
1.188602298498153687e-02
1.013563759624958038e-02
2.144693210721015930e-02
1.755796931684017181e-02
1.782743260264396667e-02
2.043113112449645996e-02
1.077123545110225677e-02
1.985432207584381104e-02
1.682384312152862549e-02
9.387870319187641144e-03
1.954249665141105652e-02
1.046534441411495209e-02
2.103290334343910217e-02
2.164089493453502655e-02
7.908991537988185883e-03
1.871894486248493195e-02
1.954396814107894897e-02
1.930714026093482971e-02
1.623088121414184570e-02
2.060349844396114349e-02
2.012778818607330322e-02
4.180298186838626862e-03
2.091444283723831177e-02
1.937673799693584442e-02
2.041084133088588715e-02
1.936117373406887054e-02
2.034850791096687317e-02
2.026230469346046448e-02
1.932889409363269806e-02
2.031166106462478638e-02
1.124208699911832809e-02
1.207287050783634186e-02
1.730437576770782471e-02
1.499387528747320175e-02
1.381748355925083160e-02
1.203199662268161774e-02
9.790901094675064087e-03
1.489436440169811249e-02
1.642703637480735779e-02
1.114260964095592499e-02
2.108042500913143158e-02
2.009502425789833069e-02
2.228600531816482544e-02
2.109246514737606049e-02
1.811463758349418640e-02
1.785538718104362488e-02
2.247663587331771851e-02
2.027568221092224121e-02
1.925100013613700867e-02
2.013692073523998260e-02
1.213780231773853302e-02
1.951244100928306580e-02
1.834576576948165894e-02
1.739283278584480286e-02
1.970922388136386871e-02
1.878153905272483826e-02
2.082290127873420715e-02
1.886983588337898254e-02
2.040166035294532776e-02
2.313306927680969238e-02
1.105125807225704193e-02
9.107631631195545197e-03
1.393795013427734375e-02
1.208128035068511963e-02
1.499108038842678070e-02
1.613964512944221497e-02
1.353488489985466003e-02
1.392463315278291702e-02
1.493088528513908386e-02
1.802489534020423889e-02
1.528280414640903473e-02
1.738463342189788818e-02
2.252718433737754822e-02
1.443715859204530716e-02
2.298909984529018402e-02
1.881238073110580444e-02
2.469392120838165283e-02
2.530616149306297302e-02
1.624101772904396057e-02
2.790012583136558533e-02
3.240895271301269531e-02
3.207588195800781250e-02
2.344086393713951111e-02
2.894400991499423981e-02
3.140610456466674805e-02
7.707578595727682114e-03
2.862691879272460938e-02
2.952830493450164795e-02
2.264714613556861877e-02
3.204925358295440674e-02
2.955512329936027527e-02
2.636189199984073639e-02
2.658003754913806915e-02
2.551046758890151978e-02
1.386021450161933899e-02
1.312850229442119598e-02
1.390701532363891602e-02
1.541314832866191864e-02
1.516306493431329727e-02
1.604735478758811951e-02
1.581299304962158203e-02
1.563104242086410522e-02
1.522346679121255875e-02
1.505735516548156738e-02
2.153160795569419861e-02
1.830285042524337769e-02
2.675654739141464233e-02
2.383822388947010040e-02
2.287939563393592834e-02
1.684778183698654175e-02
2.716866880655288696e-02
3.060338273644447327e-02
2.742770127952098846e-02
2.806746214628219604e-02
1.785123720765113831e-02
2.520636469125747681e-02
2.726481109857559204e-02
2.103669568896293640e-02
2.993482351303100586e-02
3.085358068346977234e-02
2.684219740331172943e-02
2.963333949446678162e-02
3.046843223273754120e-02
3.229555487632751465e-02
1.606664061546325684e-02
1.654464006423950195e-02
1.813650876283645630e-02
1.985234767198562622e-02
1.390929426997900009e-02
2.022345736622810364e-02
2.365657314658164978e-02
2.441819570958614349e-02
1.511791441589593887e-02
2.878229320049285889e-02
2.790315821766853333e-02
2.645880728960037231e-02
2.819703146815299988e-02
2.656899578869342804e-02
1.357752829790115356e-02
2.303054183721542358e-02
2.651876211166381836e-02
2.785131148993968964e-02
2.806463092565536499e-02
2.615869417786598206e-02
2.738118916749954224e-02
1.309356093406677246e-02
2.683494240045547485e-02
2.654404938220977783e-02
2.058382146060466766e-02
2.690157294273376465e-02
7.611738517880439758e-03
2.772433497011661530e-02
2.431720681488513947e-02
8.990708738565444946e-03
2.768009901046752930e-02
2.889036014676094055e-02
2.347505092620849609e-02
2.527794241905212402e-02
1.884986646473407745e-02
2.197962626814842224e-02
2.045125700533390045e-02
2.073583379387855530e-02
1.341858692467212677e-02
2.556358091533184052e-02
2.340070903301239014e-02
2.016863226890563965e-02
1.185116916894912720e-02
2.437500283122062683e-02
1.235518697649240494e-02
2.828654274344444275e-02
2.744008786976337433e-02
2.395979128777980804e-02
2.816630154848098755e-02
2.232498303055763245e-02
2.881835401058197021e-02
2.458886615931987762e-02
2.597353234887123108e-02
2.449852600693702698e-02
2.646647579967975616e-02
2.626958116888999939e-02
2.154281735420227051e-02
2.297486364841461182e-02
1.352369412779808044e-02
2.885670214891433716e-02
2.467943727970123291e-02
7.599621079862117767e-03
2.665690705180168152e-02
2.381459437310695648e-02
2.480500936508178711e-02
2.500882931053638458e-02
1.938555389642715454e-02
1.951489038765430450e-02
1.474891323596239090e-02
1.982801966369152069e-02
2.098609879612922668e-02
2.195313759148120880e-02
1.529551483690738678e-02
2.536593377590179443e-02
2.547007426619529724e-02
2.251202240586280823e-02
2.488959580659866333e-02
2.480120211839675903e-02
1.370573788881301880e-02
2.462148480117321014e-02
2.426573261618614197e-02
2.673210948705673218e-02
2.640530094504356384e-02
2.409144490957260132e-02
2.645884640514850616e-02
1.337503362447023392e-02
2.370908297598361969e-02
2.521546371281147003e-02
2.376287057995796204e-02
2.184377610683441162e-02
5.824160296469926834e-03
2.652795426547527313e-02
2.389713004231452942e-02
1.113294158130884171e-02
2.359995990991592407e-02
2.637368626892566681e-02
2.282752096652984619e-02
2.385369315743446350e-02
1.753104105591773987e-02
2.060588449239730835e-02
1.947909966111183167e-02
1.879013329744338989e-02
1.394987571984529495e-02
2.282971888780593872e-02
2.353068068623542786e-02
2.173975296318531036e-02
1.275367662310600281e-02
2.321485430002212524e-02
1.343220286071300507e-02
2.785825729370117188e-02
2.675926685333251953e-02
2.449900656938552856e-02
2.482193708419799805e-02
2.399780787527561188e-02
2.295130491256713867e-02
2.249503694474697113e-02
2.466129697859287262e-02
1.746606081724166870e-02
2.604701370000839233e-02
2.402040362358093262e-02
1.676828786730766296e-02
2.260520868003368378e-02
1.424291171133518219e-02
2.638614922761917114e-02
2.507308870553970337e-02
6.553570274263620377e-03
2.640643343329429626e-02
2.440983057022094727e-02
2.498310431838035583e-02
1.985446177423000336e-02
1.618435233831405640e-02
1.512941345572471619e-02
1.304658409208059311e-02
2.094531059265136719e-02
2.176815271377563477e-02
2.327708527445793152e-02
1.198919676244258881e-02
2.529607526957988739e-02
2.322691679000854492e-02
2.307766303420066833e-02
2.600365504622459412e-02
2.482319995760917664e-02
1.154991611838340759e-02
2.268297784030437469e-02
2.411812171339988708e-02
2.575396373867988586e-02
2.373219281435012817e-02
2.612157166004180908e-02
2.454841509461402893e-02
1.144600473344326019e-02
2.654528990387916565e-02
2.373387292027473450e-02
2.340472489595413208e-02
2.297945693135261536e-02
6.255688611418008804e-03
2.352726459503173828e-02
2.447067201137542725e-02
1.060547400265932083e-02
2.691730856895446777e-02
2.532185986638069153e-02
2.202736400067806244e-02
2.420482411980628967e-02
1.634779945015907288e-02
2.105663716793060303e-02
1.900986582040786743e-02
1.750909909605979919e-02
1.187760941684246063e-02
2.485965192317962646e-02
2.449513599276542664e-02
2.196358889341354370e-02
1.080638170242309570e-02
2.404205128550529480e-02
1.133800111711025238e-02
2.551296353340148926e-02
2.524716779589653015e-02
2.065442502498626709e-02
2.467628754675388336e-02
2.429803460836410522e-02
2.540603466331958771e-02
2.034956961870193481e-02
2.234542742371559143e-02
2.114483341574668884e-02
2.509209886193275452e-02
2.246367558836936951e-02
1.749316230416297913e-02
2.234107814729213715e-02
1.371152512729167938e-02
2.525944262742996216e-02
2.467502467334270477e-02
6.987143307924270630e-03
2.655361033976078033e-02
2.407400310039520264e-02
2.786360681056976318e-02
1.984093338251113892e-02
1.820546761155128479e-02
1.998730003833770752e-02
1.509802229702472687e-02
1.997951604425907135e-02
2.301413565874099731e-02
2.380828931927680969e-02
1.400356087833642960e-02
2.749856933951377869e-02
2.853069640696048737e-02
2.483315020799636841e-02
2.691364288330078125e-02
2.570948190987110138e-02
1.273989584296941757e-02
2.475400269031524658e-02
2.572856470942497253e-02
2.719001099467277527e-02
2.591004967689514160e-02
2.583212777972221375e-02
2.643311023712158203e-02
1.479344908148050308e-02
2.608527243137359619e-02
2.643544599413871765e-02
2.164203673601150513e-02
2.408575452864170074e-02
5.943491123616695404e-03
2.771216630935668945e-02
2.741567231714725494e-02
1.165944337844848633e-02
2.981533668935298920e-02
2.846520207822322845e-02
2.540272660553455353e-02
2.682783827185630798e-02
1.826155185699462891e-02
2.106125280261039734e-02
2.010008692741394043e-02
2.052188664674758911e-02
1.332693733274936676e-02
2.402432635426521301e-02
2.346391975879669189e-02
2.011823281645774841e-02
1.167689263820648193e-02
2.657354995608329773e-02
1.210614573210477829e-02
2.730414457619190216e-02
2.668417990207672119e-02
2.532729879021644592e-02
2.757499366998672485e-02
2.520004659891128540e-02
2.615082636475563049e-02
2.258189395070075989e-02
2.709087729454040527e-02
2.197654359042644501e-02
2.765024825930595398e-02
2.659157849848270416e-02
1.801247149705886841e-02
2.269826829433441162e-02
1.444257982075214386e-02
2.801122888922691345e-02
2.877419069409370422e-02
8.005980402231216431e-03
2.911528758704662323e-02
2.585615962743759155e-02
2.564721554517745972e-02
2.261440828442573547e-02
1.775747910141944885e-02
1.730767078697681427e-02
1.368570607155561447e-02
2.221564762294292450e-02
2.067527174949645996e-02
2.367828041315078735e-02
1.236381195485591888e-02
2.369812689721584320e-02
2.564793452620506287e-02
2.179659530520439148e-02
2.426710538566112518e-02
2.079671621322631836e-02
1.140968874096870422e-02
2.129651978611946106e-02
2.256453596055507660e-02
2.304164879024028778e-02
2.273677662014961243e-02
2.397921495139598846e-02
2.303039282560348511e-02
1.057031005620956421e-02
2.632582373917102814e-02
2.393985167145729065e-02
2.713101729750633240e-02
2.646778896450996399e-02
5.411962512880563736e-03
2.445958182215690613e-02
2.260852791368961334e-02
9.763483889400959015e-03
2.645310387015342712e-02
2.184598147869110107e-02
2.097566053271293640e-02
2.443331480026245117e-02
2.004638686776161194e-02
2.072501368820667267e-02
2.107064798474311829e-02
1.929355598986148834e-02
1.310035400092601776e-02
2.746642753481864929e-02
2.338851988315582275e-02
1.805197820067405701e-02
1.218936312943696976e-02
2.237821742892265320e-02
1.103164069354534149e-02
2.291331067681312561e-02
2.408621832728385925e-02
1.928595826029777527e-02
2.180079743266105652e-02
2.402478642761707306e-02
2.166363410651683807e-02
2.170439809560775757e-02
2.143557369709014893e-02
3.108903579413890839e-02
2.612462639808654785e-02
2.154409885406494141e-02
2.561743929982185364e-02
2.579841949045658112e-02
1.638489216566085815e-02
2.288273721933364868e-02
2.469475753605365753e-02
5.988981574773788452e-03
2.324853278696537018e-02
2.506004832684993744e-02
2.289913967251777649e-02
2.790801972150802612e-02
1.781976968050003052e-02
1.760711520910263062e-02
1.571164652705192566e-02
2.020259946584701538e-02
1.869994029402732849e-02
1.995328068733215332e-02
1.649354770779609680e-02
2.323300018906593323e-02
2.343313582241535187e-02
2.181524783372879028e-02
2.383200824260711670e-02
2.479372732341289520e-02
1.607033610343933105e-02
2.665215171873569489e-02
2.637494727969169617e-02
2.697446569800376892e-02
2.815462276339530945e-02
2.700529806315898895e-02
2.665125392377376556e-02
1.454059965908527374e-02
2.655261196196079254e-02
2.669670991599559784e-02
2.286110445857048035e-02
1.837856508791446686e-02
6.091466639190912247e-03
2.582370676100254059e-02
2.875774353742599487e-02
1.180679909884929657e-02
1.647435128688812256e-02
2.744641900062561035e-02
2.497071027755737305e-02
2.573846653103828430e-02
1.722941175103187561e-02
1.910270377993583679e-02
1.853326521813869476e-02
1.821295171976089478e-02
1.654295995831489563e-02
2.174803242087364197e-02
2.159029431641101837e-02
2.134953811764717102e-02
1.516583934426307678e-02
2.543509751558303833e-02
1.566468179225921631e-02
2.563860267400741577e-02
2.590126916766166687e-02
2.599765732884407043e-02
2.426747605204582214e-02
2.195029519498348236e-02
2.701402828097343445e-02
2.365794777870178223e-02
2.550749666988849640e-02
2.031731419265270233e-02
2.668412774801254272e-02
2.797995507717132568e-02
1.705094613134860992e-02
1.793945021927356720e-02
1.205971464514732361e-02
2.789768017828464508e-02
2.628727629780769348e-02
8.267175406217575073e-03
2.833074331283569336e-02
2.792057208716869354e-02
3.098902478814125061e-02
2.176236361265182495e-02
1.726085133850574493e-02
1.598783396184444427e-02
1.597231253981590271e-02
1.906167343258857727e-02
2.228923887014389038e-02
2.205695398151874542e-02
1.430961582809686661e-02
2.398887835443019867e-02
2.528781071305274963e-02
2.176170237362384796e-02
2.647794038057327271e-02
2.514130249619483948e-02
1.549016591161489487e-02
2.557982131838798523e-02
2.449782192707061768e-02
2.643969655036926270e-02
2.646815776824951172e-02
2.374430932104587555e-02
2.475057914853096008e-02
1.478874310851097107e-02
2.825243584811687469e-02
2.576079405844211578e-02
2.044271491467952728e-02
2.396734803915023804e-02
6.365711335092782974e-03
2.496153861284255981e-02
2.606268227100372314e-02
1.162879914045333862e-02
2.799528650939464569e-02
2.724927663803100586e-02
2.384483069181442261e-02
2.666741982102394104e-02
1.700838468968868256e-02
1.939619518816471100e-02
1.973139494657516479e-02
1.843001320958137512e-02
1.456006988883018494e-02
2.271798811852931976e-02
2.437578141689300537e-02
2.245226874947547913e-02
1.398902200162410736e-02
2.411193028092384338e-02
1.392385270446538925e-02
2.575382776558399200e-02
2.440662868320941925e-02
2.273802831768989563e-02
2.361735701560974121e-02
2.316099405288696289e-02
2.438968420028686523e-02
2.195602655410766602e-02
2.479875832796096802e-02
1.841508597135543823e-02
2.399256452918052673e-02
2.556838653981685638e-02
1.606209948658943176e-02
2.336755394935607910e-02
1.403040252625942230e-02
2.878712490200996399e-02
2.642274647951126099e-02
7.675505243241786957e-03
2.933286875486373901e-02
2.688503265380859375e-02
2.757718227803707123e-02
1.943835616111755371e-02
1.541635021567344666e-02
1.804627850651741028e-02
1.466051675379276276e-02
1.682856678962707520e-02
1.805587857961654663e-02
1.870658621191978455e-02
1.737242564558982849e-02
2.232533693313598633e-02
2.335319295525550842e-02
2.426067367196083069e-02
2.285530045628547668e-02
2.395424991846084595e-02
1.609019562602043152e-02
2.360658347606658936e-02
2.392155118286609650e-02
2.634446322917938232e-02
2.582156099379062653e-02
2.635478973388671875e-02
2.476248145103454590e-02
1.632598601281642914e-02
2.419475466012954712e-02
2.507655695080757141e-02
2.646280825138092041e-02
2.270655147731304169e-02
6.219062488526105881e-03
2.423097193241119385e-02
2.519733458757400513e-02
1.044014841318130493e-02
2.451478876173496246e-02
2.644963935017585754e-02
2.348464168608188629e-02
2.452300488948822021e-02
1.533624343574047089e-02
1.718854717910289764e-02
1.646886020898818970e-02
1.675103046000003815e-02
1.583231426775455475e-02
1.873082853853702545e-02
1.928072795271873474e-02
2.087217941880226135e-02
1.641720347106456757e-02
2.274050936102867126e-02
1.674787700176239014e-02
2.239872701466083527e-02
2.600861340761184692e-02
2.516498044133186340e-02
2.333455346524715424e-02
1.931942068040370941e-02
2.454291470348834991e-02
2.320871874690055847e-02
2.523307874798774719e-02
2.169528976082801819e-02
2.413895353674888611e-02
2.500696294009685516e-02
1.891953311860561371e-02
2.313261292874813080e-02
1.498389616608619690e-02
2.696720510721206665e-02
2.507837861776351929e-02
7.466616109013557434e-03
2.597200125455856323e-02
2.133562415838241577e-02
2.633330971002578735e-02
2.177410386502742767e-02
1.797668822109699249e-02
2.328095026314258575e-02
2.457441389560699463e-02
2.143885567784309387e-02
2.469615079462528229e-02
2.854520641267299652e-02
2.212367951869964600e-02
1.877888292074203491e-02
2.549297921359539032e-02
9.937284514307975769e-03
2.361745387315750122e-02
2.241496369242668152e-02
2.613596990704536438e-02
9.292838163673877716e-03
2.662796527147293091e-02
2.564173936843872070e-02
2.512293308973312378e-02
2.541303634643554688e-02
2.603393234312534332e-02
7.793218363076448441e-03
2.449131570756435394e-02
2.614401839673519135e-02
2.495108917355537415e-02
4.631933756172657013e-03
2.393716759979724884e-02
2.667735889554023743e-02
2.196446806192398071e-02
2.291082963347434998e-02
2.680693753063678741e-02
8.212782442569732666e-03
2.388201653957366943e-02
2.362383902072906494e-02
1.854868419468402863e-02
1.340222172439098358e-02
1.554074883460998535e-02
1.328010857105255127e-02
2.216402813792228699e-02
1.064203679561614990e-02
2.557120099663734436e-02
1.118282973766326904e-02
2.515360340476036072e-02
2.527279406785964966e-02
2.639197185635566711e-02
2.136160060763359070e-02
2.517812699079513550e-02
2.574108168482780457e-02
2.367431856691837311e-02
2.660681307315826416e-02
2.403316646814346313e-02
2.628641761839389801e-02
2.178996428847312927e-02
1.907163672149181366e-02
2.510269358754158020e-02
2.375040762126445770e-02
2.926060184836387634e-02
1.782109029591083527e-02
2.745992317795753479e-02
2.614407055079936981e-02
2.608724124729633331e-02
2.417965047061443329e-02
2.075198106467723846e-02
1.109923329204320908e-02
2.516601793467998505e-02
2.151584252715110779e-02
1.494730822741985321e-02
1.807699725031852722e-02
2.346808090806007385e-02
2.110153995454311371e-02
2.919954434037208557e-02
2.603776194155216217e-02
2.589700557291507721e-02
2.406932599842548370e-02
2.830988727509975433e-02
9.505823254585266113e-03
2.623832039535045624e-02
3.022808954119682312e-02
2.778515219688415527e-02
9.378664195537567139e-03
2.779447287321090698e-02
2.814847975969314575e-02
2.642256766557693481e-02
3.036607056856155396e-02
2.855693176388740540e-02
1.041677407920360565e-02
2.837283723056316376e-02
2.795966342091560364e-02
3.081111796200275421e-02
5.247729830443859100e-03
2.838963642716407776e-02
2.892000228166580200e-02
2.767421305179595947e-02
3.014437295496463776e-02
2.662790007889270782e-02
8.574844337999820709e-03
2.648104354739189148e-02
2.780880779027938843e-02
1.825134456157684326e-02
1.471273042261600494e-02
2.033429965376853943e-02
1.608134806156158447e-02
2.166084200143814087e-02
1.182387117296457291e-02
2.839475125074386597e-02
1.321535464376211166e-02
2.713338285684585571e-02
3.431426361203193665e-02
3.033448755741119385e-02
2.751289308071136475e-02
2.745201811194419861e-02
3.311200812458992004e-02
2.857855707406997681e-02
2.854801341891288757e-02
2.910533919930458069e-02
2.680306136608123779e-02
2.746873535215854645e-02
2.212788909673690796e-02
2.898824214935302734e-02
2.578311227262020111e-02
3.134273737668991089e-02
1.713160611689090729e-02
2.839206531643867493e-02
2.748234383761882782e-02
3.071717359125614166e-02
2.851972356438636780e-02
2.855709567666053772e-02
1.009178161621093750e-02
2.946035377681255341e-02
2.675990574061870575e-02
1.353558525443077087e-02
1.640797778964042664e-02
1.710684970021247864e-02
1.586009748280048370e-02
2.583034709095954895e-02
2.069112472236156464e-02
2.055884897708892822e-02
1.808289438486099243e-02
2.073793113231658936e-02
7.084351964294910431e-03
1.900538429617881775e-02
1.764114201068878174e-02
2.139389142394065857e-02
6.843039765954017639e-03
2.176042087376117706e-02
2.011629939079284668e-02
1.926732808351516724e-02
2.087414450943470001e-02
2.044508419930934906e-02
7.068404462188482285e-03
1.925926096737384796e-02
2.070525288581848145e-02
1.998706534504890442e-02
3.508427646011114120e-03
2.005352452397346497e-02
2.051927521824836731e-02
1.960371807217597961e-02
2.005447074770927429e-02
2.036456763744354248e-02
7.009548135101795197e-03
1.976439729332923889e-02
2.020936086773872375e-02
1.599491015076637268e-02
1.298453286290168762e-02
1.543031167238950729e-02
1.323701441287994385e-02
1.701579988002777100e-02
8.985431864857673645e-03
2.117998152971267700e-02
9.896649047732353210e-03
2.130216360092163086e-02
2.417529188096523285e-02
2.037875168025493622e-02
1.832808740437030792e-02
2.071866020560264587e-02
2.702253311872482300e-02
1.970634236931800842e-02
2.121470123529434204e-02
2.124539017677307129e-02
2.015237137675285339e-02
2.136725932359695435e-02
2.100577577948570251e-02
2.208648249506950378e-02
2.048554643988609314e-02
2.033101394772529602e-02
1.668912731111049652e-02
2.005778811872005463e-02
1.930274441838264465e-02
2.249653264880180359e-02
1.978573203086853027e-02
1.917340047657489777e-02
8.773952722549438477e-03
2.012063749134540558e-02
2.219059132039546967e-02
1.580325886607170105e-02
1.953493431210517883e-02
1.864617504179477692e-02
2.118220180273056030e-02
2.890488132834434509e-02
2.886048331856727600e-02
2.320109307765960693e-02
2.194003388285636902e-02
2.288389950990676880e-02
9.955905377864837646e-03
2.557963132858276367e-02
2.296472713351249695e-02
2.524706348776817322e-02
8.182251825928688049e-03
2.779549732804298401e-02
2.609809115529060364e-02
2.558740228414535522e-02
2.516878582537174225e-02
2.460451796650886536e-02
7.701711729168891907e-03
2.462170273065567017e-02
2.484328299760818481e-02
2.637666836380958557e-02
4.298997111618518829e-03
2.457471936941146851e-02
2.341935038566589355e-02
2.670182846486568451e-02
2.628380060195922852e-02
2.310226857662200928e-02
7.517232559621334076e-03
2.061659097671508789e-02
2.363110706210136414e-02
1.886752992868423462e-02
1.270575914531946182e-02
1.996722817420959473e-02
1.173074636608362198e-02
1.932476088404655457e-02
1.113221887499094009e-02
2.370064333081245422e-02
1.034999452531337738e-02
2.405178919434547424e-02
2.827395871281623840e-02
2.521831542253494263e-02
2.284275367856025696e-02
2.477302774786949158e-02
3.445457667112350464e-02
2.276297472417354584e-02
2.771386317908763885e-02
2.567817270755767822e-02
2.515580318868160248e-02
2.548440545797348022e-02
2.120793983340263367e-02
2.426113560795783997e-02
2.464699372649192810e-02
2.423462271690368652e-02
1.815045811235904694e-02
2.710193581879138947e-02
2.417189441621303558e-02
2.359263040125370026e-02
2.471482753753662109e-02
2.524586766958236694e-02
9.709838777780532837e-03
2.525150962173938751e-02
2.399519272148609161e-02
1.794637367129325867e-02
1.696870476007461548e-02
1.912484690546989441e-02
1.657415553927421570e-02
2.238678187131881714e-02
1.794818229973316193e-02
2.106267958879470825e-02
1.536802574992179871e-02
1.864335685968399048e-02
1.758974790573120117e-02
2.076405659317970276e-02
1.589339971542358398e-02
2.370462939143180847e-02
1.743917539715766907e-02
2.209579013288021088e-02
2.251766063272953033e-02
2.133186347782611847e-02
2.132229879498481750e-02
2.323210611939430237e-02
1.224921550601720810e-02
2.448941022157669067e-02
2.301456592977046967e-02
2.320342883467674255e-02
6.434570997953414917e-03
2.326166070997714996e-02
2.194257453083992004e-02
2.152205631136894226e-02
2.242604829370975494e-02
2.366274967789649963e-02
9.915210306644439697e-03
2.395053021609783173e-02
2.353171259164810181e-02
1.770818978548049927e-02
1.554563641548156738e-02
1.577688753604888916e-02
1.576371490955352783e-02
1.881498470902442932e-02
1.329758204519748688e-02
2.130884304642677307e-02
1.594455167651176453e-02
2.129986509680747986e-02
1.993711292743682861e-02
2.185594290494918823e-02
1.810628361999988556e-02
2.323641255497932434e-02
3.811559453606605530e-02
2.410477399826049805e-02
2.419378608465194702e-02
2.371146716177463531e-02
2.137451246380805969e-02
2.235432155430316925e-02
2.243289165198802948e-02
2.359052747488021851e-02
2.192231267690658569e-02
2.449527569115161896e-02
1.781341433525085449e-02
2.290596626698970795e-02
2.549459598958492279e-02
2.292140200734138489e-02
2.243821695446968079e-02
2.218344435095787048e-02
1.038725301623344421e-02
2.535858936607837677e-02
2.066444233059883118e-02
1.518785115331411362e-02
1.675470545887947083e-02
1.977984607219696045e-02
2.155354432761669159e-02
2.415353246033191681e-02
2.894012257456779480e-02
2.092464640736579895e-02
2.234258130192756653e-02
2.243859879672527313e-02
7.799285463988780975e-03
1.979111507534980774e-02
2.291424944996833801e-02
2.242935821413993835e-02
6.930610164999961853e-03
2.150779217481613159e-02
2.101332508027553558e-02
2.264708653092384338e-02
1.952653750777244568e-02
2.069214731454849243e-02
6.793647538870573044e-03
2.088847011327743530e-02
2.217698842287063599e-02
2.216419577598571777e-02
3.611732739955186844e-03
2.171801030635833740e-02
2.072957716882228851e-02
1.985252089798450470e-02
2.171470969915390015e-02
2.189362049102783203e-02
6.670300848782062531e-03
1.607160642743110657e-02
2.099176123738288879e-02
1.566078700125217438e-02
1.103477645665407181e-02
1.608427427709102631e-02
1.125004421919584274e-02
1.158022135496139526e-02
8.751250803470611572e-03
2.258182689547538757e-02
8.287729695439338684e-03
2.033603563904762268e-02
2.332957275211811066e-02
2.245040610432624817e-02
2.152287214994430542e-02
2.040830813348293304e-02
2.570996619760990143e-02
1.836166717112064362e-02
2.166974544525146484e-02
2.100455574691295624e-02
2.072380669414997101e-02
2.009773999452590942e-02
1.805386692285537720e-02
2.041099220514297485e-02
1.765248365700244904e-02
2.172034606337547302e-02
1.648211479187011719e-02
2.087034843862056732e-02
2.126004733145236969e-02
2.125886455178260803e-02
2.099004760384559631e-02
2.169929631054401398e-02
9.731171652674674988e-03
2.131948247551918030e-02
2.038131281733512878e-02
1.105858199298381805e-02
1.372977439314126968e-02
1.777570135891437531e-02
1.406158972531557083e-02
2.393085137009620667e-02
1.956117898225784302e-02
2.138829603791236877e-02
1.657997444272041321e-02
1.870893314480781555e-02
8.680509403347969055e-03
2.002930268645286560e-02
1.605353318154811859e-02
1.972499489784240723e-02
8.352730423212051392e-03
2.217881754040718079e-02
1.887505874037742615e-02
2.025690488517284393e-02
2.186638303101062775e-02
2.036428079009056091e-02
7.743259426206350327e-03
1.907976716756820679e-02
1.974326744675636292e-02
2.062731608748435974e-02
3.730457276105880737e-03
2.124043926596641541e-02
2.123179100453853607e-02
2.046978473663330078e-02
2.044863998889923096e-02
2.091082558035850525e-02
7.305386010557413101e-03
2.172414585947990417e-02
1.887808367609977722e-02
1.235165633261203766e-02
1.236142311245203018e-02
1.308355014771223068e-02
1.463823765516281128e-02
1.927029341459274292e-02
1.095911394804716110e-02
2.114272862672805786e-02
1.295097451657056808e-02
1.697821915149688721e-02
2.543425932526588440e-02
1.970193721354007721e-02
2.049606293439865112e-02
2.222754992544651031e-02
2.501401305198669434e-02
1.887672208249568939e-02
1.877463795244693756e-02
2.274268865585327148e-02
2.156176045536994934e-02
1.973640918731689453e-02
2.208079025149345398e-02
2.349054254591464996e-02
1.970499567687511444e-02
2.197496592998504639e-02
1.750042475759983063e-02
2.123226784169673920e-02
2.006288245320320129e-02
2.102440409362316132e-02
2.117340266704559326e-02
2.083503827452659607e-02
8.701678365468978882e-03
2.172551117837429047e-02
2.228962630033493042e-02
6.959899328649044037e-03
8.422402665019035339e-03
1.021375600248575211e-02
9.473964571952819824e-03
1.227778941392898560e-02
1.080568227916955948e-02
1.482583582401275635e-02
1.399736758321523666e-02
1.099955756217241287e-02
1.987847685813903809e-02
1.530323363840579987e-02
9.695544838905334473e-03
1.643326692283153534e-02
1.669433712959289551e-02
1.753456890583038330e-02
1.637967675924301147e-02
1.640940830111503601e-02
1.696247607469558716e-02
1.700656861066818237e-02
1.144897378981113434e-02
1.440648362040519714e-02
1.554309390485286713e-02
1.635855063796043396e-02
6.127586588263511658e-03
1.530826091766357422e-02
1.837899908423423767e-02
1.656167209148406982e-02
1.829384267330169678e-02
1.631917618215084076e-02
1.082269288599491119e-02
1.988412812352180481e-02
1.811695285141468048e-02
7.093250285834074020e-03
8.595431223511695862e-03
1.074268296360969543e-02
9.482940658926963806e-03
1.619969308376312256e-02
8.914746344089508057e-03
1.731856912374496460e-02
9.850651025772094727e-03
1.615881919860839844e-02
2.235358580946922302e-02
1.631613075733184814e-02
1.334693096578121185e-02
1.531309075653553009e-02
2.554552443325519562e-02
2.101658470928668976e-02
1.692976988852024078e-02
1.423212885856628418e-02
1.848633773624897003e-02
1.749796606600284576e-02
2.036219090223312378e-02
1.559560932219028473e-02
1.732980273663997650e-02
1.437556184828281403e-02
1.734614372253417969e-02
1.566544547677040100e-02
1.723826117813587189e-02
1.656979694962501526e-02
1.384678855538368225e-02
1.350020710378885269e-02
1.106814667582511902e-02
1.584259606897830963e-02
1.491328328847885132e-02
1.623237505555152893e-02
1.628776639699935913e-02
1.631442084908485413e-02
1.648264750838279724e-02
1.752175576984882355e-02
1.929871737957000732e-02
1.717189326882362366e-02
2.100040391087532043e-02
1.522470358759164810e-02
1.962788775563240051e-02
2.192815765738487244e-02
2.310335077345371246e-02
2.227220684289932251e-02
3.093717060983181000e-02
2.323467284440994263e-02
2.329964749515056610e-02
2.284916862845420837e-02
2.051152847707271576e-02
2.498634345829486847e-02
2.867495268583297729e-02
2.396394684910774231e-02
2.322262153029441833e-02
2.440471202135086060e-02
1.862166821956634521e-02
2.141489088535308838e-02
2.469883114099502563e-02
2.480673044919967651e-02
2.286884747445583344e-02
2.417844533920288086e-02
2.275650203227996826e-02
1.922928541898727417e-02
1.359527371823787689e-02
1.530015561729669571e-02
1.571369543671607971e-02
1.652795448899269104e-02
1.589308679103851318e-02
1.748764328658580780e-02
1.922500878572463989e-02
1.378631405532360077e-02
2.470824494957923889e-02
2.174501121044158936e-02
2.318341471254825592e-02
1.804389990866184235e-02
2.209088206291198730e-02
2.387440949678421021e-02
1.615316793322563171e-02
2.501045539975166321e-02
2.430250309407711029e-02
2.563657984137535095e-02
2.465173229575157166e-02
2.445445209741592407e-02
1.514342427253723145e-02
2.501112595200538635e-02
2.434516698122024536e-02
2.338166721165180206e-02
8.303522132337093353e-03
2.572728320956230164e-02
2.532632276415824890e-02
2.459123916923999786e-02
2.564777806401252747e-02
2.618800476193428040e-02
2.399293892085552216e-02
1.429206505417823792e-02
2.279233373701572418e-02
1.301329024136066437e-02
1.356787607073783875e-02
1.458040066063404083e-02
1.625324413180351257e-02
1.424335688352584839e-02
1.872662827372550964e-02
1.707161217927932739e-02
1.763896830379962921e-02
1.463860645890235901e-02
1.635710895061492920e-02
1.880972273647785187e-02
2.201781421899795532e-02
2.300260029733181000e-02
2.570007741451263428e-02
2.356722764670848846e-02
2.560848742723464966e-02
2.559860050678253174e-02
2.487130835652351379e-02
2.797223255038261414e-02
2.554409205913543701e-02
2.556767687201499939e-02
2.494229003787040710e-02
2.733995392918586731e-02
2.230925858020782471e-02
2.597085572779178619e-02
2.919889986515045166e-02
2.770017646253108978e-02
2.444208972156047821e-02
2.769164368510246277e-02
2.296658046543598175e-02
2.080854587256908417e-02
1.708533614873886108e-02
1.459961012005805969e-02
1.441251114010810852e-02
1.389889046549797058e-02
1.680614426732063293e-02
1.432171184569597244e-02
1.748878136277198792e-02
1.502743549644947052e-02
1.774346828460693359e-02
1.713376492261886597e-02
1.998916640877723694e-02
1.756235957145690918e-02
1.831069216132164001e-02
2.170269191265106201e-02
1.553167868405580521e-02
2.352665737271308899e-02
2.309009060263633728e-02
2.758085541427135468e-02
2.807780355215072632e-02
2.602886781096458435e-02
1.380503363907337189e-02
2.796900831162929535e-02
2.775007300078868866e-02
2.782358229160308838e-02
9.990492835640907288e-03
2.783207781612873077e-02
3.010899201035499573e-02
2.530094981193542480e-02
2.786784246563911438e-02
2.436871081590652466e-02
2.898821979761123657e-02
2.176135405898094177e-02
2.457782626152038574e-02
1.762394420802593231e-02
1.586531288921833038e-02
1.674986816942691803e-02
1.736782491207122803e-02
1.689717546105384827e-02
1.875443011522293091e-02
1.883319951593875885e-02
2.175764739513397217e-02
1.453897636383771896e-02
1.707296818494796753e-02
2.108894102275371552e-02
2.303262799978256226e-02
2.322949841618537903e-02
2.433670312166213989e-02
2.230916172266006470e-02
2.013998478651046753e-02
1.983305811882019043e-02
1.945269294083118439e-02
2.320289611816406250e-02
2.450379729270935059e-02
2.062163129448890686e-02
1.922402158379554749e-02
2.075095288455486298e-02
1.732611097395420074e-02
2.195072546601295471e-02
2.323878183960914612e-02
2.223909646272659302e-02
1.930998638272285461e-02
2.198998257517814636e-02
1.855453662574291229e-02
1.792463660240173340e-02
1.756007596850395203e-02
1.759072206914424896e-02
1.616416499018669128e-02
1.731264218688011169e-02
1.744404062628746033e-02
1.897014304995536804e-02
1.904285885393619537e-02
1.372873969376087189e-02
2.294051274657249451e-02
1.978596299886703491e-02
2.159367501735687256e-02
1.856033131480216980e-02
1.851468905806541443e-02
2.020916715264320374e-02
1.480611227452754974e-02
2.242021262645721436e-02
2.143403142690658569e-02
2.283895201981067657e-02
2.402366325259208679e-02
2.304008603096008301e-02
1.406225748360157013e-02
2.308590337634086609e-02
2.193810231983661652e-02
2.118475735187530518e-02
7.594652473926544189e-03
2.055132761597633362e-02
2.437572553753852844e-02
2.110737375915050507e-02
2.054376527667045593e-02
2.260894700884819031e-02
2.307472750544548035e-02
1.380105502903461456e-02
2.219004370272159576e-02
1.230689883232116699e-02
1.217437162995338440e-02
1.263607852160930634e-02
1.388657465577125549e-02
1.177693344652652740e-02
1.508732326328754425e-02
1.274270936846733093e-02
1.410275883972644806e-02
1.273679733276367188e-02
1.480764430016279221e-02
1.399746816605329514e-02
1.725384593009948730e-02
1.750815659761428833e-02
1.706373132765293121e-02
1.789079234004020691e-02
1.746924035251140594e-02
1.889735646545886993e-02
1.589246280491352081e-02
1.872343942523002625e-02
1.775900460779666901e-02
1.860960945487022400e-02
1.799125969409942627e-02
1.877899467945098877e-02
1.474263798445463181e-02
2.000130899250507355e-02
1.963477395474910736e-02
2.177943661808967590e-02
1.396713592112064362e-02
2.047604322433471680e-02
1.846750639379024506e-02
1.898709498345851898e-02
1.937583461403846741e-02
1.311199832707643509e-02
1.290134713053703308e-02
1.238850876688957214e-02
1.314553432166576385e-02
1.144453044980764389e-02
1.489276997745037079e-02
1.296003721654415131e-02
1.394243910908699036e-02
1.373784523457288742e-02
1.531013287603855133e-02
1.313450373709201813e-02
1.674734428524971008e-02
1.786336489021778107e-02
1.392490416765213013e-02
1.817023195326328278e-02
1.862374506890773773e-02
1.998344622552394867e-02
2.047789283096790314e-02
1.949136890470981598e-02
1.202604547142982483e-02
2.152059786021709442e-02
1.917249336838722229e-02
2.092541195452213287e-02
5.273459479212760925e-03
1.922313868999481201e-02
2.161055244505405426e-02
2.202410250902175903e-02
2.061634883284568787e-02
2.107036486268043518e-02
2.196329087018966675e-02
1.389125920832157135e-02
2.041153423488140106e-02
1.602271944284439087e-02
1.660287566483020782e-02
1.754838041961193085e-02
1.733159087598323822e-02
1.769704557955265045e-02
1.874613761901855469e-02
1.894589141011238098e-02
2.184877172112464905e-02
1.809871196746826172e-02
1.900077611207962036e-02
2.167818881571292877e-02
2.330585196614265442e-02
2.538699284195899963e-02
2.880719676613807678e-02
2.470563724637031555e-02
2.643535472452640533e-02
2.310654707252979279e-02
2.393669262528419495e-02
2.428109757602214813e-02
2.998546138405799866e-02
2.355320565402507782e-02
2.262426167726516724e-02
2.272312343120574951e-02
2.123694494366645813e-02
2.505595237016677856e-02
2.393897995352745056e-02
2.573139034211635590e-02
2.203246206045150757e-02
2.153107896447181702e-02
2.013620734214782715e-02
2.004663273692131042e-02
1.748166233301162720e-02
1.570910215377807617e-02
1.698083803057670593e-02
1.816837489604949951e-02
1.627995446324348450e-02
1.793399266898632050e-02
1.829666830599308014e-02
1.666446030139923096e-02
2.368687093257904053e-02
2.054473012685775757e-02
2.326550707221031189e-02
2.225879952311515808e-02
1.893816329538822174e-02
2.437968179583549500e-02
1.775671169161796570e-02
2.550073899328708649e-02
2.536102011799812317e-02
2.762822806835174561e-02
2.553293295204639435e-02
2.488128654658794403e-02
1.682246476411819458e-02
2.442124113440513611e-02
2.334331534802913666e-02
2.236030995845794678e-02
8.049283176660537720e-03
2.286664582788944244e-02
2.518004179000854492e-02
2.231938205659389496e-02
2.380694448947906494e-02
2.389621734619140625e-02
2.376270852982997894e-02
1.543998438864946365e-02
2.050626277923583984e-02
1.894539594650268555e-02
1.689402945339679718e-02
1.900073140859603882e-02
1.810844242572784424e-02
1.942849531769752502e-02
1.990276947617530823e-02
2.027661353349685669e-02
2.329815551638603210e-02
1.713676936924457550e-02
1.976631022989749908e-02
2.304907143115997314e-02
2.343293838202953339e-02
2.297804318368434906e-02
2.595789358019828796e-02
2.379035949707031250e-02
2.345573157072067261e-02
1.892070844769477844e-02
2.116848714649677277e-02
2.308183722198009491e-02
2.534978277981281281e-02
2.008561789989471436e-02
2.063147723674774170e-02
2.240617573261260986e-02
1.884688995778560638e-02
2.347784303128719330e-02
2.286991477012634277e-02
2.250616624951362610e-02
1.932694762945175171e-02
2.168003097176551819e-02
1.792363822460174561e-02
1.858725771307945251e-02
1.742380671203136444e-02
1.778640225529670715e-02
1.895910501480102539e-02
1.841609738767147064e-02
1.794408634305000305e-02
2.080075442790985107e-02
2.038199082016944885e-02
1.687920466065406799e-02
2.693682163953781128e-02
2.222688123583793640e-02
2.304224669933319092e-02
2.007322385907173157e-02
2.163158357143402100e-02
2.484067901968955994e-02
1.503667794167995453e-02
2.447880432009696960e-02
2.334616892039775848e-02
2.413060329854488373e-02
2.472945302724838257e-02
2.273524552583694458e-02
1.561009231954813004e-02
2.446102723479270935e-02
2.367342449724674225e-02
2.208309620618820190e-02
7.822033017873764038e-03
1.947174966335296631e-02
2.297876775264739990e-02
2.269704453647136688e-02
2.252284809947013855e-02
2.113284729421138763e-02
2.206619270145893097e-02
1.348412875086069107e-02
2.107112109661102295e-02
1.854932308197021484e-02
1.840414293110370636e-02
2.282696962356567383e-02
1.944953389465808868e-02
1.518835406750440598e-02
2.272021025419235229e-02
2.265673130750656128e-02
2.120946720242500305e-02
1.341241970658302307e-02
2.341117523610591888e-02
2.656522579491138458e-02
2.523984387516975403e-02
2.186922170221805573e-02
3.096477128565311432e-02
2.473712526261806488e-02
2.785936929285526276e-02
2.393179014325141907e-02
1.905600540339946747e-02
2.726811543107032776e-02
3.029828332364559174e-02
2.439242787659168243e-02
2.380300313234329224e-02
2.574814110994338989e-02
1.951264217495918274e-02
2.311321161687374115e-02
2.542886324226856232e-02
2.504242956638336182e-02
1.547959726303815842e-02
2.652113139629364014e-02
1.730271428823471069e-02
1.775118336081504822e-02
1.104848366230726242e-02
2.021343447268009186e-02
2.029385790228843689e-02
1.602537930011749268e-02
2.201342955231666565e-02
2.133036404848098755e-02
2.457970380783081055e-02
1.407866925001144409e-02
2.627648040652275085e-02
2.646045014262199402e-02
2.880950644612312317e-02
1.451816409826278687e-02
2.480278536677360535e-02
2.399080246686935425e-02
1.551918778568506241e-02
2.694918587803840637e-02
2.730742469429969788e-02
2.079213038086891174e-02
2.953664585947990417e-02
2.348091453313827515e-02
1.226017251610755920e-02
2.319332771003246307e-02
2.709635533392429352e-02
2.620507217943668365e-02
6.778175011277198792e-03
2.542922273278236389e-02
2.723070979118347168e-02
2.498170360922813416e-02
2.082596533000469208e-02
2.877210080623626709e-02
2.483329735696315765e-02
1.310412771999835968e-02
2.391362935304641724e-02
2.010352164506912231e-02
1.850677654147148132e-02
1.964784041047096252e-02
1.775467023253440857e-02
1.734718307852745056e-02
2.266678214073181152e-02
2.277511358261108398e-02
2.456288412213325500e-02
1.477670483291149139e-02
2.005680836737155914e-02
2.567592822015285492e-02
2.158875763416290283e-02
2.582435309886932373e-02
2.529662847518920898e-02
2.518541552126407623e-02
2.291294187307357788e-02
1.889274269342422485e-02
2.129897475242614746e-02
2.334965579211711884e-02
2.819285169243812561e-02
2.326673269271850586e-02
2.224279567599296570e-02
2.333276905119419098e-02
1.954365894198417664e-02
2.344506792724132538e-02
2.340786531567573547e-02
2.231423556804656982e-02
2.293699979782104492e-02
2.390307560563087463e-02
2.090391889214515686e-02
1.643760688602924347e-02
1.791585236787796021e-02
1.931987889111042023e-02
1.850740611553192139e-02
1.957531273365020752e-02
1.829345896840095520e-02
2.160321176052093506e-02
2.302689291536808014e-02
1.526315324008464813e-02
2.530031651258468628e-02
2.483137324452400208e-02
2.727294713258743286e-02
2.119546569883823395e-02
2.116153016686439514e-02
2.198737673461437225e-02
1.680231839418411255e-02
2.386832609772682190e-02
2.647395990788936615e-02
2.404072880744934082e-02
2.661148086190223694e-02
2.348330803215503693e-02
1.629646681249141693e-02
2.352769300341606140e-02
2.304306998848915100e-02
2.294651791453361511e-02
8.685919456183910370e-03
1.921581476926803589e-02
2.382785454392433167e-02
2.217696979641914368e-02
2.172129042446613312e-02
2.243922464549541473e-02
2.287297509610652924e-02
1.321132201701402664e-02
2.370051667094230652e-02
