<system>Protocol: Active. Attitude: Sassy.</system>
6.827369797974824905e-03
8.514815010130405426e-03
6.349289789795875549e-03
7.907913066446781158e-03
8.404273539781570435e-03
1.151629164814949036e-02
7.574088871479034424e-03
1.025130413472652435e-02
1.409651804715394974e-02
7.030908949673175812e-03
1.346972305327653885e-02
1.066639274358749390e-02
1.505226921290159225e-02
1.227262895554304123e-02
1.564163342118263245e-02
1.625097543001174927e-02
1.676184311509132385e-02
1.597254723310470581e-02
1.893865689635276794e-02
1.759190112352371216e-02
2.044393494725227356e-02
2.526954561471939087e-02
2.421538904309272766e-02
2.239271253347396851e-02
2.258918248116970062e-02
2.597244642674922943e-02
2.608803100883960724e-02
2.339388616383075714e-02
2.807703241705894470e-02
3.031012788414955139e-02
3.032361343502998352e-02
2.481932565569877625e-02
7.337403483688831329e-03
8.842048235237598419e-03
5.801413673907518387e-03
9.082039818167686462e-03
7.345593068748712540e-03
1.087450236082077026e-02
6.591414567083120346e-03
9.218288585543632507e-03
1.226198207587003708e-02
8.816815912723541260e-03
1.265539228916168213e-02
1.079850737005472183e-02
1.540640834718942642e-02
1.204411126673221588e-02
1.447675190865993500e-02
1.553085073828697205e-02
1.671994477510452271e-02
1.502586621791124344e-02
1.734547689557075500e-02
1.419225148856639862e-02
2.044976875185966492e-02
2.311414666473865509e-02
2.478865347802639008e-02
1.191540341824293137e-02
2.463617548346519470e-02
2.268197387456893921e-02
2.594222687184810638e-02
2.105927839875221252e-02
2.692431584000587463e-02
3.221916407346725464e-02
2.351097948849201202e-02
2.771288529038429260e-02
6.932137999683618546e-03
8.726038038730621338e-03
6.462845019996166229e-03
8.019143715500831604e-03
8.219864219427108765e-03
1.108025945723056793e-02
7.374220062047243118e-03
9.358920156955718994e-03
1.361732091754674911e-02
6.525743752717971802e-03
1.333824265748262405e-02
1.073110289871692657e-02
1.429836824536323547e-02
1.176381297409534454e-02
1.510147750377655029e-02
1.587220653891563416e-02
1.606427505612373352e-02
1.564591005444526672e-02
1.874683797359466553e-02
1.704695820808410645e-02
2.015641331672668457e-02
2.450232394039630890e-02
2.364693768322467804e-02
2.243068069219589233e-02
2.217708155512809753e-02
2.536201477050781250e-02
2.456090599298477173e-02
2.310251817107200623e-02
2.317779883742332458e-02
2.625364065170288086e-02
2.863001450896263123e-02
2.472487092018127441e-02
7.087529171258211136e-03
9.271875023841857910e-03
5.667971912771463394e-03
9.451348334550857544e-03
7.519094273447990417e-03
1.155644841492176056e-02
6.164947524666786194e-03
8.742786943912506104e-03
1.193424127995967865e-02
8.310285396873950958e-03
1.260371878743171692e-02
1.044785603880882263e-02
1.505308225750923157e-02
1.131392270326614380e-02
1.451229304075241089e-02
1.526916865259408951e-02
1.621983200311660767e-02
1.461209543049335480e-02
1.694305986166000366e-02
1.373316533863544464e-02
1.932428590953350067e-02
2.238318696618080139e-02
2.428205311298370361e-02
1.163275353610515594e-02
2.344860136508941650e-02
2.241153642535209656e-02
2.524601668119430542e-02
2.038159407675266266e-02
2.272751368582248688e-02
2.646880224347114563e-02
2.789566107094287872e-02
2.677539736032485962e-02
6.421370897442102432e-03
8.142714388668537140e-03
6.097504403442144394e-03
7.172480225563049316e-03
7.581790909171104431e-03
1.079891622066497803e-02
7.127460557967424393e-03
9.575018659234046936e-03
1.318572089076042175e-02
7.052251137793064117e-03
1.329981721937656403e-02
1.049745827913284302e-02
1.483125798404216766e-02
1.241699606180191040e-02
1.616670936346054077e-02
1.655948720872402191e-02
1.593046635389328003e-02
1.645283587276935577e-02
1.884972304105758667e-02
1.761129125952720642e-02
2.126805298030376434e-02
2.516547217965126038e-02
2.411879226565361023e-02
2.275403589010238647e-02
2.318265847861766815e-02
2.621386758983135223e-02
2.630465850234031677e-02
2.478750050067901611e-02
2.527045086026191711e-02
2.885661087930202484e-02
3.155635297298431396e-02
2.630881965160369873e-02
6.726156920194625854e-03
8.468411862850189209e-03
5.639407783746719360e-03
8.782491087913513184e-03
7.327940780669450760e-03
1.116768643260002136e-02
6.033779121935367584e-03
8.708674460649490356e-03
1.150043867528438568e-02
8.456985466182231903e-03
1.253184676170349121e-02
1.051091495901346207e-02
1.518524903804063797e-02
1.177620887756347656e-02
1.526962872594594955e-02
1.602154597640037537e-02
1.581135764718055725e-02
1.532718539237976074e-02
1.734102517366409302e-02
1.437471807003021240e-02
2.071641013026237488e-02
2.278763428330421448e-02
2.528109587728977203e-02
1.243454404175281525e-02
2.481649816036224365e-02
2.311042137444019318e-02
2.682370319962501526e-02
2.101313322782516479e-02
2.584787644445896149e-02
3.090786375105381012e-02
2.891476824879646301e-02
2.552970126271247864e-02
6.949070375412702560e-03
8.559267036616802216e-03
6.088626570999622345e-03
6.995897740125656128e-03
7.736346684396266937e-03
1.064701192080974579e-02
7.178014144301414490e-03
9.300576522946357727e-03
1.328611373901367188e-02
6.747595034539699554e-03
1.315656304359436035e-02
1.038586720824241638e-02
1.460506487637758255e-02
1.179544441401958466e-02
1.529734302312135696e-02
1.628565788269042969e-02
1.585375703871250153e-02
1.572938635945320129e-02
1.851736381649971008e-02
1.701964624226093292e-02
1.999601721763610840e-02
2.470469847321510315e-02
2.375076524913311005e-02
2.219679951667785645e-02
2.279170602560043335e-02
2.552725374698638916e-02
2.529172226786613464e-02
2.322183549404144287e-02
2.407341636717319489e-02
2.940365485846996307e-02
2.735031023621559143e-02
3.000251017510890961e-02
6.781209260225296021e-03
8.763860911130905151e-03
5.632298067212104797e-03
8.616959676146507263e-03
7.374988868832588196e-03
1.077392324805259705e-02
6.077311467379331589e-03
8.858837187290191650e-03
1.187026966363191605e-02
8.360430598258972168e-03
1.233025826513767242e-02
1.035397499799728394e-02
1.499496586620807648e-02
1.160038355737924576e-02
1.452669128775596619e-02
1.551502104848623276e-02
1.610687375068664551e-02
1.469020079821348190e-02
1.681138202548027039e-02
1.389011181890964508e-02
1.933531835675239563e-02
2.254653163254261017e-02
2.438915148377418518e-02
1.149980165064334869e-02
2.371203899383544922e-02
2.262589707970619202e-02
2.536491118371486664e-02
2.067631855607032776e-02
2.312718890607357025e-02
2.795665711164474487e-02
2.177942171692848206e-02
2.285116910934448242e-02
7.243015337735414505e-03
8.762174285948276520e-03
6.890507414937019348e-03
8.518671616911888123e-03
9.041907265782356262e-03
1.202962547540664673e-02
8.176719769835472107e-03
1.061812415719032288e-02
1.428214833140373230e-02
7.411871571093797684e-03
1.362238731235265732e-02
1.059414073824882507e-02
1.515493821352720261e-02
1.226860657334327698e-02
1.563597843050956726e-02
1.630448177456855774e-02
1.636381447315216064e-02
1.545977592468261719e-02
1.920662447810173035e-02
1.719234511256217957e-02
2.022355049848556519e-02
2.463458850979804993e-02
2.359432168304920197e-02
2.240330353379249573e-02
2.206968329846858978e-02
2.576215565204620361e-02
2.478351816534996033e-02
2.319369092583656311e-02
2.337580174207687378e-02
2.655746974050998688e-02
2.781702578067779541e-02
2.737871930003166199e-02
7.530775852501392365e-03
9.951815940439701080e-03
6.425302475690841675e-03
1.022486202418804169e-02
7.652505300939083099e-03
1.144048012793064117e-02
6.814107298851013184e-03
9.385460987687110901e-03
1.237666886299848557e-02
9.106696583330631256e-03
1.236746553331613541e-02
1.081626862287521362e-02
1.540676690638065338e-02
1.219038106501102448e-02
1.458699628710746765e-02
1.563089340925216675e-02
1.696797460317611694e-02
1.445669494569301605e-02
1.718216389417648315e-02
1.392601244151592255e-02
1.998897269368171692e-02
2.307685092091560364e-02
2.425327710807323456e-02
1.181989908218383789e-02
2.411730401217937469e-02
2.209737524390220642e-02
2.514036186039447784e-02
2.057176269590854645e-02
2.297884225845336914e-02
3.076075203716754913e-02
2.261447906494140625e-02
3.320979326963424683e-02
1.671618968248367310e-02
1.802073605358600616e-02
1.311203651130199432e-02
2.132448554039001465e-02
1.508780196309089661e-02
1.564759202301502228e-02
1.781287416815757751e-02
1.903492212295532227e-02
1.956762187182903290e-02
2.170291170477867126e-02
1.740316674113273621e-02
2.032084204256534576e-02
1.723611727356910706e-02
2.177491411566734314e-02
2.172726206481456757e-02
1.529121398925781250e-02
2.514969184994697571e-02
2.115684375166893005e-02
2.479809150099754333e-02
2.449526265263557434e-02
2.479770593345165253e-02
2.168609946966171265e-02
1.729790121316909790e-02
2.734721451997756958e-02
1.757416687905788422e-02
1.960060745477676392e-02
1.923123747110366821e-02
1.810348406434059143e-02
2.007755823433399200e-02
2.127366140484809875e-02
2.173133380711078644e-02
1.955332607030868530e-02
1.479796692728996277e-02
1.676614955067634583e-02
1.561122573912143707e-02
2.063518948853015900e-02
1.433997787535190582e-02
1.743951812386512756e-02
1.694771274924278259e-02
1.704794541001319885e-02
2.050787769258022308e-02
2.260654605925083160e-02
1.875956542789936066e-02
2.312702313065528870e-02
1.914904825389385223e-02
2.316371351480484009e-02
1.748906075954437256e-02
2.129620499908924103e-02
1.902146823704242706e-02
1.738122291862964630e-02
2.199058607220649719e-02
1.684623584151268005e-02
2.315239980816841125e-02
1.930265128612518311e-02
1.768389530479907990e-02
1.123071648180484772e-02
1.869481615722179413e-02
1.784604415297508240e-02
1.976073347032070160e-02
1.739866100251674652e-02
2.105760760605335236e-02
2.323569357395172119e-02
1.872782595455646515e-02
1.936147734522819519e-02
1.688072644174098969e-02
1.725859194993972778e-02
1.391191687434911728e-02
1.919647492468357086e-02
1.718623563647270203e-02
1.916774734854698181e-02
1.917455345392227173e-02
2.255506813526153564e-02
1.988309063017368317e-02
1.824259571731090546e-02
1.849453523755073547e-02
1.949013024568557739e-02
1.744320616126060486e-02
2.195628732442855835e-02
2.038270607590675354e-02
1.740018278360366821e-02
2.173653617501258850e-02
2.228690311312675476e-02
2.928866818547248840e-02
2.465337514877319336e-02
2.676596492528915405e-02
2.452508918941020966e-02
2.203786373138427734e-02
2.912295982241630554e-02
2.301932498812675476e-02
2.392820641398429871e-02
2.200235053896903992e-02
2.282562665641307831e-02
2.012837678194046021e-02
2.265442349016666412e-02
2.598072029650211334e-02
1.858850568532943726e-02
1.467294804751873016e-02
1.693207584321498871e-02
1.642201840877532959e-02
1.896389760076999664e-02
1.448379643261432648e-02
1.921891421079635620e-02
1.494845747947692871e-02
1.709821261465549469e-02
1.902604848146438599e-02
1.866860873997211456e-02
2.073581144213676453e-02
1.943707838654518127e-02
2.004978433251380920e-02
2.210457250475883484e-02
1.784502156078815460e-02
2.070862799882888794e-02
1.868155039846897125e-02
1.809903420507907867e-02
2.693759649991989136e-02
1.905184984207153320e-02
2.482718601822853088e-02
2.524476125836372375e-02
2.486266382038593292e-02
1.372951921075582504e-02
2.235687896609306335e-02
2.226801589131355286e-02
2.384414523839950562e-02
2.267769724130630493e-02
2.448712289333343506e-02
2.425695955753326416e-02
1.954148709774017334e-02
1.789926365017890930e-02
2.882971614599227905e-02
2.744034305214881897e-02
2.606556192040443420e-02
2.563224360346794128e-02
2.819811925292015076e-02
2.156808599829673767e-02
2.734262123703956604e-02
2.911786735057830811e-02
1.960466057062149048e-02
3.127647936344146729e-02
1.853966899216175079e-02
2.358264103531837463e-02
1.764088310301303864e-02
2.605003118515014648e-02
2.402208372950553894e-02
1.708161272108554840e-02
2.484817430377006531e-02
2.784346044063568115e-02
3.087542206048965454e-02
2.887937426567077637e-02
2.831227704882621765e-02
2.973422408103942871e-02
2.247076109051704407e-02
3.640040010213851929e-02
2.392384968698024750e-02
2.558019012212753296e-02
2.476020157337188721e-02
2.442239969968795776e-02
2.538690529763698578e-02
2.919029258191585541e-02
2.678931131958961487e-02
2.065184339880943298e-02
2.286486141383647919e-02
2.721188589930534363e-02
3.015730530023574829e-02
2.414238825440406799e-02
2.454773336648941040e-02
2.431238815188407898e-02
2.552818320691585541e-02
2.576709352433681488e-02
2.007238194346427917e-02
2.646878361701965332e-02
2.118720114231109619e-02
2.591343596577644348e-02
2.567275241017341614e-02
2.370492182672023773e-02
1.906056888401508331e-02
3.069173172116279602e-02
2.280322462320327759e-02
1.916461810469627380e-02
2.956481650471687317e-02
1.734824478626251221e-02
2.445544488728046417e-02
2.487036958336830139e-02
2.447830140590667725e-02
1.251030620187520981e-02
2.355557307600975037e-02
2.310175076127052307e-02
2.674819529056549072e-02
2.132419869303703308e-02
2.627098187804222107e-02
2.531068027019500732e-02
2.055940218269824982e-02
2.450963109731674194e-02
1.266864780336618423e-02
1.392903178930282593e-02
1.778956688940525055e-02
2.290011197328567505e-02
1.924948021769523621e-02
1.749870367348194122e-02
2.166086435317993164e-02
1.972074806690216064e-02
2.695100009441375732e-02
2.217363938689231873e-02
3.004946932196617126e-02
2.259664610028266907e-02
1.781219244003295898e-02
2.063158899545669556e-02
1.906581595540046692e-02
2.295781672000885010e-02
2.120317146182060242e-02
1.432587392628192902e-02
1.963517442345619202e-02
1.566159725189208984e-02
1.879906654357910156e-02
1.746376231312751770e-02
1.505429670214653015e-02
1.809130795300006866e-02
1.787646673619747162e-02
2.065792307257652283e-02
1.563009060919284821e-02
1.751542836427688599e-02
1.647591218352317810e-02
1.666877418756484985e-02
1.610575243830680847e-02
1.730796322226524353e-02
1.377637125551700592e-02
1.440315507352352142e-02
1.955171301960945129e-02
2.284307777881622314e-02
1.807501725852489471e-02
1.893094927072525024e-02
2.223643288016319275e-02
1.874354854226112366e-02
2.410954609513282776e-02
2.515070512890815735e-02
3.066894412040710449e-02
2.834448032081127167e-02
2.748659625649452209e-02
3.094973228871822357e-02
2.756752818822860718e-02
1.894461363554000854e-02
2.509188838303089142e-02
2.393585443496704102e-02
2.239255234599113464e-02
2.113932371139526367e-02
1.791439577937126160e-02
1.947235129773616791e-02
2.210338041186332703e-02
1.795372180640697479e-02
1.683122105896472931e-02
1.103045232594013214e-02
1.767074689269065857e-02
1.561959367245435715e-02
1.733869127929210663e-02
1.919794827699661255e-02
1.674438640475273132e-02
1.427636574953794479e-02
6.612485274672508240e-03
7.791362237185239792e-03
1.079529896378517151e-02
1.493649557232856750e-02
1.390064135193824768e-02
1.133316382765769958e-02
1.561949588358402252e-02
1.295349281281232834e-02
1.681944914162158966e-02
1.983919925987720490e-02
1.773442327976226807e-02
1.525152474641799927e-02
1.952574402093887329e-02
1.980320736765861511e-02
1.460745558142662048e-02
1.817854866385459900e-02
1.699775457382202148e-02
1.581165380775928497e-02
1.855361834168434143e-02
1.550954487174749374e-02
1.993440464138984680e-02
2.018911950290203094e-02
1.621529087424278259e-02
2.001884579658508301e-02
2.016688324511051178e-02
2.092326804995536804e-02
1.845672354102134705e-02
1.954342424869537354e-02
1.920364424586296082e-02
2.002681232988834381e-02
1.949905604124069214e-02
1.739685237407684326e-02
7.325688377022743225e-03
7.061106618493795395e-03
1.204125396907329559e-02
1.438599452376365662e-02
1.179215405136346817e-02
1.068462803959846497e-02
1.670414581894874573e-02
1.254848763346672058e-02
1.567776128649711609e-02
1.895331405103206635e-02
1.800225675106048584e-02
2.024603076279163361e-02
2.070743031799793243e-02
2.470343746244907379e-02
2.078805118799209595e-02
1.717524603009223938e-02
2.237394265830516815e-02
2.236567437648773193e-02
2.069491706788539886e-02
1.916970126330852509e-02
1.995716243982315063e-02
2.060984075069427490e-02
2.074522525072097778e-02
2.105462551116943359e-02
2.078227512538433075e-02
1.068545691668987274e-02
1.954881101846694946e-02
1.953007094562053680e-02
1.850887015461921692e-02
1.832629740238189697e-02
1.750021427869796753e-02
1.598001644015312195e-02
2.731266245245933533e-02
2.828835323452949524e-02
1.565788686275482178e-02
2.187213860452175140e-02
2.383861690759658813e-02
1.818868331611156464e-02
2.301818132400512695e-02
2.136003598570823669e-02
2.157707512378692627e-02
1.550006307661533356e-02
1.674637943506240845e-02
1.398791559040546417e-02
1.014719437807798386e-02
1.524070091545581818e-02
9.481396526098251343e-03
1.273273397237062454e-02
1.108303666114807129e-02
8.358426392078399658e-03
1.119130663573741913e-02
1.000527665019035339e-02
1.139886863529682159e-02
1.078576222062110901e-02
9.071427397429943085e-03
9.862581267952919006e-03
9.621452540159225464e-03
1.831666938960552216e-02
9.131788276135921478e-03
9.332515299320220947e-03
8.552541956305503845e-03
9.129172191023826599e-03
9.220079518854618073e-03
8.248072117567062378e-03
2.693853899836540222e-02
2.843530848622322083e-02
2.547394856810569763e-02
2.195540443062782288e-02
1.909659430384635925e-02
2.423371188342571259e-02
1.961275376379489899e-02
1.678770035505294800e-02
1.361514255404472351e-02
2.034147456288337708e-02
1.560321729630231857e-02
1.927052065730094910e-02
1.697203144431114197e-02
1.687287725508213043e-02
1.593335159122943878e-02
1.180934626609086990e-02
1.520887110382318497e-02
1.662236638367176056e-02
1.211686339229345322e-02
1.323946472257375717e-02
1.017912570387125015e-02
1.108401082456111908e-02
1.599755510687828064e-02
1.045022066682577133e-02
9.847522713243961334e-03
6.876593455672264099e-03
8.600633591413497925e-03
9.482068940997123718e-03
8.399946615099906921e-03
9.025268256664276123e-03
8.260342292487621307e-03
1.041135564446449280e-02
6.913102231919765472e-03
8.525753393769264221e-03
1.172743551433086395e-02
1.424952689558267593e-02
1.163447462022304535e-02
1.308160088956356049e-02
1.451236195862293243e-02
1.338456384837627411e-02
1.844076998531818390e-02
1.458041742444038391e-02
1.854025386273860931e-02
1.797516644001007080e-02
1.710044406354427338e-02
2.114399150013923645e-02
1.471856795251369476e-02
1.822402887046337128e-02
1.662523485720157623e-02
1.389945950359106064e-02
1.676481589674949646e-02
1.514676772058010101e-02
1.686943136155605316e-02
1.662744767963886261e-02
1.244526915252208710e-02
1.413897797465324402e-02
1.454071328043937683e-02
1.868797093629837036e-02
1.246725581586360931e-02
1.310548558831214905e-02
1.327686849981546402e-02
1.359143480658531189e-02
1.304189488291740417e-02
1.301199290901422501e-02
6.908741779625415802e-03
7.822653278708457947e-03
1.041187439113855362e-02
1.442696526646614075e-02
1.135653443634510040e-02
1.243457756936550140e-02
1.598399318754673004e-02
1.420040428638458252e-02
1.616501435637474060e-02
1.467729359865188599e-02
1.789155043661594391e-02
2.147986181080341339e-02
2.050532773137092590e-02
2.253651618957519531e-02
1.983829773962497711e-02
1.822091266512870789e-02
2.137944474816322327e-02
2.211845666170120239e-02
1.896988600492477417e-02
1.787970215082168579e-02
1.617702841758728027e-02
1.542465016245841980e-02
1.948188059031963348e-02
1.481718942523002625e-02
1.425560377538204193e-02
8.394485339522361755e-03
1.280669122934341431e-02
1.328013092279434204e-02
1.275144610553979874e-02
1.364038139581680298e-02
1.237981673330068588e-02
1.190428715199232101e-02
3.491412615403532982e-03
3.443270456045866013e-03
5.365627817809581757e-03
4.957001656293869019e-03
4.730345681309700012e-03
4.885815083980560303e-03
4.623977467417716980e-03
3.652303479611873627e-03
4.871369339525699615e-03
5.080391187220811844e-03
6.012517027556896210e-03
6.568873301148414612e-03
1.547863427549600601e-02
9.511480107903480530e-03
1.968080922961235046e-02
1.327518094331026077e-02
1.678749173879623413e-02
1.509207207709550858e-02
2.042775042355060577e-02
2.099496126174926758e-02
2.851345017552375793e-02
3.382558375597000122e-02
2.983140386641025543e-02
3.748233243823051453e-02
3.750393539667129517e-02
2.880751900374889374e-02
3.442379459738731384e-02
3.666871041059494019e-02
3.424435108900070190e-02
3.585457429289817810e-02
3.777965158224105835e-02
3.230271488428115845e-02
3.074215259402990341e-03
2.982379635795950890e-03
4.393446259200572968e-03
5.242954939603805542e-03
5.326999351382255554e-03
3.997618332505226135e-03
5.110999569296836853e-03
4.266746342182159424e-03
5.554840434342622757e-03
4.794022999703884125e-03
6.578484550118446350e-03
6.143936887383460999e-03
1.400175876915454865e-02
9.422080591320991516e-03
1.945395767688751221e-02
1.377863436937332153e-02
1.635606586933135986e-02
1.543116942048072815e-02
2.183526195585727692e-02
2.092188224196434021e-02
3.287039324641227722e-02
3.536222130060195923e-02
3.182074800133705139e-02
3.969952091574668884e-02
3.858722746372222900e-02
1.995728723704814911e-02
3.345929086208343506e-02
3.752557188272476196e-02
3.353347629308700562e-02
3.359108418226242065e-02
3.138445317745208740e-02
3.020562604069709778e-02
1.779376715421676636e-02
1.729211956262588501e-02
1.843501254916191101e-02
2.663960121572017670e-02
2.163599245250225067e-02
1.772236451506614685e-02
2.703106030821800232e-02
2.190986834466457367e-02
2.333344519138336182e-02
1.387034822255373001e-02
1.813678443431854248e-02
1.434846967458724976e-02
1.171087101101875305e-02
1.798863708972930908e-02
9.819959290325641632e-03
1.355989370495080948e-02
1.195873133838176727e-02
9.210328571498394012e-03
1.206101290881633759e-02
1.063844375312328339e-02
1.185997202992439270e-02
1.123805250972509384e-02
8.644578978419303894e-03
1.037761569023132324e-02
1.005105953663587570e-02
1.612704992294311523e-02
8.944392204284667969e-03
8.838661015033721924e-03
8.830273523926734924e-03
9.239919483661651611e-03
9.320899844169616699e-03
8.465028367936611176e-03
1.743869110941886902e-02
2.144665271043777466e-02
2.330958843231201172e-02
2.591326832771301270e-02
1.998816244304180145e-02
2.538419142365455627e-02
2.199245989322662354e-02
2.020421996712684631e-02
1.657476276159286499e-02
2.314210310578346252e-02
1.659592613577842712e-02
2.063450962305068970e-02
2.029609680175781250e-02
1.653179712593555450e-02
1.656621880829334259e-02
1.185264810919761658e-02
1.589398644864559174e-02
1.759213209152221680e-02
1.322877965867519379e-02
1.214123144745826721e-02
1.071634888648986816e-02
1.092602871358394623e-02
1.600157096982002258e-02
1.034481544047594070e-02
1.034080609679222107e-02
6.788657046854496002e-03
8.491072803735733032e-03
9.543272666633129120e-03
8.515435270965099335e-03
8.146648295223712921e-03
8.292014710605144501e-03
9.367180056869983673e-03
4.390478599816560745e-03
4.595441743731498718e-03
7.948961108922958374e-03
7.972823455929756165e-03
8.570333011448383331e-03
8.781567215919494629e-03
8.703894913196563721e-03
7.782015949487686157e-03
1.564656570553779602e-02
1.011169701814651489e-02
1.692266203463077545e-02
1.393461041152477264e-02
2.182084135711193085e-02
1.625361479818820953e-02
2.131508290767669678e-02
2.639140188694000244e-02
2.948440611362457275e-02
2.685902267694473267e-02
3.284723311662673950e-02
2.563028410077095032e-02
3.452210873365402222e-02
3.188535943627357483e-02
2.460435405373573303e-02
2.779154852032661438e-02
2.715177088975906372e-02
2.681854553520679474e-02
2.386130765080451965e-02
2.475582808256149292e-02
2.418258041143417358e-02
2.544558048248291016e-02
2.566027268767356873e-02
2.394039370119571686e-02
3.779677208513021469e-03
3.942108713090419769e-03
6.481805350631475449e-03
8.370302617549896240e-03
9.653897024691104889e-03
6.759573705494403839e-03
1.062524598091840744e-02
9.173853322863578796e-03
1.656929776072502136e-02
9.367438033223152161e-03
1.748136058449745178e-02
1.344823185354471207e-02
1.902035437524318695e-02
1.990621536970138550e-02
2.589971385896205902e-02
2.602620609104633331e-02
3.190375864505767822e-02
3.110658377408981323e-02
3.578841686248779297e-02
3.382507711648941040e-02
3.039553575217723846e-02
3.153690695762634277e-02
2.935539931058883667e-02
2.926668711006641388e-02
2.775193564593791962e-02
1.650005951523780823e-02
2.454595267772674561e-02
2.571788430213928223e-02
2.418732643127441406e-02
2.480785921216011047e-02
2.352356165647506714e-02
2.363305166363716125e-02
5.763125605881214142e-03
6.057346239686012268e-03
9.656750597059726715e-03
6.958671845495700836e-03
7.604252547025680542e-03
8.683186024427413940e-03
9.489146992564201355e-03
7.164098788052797318e-03
8.250957354903221130e-03
9.193312376737594604e-03
1.086004823446273804e-02
9.081601165235042572e-03
1.348628941923379898e-02
1.175426691770553589e-02
1.506589446216821671e-02
1.452650781720876694e-02
1.611066982150077820e-02
1.347099244594573975e-02
1.769228279590606689e-02
1.786928996443748474e-02
1.860405132174491882e-02
1.905992627143859863e-02
1.881417632102966309e-02
1.939336583018302917e-02
1.915144175291061401e-02
2.290000952780246735e-02
2.050518430769443512e-02
2.036781236529350281e-02
2.108078449964523315e-02
1.995454914867877960e-02
1.873578131198883057e-02
2.081516012549400330e-02
3.860467113554477692e-03
4.882181528955698013e-03
6.352489348500967026e-03
9.871758520603179932e-03
9.782150387763977051e-03
7.071709260344505310e-03
9.740982204675674438e-03
9.752986952662467957e-03
9.555485099554061890e-03
8.361277170479297638e-03
1.081085950136184692e-02
9.562967345118522644e-03
1.164096035063266754e-02
1.248661614954471588e-02
1.531701907515525818e-02
1.362686604261398315e-02
1.723035983741283417e-02
1.438642758876085281e-02
1.953840628266334534e-02
1.917227730154991150e-02
2.067426592111587524e-02
1.996503770351409912e-02
2.437946945428848267e-02
1.853372156620025635e-02
1.927759125828742981e-02
1.330007798969745636e-02
2.069231495261192322e-02
2.045744471251964569e-02
1.941265538334846497e-02
2.079838886857032776e-02
2.053989097476005554e-02
1.859641075134277344e-02
1.753818802535533905e-02
1.751945167779922485e-02
1.842153817415237427e-02
2.283111400902271271e-02
1.723966747522354126e-02
2.166681922972202301e-02
2.047667652368545532e-02
2.503490820527076721e-02
1.786606200039386749e-02
2.725655958056449890e-02
2.543238550424575806e-02
1.935873739421367645e-02
2.725410647690296173e-02
2.338599413633346558e-02
1.627230271697044373e-02
2.957262471318244934e-02
2.458723261952400208e-02
2.458852529525756836e-02
2.410213090479373932e-02
2.635912597179412842e-02
2.189777791500091553e-02
1.992188021540641785e-02
2.103749290108680725e-02
1.583403348922729492e-02
9.648360311985015869e-03
1.508719101548194885e-02
1.602699607610702515e-02
1.542173698544502258e-02
1.991600356996059418e-02
1.971167698502540588e-02
1.684874854981899261e-02
1.373748295009136200e-02
2.006106078624725342e-02
1.813898235559463501e-02
1.565611734986305237e-02
2.078969776630401611e-02
1.911925151944160461e-02
1.935636997222900391e-02
2.276172116398811340e-02
2.226391434669494629e-02
2.215077355504035950e-02
2.461045607924461365e-02
2.182680927217006683e-02
2.389196492731571198e-02
1.655667275190353394e-02
2.466195821762084961e-02
2.500765770673751831e-02
1.411955058574676514e-02
2.651584520936012268e-02
1.545812096446752548e-02
2.245760895311832428e-02
1.323381811380386353e-02
1.685591228306293488e-02
1.955918967723846436e-02
1.657001674175262451e-02
1.763594895601272583e-02
2.149463817477226257e-02
1.631982065737247467e-02
1.652410440146923065e-02
1.609016582369804382e-02
1.931422576308250427e-02
1.693072356283664703e-02
1.854977384209632874e-02
1.941495016217231750e-02
1.282349135726690292e-02
1.608918607234954834e-02
1.721002161502838135e-02
1.684212312102317810e-02
1.689043454825878143e-02
1.511922664940357208e-02
1.395192928612232208e-02
1.707479543983936310e-02
1.695427484810352325e-02
1.520512998104095459e-02
1.889061182737350464e-02
1.533902250230312347e-02
1.818762160837650299e-02
2.049554511904716492e-02
1.855932548642158508e-02
2.183008566498756409e-02
2.763660997152328491e-02
2.083410695195198059e-02
2.676155418157577515e-02
2.500107139348983765e-02
3.179508075118064880e-02
3.126754239201545715e-02
3.057225421071052551e-02
2.654570713639259338e-02
1.308092288672924042e-02
2.795042842626571655e-02
2.889531478285789490e-02
2.581991255283355713e-02
2.628352493047714233e-02
2.719872817397117615e-02
2.686631120741367340e-02
2.000153064727783203e-02
1.511820591986179352e-02
1.393617503345012665e-02
1.508474256843328476e-02
1.302902307361364365e-02
1.624643057584762573e-02
1.672806590795516968e-02
1.386958174407482147e-02
1.704572886228561401e-02
1.616057008504867554e-02
1.657251082360744476e-02
2.111941576004028320e-02
1.839533634483814240e-02
1.646757870912551880e-02
2.303639613091945648e-02
2.038995362818241119e-02
1.633410900831222534e-02
2.614235132932662964e-02
1.736842840909957886e-02
2.601475641131401062e-02
1.758639141917228699e-02
2.668944373726844788e-02
2.720010094344615936e-02
2.806394547224044800e-02
3.122489154338836670e-02
3.005814924836158752e-02
2.582944929599761963e-02
2.622238919138908386e-02
2.496221289038658142e-02
3.041573800146579742e-02
2.792378515005111694e-02
2.727335691452026367e-02
2.809816598892211914e-02
1.800413616001605988e-02
1.970761641860008240e-02
2.052984200417995453e-02
2.334989979863166809e-02
2.117888443171977997e-02
2.258319407701492310e-02
2.004492282867431641e-02
2.190279774367809296e-02
1.944063231348991394e-02
2.173474803566932678e-02
2.290479466319084167e-02
2.037021704018115997e-02
2.475656382739543915e-02
2.288320846855640411e-02
1.607382297515869141e-02
2.634600177407264709e-02
2.471358329057693481e-02
2.694636210799217224e-02
2.453975379467010498e-02
2.949552983045578003e-02
2.621322870254516602e-02
2.209764160215854645e-02
2.372958883643150330e-02
1.929531618952751160e-02
1.027247961610555649e-02
1.935994252562522888e-02
1.783322542905807495e-02
1.871547847986221313e-02
2.102887257933616638e-02
2.124104648828506470e-02
1.940816640853881836e-02
1.570054516196250916e-02
2.285529486835002899e-02
2.125622332096099854e-02
1.897688582539558411e-02
1.963433250784873962e-02
2.257882244884967804e-02
1.756018027663230896e-02
2.246031165122985840e-02
2.156036160886287689e-02
2.128149196505546570e-02
2.307168580591678619e-02
2.205952256917953491e-02
2.499965392053127289e-02
1.769907213747501373e-02
2.620297297835350037e-02
2.308080345392227173e-02
1.607156917452812195e-02
2.549871429800987244e-02
1.591782830655574799e-02
2.422575652599334717e-02
1.368157193064689636e-02
1.986791193485260010e-02
2.074095979332923889e-02
2.027867361903190613e-02
2.182596735656261444e-02
2.362664602696895599e-02
1.951418817043304443e-02
1.928211003541946411e-02
1.777894794940948486e-02
2.236154302954673767e-02
2.033046819269657135e-02
2.070219442248344421e-02
2.091165073215961456e-02
1.341660134494304657e-02
1.611247658729553223e-02
1.823897287249565125e-02
1.372629590332508087e-02
1.751824840903282166e-02
1.165860798209905624e-02
1.270736940205097198e-02
1.309769228100776672e-02
1.503483951091766357e-02
1.146902423352003098e-02
1.577764749526977539e-02
1.278719492256641388e-02
1.664477586746215820e-02
1.545124128460884094e-02
1.394237671047449112e-02
1.798346079885959625e-02
1.854676753282546997e-02
1.718099042773246765e-02
1.852372474968433380e-02
1.882849633693695068e-02
2.430146932601928711e-02
2.356584370136260986e-02
2.716144546866416931e-02
2.220509573817253113e-02
1.108824089169502258e-02
2.564156800508499146e-02
2.629075758159160614e-02
2.391375228762626648e-02
2.965476736426353455e-02
2.311529219150543213e-02
2.833696827292442322e-02
1.936490461230278015e-02
1.480851136147975922e-02
1.485083810985088348e-02
1.580899953842163086e-02
1.115268655121326447e-02
1.719396933913230896e-02
1.308822724968194962e-02
1.436792686581611633e-02
1.409315317869186401e-02
1.510683167725801468e-02
1.370550692081451416e-02
1.772493124008178711e-02
1.445228885859251022e-02
1.531716156750917435e-02
1.711682975292205811e-02
1.652349904179573059e-02
1.396336406469345093e-02
1.903402432799339294e-02
1.517518796026706696e-02
2.037018351256847382e-02
1.321395859122276306e-02
2.036549150943756104e-02
2.340115420520305634e-02
2.216417342424392700e-02
2.777609229087829590e-02
2.165624126791954041e-02
2.600445225834846497e-02
2.483223564922809601e-02
2.410892955958843231e-02
2.853418327867984772e-02
2.656175568699836731e-02
2.670294418931007385e-02
2.488776668906211853e-02
8.526211604475975037e-03
9.306882508099079132e-03
9.573721326887607574e-03
8.410407230257987976e-03
1.166508160531520844e-02
9.109716862440109253e-03
1.145772542804479599e-02
1.165939308702945709e-02
1.544235553592443466e-02
1.258905977010726929e-02
1.486706547439098358e-02
1.498652715235948563e-02
1.721659302711486816e-02
1.726157218217849731e-02
2.054113522171974182e-02
2.151168510317802429e-02
2.211489900946617126e-02
2.094970270991325378e-02
2.491947263479232788e-02
2.363448217511177063e-02
2.990026772022247314e-02
3.356746584177017212e-02
3.822647035121917725e-02
3.096250444650650024e-02
1.541343145072460175e-02
3.433731570839881897e-02
3.115697205066680908e-02
3.128343820571899414e-02
3.097841888666152954e-02
2.927159704267978668e-02
3.235249221324920654e-02
2.572803944349288940e-02
8.881432935595512390e-03
9.372670203447341919e-03
9.911420755088329315e-03
8.009515702724456787e-03
1.139124762266874313e-02
1.097563095390796661e-02
1.059217564761638641e-02
1.231017522513866425e-02
1.332693547010421753e-02
1.349340379238128662e-02
1.439246442168951035e-02
1.675223000347614288e-02
1.803573593497276306e-02
1.877743192017078400e-02
2.143205329775810242e-02
1.967881619930267334e-02
2.196074649691581726e-02
1.951092481613159180e-02
2.414584346115589142e-02
1.889554969966411591e-02
2.787495777010917664e-02
3.027474507689476013e-02
3.127105534076690674e-02
3.450179100036621094e-02
2.820957638323307037e-02
3.160473704338073730e-02
3.290642425417900085e-02
3.043595328927040100e-02
3.345632553100585938e-02
3.270169720053672791e-02
3.351063653826713562e-02
3.416461870074272156e-02
1.029485277831554413e-02
1.223473995923995972e-02
1.016827858984470367e-02
1.202469225972890854e-02
1.082673855125904083e-02
1.022309623658657074e-02
1.344047859311103821e-02
1.240495312958955765e-02
9.608637541532516479e-03
1.594521477818489075e-02
1.311210729181766510e-02
1.092911418527364731e-02
1.214768923819065094e-02
1.575010269880294800e-02
1.084231398999691010e-02
1.632886007428169250e-02
1.798871532082557678e-02
1.321031432598829269e-02
1.865740306675434113e-02
1.530661992728710175e-02
2.142525091767311096e-02
2.336326241493225098e-02
2.646294422447681427e-02
2.194728329777717590e-02
1.011534128338098526e-02
2.654280327260494232e-02
2.427152916789054871e-02
2.113871276378631592e-02
2.763750217854976654e-02
2.678789198398590088e-02
2.580763772130012512e-02
1.895651780068874359e-02
1.113397628068923950e-02
1.173693314194679260e-02
1.082184910774230957e-02
1.043823733925819397e-02
9.308942593634128571e-03
1.177236624062061310e-02
1.350207440555095673e-02
1.258143875747919083e-02
7.744887843728065491e-03
1.311334967613220215e-02
1.447569485753774643e-02
1.392695680260658264e-02
1.180605031549930573e-02
1.539383456110954285e-02
1.251127757132053375e-02
1.627235487103462219e-02
1.759398356080055237e-02
1.265450380742549896e-02
1.803821697831153870e-02
1.197814289480447769e-02
1.927704364061355591e-02
2.220120467245578766e-02
2.250203303992748260e-02
2.312381751835346222e-02
1.850621588528156281e-02
2.400105074048042297e-02
2.451346814632415771e-02
2.063084766268730164e-02
2.726579643785953522e-02
2.478294074535369873e-02
2.371521666646003723e-02
2.233464270830154419e-02
7.860986515879631042e-03
8.811320178210735321e-03
8.131497539579868317e-03
6.743898615241050720e-03
8.954165503382682800e-03
7.022057659924030304e-03
9.695397689938545227e-03
7.926696911454200745e-03
8.507354184985160828e-03
1.149759069085121155e-02
9.189534932374954224e-03
1.092926599085330963e-02
1.256035082042217255e-02
1.253125537186861038e-02
1.266349945217370987e-02
1.662300899624824524e-02
1.591006666421890259e-02
1.493082754313945770e-02
1.741157658398151398e-02
1.558472961187362671e-02
2.034871652722358704e-02
2.202528715133666992e-02
2.664640918374061584e-02
2.430877275764942169e-02
1.118283718824386597e-02
2.478137612342834473e-02
2.437671832740306854e-02
2.389802224934101105e-02
2.467973716557025909e-02
2.748764678835868835e-02
2.581088244915008545e-02
2.192348241806030273e-02
7.783418055623769760e-03
8.693862706422805786e-03
8.779395371675491333e-03
6.691464688628911972e-03
7.587617728859186172e-03
8.826470002532005310e-03
8.997889235615730286e-03
9.807778522372245789e-03
7.947716861963272095e-03
1.030874531716108322e-02
9.915957227349281311e-03
1.244657300412654877e-02
1.279790699481964111e-02
1.293452177196741104e-02
1.423815451562404633e-02
1.622509025037288666e-02
1.630558818578720093e-02
1.334564574062824249e-02
1.654771342873573303e-02
1.240503322333097458e-02
1.895812153816223145e-02
2.221606299281120300e-02
2.230644598603248596e-02
2.421445026993751526e-02
1.987193338572978973e-02
2.502463012933731079e-02
2.409379929304122925e-02
2.280743420124053955e-02
2.724544331431388855e-02
2.660453692078590393e-02
2.744582481682300568e-02
2.541373297572135925e-02
1.376925781369209290e-02
1.457218732684850693e-02
1.696770451962947845e-02
1.813709177076816559e-02
1.492909435182809830e-02
1.489289849996566772e-02
1.538877934217453003e-02
1.805892214179039001e-02
1.475092675536870956e-02
1.901006326079368591e-02
2.091889828443527222e-02
1.471273042261600494e-02
1.851164177060127258e-02
1.895814761519432068e-02
1.390854269266128540e-02
1.933393813669681549e-02
2.199921384453773499e-02
1.940767467021942139e-02
2.210563234984874725e-02
2.595718204975128174e-02
2.174357697367668152e-02
2.067384868860244751e-02
2.164702862501144409e-02
1.672942936420440674e-02
8.216214366257190704e-03
1.614003255963325500e-02
1.622093468904495239e-02
1.671144738793373108e-02
2.059581503272056580e-02
1.922825351357460022e-02
1.923214644193649292e-02
1.406903471797704697e-02
1.671003922820091248e-02
1.643290743231773376e-02
1.514915935695171356e-02
1.595115661621093750e-02
1.654570735991001129e-02
1.447092834860086441e-02
1.631697267293930054e-02
1.949986629188060760e-02
1.626607216894626617e-02
1.826242171227931976e-02
1.873626001179218292e-02
1.889461651444435120e-02
1.386166922748088837e-02
2.091217413544654846e-02
1.789283752441406250e-02
1.315474789589643478e-02
2.391588315367698669e-02
1.590688526630401611e-02
2.243963442742824554e-02
1.337791979312896729e-02
2.093973942101001740e-02
2.134439162909984589e-02
1.679072901606559753e-02
1.834322325885295868e-02
2.120202034711837769e-02
1.827563345432281494e-02
1.705935224890708923e-02
1.572342589497566223e-02
1.911531016230583191e-02
1.814623177051544189e-02
1.942438259720802307e-02
1.613111421465873718e-02
1.623019576072692871e-02
1.912099309265613556e-02
1.283329073339700699e-02
1.593494042754173279e-02
2.097713574767112732e-02
2.125820145010948181e-02
1.576412096619606018e-02
2.146514877676963806e-02
2.219226211309432983e-02
1.262698508799076080e-02
2.303510904312133789e-02
1.600940525531768799e-02
2.347835712134838104e-02
2.252924256026744843e-02
2.340851351618766785e-02
2.196899615228176117e-02
2.240420505404472351e-02
1.212963741272687912e-02
2.330324240028858185e-02
2.253124862909317017e-02
2.292137406766414642e-02
2.293743938207626343e-02
2.242848649621009827e-02
2.363190427422523499e-02
2.202116139233112335e-02
2.253317646682262421e-02
2.304069884121417999e-02
2.386457473039627075e-02
2.237901464104652405e-02
2.289840579032897949e-02
2.364569529891014099e-02
2.213664352893829346e-02
1.429560594260692596e-02
1.917151175439357758e-02
1.637071743607521057e-02
1.913621462881565094e-02
1.614325121045112610e-02
1.410876214504241943e-02
2.247716486454010010e-02
1.320214755833148956e-02
2.380538731813430786e-02
2.543914690613746643e-02
2.421424165368080139e-02
2.555260434746742249e-02
2.272205799818038940e-02
2.429561503231525421e-02
2.224377728998661041e-02
2.095436677336692810e-02
2.358363941311836243e-02
3.165373578667640686e-02
2.265566773712635040e-02
2.308975532650947571e-02
2.235996723175048828e-02
2.322198078036308289e-02
2.210821770131587982e-02
7.450806908309459686e-03
2.241965197026729584e-02
2.151198312640190125e-02
2.140495553612709045e-02
2.420119941234588623e-02
2.204871177673339844e-02
2.290926501154899597e-02
2.300220727920532227e-02
1.323940418660640717e-02
1.573682203888893127e-02
1.859587058424949646e-02
1.414348278194665909e-02
1.487411372363567352e-02
1.966646872460842133e-02
2.050331234931945801e-02
1.533966697752475739e-02
2.080961503088474274e-02
1.915833167731761932e-02
1.266844011843204498e-02
1.872910372912883759e-02
1.333410385996103287e-02
1.900710351765155792e-02
1.820241287350654602e-02
2.034514211118221283e-02
1.941122114658355713e-02
2.033585123717784882e-02
1.044402271509170532e-02
1.852090470492839813e-02
1.967308670282363892e-02
2.043486759066581726e-02
1.852961257100105286e-02
1.785031892359256744e-02
2.284556813538074493e-02
1.961290836334228516e-02
2.017233893275260925e-02
2.043035812675952911e-02
2.097786217927932739e-02
2.000765129923820496e-02
2.081012167036533356e-02
1.916083320975303650e-02
2.015436626970767975e-02
1.588566973805427551e-02
1.794872805476188660e-02
1.700533926486968994e-02
1.797962561249732971e-02
1.499699987471103668e-02
1.408992521464824677e-02
2.030057460069656372e-02
1.332101318985223770e-02
2.178056724369525909e-02
2.552680671215057373e-02
1.968246698379516602e-02
2.629378251731395721e-02
1.972560398280620575e-02
2.092103846371173859e-02
1.798927970230579376e-02
1.923849061131477356e-02
1.961506716907024384e-02
2.701169997453689575e-02
1.911211758852005005e-02
1.813691109418869019e-02
1.983665674924850464e-02
1.986887305974960327e-02
2.149446681141853333e-02
6.847045384347438812e-03
1.935775205492973328e-02
1.931298896670341492e-02
1.994818635284900665e-02
2.052841708064079285e-02
1.946688257157802582e-02
2.128094434738159180e-02
2.037589251995086670e-02
1.234463695436716080e-02
1.451206579804420471e-02
1.974389702081680298e-02
1.209457777440547943e-02
1.749122887849807739e-02
1.834704726934432983e-02
1.818111352622509003e-02
1.363157480955123901e-02
1.920374855399131775e-02
2.140276879072189331e-02
1.231234613806009293e-02
2.071799337863922119e-02
1.472689397633075714e-02
2.214639633893966675e-02
1.920415461063385010e-02
2.189454063773155212e-02
2.069400995969772339e-02
2.087698876857757568e-02
1.281821820884943008e-02
2.129787020385265350e-02
1.985315233469009399e-02
2.142999321222305298e-02
2.143834158778190613e-02
2.081066742539405823e-02
2.237058803439140320e-02
2.082421816885471344e-02
1.970218122005462646e-02
2.098293974995613098e-02
2.134762704372406006e-02
2.066969126462936401e-02
2.041736245155334473e-02
2.030461467802524567e-02
1.995856501162052155e-02
1.444861199706792831e-02
1.740027964115142822e-02
1.535521633923053741e-02
1.729166880249977112e-02
1.481991633772850037e-02
1.306107081472873688e-02
1.921292394399642944e-02
1.380743365734815598e-02
2.357801049947738647e-02
2.329972386360168457e-02
2.207385748624801636e-02
2.560778148472309113e-02
1.996074244379997253e-02
2.175478264689445496e-02
2.031635306775569916e-02
2.180639654397964478e-02
2.080042660236358643e-02
2.797114104032516479e-02
2.045126445591449738e-02
1.950362324714660645e-02
2.057612314820289612e-02
2.322550863027572632e-02
2.079011872410774231e-02
7.793039083480834961e-03
2.058458328247070312e-02
1.983183249831199646e-02
2.113503962755203247e-02
2.138067409396171570e-02
2.222527004778385162e-02
2.100459113717079163e-02
2.085709385573863983e-02
1.416688133031129837e-02
2.044334262609481812e-02
1.633701846003532410e-02
1.514618843793869019e-02
1.261118985712528229e-02
1.878431066870689392e-02
1.807523705065250397e-02
1.440496463328599930e-02
1.629046723246574402e-02
1.670408621430397034e-02
1.123292185366153717e-02
1.699760183691978455e-02
1.268585957586765289e-02
1.730068400502204895e-02
1.517297234386205673e-02
1.785345003008842468e-02
1.696461811661720276e-02
1.736768335103988647e-02
9.756691753864288330e-03
1.726586371660232544e-02
1.839424297213554382e-02
1.672002300620079041e-02
1.595399715006351471e-02
1.576754078269004822e-02
2.360958792269229889e-02
1.834274083375930786e-02
1.777675375342369080e-02
1.810457929968833923e-02
1.844377070665359497e-02
1.691434159874916077e-02
1.826267875730991364e-02
1.860488019883632660e-02
1.808634400367736816e-02
1.232095062732696533e-02
2.017292939126491547e-02
1.663249731063842773e-02
1.723486743867397308e-02
1.396289654076099396e-02
1.200200989842414856e-02
1.758314669132232666e-02
1.228566840291023254e-02
1.871270127594470978e-02
2.047419361770153046e-02
1.743256673216819763e-02
1.975820586085319519e-02
1.795760355889797211e-02
1.881887391209602356e-02
1.569814980030059814e-02
1.621086336672306061e-02
1.769210584461688995e-02
2.501649968326091766e-02
1.694915071129798889e-02
1.824978925287723541e-02
1.647120527923107147e-02
1.789021492004394531e-02
1.777859777212142944e-02
5.955274216830730438e-03
1.635341905057430267e-02
1.692460104823112488e-02
1.702523790299892426e-02
1.833341643214225769e-02
1.737807318568229675e-02
1.876883953809738159e-02
1.753633841872215271e-02
1.052579283714294434e-02
1.373522076755762100e-02
1.469193585216999054e-02
1.222854014486074448e-02
1.678769290447235107e-02
1.725879684090614319e-02
1.712048612534999847e-02
1.449780166149139404e-02
1.967833004891872406e-02
1.993479765951633453e-02
1.463668514043092728e-02
2.041772380471229553e-02
1.589221507310867310e-02
2.002934738993644714e-02
2.126330137252807617e-02
2.276205271482467651e-02
2.048476412892341614e-02
2.175995148718357086e-02
1.536447182297706604e-02
2.152354829013347626e-02
1.992164924740791321e-02
2.265455946326255798e-02
2.135517634451389313e-02
2.163929864764213562e-02
2.421156130731105804e-02
2.193320542573928833e-02
1.991157419979572296e-02
2.274944446980953217e-02
2.124837413430213928e-02
2.101006358861923218e-02
2.135741710662841797e-02
2.254981547594070435e-02
2.087694779038429260e-02
1.474295556545257568e-02
1.453574839979410172e-02
1.543553918600082397e-02
1.623597741127014160e-02
1.493117958307266235e-02
1.372745633125305176e-02
1.876955479383468628e-02
1.379958074539899826e-02
2.074483595788478851e-02
2.401470206677913666e-02
2.493769861757755280e-02
2.791042253375053406e-02
2.044418267905712128e-02
2.370249852538108826e-02
1.971222460269927979e-02
2.167233079671859741e-02
2.243352867662906647e-02
2.881521172821521759e-02
2.349863573908805847e-02
2.097081765532493591e-02
2.143678441643714905e-02
2.112435922026634216e-02
2.282672375440597534e-02
9.047856554388999939e-03
2.193625643849372864e-02
2.148486115038394928e-02
1.981777325272560120e-02
2.213184162974357605e-02
2.120842784643173218e-02
2.258294634521007538e-02
2.129623666405677795e-02
1.648711971938610077e-02
1.488475687801837921e-02
1.864431798458099365e-02
1.238897442817687988e-02
1.612399891018867493e-02
1.768961735069751740e-02
1.824691146612167358e-02
1.501953229308128357e-02
2.013473957777023315e-02
1.883406192064285278e-02
1.263818796724081039e-02
1.931313797831535339e-02
1.381371356546878815e-02
2.018866874277591705e-02
1.918288692831993103e-02
1.946171745657920837e-02
1.866532862186431885e-02
1.901099644601345062e-02
1.223125215619802475e-02
1.942188665270805359e-02
1.786528900265693665e-02
2.030346170067787170e-02
2.058110386133193970e-02
1.908690854907035828e-02
2.199824526906013489e-02
1.884494349360466003e-02
2.028999663889408112e-02
1.866716146469116211e-02
1.852469146251678467e-02
1.909808069467544556e-02
1.987460628151893616e-02
1.960088685154914856e-02
1.805153861641883850e-02
1.524741761386394501e-02
1.750006154179573059e-02
1.503881253302097321e-02
1.757764443755149841e-02
1.546219270676374435e-02
1.309131644666194916e-02
2.016492933034896851e-02
1.309029385447502136e-02
2.083709463477134705e-02
2.421166375279426575e-02
2.020823583006858826e-02
2.442961931228637695e-02
1.909276098012924194e-02
1.928429305553436279e-02
2.004181966185569763e-02
1.874056831002235413e-02
1.981569826602935791e-02
2.507534995675086975e-02
1.920233108103275299e-02
1.755640283226966858e-02
1.831693574786186218e-02
1.941328868269920349e-02
1.925460621714591980e-02
7.668268866837024689e-03
1.813426986336708069e-02
1.853939518332481384e-02
1.823983527719974518e-02
1.988331787288188934e-02
1.949734799563884735e-02
2.040075324475765228e-02
1.943508535623550415e-02
1.445103064179420471e-02
1.172260753810405731e-02
1.503236871212720871e-02
1.134156249463558197e-02
1.493281219154596329e-02
1.693919487297534943e-02
1.837490126490592957e-02
1.418547704815864563e-02
1.839916408061981201e-02
1.912144571542739868e-02
1.191939692944288254e-02
1.921780966222286224e-02
1.399524044245481491e-02
2.084462344646453857e-02
1.898835785686969757e-02
2.326989732682704926e-02
1.930046826601028442e-02
2.173333242535591125e-02
1.040036790072917938e-02
2.091868594288825989e-02
2.219330519437789917e-02
2.111418545246124268e-02
2.184789255261421204e-02
1.887557283043861389e-02
2.254992164671421051e-02
2.119256556034088135e-02
2.211809717118740082e-02
2.296217717230319977e-02
2.343295514583587646e-02
2.212805673480033875e-02
2.278435043990612030e-02
2.296179160475730896e-02
2.196921780705451965e-02
1.180029381066560745e-02
1.363004650920629501e-02
1.307545043528079987e-02
1.493906322866678238e-02
1.398446131497621536e-02
1.190088689327239990e-02
1.951970160007476807e-02
1.252625510096549988e-02
2.063689567148685455e-02
2.308528870344161987e-02
1.992990262806415558e-02
2.507455088198184967e-02
2.423084154725074768e-02
2.207477577030658722e-02
1.806424185633659363e-02
1.915446482598781586e-02
2.010329440236091614e-02
3.056727722287178040e-02
2.045813761651515961e-02
1.920097321271896362e-02
2.293668314814567566e-02
2.095202729105949402e-02
2.376010641455650330e-02
6.308563053607940674e-03
1.959259063005447388e-02
2.092132903635501862e-02
2.027636021375656128e-02
2.379004471004009247e-02
2.135629951953887939e-02
2.216002717614173889e-02
2.286496944725513458e-02
1.159237697720527649e-02
1.472167856991291046e-02
1.579788886010646820e-02
1.405547186732292175e-02
1.486667711287736893e-02
1.799277961254119873e-02
1.959667727351188660e-02
1.530575565993785858e-02
1.972129568457603455e-02
1.797880604863166809e-02
1.364648249000310898e-02
1.875429227948188782e-02
1.445651613175868988e-02
1.984320953488349915e-02
1.910806261003017426e-02
2.029972337186336517e-02
1.911562681198120117e-02
1.906954124569892883e-02
1.305909734219312668e-02
1.897199451923370361e-02
1.977186463773250580e-02
1.907869242131710052e-02
1.810972392559051514e-02
1.867372728884220123e-02
2.423473447561264038e-02
1.918846182525157928e-02
1.760144904255867004e-02
1.870528794825077057e-02
1.868615858256816864e-02
1.929870434105396271e-02
1.810502633452415466e-02
1.899062097072601318e-02
1.894444599747657776e-02
1.503242366015911102e-02
1.624360680580139160e-02
1.557105593383312225e-02
1.443886570632457733e-02
1.584403589367866516e-02
1.445819623768329620e-02
2.050930261611938477e-02
1.397990342229604721e-02
1.934647746384143829e-02
2.373026125133037567e-02
1.979533024132251740e-02
2.641486749053001404e-02
1.916648820042610168e-02
1.942614093422889709e-02
1.902490481734275818e-02
1.948077231645584106e-02
2.043586969375610352e-02
2.785689383745193481e-02
1.765078306198120117e-02
1.743890717625617981e-02
1.910697296261787415e-02
1.854059845209121704e-02
1.837361231446266174e-02
8.508163504302501678e-03
1.938633620738983154e-02
1.978434436023235321e-02
1.862734928727149963e-02
1.952682435512542725e-02
1.894955709576606750e-02
2.137809991836547852e-02
1.882533542811870575e-02
1.445746049284934998e-02
