<system>Protocol: Active. Attitude: Sassy.</system>
1.472245249897241592e-02
1.501257624477148056e-02
1.421432290226221085e-02
1.451312843710184097e-02
1.512234192341566086e-02
1.448437850922346115e-02
1.502496097236871719e-02
1.446039881557226181e-02
1.478508394211530685e-02
1.430167816579341888e-02
1.446883659809827805e-02
1.444054767489433289e-02
1.386413536965847015e-02
1.462971884757280350e-02
1.459501404315233231e-02
1.473491825163364410e-02
1.365936081856489182e-02
1.439086440950632095e-02
1.441752631217241287e-02
1.498278044164180756e-02
1.465117651969194412e-02
1.486289594322443008e-02
1.469940040260553360e-02
1.373556535691022873e-02
1.468691136687994003e-02
1.481515448540449142e-02
1.484929118305444717e-02
1.460083946585655212e-02
1.450046990066766739e-02
1.491410471498966217e-02
1.303004659712314606e-02
1.387018524110317230e-02
1.424289308488368988e-02
1.445403322577476501e-02
1.422345265746116638e-02
9.821048006415367126e-03
1.424346957355737686e-02
1.448434684425592422e-02
1.465982571244239807e-02
1.366684678941965103e-02
1.479624584317207336e-02
1.434644963592290878e-02
1.439729332923889160e-02
1.449740212410688400e-02
1.399374287575483322e-02
1.434720959514379501e-02
1.454750541597604752e-02
1.144995726644992828e-02
1.489139720797538757e-02
1.413316931575536728e-02
1.414297893643379211e-02
1.407121401280164719e-02
1.476117689162492752e-02
1.456947345286607742e-02
1.417092327028512955e-02
1.441908441483974457e-02
1.474576070904731750e-02
1.442498806864023209e-02
1.362617406994104385e-02
1.436064206063747406e-02
1.478576380759477615e-02
1.470944285392761230e-02
1.481778547167778015e-02
1.472024898976087570e-02
1.460911985486745834e-02
1.465356908738613129e-02
1.496683992445468903e-02
1.462198141962289810e-02
1.474973279982805252e-02
1.405291631817817688e-02
1.440470851957798004e-02
1.126146968454122543e-02
1.491191051900386810e-02
1.457392238080501556e-02
1.464805845171213150e-02
1.450970210134983063e-02
1.483426056802272797e-02
1.493951119482517242e-02
1.474118512123823166e-02
1.008521858602762222e-02
1.486404612660408020e-02
1.432648859918117523e-02
1.465668343007564545e-02
1.436687353998422623e-02
1.458562351763248444e-02
1.481519266963005066e-02
1.457032002508640289e-02
1.454686839133501053e-02
1.450756471604108810e-02
1.435272768139839172e-02
1.455641631036996841e-02
1.448734197765588760e-02
1.480089500546455383e-02
1.473745703697204590e-02
1.505711581557989120e-02
1.467087585479021072e-02
1.468653604388237000e-02
1.445152517408132553e-02
1.356635894626379013e-02
1.369820628315210342e-02
1.477387826889753342e-02
1.466860529035329819e-02
1.496526226401329041e-02
1.487764436751604080e-02
1.463407557457685471e-02
1.439594011753797531e-02
1.466865930706262589e-02
1.486251037567853928e-02
1.365530490875244141e-02
1.455838605761528015e-02
1.413797400891780853e-02
1.411530282348394394e-02
1.428028661757707596e-02
1.309131458401679993e-02
1.404029130935668945e-02
1.473845914006233215e-02
1.491284091025590897e-02
1.356168370693922043e-02
1.417060848325490952e-02
1.418862398713827133e-02
1.460931263864040375e-02
1.452902238816022873e-02
1.430094242095947266e-02
1.454769168049097061e-02
1.435237471014261246e-02
1.463957689702510834e-02
1.442134939134120941e-02
1.434786710888147354e-02
1.446442306041717529e-02
1.416906435042619705e-02
1.444172859191894531e-02
1.450714468955993652e-02
1.466003153473138809e-02
1.486156973987817764e-02
1.435553375631570816e-02
1.458005886524915695e-02
1.488276477903127670e-02
1.513891760259866714e-02
1.483829412609338760e-02
1.466723997145891190e-02
1.491972245275974274e-02
1.475271675735712051e-02
1.446160580962896347e-02
1.479203067719936371e-02
1.464090310037136078e-02
1.437359489500522614e-02
1.363830640912055969e-02
1.409730594605207443e-02
1.464993879199028015e-02
1.420562341809272766e-02
1.250391919165849686e-02
1.479876600205898285e-02
1.491913478821516037e-02
1.455561257898807526e-02
1.446201559156179428e-02
1.426319126039743423e-02
1.356725767254829407e-02
1.436658110469579697e-02
1.514500286430120468e-02
1.386875007301568985e-02
1.446903590112924576e-02
1.467867754399776459e-02
1.425997074693441391e-02
1.419699192047119141e-02
1.490216329693794250e-02
1.499421522021293640e-02
1.175581011921167374e-02
1.453560590744018555e-02
1.452150009572505951e-02
1.441559754312038422e-02
1.501582283526659012e-02
1.454665977507829666e-02
1.454884093254804611e-02
1.424768939614295959e-02
1.480850670486688614e-02
1.463803090155124664e-02
1.399647817015647888e-02
1.462680380791425705e-02
1.432585716247558594e-02
1.412175595760345459e-02
1.461097504943609238e-02
1.490600500255823135e-02
1.499195303767919540e-02
1.410592999309301376e-02
1.035438384860754013e-02
1.440396998077630997e-02
1.454965397715568542e-02
1.485140249133110046e-02
1.451936457306146622e-02
1.358222682029008865e-02
1.485477667301893234e-02
1.420570351183414459e-02
1.428873836994171143e-02
1.359761040657758713e-02
1.380934752523899078e-02
1.400883402675390244e-02
1.437055785208940506e-02
1.415235921740531921e-02
1.380861923098564148e-02
1.433125231415033340e-02
1.484714075922966003e-02
1.476211845874786377e-02
1.322558242827653885e-02
1.451447047293186188e-02
1.438378635793924332e-02
1.488624420017004013e-02
1.443505845963954926e-02
1.428235974162817001e-02
1.478340849280357361e-02
1.505447924137115479e-02
1.476896461099386215e-02
1.441686786711215973e-02
1.325459219515323639e-02
1.413754466921091080e-02
1.342160347849130630e-02
1.452324911952018738e-02
1.467284653335809708e-02
1.423896476626396179e-02
1.454978249967098236e-02
1.307217404246330261e-02
1.209161523729562759e-02
1.522800605744123459e-02
1.468974072486162186e-02
1.104111038148403168e-02
1.484600547701120377e-02
1.419079583138227463e-02
1.459292974323034286e-02
1.473406329751014709e-02
1.474505942314863205e-02
1.396973989903926849e-02
1.462815795093774796e-02
1.257931534200906754e-02
1.469040848314762115e-02
1.464556436985731125e-02
1.472307834774255753e-02
1.462341472506523132e-02
1.414290908724069595e-02
1.466479990631341934e-02
1.415193360298871994e-02
1.343674305826425552e-02
1.474484521895647049e-02
1.453676540404558182e-02
1.491015590727329254e-02
1.341677550226449966e-02
1.412352547049522400e-02
1.361287198960781097e-02
1.482855342328548431e-02
1.347222086042165756e-02
1.489992812275886536e-02
1.471658051013946533e-02
1.468839030712842941e-02
1.400679349899291992e-02
1.448750868439674377e-02
1.478073839098215103e-02
1.464396156370639801e-02
1.445260643959045410e-02
1.428555883467197418e-02
1.431159023195505142e-02
1.471463497728109360e-02
1.473766658455133438e-02
1.442876737564802170e-02
1.481180544942617416e-02
1.466977037489414215e-02
1.426660735160112381e-02
1.454772613942623138e-02
1.438244804739952087e-02
1.448026020079851151e-02
1.464816275984048843e-02
1.461244188249111176e-02
1.481757964938879013e-02
1.488549914211034775e-02
1.483582798391580582e-02
1.420992612838745117e-02
1.431304775178432465e-02
1.383584737777709961e-02
9.336406365036964417e-03
1.470379158854484558e-02
1.490982528775930405e-02
1.422320958226919174e-02
1.420647464692592621e-02
1.463748421519994736e-02
1.390488073229789734e-02
1.582486182451248169e-02
1.480972394347190857e-02
1.452367939054965973e-02
1.435036584734916687e-02
1.449176669120788574e-02
1.474916841834783554e-02
1.468135043978691101e-02
1.457518339157104492e-02
1.319098379462957382e-02
1.416976656764745712e-02
1.360969245433807373e-02
1.500111259520053864e-02
1.147479470819234848e-02
1.474149245768785477e-02
1.397263631224632263e-02
1.262197177857160568e-02
1.473233662545681000e-02
1.435715798288583755e-02
1.433364208787679672e-02
1.443097833544015884e-02
1.493509206920862198e-02
1.428521052002906799e-02
1.402809657156467438e-02
1.402471587061882019e-02
1.495115552097558975e-02
1.466782297939062119e-02
1.440380886197090149e-02
1.417846884578466415e-02
1.456164196133613586e-02
1.399374380707740784e-02
1.445905957370996475e-02
1.424116455018520355e-02
1.423839852213859558e-02
1.425124146044254303e-02
1.418724283576011658e-02
1.447589974850416183e-02
1.479693688452243805e-02
1.426197029650211334e-02
1.448397990316152573e-02
1.448688562959432602e-02
1.482212264090776443e-02
1.450024452060461044e-02
1.485802605748176575e-02
1.448417827486991882e-02
1.419784221798181534e-02
1.463847793638706207e-02
1.444014813750982285e-02
1.473163161426782608e-02
1.495954394340515137e-02
1.456230320036411285e-02
1.439295709133148193e-02
1.433504745364189148e-02
1.477403007447719574e-02
1.493810769170522690e-02
1.384942606091499329e-02
1.479192078113555908e-02
1.453316491097211838e-02
1.449357345700263977e-02
1.405956968665122986e-02
1.364324055612087250e-02
1.457784976810216904e-02
1.427234616130590439e-02
1.238236203789710999e-02
1.427879277616739273e-02
1.486924383789300919e-02
1.443353295326232910e-02
1.448392868041992188e-02
1.478708721697330475e-02
1.389350090175867081e-02
1.458826567977666855e-02
1.412167865782976151e-02
1.466907002031803131e-02
1.437981985509395599e-02
1.472611818462610245e-02
1.458891388028860092e-02
1.481482665985822678e-02
1.474251504987478256e-02
1.459893304854631424e-02
1.472373399883508682e-02
1.435307785868644714e-02
1.423079892992973328e-02
1.487820502370595932e-02
1.448667887598276138e-02
1.458636764436960220e-02
1.443374156951904297e-02
1.474641915410757065e-02
1.444892212748527527e-02
1.337935402989387512e-02
1.509609166532754898e-02
1.464588660746812820e-02
1.421490870416164398e-02
1.441115047782659531e-02
1.435602270066738129e-02
1.485216617584228516e-02
1.500463113188743591e-02
1.423272769898176193e-02
1.311100181192159653e-02
1.448796782642602921e-02
9.571216069161891937e-03
1.477709691971540451e-02
1.437705755233764648e-02
1.484651211649179459e-02
1.466959621757268906e-02
1.412838697433471680e-02
1.492800470441579819e-02
1.161391381174325943e-02
1.490597520023584366e-02
1.399095263332128525e-02
1.505052484571933746e-02
1.485976297408342361e-02
1.438986696302890778e-02
1.441043335944414139e-02
1.429473515599966049e-02
1.480426732450723648e-02
1.465081050992012024e-02
1.446150243282318115e-02
1.425901614129543304e-02
1.497083902359008789e-02
1.472531631588935852e-02
1.447955053299665451e-02
1.447860337793827057e-02
1.434982940554618835e-02
1.466836966574192047e-02
1.473531406372785568e-02
1.487221475690603256e-02
1.494008023291826248e-02
1.458713412284851074e-02
1.405018474906682968e-02
1.336527802050113678e-02
2.783836238086223602e-02
1.427553687244653702e-02
1.246290281414985657e-02
1.400460582226514816e-02
1.469990052282810211e-02
1.427448075264692307e-02
1.451488770544528961e-02
1.423920970410108566e-02
1.370370481163263321e-02
1.409055013209581375e-02
1.480562053620815277e-02
1.445813383907079697e-02
1.453582011163234711e-02
9.089226834475994110e-03
1.466548163443803787e-02
1.158104743808507919e-02
1.431479118764400482e-02
1.467517856508493423e-02
1.221752725541591644e-02
1.453936100006103516e-02
1.483286824077367783e-02
1.402098499238491058e-02
1.456339750438928604e-02
1.414093375205993652e-02
1.431613881140947342e-02
1.445615012198686600e-02
1.452541910111904144e-02
1.107132714241743088e-02
1.431488711386919022e-02
1.477026380598545074e-02
1.428360026329755783e-02
1.449983753263950348e-02
1.486041862517595291e-02
1.058637257665395737e-02
8.859888650476932526e-03
1.468952093273401260e-02
1.457853708416223526e-02
1.412242371588945389e-02
1.402052398771047592e-02
1.461675856262445450e-02
1.476273778825998306e-02
1.446135994046926498e-02
1.492494624108076096e-02
1.446023304015398026e-02
1.440804079174995422e-02
1.384390611201524734e-02
1.379051152616739273e-02
1.456934306770563126e-02
1.478768605738878250e-02
1.439959928393363953e-02
1.432300265878438950e-02
1.366568729281425476e-02
1.034915260970592499e-02
1.464225258678197861e-02
1.424665469676256180e-02
1.207960210740566254e-02
1.351904589682817459e-02
1.436653640121221542e-02
1.148934382945299149e-02
1.488153263926506042e-02
1.438598707318305969e-02
1.438215654343366623e-02
1.426084432750940323e-02
1.421935018151998520e-02
1.460760273039340973e-02
1.491871848702430725e-02
1.078292820602655411e-02
1.460647862404584885e-02
1.467625889927148819e-02
1.457326021045446396e-02
1.434733904898166656e-02
1.415707543492317200e-02
1.444210205227136612e-02
1.477610971778631210e-02
1.485397480428218842e-02
8.318711072206497192e-03
1.451070047914981842e-02
1.478269137442111969e-02
1.144865527749061584e-02
1.458040438592433929e-02
1.458582282066345215e-02
1.439215615391731262e-02
1.432305015623569489e-02
1.426922995597124100e-02
1.468277536332607269e-02
1.482073590159416199e-02
1.365453563630580902e-02
1.480214018374681473e-02
1.401727832853794098e-02
1.515189465135335922e-02
9.037751704454421997e-03
1.494915504008531570e-02
1.459919847548007965e-02
1.433036010712385178e-02
1.469660643488168716e-02
1.405841205269098282e-02
1.457071863114833832e-02
1.431464496999979019e-02
1.458361744880676270e-02
1.473915856331586838e-02
1.514554116874933243e-02
6.072899326682090759e-03
1.329059805721044540e-02
1.476475317031145096e-02
1.471696142107248306e-02
1.433264650404453278e-02
1.335712336003780365e-02
1.506237033754587173e-02
1.391407847404479980e-02
1.505463756620883942e-02
1.220982335507869720e-02
1.430843677371740341e-02
1.470889151096343994e-02
1.443014107644557953e-02
9.999386034905910492e-03
1.419869624078273773e-02
1.458121929317712784e-02
1.477206312119960785e-02
1.447379495948553085e-02
1.449791435152292252e-02
1.440604031085968018e-02
1.470991410315036774e-02
1.472750399261713028e-02
1.466314401477575302e-02
1.447597984224557877e-02
1.425652485340833664e-02
1.448448095470666885e-02
1.458268705755472183e-02
1.449985243380069733e-02
1.471893768757581711e-02
1.395988464355468750e-02
1.449491642415523529e-02
1.424543932080268860e-02
1.355512347072362900e-02
1.452459953725337982e-02
1.443611737340688705e-02
1.356354914605617523e-02
1.456585153937339783e-02
1.456529460847377777e-02
1.461372058838605881e-02
1.483521703630685806e-02
1.436608750373125076e-02
1.405769493430852890e-02
1.480334997177124023e-02
1.441131159663200378e-02
1.438789721578359604e-02
1.455311849713325500e-02
1.469287276268005371e-02
1.478108484297990799e-02
1.277183368802070618e-02
1.440882962197065353e-02
1.473446562886238098e-02
1.505410391837358475e-02
1.474974397569894791e-02
1.451254263520240784e-02
9.201709181070327759e-03
1.467219553887844086e-02
1.491874456405639648e-02
1.464213989675045013e-02
1.419164519757032394e-02
1.445628050714731216e-02
1.304026599973440170e-02
1.437016669660806656e-02
1.479668077081441879e-02
1.514900289475917816e-02
1.446180138736963272e-02
1.457754895091056824e-02
1.509709097445011139e-02
1.437961123883724213e-02
1.373034622520208359e-02
1.362259592860937119e-02
1.434192992746829987e-02
1.450248621404170990e-02
1.469072420150041580e-02
1.455452106893062592e-02
1.465803105384111404e-02
1.467455551028251648e-02
1.470198575407266617e-02
1.443161722272634506e-02
1.506923977285623550e-02
1.427953597158193588e-02
1.419364195317029953e-02
1.486387290060520172e-02
1.483570970594882965e-02
1.432407740503549576e-02
1.480683404952287674e-02
1.463151630014181137e-02
1.448597852140665054e-02
1.348263956606388092e-02
1.417326088994741440e-02
1.431376859545707703e-02
1.471972558647394180e-02
1.481910329312086105e-02
1.485979836434125900e-02
1.465957146137952805e-02
1.491191983222961426e-02
1.461513713002204895e-02
1.464387774467468262e-02
1.426924113184213638e-02
1.441287156194448471e-02
1.458479743450880051e-02
1.461124327033758163e-02
1.481680665165185928e-02
1.448682509362697601e-02
1.460803952068090439e-02
1.498723682016134262e-02
1.490689162164926529e-02
1.394665241241455078e-02
1.493386831134557724e-02
1.470112893730401993e-02
1.340823806822299957e-02
1.459981407970190048e-02
1.452825963497161865e-02
1.425913348793983459e-02
1.426704134792089462e-02
1.438738964498043060e-02
1.348232384771108627e-02
1.424119994044303894e-02
1.368337776511907578e-02
1.422042492777109146e-02
1.408632658421993256e-02
1.465924456715583801e-02
1.456349436193704605e-02
1.482230983674526215e-02
1.481140777468681335e-02
1.450162287801504135e-02
1.369943656027317047e-02
1.396764162927865982e-02
1.493120845407247543e-02
1.465335208922624588e-02
1.435448881238698959e-02
1.440279278904199600e-02
1.270563993602991104e-02
1.424632128328084946e-02
1.237459108233451843e-02
1.427163090556859970e-02
1.417834218591451645e-02
1.447192765772342682e-02
1.406870409846305847e-02
1.362984813749790192e-02
1.283222809433937073e-02
1.476003602147102356e-02
1.442441903054714203e-02
1.479062717407941818e-02
1.410313602536916733e-02
1.473237853497266769e-02
1.467426493763923645e-02
1.458635646849870682e-02
1.458815392106771469e-02
1.459056977182626724e-02
1.022985205054283142e-02
1.483717281371355057e-02
1.065145246684551239e-02
1.413078047335147858e-02
1.460447534918785095e-02
1.457982417196035385e-02
1.466868259012699127e-02
7.311715278774499893e-03
1.229035574942827225e-02
1.425438001751899719e-02
1.467145886272192001e-02
1.410681568086147308e-02
1.404874119907617569e-02
1.381586119532585144e-02
1.443808432668447495e-02
1.454819831997156143e-02
1.438124198466539383e-02
1.452505495399236679e-02
1.456023752689361572e-02
1.466960553079843521e-02
1.456950325518846512e-02
1.449905708432197571e-02
1.337100658565759659e-02
1.479048095643520355e-02
1.424720045179128647e-02
1.428100559860467911e-02
9.907460771501064301e-03
1.446344237774610519e-02
1.472965441644191742e-02
1.442486047744750977e-02
1.480646803975105286e-02
1.446099206805229187e-02
1.436611730605363846e-02
1.487177982926368713e-02
1.441917382180690765e-02
1.458837091922760010e-02
1.409680768847465515e-02
1.453774236142635345e-02
1.471764501184225082e-02
1.438794378191232681e-02
1.480942685157060623e-02
1.168455556035041809e-02
1.389397121965885162e-02
1.453707739710807800e-02
1.457513216882944107e-02
1.443855091929435730e-02
1.391866151243448257e-02
1.165490690618753433e-02
9.283017367124557495e-03
1.509433984756469727e-02
1.437068637460470200e-02
1.463169138878583908e-02
1.465610601007938385e-02
1.417009253054857254e-02
1.401019934564828873e-02
1.308385655283927917e-02
1.486254017800092697e-02
1.462222635746002197e-02
1.470671314746141434e-02
1.469897013157606125e-02
1.380806881934404373e-02
1.483849901705980301e-02
1.424732524901628494e-02
1.454205438494682312e-02
1.451103016734123230e-02
1.433564163744449615e-02
1.462042424827814102e-02
1.549958065152168274e-02
1.366497669368982315e-02
1.486989576369524002e-02
1.468898262828588486e-02
1.436686422675848007e-02
1.453504897654056549e-02
1.368598546832799911e-02
9.372878819704055786e-03
1.454367861151695251e-02
1.383336260914802551e-02
8.956003934144973755e-03
1.457913778722286224e-02
1.394934579730033875e-02
1.484913472086191177e-02
1.465192530304193497e-02
1.492595952004194260e-02
1.123527251183986664e-02
1.397855672985315323e-02
1.399597804993391037e-02
1.474819984287023544e-02
1.378189120441675186e-02
1.205878891050815582e-02
1.442240271717309952e-02
1.436280086636543274e-02
1.411229744553565979e-02
1.362394914031028748e-02
1.423054933547973633e-02
1.460216566920280457e-02
1.141261495649814606e-02
1.417250838130712509e-02
1.083756145089864731e-02
1.476468238979578018e-02
1.375944539904594421e-02
1.412205304950475693e-02
1.443990692496299744e-02
1.429799757897853851e-02
1.329458039253950119e-02
1.390698272734880447e-02
1.469684764742851257e-02
1.463661715388298035e-02
1.431063096970319748e-02
1.400986593216657639e-02
1.455370709300041199e-02
1.449174527078866959e-02
1.402183808386325836e-02
1.467380765825510025e-02
1.185315847396850586e-02
1.428108569234609604e-02
1.462946459650993347e-02
1.446888223290443420e-02
1.273646857589483261e-02
1.328842341899871826e-02
1.464222464710474014e-02
1.460070628672838211e-02
1.493909396231174469e-02
1.418484654277563095e-02
1.488072238862514496e-02
1.467457786202430725e-02
1.422603148967027664e-02
1.434509828686714172e-02
1.437236275523900986e-02
1.321156974881887436e-02
1.470506470650434494e-02
1.405981834977865219e-02
1.441810932010412216e-02
1.476182136684656143e-02
1.410997286438941956e-02
1.467981096357107162e-02
1.222484465688467026e-02
1.426542084664106369e-02
1.489403191953897476e-02
1.419197861105203629e-02
1.457933988422155380e-02
1.389798521995544434e-02
1.388104539364576340e-02
1.491910219192504883e-02
1.430421136319637299e-02
1.449108123779296875e-02
1.392233371734619141e-02
1.452819909900426865e-02
1.407165918499231339e-02
1.467580161988735199e-02
1.389893889427185059e-02
1.450679264962673187e-02
1.462547574192285538e-02
1.469139661639928818e-02
1.448369584977626801e-02
1.458900328725576401e-02
1.482518948614597321e-02
1.393749471753835678e-02
1.472131628543138504e-02
1.516464911401271820e-02
1.453153416514396667e-02
1.160829048603773117e-02
1.480511389672756195e-02
1.482422929257154465e-02
1.444449089467525482e-02
1.465369667857885361e-02
1.454346254467964172e-02
1.369276270270347595e-02
1.434324029833078384e-02
1.384874898940324783e-02
1.450530812144279480e-02
1.447573397308588028e-02
1.425276417285203934e-02
1.308864075690507889e-02
6.579357665032148361e-03
1.460270676761865616e-02
1.367208641022443771e-02
1.422580145299434662e-02
1.492318604141473770e-02
1.421530637890100479e-02
1.458959933370351791e-02
1.460293494164943695e-02
1.415436621755361557e-02
1.257459726184606552e-02
1.462331973016262054e-02
1.246615964919328690e-02
1.475790701806545258e-02
1.385664008557796478e-02
1.476651150733232498e-02
1.442792732268571854e-02
1.399847865104675293e-02
1.453985366970300674e-02
1.473686937242746353e-02
1.464070286601781845e-02
1.488025858998298645e-02
1.481471303850412369e-02
1.457513216882944107e-02
1.471576187759637833e-02
1.457594707608222961e-02
1.435562130063772202e-02
1.434118486940860748e-02
1.428566221147775650e-02
1.502460800111293793e-02
1.451214309781789780e-02
1.325831096619367599e-02
1.378573849797248840e-02
1.407281402498483658e-02
1.577910780906677246e-02
1.469888444989919662e-02
1.457873079925775528e-02
1.382841542363166809e-02
1.419396046549081802e-02
1.422078069299459457e-02
1.452397461980581284e-02
1.462264638394117355e-02
1.415612734854221344e-02
1.474046707153320312e-02
1.468171272426843643e-02
1.470971014350652695e-02
1.485595013946294785e-02
1.435728091746568680e-02
1.447289902716875076e-02
1.444817427545785904e-02
1.450615841895341873e-02
9.312350302934646606e-03
1.461651921272277832e-02
1.435333117842674255e-02
1.409026701003313065e-02
1.439559180289506912e-02
1.477661728858947754e-02
1.254886481910943985e-02
1.464381720870733261e-02
1.454402226954698563e-02
1.492533087730407715e-02
1.438696123659610748e-02
1.458381209522485733e-02
1.485454197973012924e-02
1.388352271169424057e-02
1.463608723133802414e-02
1.473158597946166992e-02
1.449187658727169037e-02
1.466518081724643707e-02
1.446516159921884537e-02
1.468485686928033829e-02
1.370965596288442612e-02
1.441656611859798431e-02
1.432323548942804337e-02
1.429035700857639313e-02
1.302223280072212219e-02
1.444616913795471191e-02
1.476178411394357681e-02
1.442604977637529373e-02
1.411614101380109787e-02
1.477565243840217590e-02
1.448647025972604752e-02
1.471383962780237198e-02
1.436328608542680740e-02
1.437082979828119278e-02
8.369621820747852325e-03
1.456987299025058746e-02
1.469061616808176041e-02
1.394140627235174179e-02
1.482790708541870117e-02
1.467788219451904297e-02
1.467924937605857849e-02
1.430608890950679779e-02
1.450734212994575500e-02
1.460856199264526367e-02
9.618730284273624420e-03
1.476551033556461334e-02
1.481451001018285751e-02
1.469846162945032120e-02
1.467323023825883865e-02
1.432080473750829697e-02
1.484447624534368515e-02
1.452883519232273102e-02
1.478438172489404678e-02
1.501500699669122696e-02
1.451692264527082443e-02
1.479048654437065125e-02
1.451156660914421082e-02
1.394081953912973404e-02
1.033363211899995804e-02
1.495250221341848373e-02
1.468060258775949478e-02
1.438152138143777847e-02
1.409614924341440201e-02
1.085293106734752655e-02
1.449420489370822906e-02
1.423212606459856033e-02
1.473234500735998154e-02
1.334537565708160400e-02
1.478247903287410736e-02
1.346982363611459732e-02
1.474941335618495941e-02
1.277236919850111008e-02
1.376007776707410812e-02
1.471533253788948059e-02
1.480500679463148117e-02
1.396617572754621506e-02
1.472795102745294571e-02
1.426920015364885330e-02
1.465977355837821960e-02
1.419704314321279526e-02
1.447159610688686371e-02
1.474384032189846039e-02
1.458751782774925232e-02
1.440376136451959610e-02
1.431308686733245850e-02
1.469242572784423828e-02
1.471388339996337891e-02
1.430802978575229645e-02
1.454158220440149307e-02
1.509271003305912018e-02
1.296931598335504532e-02
1.423068903386592865e-02
1.458241418004035950e-02
1.471016090363264084e-02
1.471485104411840439e-02
1.420154329389333725e-02
1.436853315681219101e-02
1.467608008533716202e-02
1.509611587971448898e-02
1.342470664530992508e-02
1.478931680321693420e-02
1.481586415320634842e-02
1.449930947273969650e-02
1.475929934531450272e-02
1.432129181921482086e-02
1.406352594494819641e-02
1.484568789601325989e-02
1.558432634919881821e-02
1.386814936995506287e-02
1.425366755574941635e-02
1.355431601405143738e-02
1.407996471971273422e-02
1.487746182829141617e-02
1.451633777469396591e-02
1.443994883447885513e-02
1.458350662142038345e-02
1.479739509522914886e-02
1.451648119837045670e-02
1.397723332047462463e-02
1.456929836422204971e-02
1.504508871585130692e-02
1.392977498471736908e-02
1.413402054458856583e-02
1.414778549224138260e-02
1.447450835257768631e-02
1.439118944108486176e-02
1.422776654362678528e-02
1.358482521027326584e-02
1.467653550207614899e-02
1.463538780808448792e-02
1.489526592195034027e-02
1.450991351157426834e-02
1.463893335312604904e-02
1.462907250970602036e-02
1.407610438764095306e-02
1.467560604214668274e-02
1.464265864342451096e-02
1.493269763886928558e-02
1.459927484393119812e-02
1.144738495349884033e-02
1.483480259776115417e-02
1.504796184599399567e-02
1.456852350383996964e-02
1.377340313047170639e-02
1.402381341904401779e-02
1.429813727736473083e-02
1.400088146328926086e-02
1.475362852215766907e-02
1.479778811335563660e-02
1.459435746073722839e-02
1.422271132469177246e-02
1.509900484234094620e-02
1.438578870147466660e-02
1.500035170465707779e-02
1.435127854347229004e-02
1.465381775051355362e-02
1.475260499864816666e-02
1.441495493054389954e-02
1.433860044926404953e-02
1.483744382858276367e-02
6.551318336278200150e-03
1.281003374606370926e-02
1.350376941263675690e-02
1.493316888809204102e-02
1.514731720089912415e-02
1.378910616040229797e-02
1.460095401853322983e-02
1.474396511912345886e-02
1.453822012990713120e-02
9.348624385893344879e-03
1.479219552129507065e-02
1.405704300850629807e-02
1.455557625740766525e-02
1.438112929463386536e-02
1.471220050007104874e-02
1.450700219720602036e-02
1.407875213772058487e-02
1.452412549406290054e-02
1.501665078103542328e-02
9.859006851911544800e-03
1.431672926992177963e-02
1.461011450737714767e-02
1.472133398056030273e-02
1.461517903953790665e-02
1.367879193276166916e-02
1.463754568248987198e-02
1.248572114855051041e-02
1.346869673579931259e-02
6.960643921047449112e-03
1.277918741106987000e-02
1.524263247847557068e-02
1.444112975150346756e-02
1.434685848653316498e-02
1.472465600818395615e-02
1.471058744937181473e-02
1.445463020354509354e-02
1.418634690344333649e-02
1.458995044231414795e-02
1.449107564985752106e-02
1.473805587738752365e-02
1.486490108072757721e-02
1.387916132807731628e-02
1.355757750570774078e-02
1.435870304703712463e-02
1.492109801620244980e-02
1.442605536431074142e-02
1.487540360540151596e-02
1.345507707446813583e-02
1.389594003558158875e-02
1.447409391403198242e-02
1.439410354942083359e-02
1.466165576130151749e-02
1.451573055237531662e-02
1.429377496242523193e-02
1.456507481634616852e-02
1.359201129525899887e-02
1.448974572122097015e-02
1.446136273443698883e-02
1.349164824932813644e-02
1.451089419424533844e-02
1.481917593628168106e-02
1.397696137428283691e-02
1.488868799060583115e-02
1.485456619411706924e-02
1.454861555248498917e-02
1.470498088747262955e-02
9.522465057671070099e-03
1.445908751338720322e-02
1.439330261200666428e-02
1.419801358133554459e-02
1.500208582729101181e-02
1.379326265305280685e-02
1.454261504113674164e-02
1.396398153156042099e-02
1.441661920398473740e-02
1.103823445737361908e-02
1.516374293714761734e-02
1.489165052771568298e-02
1.395590510219335556e-02
1.455614902079105377e-02
1.425512228161096573e-02
1.449469011276960373e-02
1.445678714662790298e-02
1.467476692050695419e-02
1.428145077079534531e-02
1.477111596614122391e-02
1.474573649466037750e-02
1.486095134168863297e-02
1.438788138329982758e-02
1.385499443858861923e-02
1.469152327626943588e-02
1.488944329321384430e-02
1.370520796626806259e-02
1.456741057336330414e-02
1.399748027324676514e-02
1.479264814406633377e-02
1.474460400640964508e-02
1.473630685359239578e-02
1.365028228610754013e-02
1.459666527807712555e-02
1.517899986356496811e-02
1.432443317025899887e-02
1.420397125184535980e-02
1.436183974146842957e-02
1.493790186941623688e-02
1.470452267676591873e-02
1.454459782689809799e-02
1.473252382129430771e-02
1.435486134141683578e-02
1.453499868512153625e-02
1.430814247578382492e-02
1.388955675065517426e-02
1.470287237316370010e-02
1.432576868683099747e-02
1.459047198295593262e-02
1.512120012193918228e-02
1.486209593713283539e-02
1.502852793782949448e-02
1.456771418452262878e-02
1.440639514476060867e-02
1.426007971167564392e-02
1.476613525301218033e-02
1.153611578047275543e-02
1.330991368740797043e-02
1.444144174456596375e-02
1.451284531503915787e-02
1.432976126670837402e-02
1.443889457732439041e-02
1.445051468908786774e-02
1.449594832956790924e-02
1.467353198677301407e-02
1.319601293653249741e-02
1.472286600619554520e-02
1.331920269876718521e-02
1.430177967995405197e-02
1.433513127267360687e-02
1.446858886629343033e-02
1.455490384250879288e-02
1.459358725696802139e-02
1.452701166272163391e-02
1.350198034197092056e-02
1.369786262512207031e-02
1.513255480676889420e-02
1.403986476361751556e-02
1.446412131190299988e-02
1.495529711246490479e-02
1.460357382893562317e-02
1.448792871087789536e-02
1.431763451546430588e-02
1.364160515367984772e-02
1.474483963102102280e-02
1.383310277014970779e-02
1.470229029655456543e-02
1.471625175327062607e-02
1.459911465644836426e-02
8.569601923227310181e-03
1.424303930252790451e-02
1.480140164494514465e-02
1.458641607314348221e-02
1.472959481179714203e-02
1.429246645420789719e-02
1.414530538022518158e-02
1.453954540193080902e-02
1.423911098390817642e-02
1.441568043082952499e-02
1.442215126007795334e-02
1.454732473939657211e-02
1.360709872096776962e-02
1.501516439020633698e-02
1.460912171751260757e-02
1.424863655120134354e-02
1.489498931914567947e-02
1.463201735168695450e-02
1.375097036361694336e-02
1.447268202900886536e-02
7.594524417072534561e-03
1.426839269697666168e-02
1.438161451369524002e-02
1.466740015894174576e-02
1.481612585484981537e-02
1.420496311038732529e-02
1.446883380413055420e-02
1.350283063948154449e-02
1.421700790524482727e-02
1.483949460089206696e-02
1.488993689417839050e-02
1.540849544107913971e-02
1.455735042691230774e-02
1.441367063671350479e-02
1.435683574527502060e-02
1.441212929785251617e-02
1.428866386413574219e-02
1.427559927105903625e-02
1.450649183243513107e-02
1.448396965861320496e-02
1.421532873064279556e-02
1.453963760286569595e-02
1.453310251235961914e-02
1.457734778523445129e-02
1.397615578025579453e-02
1.438106317073106766e-02
1.445373613387346268e-02
1.428484544157981873e-02
1.370657887309789658e-02
1.423047110438346863e-02
1.358211040496826172e-02
1.426089089363813400e-02
1.403407379984855652e-02
1.291414443403482437e-02
1.457603368908166885e-02
1.151890773326158524e-02
1.389401499181985855e-02
1.473303511738777161e-02
1.340939477086067200e-02
1.404486689716577530e-02
1.470110937952995300e-02
1.459863223135471344e-02
1.438677683472633362e-02
1.443329453468322754e-02
1.475516892969608307e-02
1.488087978214025497e-02
1.426075026392936707e-02
1.461176201701164246e-02
1.446469780057668686e-02
1.413799915462732315e-02
1.487571094185113907e-02
1.472427602857351303e-02
1.462573464959859848e-02
1.409576460719108582e-02
1.501610316336154938e-02
1.437810622155666351e-02
8.103796280920505524e-03
1.532061304897069931e-02
1.368445996195077896e-02
1.505897659808397293e-02
1.460033655166625977e-02
1.429271046072244644e-02
1.432703807950019836e-02
1.474089547991752625e-02
1.487636007368564606e-02
1.381714548915624619e-02
1.442222669720649719e-02
1.442809309810400009e-02
1.423107460141181946e-02
1.431897841393947601e-02
1.441005431115627289e-02
1.310278847813606262e-02
1.482941210269927979e-02
1.473710779100656509e-02
1.435275282710790634e-02
1.477553509175777435e-02
1.387860532850027084e-02
1.431349013000726700e-02
1.420075818896293640e-02
1.454232633113861084e-02
1.392500754445791245e-02
1.456853374838829041e-02
1.430087350308895111e-02
1.482442859560251236e-02
1.480010431259870529e-02
9.741765446960926056e-03
1.459739450365304947e-02
1.425135042518377304e-02
1.439105905592441559e-02
6.462041754275560379e-03
1.411829516291618347e-02
1.458452269434928894e-02
1.375172380357980728e-02
1.444259844720363617e-02
1.469728350639343262e-02
1.421190425753593445e-02
1.444425620138645172e-02
1.440648641437292099e-02
1.488349493592977524e-02
1.473219040781259537e-02
1.405869796872138977e-02
1.476061716675758362e-02
1.434161327779293060e-02
1.470462046563625336e-02
1.397647894918918610e-02
1.455693505704402924e-02
1.459013018757104874e-02
1.333182491362094879e-02
1.454877573996782303e-02
1.469182968139648438e-02
1.036924030631780624e-02
1.446977164596319199e-02
1.433628145605325699e-02
1.459803897887468338e-02
1.442788448184728622e-02
1.498177647590637207e-02
1.345932204276323318e-02
1.458004675805568695e-02
1.375208701938390732e-02
1.491106394678354263e-02
1.459408085793256760e-02
1.369276922196149826e-02
1.496153138577938080e-02
1.483325101435184479e-02
1.400265656411647797e-02
1.389129180461168289e-02
1.453676167875528336e-02
8.847048506140708923e-03
1.421829126775264740e-02
1.459941267967224121e-02
1.438186969608068466e-02
1.445096358656883240e-02
1.454682648181915283e-02
1.474686898291110992e-02
1.406507287174463272e-02
1.460697874426841736e-02
1.346934214234352112e-02
1.466559525579214096e-02
1.470515504479408264e-02
1.258363481611013412e-02
1.472240407019853592e-02
1.468249596655368805e-02
1.424164697527885437e-02
1.400756835937500000e-02
1.332368608564138412e-02
1.452369056642055511e-02
1.396386884152889252e-02
1.468081679195165634e-02
1.450395863503217697e-02
1.462367456406354904e-02
1.478518266230821609e-02
1.430977974086999893e-02
1.478268578648567200e-02
1.475644763559103012e-02
1.390350703150033951e-02
1.412784773856401443e-02
1.499716006219387054e-02
1.513150893151760101e-02
1.496658287942409515e-02
1.238036993891000748e-02
1.473158877342939377e-02
1.433344278484582901e-02
1.464783865958452225e-02
1.386490091681480408e-02
1.458056643605232239e-02
1.474528387188911438e-02
1.474486663937568665e-02
1.476928032934665680e-02
1.477699913084506989e-02
1.477416139096021652e-02
1.465074624866247177e-02
1.449765171855688095e-02
1.468427851796150208e-02
1.481028459966182709e-02
1.451711263507604599e-02
1.430665329098701477e-02
1.434796676039695740e-02
1.458372827619314194e-02
1.416352484375238419e-02
1.484196260571479797e-02
1.477857027202844620e-02
1.469566579908132553e-02
1.474226359277963638e-02
1.466059125959873199e-02
1.360797882080078125e-02
1.408780179917812347e-02
1.454635895788669586e-02
1.365139801055192947e-02
1.445125695317983627e-02
1.447322312742471695e-02
1.449364516884088516e-02
1.467791758477687836e-02
1.452684402465820312e-02
1.469817198812961578e-02
1.391480211168527603e-02
1.473403815180063248e-02
1.410185638815164566e-02
1.450985111296176910e-02
1.440578699111938477e-02
1.452040579169988632e-02
1.485933642834424973e-02
1.479661092162132263e-02
1.466199755668640137e-02
1.491363346576690674e-02
1.419228874146938324e-02
1.407828927040100098e-02
1.437534298747777939e-02
1.453992165625095367e-02
1.456406060606241226e-02
1.462509389966726303e-02
1.482119038701057434e-02
1.451370399445295334e-02
1.436871942132711411e-02
1.463392935693264008e-02
1.469309907406568527e-02
1.449309568852186203e-02
1.405531074851751328e-02
1.325433049350976944e-02
1.457975897938013077e-02
1.400811318308115005e-02
1.375193893909454346e-02
1.454760786145925522e-02
1.465587411075830460e-02
1.367609854787588120e-02
1.424304023385047913e-02
1.460687164217233658e-02
1.401132438331842422e-02
1.461680885404348373e-02
1.432615518569946289e-02
1.401560101658105850e-02
1.480396464467048645e-02
1.430156826972961426e-02
1.436018105596303940e-02
1.467608846724033356e-02
1.393296662718057632e-02
9.997740387916564941e-03
1.373597979545593262e-02
1.217632368206977844e-02
1.420248672366142273e-02
1.423038169741630554e-02
1.470680627971887589e-02
1.434538699686527252e-02
1.421335898339748383e-02
1.339911483228206635e-02
1.487242337316274643e-02
1.468297187238931656e-02
1.419464126229286194e-02
9.726107120513916016e-03
1.468618120998144150e-02
1.288236305117607117e-02
1.311863120645284653e-02
1.449236553162336349e-02
1.496098656207323074e-02
1.480332016944885254e-02
1.466925069689750671e-02
9.783262386918067932e-03
1.491154637187719345e-02
1.446018461138010025e-02
1.319938246160745621e-02
1.407388690859079361e-02
1.433853432536125183e-02
1.470318995416164398e-02
1.431000605225563049e-02
8.995835669338703156e-03
1.399719156324863434e-02
1.454863231629133224e-02
1.450726296752691269e-02
1.434266287833452225e-02
1.477290596812963486e-02
1.486815139651298523e-02
1.487123966217041016e-02
1.463694497942924500e-02
1.472319290041923523e-02
1.487701479345560074e-02
1.478148903697729111e-02
1.424714643508195877e-02
1.475749071687459946e-02
1.074811257421970367e-02
1.437452435493469238e-02
1.423000171780586243e-02
1.452134270220994949e-02
1.453298889100551605e-02
1.451489888131618500e-02
1.453075464814901352e-02
1.443742867559194565e-02
1.423571910709142685e-02
1.495171524584293365e-02
1.443242188543081284e-02
1.462809089571237564e-02
9.306278079748153687e-03
1.482089236378669739e-02
1.484734378755092621e-02
1.343269739300012589e-02
1.475893612951040268e-02
1.470893342047929764e-02
1.340179052203893661e-02
1.430610660463571548e-02
1.442133262753486633e-02
1.438766717910766602e-02
1.463434100151062012e-02
1.446715276688337326e-02
1.485096290707588196e-02
1.392565015703439713e-02
1.462556421756744385e-02
1.468833163380622864e-02
1.408731564879417419e-02
1.426102779805660248e-02
1.472097355872392654e-02
1.455761119723320007e-02
1.427516620606184006e-02
1.431604661047458649e-02
1.446505729109048843e-02
1.524274609982967377e-02
1.452125515788793564e-02
1.410667225718498230e-02
1.450642384588718414e-02
1.449923776090145111e-02
1.446621492505073547e-02
1.460219267755746841e-02
1.484869699925184250e-02
1.461064536124467850e-02
1.172341313213109970e-02
1.477334462106227875e-02
1.500449981540441513e-02
1.462124567478895187e-02
1.444955077022314072e-02
1.468280237168073654e-02
1.355402823537588120e-02
1.396336592733860016e-02
1.451764348894357681e-02
1.101583335548639297e-02
1.449323818087577820e-02
1.406316831707954407e-02
1.391737814992666245e-02
1.437620911747217178e-02
1.485489029437303543e-02
1.404401659965515137e-02
1.462134718894958496e-02
1.503671053797006607e-02
1.467910781502723694e-02
1.429457403719425201e-02
1.462969463318586349e-02
1.394498907029628754e-02
1.410274486988782883e-02
1.428912952542304993e-02
1.246598921716213226e-02
1.444685459136962891e-02
1.491935644298791885e-02
1.471272949129343033e-02
1.452806685119867325e-02
1.466164272278547287e-02
1.284305844455957413e-02
1.415585633367300034e-02
1.480697654187679291e-02
8.924987167119979858e-03
1.440695859491825104e-02
1.485197898000478745e-02
1.360808219760656357e-02
9.880829602479934692e-03
1.427853945642709732e-02
1.458471361547708511e-02
1.398612186312675476e-02
1.449264958500862122e-02
1.436546724289655685e-02
1.421516574919223785e-02
1.458589639514684677e-02
1.462929043918848038e-02
1.442520227283239365e-02
1.466557756066322327e-02
1.442200783640146255e-02
1.398261822760105133e-02
1.477350201457738876e-02
1.486662402749061584e-02
1.480743847787380219e-02
8.752745576202869415e-03
7.152795791625976562e-03
1.324690226465463638e-02
1.398583129048347473e-02
1.442021783441305161e-02
1.460753474384546280e-02
1.471981406211853027e-02
1.475897431373596191e-02
1.425399817526340485e-02
1.333673950284719467e-02
1.475625392049551010e-02
1.435022428631782532e-02
1.455194875597953796e-02
1.451451517641544342e-02
1.437923591583967209e-02
1.493545714765787125e-02
1.440673787146806717e-02
1.447814423590898514e-02
1.454602833837270737e-02
1.090763788670301437e-02
1.446679513901472092e-02
1.483429688960313797e-02
1.411538198590278625e-02
1.465009525418281555e-02
1.375581324100494385e-02
1.447077188640832901e-02
1.440989691764116287e-02
1.455372013151645660e-02
1.460810936987400055e-02
1.472574099898338318e-02
1.083560101687908173e-02
1.480369642376899719e-02
1.470065768808126450e-02
1.466675754636526108e-02
1.456576026976108551e-02
1.417597010731697083e-02
1.489002630114555359e-02
1.452351268380880356e-02
1.478128787130117416e-02
1.376907899975776672e-02
1.413350459188222885e-02
1.254986878484487534e-02
1.485633477568626404e-02
1.488068699836730957e-02
1.470057293772697449e-02
1.478600595146417618e-02
1.428991276770830154e-02
1.459165289998054504e-02
1.431777700781822205e-02
1.449733972549438477e-02
1.274507585912942886e-02
1.495803985744714737e-02
1.435670815408229828e-02
1.371229346841573715e-02
1.355540752410888672e-02
1.414444204419851303e-02
1.446162816137075424e-02
1.451240386813879013e-02
1.401201169937849045e-02
1.486181374639272690e-02
1.421376224607229233e-02
1.428504940122365952e-02
1.423047203570604324e-02
1.446345169097185135e-02
1.359759178012609482e-02
1.446304097771644592e-02
1.438961084932088852e-02
1.431019697338342667e-02
1.456877030432224274e-02
1.413657050579786301e-02
1.428690925240516663e-02
1.462174113839864731e-02
1.409761700779199600e-02
1.500684674829244614e-02
1.447372138500213623e-02
1.482285186648368835e-02
1.491773407906293869e-02
1.430951431393623352e-02
1.449412479996681213e-02
1.442401204258203506e-02
1.386986579746007919e-02
1.460657082498073578e-02
1.465964317321777344e-02
1.431703567504882812e-02
1.411184389144182205e-02
1.489847060292959213e-02
1.441869046539068222e-02
1.453311648219823837e-02
1.436480600386857986e-02
1.464829500764608383e-02
1.445595361292362213e-02
1.422591600567102432e-02
1.434002444148063660e-02
1.465733908116817474e-02
1.471650600433349609e-02
1.455421373248100281e-02
1.431651785969734192e-02
1.439237315207719803e-02
1.470089238137006760e-02
1.422393880784511566e-02
1.451447047293186188e-02
1.478573027998209000e-02
1.427329238504171371e-02
1.487934589385986328e-02
1.478883065283298492e-02
1.460479293018579483e-02
1.486132200807332993e-02
1.426406763494014740e-02
1.465647853910923004e-02
1.437191572040319443e-02
1.481017749756574631e-02
1.012846268713474274e-02
1.457062363624572754e-02
1.475258823484182358e-02
1.449845638126134872e-02
1.186238881200551987e-02
2.027849853038787842e-02
1.435279753059148788e-02
1.446807663887739182e-02
1.453715562820434570e-02
1.451438665390014648e-02
1.471893396228551865e-02
1.192234829068183899e-02
1.466416753828525543e-02
1.463437732309103012e-02
1.441375538706779480e-02
1.434867177158594131e-02
1.432837452739477158e-02
1.467553060501813889e-02
1.434342656284570694e-02
1.519394479691982269e-02
9.272983297705650330e-03
1.488780416548252106e-02
1.449283305555582047e-02
1.489927526563405991e-02
1.477458421140909195e-02
1.459285244345664978e-02
1.255694031715393066e-02
1.465450134128332138e-02
1.281222794204950333e-02
1.464572548866271973e-02
1.469046156853437424e-02
1.448299083858728409e-02
1.450483594089746475e-02
1.465457957237958908e-02
1.403077598661184311e-02
1.467391289770603180e-02
1.473542954772710800e-02
1.377223338931798935e-02
1.483683381229639053e-02
1.441727951169013977e-02
1.407003775238990784e-02
1.135335676372051239e-02
1.486732717603445053e-02
1.482152938842773438e-02
1.461299695074558258e-02
1.445781067013740540e-02
1.463900879025459290e-02
1.452573761343955994e-02
1.386923715472221375e-02
1.402985211461782455e-02
1.418741978704929352e-02
1.333181466907262802e-02
1.458803471177816391e-02
1.402002666145563126e-02
1.454168837517499924e-02
1.313079800456762314e-02
1.107577886432409286e-02
1.454693917185068130e-02
1.452296692878007889e-02
1.477419212460517883e-02
1.457513496279716492e-02
1.516508124768733978e-02
1.449071522802114487e-02
1.443609502166509628e-02
1.446691714227199554e-02
1.443823613226413727e-02
1.452394761145114899e-02
1.588365063071250916e-02
1.440928783267736435e-02
1.283283904194831848e-02
1.418094709515571594e-02
1.451764442026615143e-02
1.443868782371282578e-02
9.052102454006671906e-03
1.331935171037912369e-02
1.448438130319118500e-02
1.452346146106719971e-02
1.418490614742040634e-02
1.432910561561584473e-02
1.444408856332302094e-02
1.474833209067583084e-02
1.418730337172746658e-02
1.391329802572727203e-02
1.459448132663965225e-02
1.471575442701578140e-02
1.413357537239789963e-02
1.481062546372413635e-02
1.435135304927825928e-02
1.312095765024423599e-02
1.457165554165840149e-02
1.071257330477237701e-02
1.469281595200300217e-02
1.507423724979162216e-02
1.457283832132816315e-02
1.457798574119806290e-02
1.430642325431108475e-02
1.473287120461463928e-02
1.394660677760839462e-02
1.395060028880834579e-02
1.490013394504785538e-02
1.473382208496332169e-02
1.457495056092739105e-02
1.386955752968788147e-02
1.429669000208377838e-02
1.478197239339351654e-02
1.432274561375379562e-02
9.940995834767818451e-03
1.414161548018455505e-02
1.434849854558706284e-02
1.476959977298974991e-02
1.450864970684051514e-02
1.430061552673578262e-02
1.136575732380151749e-02
1.469784136861562729e-02
1.404091995209455490e-02
1.464355550706386566e-02
1.384587306529283524e-02
1.488342229276895523e-02
1.506248768419027328e-02
1.427622511982917786e-02
1.460530981421470642e-02
1.458768174052238464e-02
1.468913815915584564e-02
1.490219496190547943e-02
1.426876801997423172e-02
1.423568092286586761e-02
1.486256811767816544e-02
1.457150373607873917e-02
8.971543051302433014e-03
1.445950195193290710e-02
1.462148036807775497e-02
1.420988515019416809e-02
1.429104525595903397e-02
1.491723395884037018e-02
1.443889457732439041e-02
1.440001465380191803e-02
1.449933089315891266e-02
1.462113484740257263e-02
1.449850201606750488e-02
1.446415390819311142e-02
1.455304119735956192e-02
1.411599200218915939e-02
1.463925931602716446e-02
1.464021764695644379e-02
1.466990727931261063e-02
1.432401221245527267e-02
1.472481433302164078e-02
1.483951508998870850e-02
1.432492211461067200e-02
1.468026265501976013e-02
1.428388990461826324e-02
1.433078944683074951e-02
1.425644475966691971e-02
1.389521919190883636e-02
1.372503396123647690e-02
1.419976633042097092e-02
1.448636129498481750e-02
1.416985131800174713e-02
1.477649249136447906e-02
1.496288180351257324e-02
1.458778884261846542e-02
1.481311023235321045e-02
1.456895750015974045e-02
1.469587162137031555e-02
1.480759028345346451e-02
1.461074315011501312e-02
1.494728866964578629e-02
1.468513812869787216e-02
1.384770963340997696e-02
1.490712817758321762e-02
1.449325121939182281e-02
1.393299736082553864e-02
1.418071426451206207e-02
1.255118288099765778e-02
1.428080722689628601e-02
1.421860512346029282e-02
1.410975959151983261e-02
1.453248783946037292e-02
1.470856368541717529e-02
1.464268006384372711e-02
1.347577292472124100e-02
1.429537776857614517e-02
1.166447438299655914e-02
1.393361017107963562e-02
1.380930189043283463e-02
1.459835097193717957e-02
1.419201213866472244e-02
1.470173336565494537e-02
1.434439793229103088e-02
1.446809526532888412e-02
1.456821896135807037e-02
1.449489593505859375e-02
1.483623683452606201e-02
1.448491495102643967e-02
1.393436733633279800e-02
1.349680032581090927e-02
1.438484992831945419e-02
1.483731064945459366e-02
1.465794444084167480e-02
1.453671138733625412e-02
1.393872220069169998e-02
1.415291707962751389e-02
1.468361262232065201e-02
1.091867219656705856e-02
1.451834477484226227e-02
1.465754583477973938e-02
1.425933558493852615e-02
1.471768692135810852e-02
1.475796103477478027e-02
1.457917410880327225e-02
1.457465533167123795e-02
1.385251898318529129e-02
1.471115555614233017e-02
1.207917090505361557e-02
1.441431604325771332e-02
1.483054552227258682e-02
1.488672103732824326e-02
1.405855733901262283e-02
1.382445730268955231e-02
1.455498300492763519e-02
1.472261548042297363e-02
1.463520247489213943e-02
1.456306781619787216e-02
1.468618866056203842e-02
1.489221490919589996e-02
1.469901297241449356e-02
1.452304050326347351e-02
1.441014092415571213e-02
1.407278701663017273e-02
1.354790572077035904e-02
1.454649306833744049e-02
1.467680092900991440e-02
1.438317261636257172e-02
1.426646113395690918e-02
1.453281566500663757e-02
1.439893618226051331e-02
1.421520113945007324e-02
1.279478427022695541e-02
1.405070070177316666e-02
1.479020994156599045e-02
1.467042881995439529e-02
1.457327883690595627e-02
1.461149100214242935e-02
1.419527828693389893e-02
1.432448998093605042e-02
1.427769660949707031e-02
1.470516994595527649e-02
1.470876391977071762e-02
1.427194382995367050e-02
1.468318700790405273e-02
1.482777018100023270e-02
1.460090838372707367e-02
1.482739113271236420e-02
1.458361744880676270e-02
1.444898452609777451e-02
1.435825508087873459e-02
1.422865781933069229e-02
1.402534451335668564e-02
1.374114677309989929e-02
1.446977630257606506e-02
1.436229329556226730e-02
1.449324097484350204e-02
1.459912676364183426e-02
1.459024846553802490e-02
1.426104828715324402e-02
1.469757221639156342e-02
1.538886502385139465e-02
1.465282682329416275e-02
1.432744786143302917e-02
1.456542219966650009e-02
1.393660344183444977e-02
1.417746488004922867e-02
1.449478510767221451e-02
1.496493536978960037e-02
1.052758097648620605e-02
1.449059881269931793e-02
1.486298721283674240e-02
1.455428916960954666e-02
1.462494209408760071e-02
1.361079886555671692e-02
1.462676562368869781e-02
1.470068190246820450e-02
1.267699804157018661e-02
1.481016352772712708e-02
1.370972115546464920e-02
1.488377805799245834e-02
1.430888380855321884e-02
1.464914716780185699e-02
1.445846911519765854e-02
1.442604418843984604e-02
1.407253369688987732e-02
1.460334379225969315e-02
1.491062901914119720e-02
1.463186740875244141e-02
1.487628184258937836e-02
1.471109315752983093e-02
1.481345575302839279e-02
1.465694699436426163e-02
1.433859113603830338e-02
1.461205538362264633e-02
1.269948389381170273e-02
1.480857934802770615e-02
1.445485558360815048e-02
1.455108262598514557e-02
1.382311526685953140e-02
1.456472370773553848e-02
1.521248184144496918e-02
1.510028168559074402e-02
1.489978469908237457e-02
1.481325831264257431e-02
1.510016713291406631e-02
1.453079655766487122e-02
1.440700050443410873e-02
1.507879700511693954e-02
1.195625029504299164e-02
1.473525725305080414e-02
1.492565777152776718e-02
1.236152742058038712e-02
1.461607776582241058e-02
1.354879699647426605e-02
1.231366023421287537e-02
1.453715190291404724e-02
1.446850225329399109e-02
1.474860869348049164e-02
1.458176132291555405e-02
1.440425869077444077e-02
1.444666180759668350e-02
1.451726164668798447e-02
1.449609920382499695e-02
1.498513203114271164e-02
1.427185814827680588e-02
1.441907603293657303e-02
1.496586203575134277e-02
1.453560870140790939e-02
1.458097063004970551e-02
1.478119194507598877e-02
1.450999081134796143e-02
1.479911245405673981e-02
1.433414500206708908e-02
1.458864845335483551e-02
1.245890930294990540e-02
1.454466860741376877e-02
1.498270966112613678e-02
1.432048622518777847e-02
