<system>Protocol: Active. Attitude: Sassy.</system>
7.914543151855468750e-03
7.775607053190469742e-03
8.138656616210937500e-03
7.796904537826776505e-03
8.413564413785934448e-03
8.041063323616981506e-03
7.953735999763011932e-03
8.255621418356895447e-03
8.090695366263389587e-03
7.850069552659988403e-03
7.834544405341148376e-03
7.847096771001815796e-03
7.820380851626396179e-03
7.970637641847133636e-03
7.992351427674293518e-03
4.019758198410272598e-03
7.990391924977302551e-03
7.945708930492401123e-03
8.656490594148635864e-03
7.856954820454120636e-03
7.896510884165763855e-03
8.062748238444328308e-03
8.316881954669952393e-03
8.433714509010314941e-03
7.830096408724784851e-03
8.543925359845161438e-03
7.947680540382862091e-03
7.798962295055389404e-03
8.103211410343647003e-03
8.295961655676364899e-03
8.611757308244705200e-03
7.836008444428443909e-03
7.425670512020587921e-03
7.834143936634063721e-03
7.927203550934791565e-03
7.848531939089298248e-03
8.567133918404579163e-03
8.081825450062751770e-03
8.180398494005203247e-03
8.622528053820133209e-03
8.227244019508361816e-03
8.123019710183143616e-03
7.990589365363121033e-03
7.936286740005016327e-03
7.992146536707878113e-03
8.192603476345539093e-03
8.149607107043266296e-03
8.073459379374980927e-03
7.876662537455558777e-03
8.035605773329734802e-03
7.746565621346235275e-03
8.179400116205215454e-03
7.778182160109281540e-03
8.131138980388641357e-03
8.387226611375808716e-03
7.877584546804428101e-03
7.872702553868293762e-03
8.132626302540302277e-03
7.913466542959213257e-03
8.304240182042121887e-03
8.266793563961982727e-03
8.110463619232177734e-03
8.050572127103805542e-03
8.002948015928268433e-03
1.009424589574337006e-02
1.003253832459449768e-02
1.011191774159669876e-02
9.956464171409606934e-03
9.751903824508190155e-03
1.002468913793563843e-02
1.012338418513536453e-02
1.001773588359355927e-02
1.004951633512973785e-02
1.001540198922157288e-02
9.828365407884120941e-03
1.022228971123695374e-02
1.012775022536516190e-02
1.021476741880178452e-02
1.017729006707668304e-02
9.982289746403694153e-03
1.020076312124729156e-02
9.911082684993743896e-03
9.968757629394531250e-03
1.002821233123540878e-02
9.870751760900020599e-03
1.011739857494831085e-02
1.014224439859390259e-02
9.939631447196006775e-03
1.001959852874279022e-02
1.013530511409044266e-02
1.015352271497249603e-02
1.002801116555929184e-02
9.975811466574668884e-03
1.010193489491939545e-02
9.974441491067409515e-03
9.894074872136116028e-03
1.002199016511440277e-02
1.004405319690704346e-02
9.840954095125198364e-03
9.830322116613388062e-03
1.002556644380092621e-02
1.012303866446018219e-02
1.007018890231847763e-02
1.009123865514993668e-02
9.825685992836952209e-03
1.024189218878746033e-02
1.007840596139431000e-02
1.010613236576318741e-02
1.007929537445306778e-02
1.008177176117897034e-02
1.030157320201396942e-02
1.025291532278060913e-02
9.972949512302875519e-03
9.940167888998985291e-03
1.009715627878904343e-02
1.007782667875289917e-02
1.009294390678405762e-02
1.026081293821334839e-02
1.008974947035312653e-02
1.040211040526628494e-02
1.008826773613691330e-02
9.864591993391513824e-03
1.004479080438613892e-02
1.005169469863176346e-02
9.866749867796897888e-03
1.013245247304439545e-02
1.013316400349140167e-02
9.946401230990886688e-03
9.203277528285980225e-03
8.771652355790138245e-03
9.352406486868858337e-03
8.910249918699264526e-03
9.098952636122703552e-03
9.489135816693305969e-03
9.280471131205558777e-03
9.483397938311100006e-03
9.295877069234848022e-03
9.166123345494270325e-03
8.969575166702270508e-03
9.222893044352531433e-03
9.084153920412063599e-03
9.411007165908813477e-03
6.742268800735473633e-03
9.299243800342082977e-03
9.033769369125366211e-03
9.149523451924324036e-03
9.155299514532089233e-03
9.011767804622650146e-03
9.060684591531753540e-03
9.279193356633186340e-03
9.534363634884357452e-03
8.987319655716419220e-03
9.304724633693695068e-03
9.562525898218154907e-03
9.156802669167518616e-03
9.282384067773818970e-03
9.392573498189449310e-03
9.270720183849334717e-03
9.165328927338123322e-03
8.099307306110858917e-03
8.959596976637840271e-03
8.910277858376502991e-03
9.036561474204063416e-03
9.124742820858955383e-03
9.092323482036590576e-03
9.297994896769523621e-03
9.518570266664028168e-03
9.104892611503601074e-03
9.245386347174644470e-03
8.961658924818038940e-03
9.142055176198482513e-03
9.415937587618827820e-03
9.563496336340904236e-03
9.177838452160358429e-03
9.371733292937278748e-03
8.966217748820781708e-03
9.289488196372985840e-03
9.180897846817970276e-03
9.183648042380809784e-03
9.365234524011611938e-03
9.166629053652286530e-03
9.193567559123039246e-03
9.187338873744010925e-03
9.284833446145057678e-03
9.359646588563919067e-03
9.040420874953269958e-03
9.174805134534835815e-03
9.296725504100322723e-03
8.527173660695552826e-03
7.508812006562948227e-03
9.152326732873916626e-03
9.011469781398773193e-03
9.127116762101650238e-03
9.340640157461166382e-03
9.318191558122634888e-03
9.096862748265266418e-03
9.042827412486076355e-03
9.311616420745849609e-03
9.136901237070560455e-03
9.402475319802761078e-03
9.605810046195983887e-03
9.206809103488922119e-03
9.232624433934688568e-03
9.298807010054588318e-03
9.106464684009552002e-03
8.849820122122764587e-03
9.082217700779438019e-03
9.097013622522354126e-03
9.177273139357566833e-03
8.991111069917678833e-03
9.181859903037548065e-03
9.044209495186805725e-03
9.239388629794120789e-03
9.297803044319152832e-03
8.648255839943885803e-03
8.929353207349777222e-03
9.320469573140144348e-03
8.901380002498626709e-03
9.445097297430038452e-03
9.206194430589675903e-03
7.748304400593042374e-03
9.028842672705650330e-03
8.574986830353736877e-03
9.076521731913089752e-03
9.244592860341072083e-03
9.054725989699363708e-03
9.193226695060729980e-03
9.102441370487213135e-03
8.596003986895084381e-03
9.479360654950141907e-03
9.103637188673019409e-03
9.151333943009376526e-03
9.241923689842224121e-03
9.285010397434234619e-03
9.125151671469211578e-03
9.132885374128818512e-03
9.169738739728927612e-03
9.279385209083557129e-03
9.420705959200859070e-03
9.218931198120117188e-03
9.247805923223495483e-03
9.279633872210979462e-03
9.192409925162792206e-03
9.505145251750946045e-03
9.277188219130039215e-03
9.296964854001998901e-03
8.852301165461540222e-03
9.280774742364883423e-03
9.092186577618122101e-03
9.231727570295333862e-03
9.163359180092811584e-03
9.228573180735111237e-03
9.110795333981513977e-03
8.917590603232383728e-03
9.154239669442176819e-03
9.076017886400222778e-03
