<system>Protocol: Active. Attitude: Sassy.</system>
1.318739261478185654e-02
1.347305066883563995e-02
1.390189863741397858e-02
1.442609820514917374e-02
1.514494232833385468e-02
1.633870974183082581e-02
1.359698455780744553e-02
2.019794657826423645e-02
1.685039885342121124e-02
1.788404583930969238e-02
1.943936198949813843e-02
2.506927773356437683e-02
2.096420899033546448e-02
1.859980449080467224e-02
2.725006267428398132e-02
2.549132332205772400e-02
2.226700261235237122e-02
1.671900227665901184e-02
2.664566785097122192e-02
2.621775493025779724e-02
2.731215395033359528e-02
2.630310133099555969e-02
2.542889118194580078e-02
6.943277083337306976e-03
2.420737780630588531e-02
2.518750354647636414e-02
2.623793855309486389e-02
2.588952146470546722e-02
1.498353946954011917e-02
2.530973777174949646e-02
2.399592287838459015e-02
2.183748595416545868e-02
1.324394624680280685e-02
1.433489844202995300e-02
1.460485346615314484e-02
1.477551925927400589e-02
1.466053910553455353e-02
1.612403057515621185e-02
1.502029784023761749e-02
1.914509758353233337e-02
1.429763715714216232e-02
2.092583104968070984e-02
2.303398586809635162e-02
1.753263920545578003e-02
2.417464926838874817e-02
2.162605337798595428e-02
2.448113635182380676e-02
2.545537799596786499e-02
2.681658603250980377e-02
2.558013610541820526e-02
2.644543349742889404e-02
1.712406799197196960e-02
2.698463015258312225e-02
2.871037088334560394e-02
2.855651080608367920e-02
1.756162382662296295e-02
2.711637318134307861e-02
2.558072283864021301e-02
2.494203671813011169e-02
2.361650019884109497e-02
2.481825463473796844e-02
2.960067056119441986e-02
2.500517293810844421e-02
1.366612315177917480e-02
1.573909819126129150e-02
1.551435049623250961e-02
1.468192227184772491e-02
1.678569987416267395e-02
1.443725638091564178e-02
1.786447316408157349e-02
1.379947457462549210e-02
2.143100276589393616e-02
2.425302192568778992e-02
1.927914097905158997e-02
1.989034935832023621e-02
2.400832250714302063e-02
1.924961432814598083e-02
1.873691193759441376e-02
2.174809202551841736e-02
2.088464796543121338e-02
2.026644721627235413e-02
1.315318420529365540e-02
2.056859992444515228e-02
2.703906223177909851e-02
1.910738833248615265e-02
2.178761176764965057e-02
2.105467952787876129e-02
5.609142594039440155e-03
2.229204028844833374e-02
1.997956819832324982e-02
2.159422636032104492e-02
2.031874470412731171e-02
1.157462410628795624e-02
2.059121057391166687e-02
2.018491551280021667e-02
1.983154378831386566e-02
1.682451926171779633e-02
1.349291764199733734e-02
1.614504680037498474e-02
1.455914508551359177e-02
1.707500778138637543e-02
1.783800497651100159e-02
2.119270712137222290e-02
1.962981000542640686e-02
1.194875407963991165e-02
2.175755426287651062e-02
2.062932774424552917e-02
1.413616817444562912e-02
2.179150655865669250e-02
1.704300567507743835e-02
1.930313557386398315e-02
2.090182155370712280e-02
2.070130407810211182e-02
2.765281498432159424e-02
1.925171166658401489e-02
1.337322033941745758e-02
2.121687680482864380e-02
1.985326036810874939e-02
2.032674476504325867e-02
1.581728644669055939e-02
2.172643505036830902e-02
2.195934392511844635e-02
2.050687931478023529e-02
2.012859471142292023e-02
1.846707984805107117e-02
2.103763632476329803e-02
1.954549923539161682e-02
1.145358756184577942e-02
1.438941899687051773e-02
1.484428439289331436e-02
1.493258588016033173e-02
1.534242182970046997e-02
1.319847069680690765e-02
1.620566844940185547e-02
1.308111473917961121e-02
1.808938384056091309e-02
2.138322964310646057e-02
1.667609438300132751e-02
1.888084411621093750e-02
2.218247205018997192e-02
1.711210981011390686e-02
1.892167702317237854e-02
1.667042821645736694e-02
1.813774369657039642e-02
1.846949383616447449e-02
1.249115541577339172e-02
1.808710955083370209e-02
2.057749778032302856e-02
1.761065050959587097e-02
1.646593771874904633e-02
1.893704384565353394e-02
5.339609459042549133e-03
1.793537288904190063e-02
1.962514407932758331e-02
1.755602471530437469e-02
1.817930489778518677e-02
1.192936114966869354e-02
1.996508613228797913e-02
1.714443415403366089e-02
1.689662039279937744e-02
1.623339578509330750e-02
1.275330688804388046e-02
1.560709998011589050e-02
1.590138673782348633e-02
1.708188652992248535e-02
1.765151508152484894e-02
1.966407336294651031e-02
1.781145110726356506e-02
1.142491679638624191e-02
1.833674311637878418e-02
1.969310827553272247e-02
1.406797394156455994e-02
1.918779686093330383e-02
1.495579350739717484e-02
1.723063364624977112e-02
1.769280061125755310e-02
1.699965447187423706e-02
2.312413603067398071e-02
1.694469898939132690e-02
1.158365234732627869e-02
1.921815052628517151e-02
1.852436177432537079e-02
1.945441588759422302e-02
1.578757166862487793e-02
1.840352639555931091e-02
1.900978013873100281e-02
1.957022026181221008e-02
1.637777313590049744e-02
1.666104979813098907e-02
1.787015050649642944e-02
1.819968968629837036e-02
1.220279466360807419e-02
1.523838378489017487e-02
1.658335514366626740e-02
1.586261391639709473e-02
1.940131001174449921e-02
1.382960099726915359e-02
1.693489030003547668e-02
1.488737761974334717e-02
2.118832059204578400e-02
2.403654716908931732e-02
1.927910372614860535e-02
2.014963887631893158e-02
2.237752079963684082e-02
1.800124719738960266e-02
2.196546457707881927e-02
1.897611282765865326e-02
1.974017359316349030e-02
2.007128298282623291e-02
1.489200256764888763e-02
1.976636797189712524e-02
2.405712753534317017e-02
1.993241533637046814e-02
2.071090042591094971e-02
2.124254964292049408e-02
5.824525840580463409e-03
2.041021175682544708e-02
2.103875204920768738e-02
2.026347443461418152e-02
2.091178111732006073e-02
1.089776493608951569e-02
2.142764627933502197e-02
1.981556229293346405e-02
1.950102113187313080e-02
1.531796064227819443e-02
1.394658163189888000e-02
1.635949313640594482e-02
1.644672453403472900e-02
1.965131051838397980e-02
2.015045098960399628e-02
2.205093577504158020e-02
2.120389044284820557e-02
1.179583277553319931e-02
1.969026029109954834e-02
2.167985588312149048e-02
1.429377123713493347e-02
2.177207171916961670e-02
1.652446575462818146e-02
1.942489668726921082e-02
2.084748074412345886e-02
2.170176245272159576e-02
2.560098096728324890e-02
2.009041607379913330e-02
1.380703411996364594e-02
2.067188732326030731e-02
2.061612531542778015e-02
2.118895575404167175e-02
1.513191685080528259e-02
2.148713171482086182e-02
1.991494558751583099e-02
2.170107886195182800e-02
2.027595601975917816e-02
1.910440251231193542e-02
2.093301713466644287e-02
2.084809355437755585e-02
1.244293525815010071e-02
1.929539069533348083e-02
1.650648191571235657e-02
1.856385171413421631e-02
1.963515579700469971e-02
1.486803311854600906e-02
1.864960417151451111e-02
1.512612402439117432e-02
2.178784832358360291e-02
2.049854770302772522e-02
1.963070593774318695e-02
2.189462631940841675e-02
2.303669974207878113e-02
2.000035718083381653e-02
1.901986822485923767e-02
2.172354981303215027e-02
1.987761259078979492e-02
2.099678479135036469e-02
1.765131764113903046e-02
2.202899940311908722e-02
2.180702239274978638e-02
2.153103798627853394e-02
2.263998612761497498e-02
2.040307968854904175e-02
6.517284084111452103e-03
2.162891440093517303e-02
2.126013115048408508e-02
2.203562110662460327e-02
2.107843384146690369e-02
1.092898193746805191e-02
2.149937674403190613e-02
2.109544351696968079e-02
2.057653106749057770e-02
1.797638460993766785e-02
1.679585687816143036e-02
1.707271113991737366e-02
1.740286312997341156e-02
1.907791942358016968e-02
1.734234392642974854e-02
2.026249840855598450e-02
2.036803960800170898e-02
1.261572353541851044e-02
2.046683803200721741e-02
1.943305134773254395e-02
1.454565301537513733e-02
1.925390958786010742e-02
2.443409338593482971e-02
1.976999081671237946e-02
2.157707512378692627e-02
2.161883935332298279e-02
1.967582851648330688e-02
2.057567425072193146e-02
1.745145022869110107e-02
2.120853215456008911e-02
2.119844034314155579e-02
2.191206812858581543e-02
1.742955483496189117e-02
2.231672592461109161e-02
2.050547860562801361e-02
2.227499708533287048e-02
2.167971059679985046e-02
2.070339769124984741e-02
2.157776430249214172e-02
2.247498743236064911e-02
1.584178581833839417e-02
1.139661483466625214e-02
1.166912820190191269e-02
1.108739525079727173e-02
1.150072365999221802e-02
1.005595084279775620e-02
1.154692471027374268e-02
1.077692955732345581e-02
1.563898287713527679e-02
1.012581773102283478e-02
1.512793265283107758e-02
1.786917448043823242e-02
1.638178341090679169e-02
1.634643599390983582e-02
1.347652450203895569e-02
2.059261500835418701e-02
1.876260712742805481e-02
1.897392794489860535e-02
1.241808570921421051e-02
2.310576476156711578e-02
1.682731136679649353e-02
2.602305263280868530e-02
2.466141805052757263e-02
2.323384582996368408e-02
5.668736062943935394e-03
2.714763954281806946e-02
2.723274007439613342e-02
2.565571293234825134e-02
2.625402808189392090e-02
1.260201260447502136e-02
2.565224841237068176e-02
2.256650105118751526e-02
1.713095977902412415e-02
1.169310230761766434e-02
1.120206527411937714e-02
1.085408590734004974e-02
1.116761658340692520e-02
1.175552979111671448e-02
1.104798354208469391e-02
1.047265343368053436e-02
1.614789664745330811e-02
1.018778420984745026e-02
1.738861016929149628e-02
1.717593148350715637e-02
1.178687904030084610e-02
1.899807155132293701e-02
1.453072577714920044e-02
1.817952468991279602e-02
1.989662460982799530e-02
2.150844037532806396e-02
1.669827848672866821e-02
2.428017556667327881e-02
1.196116022765636444e-02
2.314898371696472168e-02
2.438521012663841248e-02
1.888358592987060547e-02
1.723508536815643311e-02
2.568532712757587433e-02
2.638306096196174622e-02
1.808790117502212524e-02
2.486023493111133575e-02
2.918865531682968140e-02
2.851732634007930756e-02
2.545125596225261688e-02
1.234743930399417877e-02
1.494050398468971252e-02
1.675646007061004639e-02
1.729642227292060852e-02
1.889666169881820679e-02
1.472360268235206604e-02
1.896391995251178741e-02
1.578945294022560120e-02
2.280068770051002502e-02
2.605897374451160431e-02
2.421380020678043365e-02
2.323414571583271027e-02
2.935315109789371490e-02
2.453789673745632172e-02
2.328152582049369812e-02
2.743961103260517120e-02
2.659637294709682465e-02
2.569564059376716614e-02
1.807989552617073059e-02
2.822898328304290771e-02
3.080831654369831085e-02
2.735705114901065826e-02
2.835590392351150513e-02
2.741708233952522278e-02
6.834496743977069855e-03
2.656314149498939514e-02
2.610795944929122925e-02
2.746972814202308655e-02
2.680912241339683533e-02
1.248054392635822296e-02
2.890650928020477295e-02
2.477658167481422424e-02
2.419286780059337616e-02
1.544394902884960175e-02
1.438079774379730225e-02
1.681881956756114960e-02
1.591522991657257080e-02
1.970628462731838226e-02
2.099446207284927368e-02
2.155655249953269958e-02
2.392791584134101868e-02
1.459275186061859131e-02
2.602105215191841125e-02
2.516307309269905090e-02
1.630264893174171448e-02
2.500615268945693970e-02
2.467709593474864960e-02
2.629395015537738800e-02
2.464218996465206146e-02
2.793663740158081055e-02
2.813927643001079559e-02
2.663258090615272522e-02
1.808390766382217407e-02
2.491033077239990234e-02
2.681439369916915894e-02
2.667599171400070190e-02
1.681366935372352600e-02
2.726756036281585693e-02
2.530332282185554504e-02
2.771034650504589081e-02
2.557981014251708984e-02
2.451250329613685608e-02
2.798958495259284973e-02
2.383926510810852051e-02
1.331973820924758911e-02
1.705029234290122986e-02
1.721279136836528778e-02
1.753433793783187866e-02
1.699462719261646271e-02
1.619356870651245117e-02
1.744109764695167542e-02
1.325088366866111755e-02
2.015867456793785095e-02
2.200534194707870483e-02
1.819162070751190186e-02
1.831105723977088928e-02
2.426692657172679901e-02
1.844603940844535828e-02
1.955376937985420227e-02
1.899331808090209961e-02
1.912413164973258972e-02
1.964967325329780579e-02
1.484678499400615692e-02
1.968716457486152649e-02
2.383623458445072174e-02
1.904994621872901917e-02
1.946542412042617798e-02
2.037675119936466217e-02
6.349568720906972885e-03
1.904711313545703888e-02
2.024194970726966858e-02
2.041026577353477478e-02
2.004995569586753845e-02
1.151611655950546265e-02
2.167538367211818695e-02
1.881785131990909576e-02
1.850378885865211487e-02
1.768097281455993652e-02
1.578025519847869873e-02
1.682761684060096741e-02
1.595856435596942902e-02
1.745468005537986755e-02
1.738800667226314545e-02
1.935459114611148834e-02
1.883881539106369019e-02
1.303593255579471588e-02
1.904474943876266479e-02
1.754234731197357178e-02
1.545599196106195450e-02
1.899749413132667542e-02
1.728288829326629639e-02
1.831815578043460846e-02
1.983334496617317200e-02
1.962594129145145416e-02
2.325337380170822144e-02
1.942954212427139282e-02
1.377297565340995789e-02
2.034292370080947876e-02
1.876299083232879639e-02
2.020150795578956604e-02
1.728015020489692688e-02
1.921200938522815704e-02
1.825254596769809723e-02
1.958175003528594971e-02
1.878674514591693878e-02
1.853862404823303223e-02
1.946520619094371796e-02
2.087918855249881744e-02
1.174584589898586273e-02
1.897775381803512573e-02
1.532929763197898865e-02
1.626054011285305023e-02
1.819211989641189575e-02
2.325527742505073547e-02
1.355794444680213928e-02
2.693310379981994629e-02
1.178380846977233887e-02
2.660436183214187622e-02
2.652649208903312683e-02
2.249348163604736328e-02
2.533620782196521759e-02
2.431122399866580963e-02
1.931835711002349854e-02
2.241167798638343811e-02
2.592935226857662201e-02
2.590825408697128296e-02
1.462429016828536987e-02
2.664816007018089294e-02
1.694743335247039795e-02
2.444962970912456512e-02
2.516785264015197754e-02
2.421216480433940887e-02
5.800400860607624054e-03
2.540041692554950714e-02
2.469338104128837585e-02
2.525193244218826294e-02
2.487998828291893005e-02
2.043817937374114990e-02
2.447733655571937561e-02
1.489131990820169449e-02
9.515514597296714783e-03
1.750751957297325134e-02
1.888686791062355042e-02
2.128466591238975525e-02
1.634063199162483215e-02
2.604431100189685822e-02
2.305610477924346924e-02
1.817107945680618286e-02
2.558863535523414612e-02
2.354115247726440430e-02
1.244562678039073944e-02
2.439899370074272156e-02
1.908560842275619507e-02
2.303882688283920288e-02
2.525738440454006195e-02
2.345679141581058502e-02
2.412848733365535736e-02
2.425216510891914368e-02
2.877364866435527802e-02
2.660875022411346436e-02
2.675192244350910187e-02
2.480177953839302063e-02
2.365769632160663605e-02
2.622005157172679901e-02
1.543704885989427567e-02
2.506626769900321960e-02
2.585108578205108643e-02
2.913259714841842651e-02
2.665351331233978271e-02
2.161214873194694519e-02
2.356901951134204865e-02
1.086486876010894775e-02
2.363896369934082031e-02
2.057705633342266083e-02
1.424897648394107819e-02
1.630156300961971283e-02
1.639025285840034485e-02
2.320697903633117676e-02
1.586030423641204834e-02
2.560572512447834015e-02
1.521552540361881256e-02
2.593320235610008240e-02
2.915828302502632141e-02
2.563553117215633392e-02
2.973621711134910583e-02
2.713222242891788483e-02
2.444561757147312164e-02
2.685089781880378723e-02
2.710318565368652344e-02
2.768879756331443787e-02
1.564957015216350555e-02
2.966494299471378326e-02
1.904333569109439850e-02
2.834835648536682129e-02
2.706677466630935669e-02
2.788614295423030853e-02
6.404739338904619217e-03
2.602874487638473511e-02
2.690429985523223877e-02
2.825872227549552917e-02
2.874074876308441162e-02
2.575601264834403992e-02
2.939220890402793884e-02
2.362812124192714691e-02
1.029509399086236954e-02
1.658504456281661987e-02
1.720979809761047363e-02
2.339730970561504364e-02
1.624903455376625061e-02
2.530189976096153259e-02
2.045207470655441284e-02
1.510050054639577866e-02
2.748588845133781433e-02
2.517026104032993317e-02
1.303200796246528625e-02
2.884375676512718201e-02
1.832517422735691071e-02
2.707456797361373901e-02
2.832878753542900085e-02
2.767106704413890839e-02
2.677166089415550232e-02
2.655523270368576050e-02
3.371520340442657471e-02
2.758692204952239990e-02
3.430645912885665894e-02
2.667779847979545593e-02
2.698075957596302032e-02
2.835107222199440002e-02
1.558389607816934586e-02
2.862232550978660583e-02
2.970828488469123840e-02
2.919563651084899902e-02
2.831395715475082397e-02
2.308026328682899475e-02
2.696564234793186188e-02
1.132410205900669098e-02
2.823761478066444397e-02
1.883989572525024414e-02
1.631134375929832458e-02
1.500183157622814178e-02
1.986781135201454163e-02
2.074409276247024536e-02
1.406118553131818771e-02
2.349506691098213196e-02
1.159350015223026276e-02
2.045643515884876251e-02
2.510104887187480927e-02
2.115339040756225586e-02
2.340319007635116577e-02
2.046662196516990662e-02
1.968604326248168945e-02
2.041474170982837677e-02
1.993827521800994873e-02
2.045480906963348389e-02
1.208689622581005096e-02
1.978106051683425903e-02
1.375225931406021118e-02
1.960463076829910278e-02
1.975899375975131989e-02
2.038167975842952728e-02
5.155641119927167892e-03
1.955102570354938507e-02
2.013036608695983887e-02
1.950008608400821686e-02
2.080170623958110809e-02
2.133485302329063416e-02
1.971255242824554443e-02
1.841019466519355774e-02
9.438775479793548584e-03
2.242057770490646362e-02
2.068655937910079956e-02
2.175135910511016846e-02
1.366774551570415497e-02
2.366220206022262573e-02
2.086373232305049896e-02
1.474645547568798065e-02
2.455468289554119110e-02
2.163713797926902771e-02
1.097087562084197998e-02
2.132937125861644745e-02
1.445139758288860321e-02
1.972720026969909668e-02
2.096363715827465057e-02
2.005052752792835236e-02
1.929231733083724976e-02
1.972757279872894287e-02
2.903103269636631012e-02
2.106143161654472351e-02
2.653717994689941406e-02
2.073425054550170898e-02
1.986796781420707703e-02
2.068312838673591614e-02
1.462831813842058182e-02
2.048306539654731750e-02
1.928251236677169800e-02
2.083532512187957764e-02
2.010936103761196136e-02
2.047707512974739075e-02
2.172188460826873779e-02
1.117892377078533173e-02
1.875146105885505676e-02
1.666695810854434967e-02
1.300259679555892944e-02
1.741345226764678955e-02
1.578861102461814880e-02
1.942011527717113495e-02
1.637696102261543274e-02
2.171564660966396332e-02
1.581499166786670685e-02
2.368500269949436188e-02
2.734294161200523376e-02
2.329308912158012390e-02
2.795311808586120605e-02
2.526623383164405823e-02
2.451917529106140137e-02
2.522871270775794983e-02
2.506187371909618378e-02
2.592868730425834656e-02
1.663915067911148071e-02
2.635639160871505737e-02
2.082193642854690552e-02
2.608555555343627930e-02
2.806656993925571442e-02
2.743866294622421265e-02
7.203633431345224380e-03
2.585271187126636505e-02
2.706393972039222717e-02
2.663067169487476349e-02
2.791220694780349731e-02
2.823101729154586792e-02
2.760681882500648499e-02
2.655282430350780487e-02
1.466956548392772675e-02
1.559294387698173523e-02
1.492695324122905731e-02
1.980534568428993225e-02
1.633938215672969818e-02
1.961452513933181763e-02
1.889006793498992920e-02
1.564435660839080811e-02
2.333115786314010620e-02
2.303555980324745178e-02
1.605289056897163391e-02
2.620310150086879730e-02
1.785401999950408936e-02
2.538833767175674438e-02
2.685685269534587860e-02
2.427555248141288757e-02
2.701014839112758636e-02
2.630919963121414185e-02
3.494641557335853577e-02
2.789438143372535706e-02
3.273760527372360229e-02
2.429955080151557922e-02
2.570963837206363678e-02
2.824614197015762329e-02
1.678668707609176636e-02
2.635830640792846680e-02
2.591017261147499084e-02
2.750587835907936096e-02
2.699844539165496826e-02
2.588669024407863617e-02
2.691950462758541107e-02
1.500718016177415848e-02
2.741768583655357361e-02
2.107017673552036285e-02
1.470794528722763062e-02
1.472994592040777206e-02
2.001610025763511658e-02
2.232401072978973389e-02
1.342539768666028976e-02
2.429529279470443726e-02
1.236877776682376862e-02
2.606031671166419983e-02
2.630358748137950897e-02
2.087482251226902008e-02
2.474091574549674988e-02
2.387551777064800262e-02
2.057636156678199768e-02
2.266890369355678558e-02
2.374590560793876648e-02
2.398877777159214020e-02
1.357626914978027344e-02
2.467196062207221985e-02
1.423589140176773071e-02
2.283192612230777740e-02
2.272762171924114227e-02
2.396595105528831482e-02
5.951467435806989670e-03
2.416498959064483643e-02
2.332038059830665588e-02
2.467626333236694336e-02
2.458728477358818054e-02
2.031040936708450317e-02
2.398261800408363342e-02
2.116052806377410889e-02
9.414243511855602264e-03
1.794223487377166748e-02
2.266501635313034058e-02
2.178552374243736267e-02
1.448917388916015625e-02
2.390154264867305756e-02
2.175683341920375824e-02
1.548983156681060791e-02
2.551657706499099731e-02
2.170906774699687958e-02
1.266762614250183105e-02
2.467587590217590332e-02
1.560567598789930344e-02
2.510574087500572205e-02
2.253770828247070312e-02
2.318268641829490662e-02
2.362954244017601013e-02
2.318335697054862976e-02
2.754021063446998596e-02
2.496175281703472137e-02
2.742188796401023865e-02
2.274316735565662384e-02
2.296249754726886749e-02
2.418030425906181335e-02
1.603202894330024719e-02
2.396041527390480042e-02
2.443743869662284851e-02
2.522797510027885437e-02
2.403465472161769867e-02
2.016441524028778076e-02
2.262581139802932739e-02
1.049789413809776306e-02
2.177977561950683594e-02
1.867058314383029938e-02
1.288584340363740921e-02
1.457759272307157516e-02
1.517038885504007339e-02
1.947939395904541016e-02
1.309426873922348022e-02
2.127809450030326843e-02
1.285754423588514328e-02
2.192961797118186951e-02
2.290695160627365112e-02
1.876746490597724915e-02
2.308545261621475220e-02
2.136485278606414795e-02
1.888657733798027039e-02
1.955030485987663269e-02
2.102335914969444275e-02
2.113212645053863525e-02
1.162548270076513290e-02
2.144200541079044342e-02
1.439135149121284485e-02
2.074147760868072510e-02
2.053642645478248596e-02
2.174524962902069092e-02
5.233759991824626923e-03
2.066457830369472504e-02
2.173140458762645721e-02
2.123143710196018219e-02
2.207382395863533020e-02
1.983701065182685852e-02
2.134580351412296295e-02
1.847122423350811005e-02
9.300167672336101532e-03
1.959266141057014465e-02
1.610925793647766113e-02
1.961211115121841431e-02
1.343622058629989624e-02
2.083778753876686096e-02
1.725131645798683167e-02
1.269676908850669861e-02
2.010290138423442841e-02
2.161244675517082214e-02
1.128620281815528870e-02
2.087781578302383423e-02
1.360215898603200912e-02
2.115119807422161102e-02
2.076638862490653992e-02
2.044684067368507385e-02
2.072076685726642609e-02
2.116891369223594666e-02
2.863181009888648987e-02
2.227402478456497192e-02
2.568592689931392670e-02
1.989599503576755524e-02
2.152214013040065765e-02
2.243041433393955231e-02
1.444488018751144409e-02
2.005109749734401703e-02
1.961919665336608887e-02
2.220988273620605469e-02
2.121134474873542786e-02
2.044948935508728027e-02
2.087006904184818268e-02
8.583398535847663879e-03
1.988531276583671570e-02
1.725266501307487488e-02
1.364007778465747833e-02
1.355109550058841705e-02
1.803832501173019409e-02
2.315913140773773193e-02
1.416910812258720398e-02
3.068733215332031250e-02
1.362220197916030884e-02
3.006879985332489014e-02
3.332912176847457886e-02
2.468546107411384583e-02
3.064915537834167480e-02
3.013831749558448792e-02
2.336802892386913300e-02
2.440441027283668518e-02
3.029607981443405151e-02
2.845385670661926270e-02
1.485272962599992752e-02
3.239377588033676147e-02
1.854530535638332367e-02
2.786121703684329987e-02
2.974420972168445587e-02
3.038935735821723938e-02
5.012261215597391129e-03
2.939702570438385010e-02
2.943031117320060730e-02
2.990825474262237549e-02
3.044671006500720978e-02
2.696464769542217255e-02
2.947963774204254150e-02
1.818802207708358765e-02
9.012728929519653320e-03
1.479462534189224243e-02
1.803406514227390289e-02
2.324659749865531921e-02
1.589388772845268250e-02
2.826730534434318542e-02
2.438574284315109253e-02
1.909263432025909424e-02
3.108328580856323242e-02
2.700464054942131042e-02
1.293047145009040833e-02
2.981886453926563263e-02
2.050745859742164612e-02
2.872485108673572540e-02
3.130961209535598755e-02
2.816670946776866913e-02
3.085132315754890442e-02
2.855949476361274719e-02
3.495731949806213379e-02
2.965285629034042358e-02
3.306403011083602905e-02
2.737184241414070129e-02
3.106592036783695221e-02
3.036538138985633850e-02
1.526331715285778046e-02
3.033454529941082001e-02
3.165990114212036133e-02
3.190350532531738281e-02
2.893414534628391266e-02
2.574484236538410187e-02
3.087330609560012817e-02
1.008736528456211090e-02
3.070064634084701538e-02
1.575791649520397186e-02
1.235639676451683044e-02
1.753298938274383545e-02
1.578143239021301270e-02
2.110146917402744293e-02
1.535837911069393158e-02
2.283686771988868713e-02
1.443840004503726959e-02
2.412616088986396790e-02
2.533904835581779480e-02
2.213229984045028687e-02
2.606555446982383728e-02
2.509958297014236450e-02
2.181194722652435303e-02
2.301666885614395142e-02
2.316674962639808655e-02
2.360261790454387665e-02
1.353655755519866943e-02
2.359003946185112000e-02
1.602058485150337219e-02
2.431585267186164856e-02
2.227236144244670868e-02
2.432960271835327148e-02
5.681193433701992035e-03
2.358175069093704224e-02
2.352730371057987213e-02
2.307161316275596619e-02
2.427549287676811218e-02
2.223648875951766968e-02
2.362897619605064392e-02
2.199272997677326202e-02
1.119397953152656555e-02
1.512080896645784378e-02
1.416440308094024658e-02
2.063478529453277588e-02
1.719818264245986938e-02
2.169109880924224854e-02
1.857834495604038239e-02
1.439801417291164398e-02
2.199637331068515778e-02
2.255325205624103546e-02
1.380113139748573303e-02
2.488137409090995789e-02
1.558054611086845398e-02
2.467400021851062775e-02
2.359238080680370331e-02
2.363706938922405243e-02
2.360200136899948120e-02
2.218632213771343231e-02
3.179905936121940613e-02
2.440830878913402557e-02
2.821275964379310608e-02
2.355252765119075775e-02
2.461418882012367249e-02
2.312109619379043579e-02
1.447169482707977295e-02
2.216866239905357361e-02
2.085411548614501953e-02
2.463817037642002106e-02
2.378223463892936707e-02
2.304018288850784302e-02
2.170899510383605957e-02
1.001216098666191101e-02
2.213753759860992432e-02
1.586553826928138733e-02
1.474558375775814056e-02
1.589522510766983032e-02
1.512747909873723984e-02
1.449305750429630280e-02
1.627541333436965942e-02
1.527757942676544189e-02
1.627927273511886597e-02
1.620353385806083679e-02
1.835227385163307190e-02
1.677796430885791779e-02
1.871229149401187897e-02
1.358224824070930481e-02
1.913188770413398743e-02
1.557203941047191620e-02
2.113537117838859558e-02
2.234062179923057556e-02
2.236800640821456909e-02
1.371615752577781677e-02
2.508159354329109192e-02
2.390229701995849609e-02
2.643658965826034546e-02
2.657844498753547668e-02
2.868310362100601196e-02
2.121611498296260834e-02
2.924332022666931152e-02
2.878144010901451111e-02
2.845064550638198853e-02
2.599976770579814911e-02
2.853782474994659424e-02
2.208803780376911163e-02
2.564203739166259766e-02
1.575221121311187744e-02
1.465600170195102692e-02
1.509974151849746704e-02
1.530808582901954651e-02
1.447452977299690247e-02
1.734953001141548157e-02
1.284579373896121979e-02
1.574983447790145874e-02
1.571704074740409851e-02
1.788125187158584595e-02
1.526898704469203949e-02
1.802813261747360229e-02
1.658134162425994873e-02
2.070395275950431824e-02
1.780752651393413544e-02
2.219200879335403442e-02
2.164989523589611053e-02
2.182191982865333557e-02
1.723474636673927307e-02
2.267938666045665741e-02
2.432921342551708221e-02
2.261143736541271210e-02
2.969973161816596985e-02
2.357282489538192749e-02
9.926388040184974670e-03
2.946312725543975830e-02
2.751840464770793915e-02
2.695724368095397949e-02
2.608122862875461578e-02
3.103953413665294647e-02
2.952308952808380127e-02
2.769317477941513062e-02
1.615668833255767822e-02
1.666560955345630646e-02
1.625656895339488983e-02
1.573212072253227234e-02
1.759562268853187561e-02
1.591882482171058655e-02
1.692471280694007874e-02
1.694024726748466492e-02
1.662294939160346985e-02
1.816882938146591187e-02
1.709285005927085876e-02
1.786164939403533936e-02
1.457283739000558853e-02
2.059550024569034576e-02
1.460910122841596603e-02
2.000930160284042358e-02
1.916387677192687988e-02
2.161598764359951019e-02
1.194017566740512848e-02
2.366344258189201355e-02
2.230190113186836243e-02
2.272007055580615997e-02
2.341166511178016663e-02
2.383588999509811401e-02
1.465892605483531952e-02
2.230880595743656158e-02
2.426115050911903381e-02
2.509188838303089142e-02
1.896120607852935791e-02
2.576654963195323944e-02
2.154568582773208618e-02
1.694872230291366577e-02
1.546859834343194962e-02
1.625961065292358398e-02
1.614015921950340271e-02
1.586174592375755310e-02
1.762100122869014740e-02
1.728662848472595215e-02
1.423765160143375397e-02
1.657204702496528625e-02
1.766439527273178101e-02
1.895520649850368500e-02
1.611959747970104218e-02
1.837461814284324646e-02
1.786834560334682465e-02
2.161643840372562408e-02
1.839898154139518738e-02
2.233980037271976471e-02
1.728371530771255493e-02
2.122601121664047241e-02
1.782230101525783539e-02
1.881638355553150177e-02
2.050741761922836304e-02
1.754217967391014099e-02
2.509672194719314575e-02
2.106148935854434967e-02
6.971664726734161377e-03
2.514257840812206268e-02
2.453892491757869720e-02
2.611618675291538239e-02
2.430404908955097198e-02
2.842915803194046021e-02
2.549354359507560730e-02
2.412575110793113708e-02
1.846376806497573853e-02
1.476192660629749298e-02
1.665299385786056519e-02
1.567216403782367706e-02
1.837599277496337891e-02
1.817415095865726471e-02
1.676104590296745300e-02
1.853892952203750610e-02
1.282291021198034286e-02
2.048305608332157135e-02
1.710009388625621796e-02
1.948908157646656036e-02
1.224477589130401611e-02
2.210746705532073975e-02
1.012260746210813522e-02
2.179053425788879395e-02
2.050134539604187012e-02
2.069373242557048798e-02
8.896966464817523956e-03
2.265550568699836731e-02
2.177453786134719849e-02
2.057631500065326691e-02
1.887526363134384155e-02
2.313308045268058777e-02
1.363387703895568848e-02
2.075121365487575531e-02
2.060668542981147766e-02
2.011397853493690491e-02
1.257517468184232712e-02
2.082189172506332397e-02
1.708521321415901184e-02
1.648172736167907715e-02
1.550932880491018295e-02
1.869787462055683136e-02
1.797353662550449371e-02
1.550973579287528992e-02
1.741411909461021423e-02
1.767147332429885864e-02
1.447825878858566284e-02
1.612241193652153015e-02
1.928034797310829163e-02
1.813322305679321289e-02
1.397636532783508301e-02
1.640424691140651703e-02
1.912616752088069916e-02
2.258389815688133240e-02
1.783502474427223206e-02
1.998820155858993530e-02
1.613475941121578217e-02
2.164834365248680115e-02
1.738545298576354980e-02
1.886327192187309265e-02
1.890200003981590271e-02
1.532184146344661713e-02
2.343765832483768463e-02
2.001746557652950287e-02
4.998655058443546295e-03
2.133596129715442657e-02
2.081490680575370789e-02
2.131604030728340149e-02
1.907058432698249817e-02
2.339656464755535126e-02
2.253045514225959778e-02
2.331277355551719666e-02
1.513448543846607208e-02
1.389354094862937927e-02
1.401299238204956055e-02
1.561180688440799713e-02
1.503341831266880035e-02
1.370110176503658295e-02
2.058202773332595825e-02
1.662282645702362061e-02
1.307552214711904526e-02
1.999660953879356384e-02
1.418155431747436523e-02
1.879110187292098999e-02
1.300975028425455093e-02
1.856721006333827972e-02
1.095804385840892792e-02
2.138794213533401489e-02
2.152251452207565308e-02
2.131535299122333527e-02
9.648089297115802765e-03
2.342588827013969421e-02
2.486967109143733978e-02
2.580869942903518677e-02
2.156032621860504150e-02
3.064834885299205780e-02
1.645568944513797760e-02
2.600796148180961609e-02
2.465830929577350616e-02
2.373742312192916870e-02
1.355956960469484329e-02
2.557302825152873993e-02
1.598043181002140045e-02
2.681436762213706970e-02
1.571466028690338135e-02
1.511889416724443436e-02
1.489278301596641541e-02
1.670208573341369629e-02
1.504371501505374908e-02
1.305961608886718750e-02
1.770462468266487122e-02
1.530248299241065979e-02
1.713339984416961670e-02
1.615982130169868469e-02
1.095946319401264191e-02
1.745677366852760315e-02
1.870497688651084900e-02
2.048235386610031128e-02
1.667750999331474304e-02
1.997806504368782043e-02
1.471326686441898346e-02
2.170756459236145020e-02
1.447293441742658615e-02
1.832834258675575256e-02
2.118383720517158508e-02
1.659472659230232239e-02
2.780095487833023071e-02
2.043385989964008331e-02
6.261894479393959045e-03
2.383600920438766479e-02
2.677589282393455505e-02
2.825403027236461639e-02
2.449182420969009399e-02
2.493249997496604919e-02
2.437986992299556732e-02
2.650257945060729980e-02
1.690665818750858307e-02
1.642742566764354706e-02
1.669917255640029907e-02
1.640664041042327881e-02
1.679492555558681488e-02
1.815700158476829529e-02
1.813739165663719177e-02
1.760514639317989349e-02
1.506355963647365570e-02
1.939769648015499115e-02
1.844313368201255798e-02
1.801262423396110535e-02
1.408255100250244141e-02
1.924683898687362671e-02
1.436196453869342804e-02
2.211464196443557739e-02
2.065425552427768707e-02
2.503240108489990234e-02
1.141076628118753433e-02
2.435025759041309357e-02
2.196516096591949463e-02
2.544287219643592834e-02
2.402723208069801331e-02
2.604253217577934265e-02
1.638676412403583527e-02
2.700003609061241150e-02
2.842277660965919495e-02
2.406564727425575256e-02
2.088705264031887054e-02
2.783450484275817871e-02
2.130587585270404816e-02
1.743070408701896667e-02
1.674029789865016937e-02
1.682217605412006378e-02
1.687918230891227722e-02
1.682819798588752747e-02
1.862761378288269043e-02
1.784895732998847961e-02
1.637014746665954590e-02
1.553933788090944290e-02
2.003658190369606018e-02
1.909432746469974518e-02
1.737328991293907166e-02
1.871817931532859802e-02
1.824533566832542419e-02
1.995839737355709076e-02
1.827115193009376526e-02
2.239840105175971985e-02
1.983719505369663239e-02
2.154992707073688507e-02
1.932655274868011475e-02
2.043821290135383606e-02
2.066852524876594543e-02
1.838754117488861084e-02
2.824825793504714966e-02
2.315146476030349731e-02
7.083645556122064590e-03
2.740492299199104309e-02
2.731104940176010132e-02
2.925690449774265289e-02
2.919395267963409424e-02
2.937258780002593994e-02
2.658398821949958801e-02
2.891413494944572449e-02
1.915539428591728210e-02
1.548933424055576324e-02
1.654561981558799744e-02
1.695173047482967377e-02
1.720375940203666687e-02
2.046126872301101685e-02
1.667287200689315796e-02
2.099964767694473267e-02
1.286092028021812439e-02
2.123608998954296112e-02
2.015785500407218933e-02
2.448124438524246216e-02
1.577515900135040283e-02
2.516273222863674164e-02
1.355220004916191101e-02
2.370244823396205902e-02
2.402839250862598419e-02
2.535294927656650543e-02
1.109428144991397858e-02
2.441584691405296326e-02
2.148430049419403076e-02
2.431366220116615295e-02
1.775832101702690125e-02
2.098416909575462341e-02
1.654976606369018555e-02
2.073919773101806641e-02
1.830263808369636536e-02
1.901423931121826172e-02
1.212950982153415680e-02
1.751148328185081482e-02
1.443800702691078186e-02
1.679560542106628418e-02
1.703761518001556396e-02
1.858170703053474426e-02
1.796030998229980469e-02
1.699859090149402618e-02
1.554345991462469101e-02
1.820371299982070923e-02
1.708023436367511749e-02
1.781802810728549957e-02
2.172874100506305695e-02
1.943757012486457825e-02
1.604387536644935608e-02
1.894445717334747314e-02
2.571184933185577393e-02
2.487076632678508759e-02
2.522164955735206604e-02
2.137786522507667542e-02
1.640670374035835266e-02
2.459564805030822754e-02
2.611080184578895569e-02
2.138419076800346375e-02
2.130197919905185699e-02
1.600260101258754730e-02
2.399536967277526855e-02
1.687388308346271515e-02
6.032107397913932800e-03
2.020853757858276367e-02
2.112346515059471130e-02
1.999084651470184326e-02
2.037669718265533447e-02
2.115350216627120972e-02
2.098100632429122925e-02
1.924504712224006653e-02
1.146641001105308533e-02
1.107734534889459610e-02
1.165596768260002136e-02
9.153401479125022888e-03
1.354013569653034210e-02
1.075710821896791458e-02
1.043109223246574402e-02
1.501140184700489044e-02
1.106549240648746490e-02
1.527788210660219193e-02
1.188163366168737411e-02
1.596399396657943726e-02
1.472377777099609375e-02
1.601154729723930359e-02
8.235014975070953369e-03
1.665388047695159912e-02
2.131595090031623840e-02
2.011314406991004944e-02
9.659922681748867035e-03
2.196686342358589172e-02
1.910535246133804321e-02
2.059159800410270691e-02
1.957669854164123535e-02
2.481879852712154388e-02
1.441379822790622711e-02
2.210188657045364380e-02
2.003917470574378967e-02
2.278483286499977112e-02
1.242785621434450150e-02
2.014617994427680969e-02
2.034840546548366547e-02
2.104413323104381561e-02
9.783795103430747986e-03
1.169320102781057358e-02
1.244046166539192200e-02
9.692492894828319550e-03
1.395065523684024811e-02
1.156660448759794235e-02
8.454018272459506989e-03
1.515305601060390472e-02
1.153059862554073334e-02
1.392331719398498535e-02
8.530961349606513977e-03
1.531241275370121002e-02
1.932883448898792267e-02
1.707433909177780151e-02
1.297080703079700470e-02
1.809169352054595947e-02
1.454083994030952454e-02
2.048069424927234650e-02
1.310555264353752136e-02
1.770417764782905579e-02
1.982235535979270935e-02
1.600099727511405945e-02
2.168920077383518219e-02
1.923216506838798523e-02
5.788863636553287506e-03
2.082687243819236755e-02
2.262391522526741028e-02
2.469184622168540955e-02
2.335591427981853485e-02
2.333510294556617737e-02
2.716751769185066223e-02
2.275649644434452057e-02
1.675345376133918762e-02
1.628232747316360474e-02
1.618232764303684235e-02
1.711454428732395172e-02
1.491261087357997894e-02
1.782871410250663757e-02
1.676100119948387146e-02
1.776161417365074158e-02
1.512365415692329407e-02
1.967005059123039246e-02
1.814912632107734680e-02
1.967855915427207947e-02
1.363333966583013535e-02
2.143283560872077942e-02
1.368257123976945877e-02
2.120446600019931793e-02
2.171981148421764374e-02
2.403937838971614838e-02
1.043076813220977783e-02
2.842028625309467316e-02
2.671531401574611664e-02
2.412899397313594818e-02
2.428273856639862061e-02
2.699113637208938599e-02
1.663854345679283142e-02
2.952886186540126801e-02
2.669808641076087952e-02
2.627979218959808350e-02
2.174953743815422058e-02
2.426704391837120056e-02
1.926560699939727783e-02
1.689556054770946503e-02
1.590896770358085632e-02
1.669879630208015442e-02
1.619709655642509460e-02
1.784361898899078369e-02
1.607317663729190826e-02
1.949540153145790100e-02
1.543903630226850510e-02
1.752305775880813599e-02
1.744861342012882233e-02
1.940269581973552704e-02
1.618828997015953064e-02
1.985666900873184204e-02
1.800861954689025879e-02
2.204214595258235931e-02
1.819959469139575958e-02
2.095321193337440491e-02
2.048477716743946075e-02
2.466929331421852112e-02
1.586100459098815918e-02
2.368211187422275543e-02
2.321551367640495300e-02
1.813075691461563110e-02
2.833863720297813416e-02
2.485707029700279236e-02
6.735321599990129471e-03
2.797132730484008789e-02
2.961201965808868408e-02
2.619483508169651031e-02
2.457479014992713928e-02
2.856622636318206787e-02
2.518691122531890869e-02
2.459613978862762451e-02
1.335719600319862366e-02
1.408163458108901978e-02
1.676646620035171509e-02
1.319003291428089142e-02
1.724459230899810791e-02
1.867862790822982788e-02
1.838205941021442413e-02
1.346595957875251770e-02
1.823487505316734314e-02
1.188085973262786865e-02
1.278119906783103943e-02
2.120015770196914673e-02
1.387345977127552032e-02
1.824518851935863495e-02
1.998519524931907654e-02
2.240277267992496490e-02
1.975022628903388977e-02
1.920488476753234863e-02
1.911054179072380066e-02
1.790399104356765747e-02
1.829458028078079224e-02
1.764870248734951019e-02
1.754396036267280579e-02
1.643932610750198364e-02
1.298132911324501038e-02
1.711843907833099365e-02
1.762908697128295898e-02
1.814696192741394043e-02
1.859991811215877533e-02
1.090019103139638901e-02
1.745469681918621063e-02
1.135616004467010498e-02
1.233519427478313446e-02
1.425305195152759552e-02
1.394913997501134872e-02
1.562437508255243301e-02
1.341881975531578064e-02
1.444414537400007248e-02
1.490445248782634735e-02
1.874807290732860565e-02
1.165187731385231018e-02
2.055641077458858490e-02
2.187312766909599304e-02
1.561331842094659805e-02
2.241297438740730286e-02
1.834543049335479736e-02
1.815937086939811707e-02
1.609461195766925812e-02
1.935386657714843750e-02
1.958477124571800232e-02
1.930957660079002380e-02
1.979272812604904175e-02
1.822006702423095703e-02
1.687507890164852142e-02
1.781201362609863281e-02
1.750655472278594971e-02
6.290994118899106979e-03
1.737569086253643036e-02
1.751745864748954773e-02
1.710131019353866577e-02
1.238885708153247833e-02
1.430430915206670761e-02
1.751338690519332886e-02
1.147523429244756699e-02
2.087808027863502502e-02
2.020143344998359680e-02
1.807807013392448425e-02
1.988622546195983887e-02
2.010331489145755768e-02
1.904393546283245087e-02
1.949221827089786530e-02
1.470893248915672302e-02
2.236190065741539001e-02
1.350210607051849365e-02
1.420595683157444000e-02
2.577682584524154663e-02
1.626447588205337524e-02
2.552361041307449341e-02
2.400935813784599304e-02
2.703242190182209015e-02
2.628169953823089600e-02
2.590058371424674988e-02
2.674845606088638306e-02
2.239621989428997040e-02
2.500301226973533630e-02
2.579593658447265625e-02
2.805049344897270203e-02
2.531234547495841980e-02
1.535654440522193909e-02
2.577401511371135712e-02
2.558457851409912109e-02
2.494847774505615234e-02
2.444832399487495422e-02
1.390667445957660675e-02
2.556504122912883759e-02
1.531879976391792297e-02
2.146812900900840759e-02
1.966378465294837952e-02
1.931960135698318481e-02
2.133873477578163147e-02
1.701903901994228363e-02
1.851386576890945435e-02
1.650793105363845825e-02
2.125579304993152618e-02
1.413056440651416779e-02
2.376399748027324677e-02
2.471857145428657532e-02
2.201273478567600250e-02
2.771175466477870941e-02
2.669626101851463318e-02
2.268336713314056396e-02
1.809913478791713715e-02
2.656525373458862305e-02
2.595257945358753204e-02
2.564311027526855469e-02
2.747818082571029663e-02
2.524480968713760376e-02
2.524040825664997101e-02
2.358491718769073486e-02
2.564859762787818909e-02
7.689622230827808380e-03
2.404538542032241821e-02
2.522534690797328949e-02
2.564116939902305603e-02
1.856410689651966095e-02
1.712980493903160095e-02
2.421015128493309021e-02
1.597271859645843506e-02
1.843487285077571869e-02
1.894004270434379578e-02
1.620978489518165588e-02
1.813043653964996338e-02
1.933143101632595062e-02
1.994450576603412628e-02
2.059278450906276703e-02
1.333695650100708008e-02
2.537041902542114258e-02
1.255099661648273468e-02
1.415263675153255463e-02
2.826045453548431396e-02
1.393384579569101334e-02
2.541429176926612854e-02
2.372525259852409363e-02
2.700975909829139709e-02
2.284324727952480316e-02
2.264023199677467346e-02
2.149077504873275757e-02
1.996067538857460022e-02
2.125158719718456268e-02
2.190614119172096252e-02
2.138930372893810272e-02
1.948982849717140198e-02
1.504751294851303101e-02
2.053653821349143982e-02
1.964366622269153595e-02
1.926138997077941895e-02
1.966778375208377838e-02
1.187600940465927124e-02
2.039251103997230530e-02
1.455469615757465363e-02
1.805212348699569702e-02
1.682628504931926727e-02
1.819559745490550995e-02
2.078964747488498688e-02
1.516867242753505707e-02
1.694990880787372589e-02
1.511527132242918015e-02
2.298468351364135742e-02
1.365085691213607788e-02
2.800640091300010681e-02
2.665171027183532715e-02
2.049641683697700500e-02
2.730582281947135925e-02
2.522309310734272003e-02
2.443071082234382629e-02
1.724842190742492676e-02
2.232959866523742676e-02
2.241576462984085083e-02
2.292864769697189331e-02
2.418025210499763489e-02
1.992397755384445190e-02
2.005115523934364319e-02
1.982995122671127319e-02
1.940510794520378113e-02
7.122006267309188843e-03
1.975229382514953613e-02
2.020688727498054504e-02
2.026736550033092499e-02
1.865079626441001892e-02
1.485978439450263977e-02
2.008977904915809631e-02
1.470703352242708206e-02
4.469068720936775208e-03
8.536215871572494507e-03
6.863475311547517776e-03
7.431814447045326233e-03
1.174096390604972839e-02
1.211554929614067078e-02
1.253111287951469421e-02
1.323636248707771301e-02
1.232473179697990417e-02
1.293132081627845764e-02
1.547722984105348587e-02
1.055038999766111374e-02
1.553470734506845474e-02
1.783651486039161682e-02
1.996764540672302246e-02
2.318211272358894348e-02
2.695577964186668396e-02
2.525240741670131683e-02
2.549483068287372589e-02
2.813718095421791077e-02
2.630118466913700104e-02
2.528649568557739258e-02
2.781607396900653839e-02
2.474299073219299316e-02
1.568017713725566864e-02
2.613443508744239807e-02
2.589361742138862610e-02
2.638288587331771851e-02
2.638388797640800476e-02
1.730332337319850922e-02
2.502070553600788116e-02
1.916828565299510956e-02
5.860306322574615479e-03
5.606804043054580688e-03
9.464235976338386536e-03
1.143372803926467896e-02
8.409345522522926331e-03
9.246731176972389221e-03
1.046661753207445145e-02
1.258507464081048965e-02
1.418221555650234222e-02
1.173232682049274445e-02
1.091380789875984192e-02
1.247056387364864349e-02
1.289968006312847137e-02
1.578992232680320740e-02
1.879078522324562073e-02
2.019340358674526215e-02
2.528622746467590332e-02
2.682438306510448456e-02
2.711007371544837952e-02
3.057027608156204224e-02
2.634524926543235779e-02
2.517763152718544006e-02
2.707729861140251160e-02
2.664962597191333771e-02
9.651575237512588501e-03
2.460165694355964661e-02
2.441304177045822144e-02
2.579896897077560425e-02
2.006756141781806946e-02
2.111442759633064270e-02
2.509494684636592865e-02
1.844367757439613342e-02
1.582808420062065125e-02
2.061496488749980927e-02
1.649407669901847839e-02
1.020488329231739044e-02
2.021659351885318756e-02
2.035083249211311340e-02
2.056063339114189148e-02
1.105123944580554962e-02
2.271298691630363464e-02
9.769100695848464966e-03
1.109480299055576324e-02
2.269770577549934387e-02
1.134616788476705551e-02
2.015513181686401367e-02
2.127189189195632935e-02
2.341740205883979797e-02
2.381891757249832153e-02
2.263522334396839142e-02
2.186933718621730804e-02
2.040295302867889404e-02
2.147006429731845856e-02
2.148532494902610779e-02
2.176652848720550537e-02
2.047307044267654419e-02
1.416174788028001785e-02
2.066498249769210815e-02
2.134204469621181488e-02
2.021625265479087830e-02
2.033287286758422852e-02
1.407961174845695496e-02
2.120707184076309204e-02
1.326498296111822128e-02
2.213523723185062408e-02
1.361476629972457886e-02
1.317958533763885498e-02
2.152808383107185364e-02
1.043425500392913818e-02
1.172487344592809677e-02
1.021072641015052795e-02
2.167181298136711121e-02
1.129226759076118469e-02
2.101496420800685883e-02
2.196025289595127106e-02
1.292528957128524780e-02
2.406559325754642487e-02
1.868974417448043823e-02
2.205381169915199280e-02
1.598098501563072205e-02
2.350053191184997559e-02
2.305068634450435638e-02
2.241098694503307343e-02
2.284551039338111877e-02
2.055998146533966064e-02
2.070450596511363983e-02
2.113613113760948181e-02
2.084538526833057404e-02
6.424141582101583481e-03
1.929175294935703278e-02
2.036953158676624298e-02
1.970352604985237122e-02
1.483074203133583069e-02
1.620862632989883423e-02
1.968691125512123108e-02
1.112154498696327209e-02
2.292420901358127594e-02
1.977309584617614746e-02
1.745372265577316284e-02
1.771984621882438660e-02
2.098200283944606781e-02
1.958944648504257202e-02
2.150560542941093445e-02
1.404581032693386078e-02
2.756159938871860504e-02
1.343754678964614868e-02
1.320672407746315002e-02
2.846558019518852234e-02
1.280467212200164795e-02
2.799638174474239349e-02
2.583824843168258667e-02
2.679604478180408478e-02
2.568243816494941711e-02
2.649568393826484680e-02
2.677321434020996094e-02
2.220057323575019836e-02
2.418189123272895813e-02
2.522954717278480530e-02
2.537653036415576935e-02
2.468919381499290466e-02
1.559879351407289505e-02
2.474899217486381531e-02
2.375468611717224121e-02
2.435758523643016815e-02
2.440127730369567871e-02
1.494227163493633270e-02
2.491849288344383240e-02
1.593972742557525635e-02
2.186163887381553650e-02
1.855340600013732910e-02
1.843682490289211273e-02
2.269309200346469879e-02
1.597758010029792786e-02
1.738255284726619720e-02
1.397202257066965103e-02
2.619652263820171356e-02
1.428653299808502197e-02
2.801124192774295807e-02
3.149174153804779053e-02
2.026954665780067444e-02
3.060483187437057495e-02
2.804960310459136963e-02
2.675439044833183289e-02
1.784453168511390686e-02
2.504984289407730103e-02
2.531204745173454285e-02
2.546196989715099335e-02
2.636487409472465515e-02
2.536865137517452240e-02
2.296283468604087830e-02
2.398172579705715179e-02
2.553700655698776245e-02
7.365159690380096436e-03
2.456535585224628448e-02
2.426809817552566528e-02
2.444737404584884644e-02
1.864427514374256134e-02
1.682596653699874878e-02
2.452616393566131592e-02
1.598127372562885284e-02
1.829320192337036133e-02
1.799783110618591309e-02
1.623766683042049408e-02
1.722560636699199677e-02
2.042196691036224365e-02
1.956238783895969391e-02
1.739572919905185699e-02
1.226007658988237381e-02
2.117643132805824280e-02
1.139476336538791656e-02
1.287957839667797089e-02
2.361162379384040833e-02
1.151960715651512146e-02
1.899456791579723358e-02
2.103474363684654236e-02
2.263319678604602814e-02
2.125617116689682007e-02
2.156786993145942688e-02
2.067527920007705688e-02
1.946356892585754395e-02
2.097717300057411194e-02
2.132633700966835022e-02
2.195020765066146851e-02
2.130367234349250793e-02
1.503801532089710236e-02
2.137749642133712769e-02
2.071103453636169434e-02
2.025257423520088196e-02
2.107925526797771454e-02
1.298729516565799713e-02
1.953016221523284912e-02
1.420435775071382523e-02
1.842714846134185791e-02
1.665044948458671570e-02
1.834722794592380524e-02
2.065340429544448853e-02
1.638726890087127686e-02
1.762081310153007507e-02
1.561648305505514145e-02
1.982884109020233154e-02
1.171184517443180084e-02
2.237178571522235870e-02
2.283861674368381500e-02
1.984946988523006439e-02
2.337945438921451569e-02
2.219165302813053131e-02
2.141444757580757141e-02
1.659706234931945801e-02
1.935665868222713470e-02
2.135647647082805634e-02
2.257575094699859619e-02
2.172771468758583069e-02
2.039751783013343811e-02
1.964087784290313721e-02
2.062002569437026978e-02
2.070588991045951843e-02
6.914153695106506348e-03
2.023427933454513550e-02
2.057027816772460938e-02
2.161620557308197021e-02
1.806668564677238464e-02
1.639970391988754272e-02
2.016867510974407196e-02
1.655293814837932587e-02
1.840944774448871613e-02
1.762395724654197693e-02
1.606506109237670898e-02
1.755835302174091339e-02
1.727980747818946838e-02
1.540338899940252304e-02
1.720454916357994080e-02
1.429271884262561798e-02
1.621235162019729614e-02
1.276931166648864746e-02
1.294426433742046356e-02
1.969948410987854004e-02
1.446328405290842056e-02
2.185510285198688507e-02
2.048959210515022278e-02
2.184912934899330139e-02
2.189769595861434937e-02
2.499765530228614807e-02
2.373933419585227966e-02
2.187443897128105164e-02
2.666610479354858398e-02
2.708014100790023804e-02
2.948363870382308960e-02
2.634928375482559204e-02
2.003329806029796600e-02
3.124195709824562073e-02
3.135249391198158264e-02
3.093780577182769775e-02
3.003863431513309479e-02
1.845718175172805786e-02
3.291764855384826660e-02
2.343725040555000305e-02
1.669263839721679688e-02
1.797802560031414032e-02
1.696452125906944275e-02
1.832039654254913330e-02
1.552416570484638214e-02
1.811123825609683990e-02
1.468148641288280487e-02
1.843759790062904358e-02
1.417186297476291656e-02
1.796260289847850800e-02
1.871284842491149902e-02
2.066294476389884949e-02
2.027474343776702881e-02
2.069392800331115723e-02
2.249126881361007690e-02
1.564361155033111572e-02
2.291293814778327942e-02
2.376412041485309601e-02
2.542604506015777588e-02
2.623771876096725464e-02
2.595390565693378448e-02
2.465340122580528259e-02
2.728055417537689209e-02
2.989627979695796967e-02
9.252512827515602112e-03
3.002945892512798309e-02
3.044535964727401733e-02
3.321384638547897339e-02
2.809000387787818909e-02
2.225007116794586182e-02
3.052273578941822052e-02
2.623179368674755096e-02
