<system>Protocol: Active. Attitude: Sassy.</system>
2.739806845784187317e-02
1.915548741817474365e-02
2.560054510831832886e-02
1.371160522103309631e-02
1.584391482174396515e-02
1.923507452011108398e-02
1.716718636453151703e-02
1.743299327790737152e-02
2.073834650218486786e-02
1.868979632854461670e-02
1.760772988200187683e-02
1.616126298904418945e-02
9.663021191954612732e-03
1.714214310050010681e-02
1.531087979674339294e-02
1.772324368357658386e-02
1.558830402791500092e-02
9.684015065431594849e-03
1.631066389381885529e-02
1.847475767135620117e-02
1.596052944660186768e-02
1.738778315484523773e-02
1.769567281007766724e-02
1.537175849080085754e-02
6.334317848086357117e-03
1.470361277461051941e-02
1.553549524396657944e-02
1.337582245469093323e-02
1.409741211682558060e-02
1.485622953623533249e-02
1.370340213179588318e-02
1.306255720555782318e-02
1.346153207123279572e-02
1.835684478282928467e-02
1.851177588105201721e-02
1.983658783137798309e-02
1.932998746633529663e-02
1.752139441668987274e-02
2.110804617404937744e-02
1.759138703346252441e-02
1.334877964109182358e-02
1.365409325808286667e-02
1.355869695544242859e-02
1.850017905235290527e-02
1.973680220544338226e-02
1.411592029035091400e-02
1.553629897534847260e-02
9.450508281588554382e-03
1.435191370546817780e-02
1.729968190193176270e-02
1.471851300448179245e-02
7.687299046665430069e-03
1.512306369841098785e-02
1.323327608406543732e-02
1.220219209790229797e-02
1.477880775928497314e-02
1.995353214442729950e-02
1.338079199194908142e-02
1.675754413008689880e-02
1.447804458439350128e-02
1.436726562678813934e-02
1.621860824525356293e-02
1.291741430759429932e-02
1.432308927178382874e-02
1.857843250036239624e-02
1.406314317137002945e-02
2.105374448001384735e-02
1.606869325041770935e-02
1.609207317233085632e-02
2.247568964958190918e-02
1.709229685366153717e-02
2.485539764165878296e-02
2.000170201063156128e-02
2.630867436528205872e-02
2.340475656092166901e-02
2.373795956373214722e-02
1.770577579736709595e-02
2.622541971504688263e-02
2.345008589327335358e-02
2.829422987997531891e-02
2.266777865588665009e-02
1.566126570105552673e-02
2.558648958802223206e-02
2.868392691016197205e-02
2.192525193095207214e-02
2.390440553426742554e-02
2.424649149179458618e-02
1.800922490656375885e-02
7.746011950075626373e-03
1.718603260815143585e-02
1.746407710015773773e-02
1.534340903162956238e-02
1.671322435140609741e-02
1.621172018349170685e-02
1.692811772227287292e-02
1.724382489919662476e-02
1.882708817720413208e-02
1.349834911525249481e-02
1.983320154249668121e-02
1.779932714998722076e-02
1.735928282141685486e-02
2.089685387909412384e-02
1.863768510520458221e-02
2.370505779981613159e-02
1.689892634749412537e-02
2.106210961937904358e-02
2.059904485940933228e-02
2.676690183579921722e-02
2.784481830894947052e-02
1.966753602027893066e-02
2.375853061676025391e-02
1.750100776553153992e-02
2.169140055775642395e-02
2.891914546489715576e-02
2.039291337132453918e-02
1.050777733325958252e-02
2.034341171383857727e-02
1.613294705748558044e-02
1.492135971784591675e-02
1.712925732135772705e-02
2.153636515140533447e-02
1.486204192042350769e-02
1.967741735279560089e-02
1.636932417750358582e-02
1.741547323763370514e-02
2.068289741873741150e-02
1.583041436970233917e-02
1.575388386845588684e-02
1.217225752770900726e-02
1.084600389003753662e-02
1.273368857800960541e-02
1.488360203802585602e-02
1.361079420894384384e-02
1.468943245708942413e-02
1.189621444791555405e-02
1.508176513016223907e-02
1.405868120491504669e-02
1.779100112617015839e-02
1.740973442792892456e-02
1.833020523190498352e-02
1.335856318473815918e-02
2.216390892863273621e-02
2.064161747694015503e-02
2.058789134025573730e-02
2.074901759624481201e-02
1.766276173293590546e-02
2.528046444058418274e-02
2.140196785330772400e-02
2.412190288305282593e-02
3.084123879671096802e-02
2.630610018968582153e-02
2.521302923560142517e-02
9.998593479394912720e-03
2.250141650438308716e-02
2.354981377720832825e-02
2.346606180071830750e-02
2.433149144053459167e-02
2.679688483476638794e-02
2.930379658937454224e-02
2.584329992532730103e-02
1.165027078241109848e-02
1.273719035089015961e-02
1.419572439044713974e-02
1.420489139854907990e-02
1.283318363130092621e-02
1.558796968311071396e-02
1.192163396626710892e-02
1.435674913227558136e-02
1.440966688096523285e-02
1.838207989931106567e-02
1.605094783008098602e-02
1.998695917427539825e-02
1.548090949654579163e-02
1.835333555936813354e-02
2.102689445018768311e-02
1.570127531886100769e-02
2.193698287010192871e-02
2.495264261960983276e-02
2.346702478826045990e-02
1.308852899819612503e-02
2.438476681709289551e-02
2.068890631198883057e-02
1.930037513375282288e-02
2.491642162203788757e-02
2.853197976946830750e-02
2.103458344936370850e-02
2.788352966308593750e-02
2.793347463011741638e-02
2.778603509068489075e-02
2.682678773999214172e-02
2.825754135847091675e-02
2.606403827667236328e-02
1.525075361132621765e-02
1.561957318335771561e-02
1.656897179782390594e-02
2.008481882512569427e-02
1.951908878982067108e-02
1.604152657091617584e-02
1.797337457537651062e-02
1.889141649007797241e-02
2.221236377954483032e-02
2.175413630902767181e-02
2.183939889073371887e-02
2.221962064504623413e-02
1.823634468019008636e-02
2.561908215284347534e-02
2.413227222859859467e-02
2.558534219861030579e-02
2.343570068478584290e-02
1.899027824401855469e-02
2.722096256911754608e-02
2.707326784729957581e-02
2.503294870257377625e-02
2.869755402207374573e-02
3.016697429120540619e-02
2.452768199145793915e-02
9.791381657123565674e-03
2.261838875710964203e-02
2.341450005769729614e-02
2.242635749280452728e-02
2.275468036532402039e-02
2.380309440195560455e-02
2.359610795974731445e-02
2.638022601604461670e-02
1.474213413894176483e-02
1.507338508963584900e-02
1.536757405847311020e-02
2.127358876168727875e-02
1.998318545520305634e-02
1.527860015630722046e-02
1.841228641569614410e-02
1.803821697831153870e-02
2.153271250426769257e-02
2.035381272435188293e-02
2.220961079001426697e-02
2.429210767149925232e-02
2.151496522128582001e-02
2.034763246774673462e-02
2.370658144354820251e-02
1.988903060555458069e-02
2.329219877719879150e-02
2.925169654190540314e-02
2.512892894446849823e-02
1.487251929938793182e-02
2.562125772237777710e-02
2.173161879181861877e-02
1.987662911415100098e-02
2.374151721596717834e-02
2.744260430335998535e-02
2.089958265423774719e-02
2.593405731022357941e-02
2.289905771613121033e-02
2.468202263116836548e-02
2.763550356030464172e-02
2.419814839959144592e-02
2.383844368159770966e-02
1.175262965261936188e-02
9.040883742272853851e-03
1.309177652001380920e-02
1.191404461860656738e-02
1.080593932420015335e-02
1.133391074836254120e-02
1.086789928376674652e-02
1.263684220612049103e-02
1.272284798324108124e-02
1.305628195405006409e-02
1.495999284088611603e-02
1.703897118568420410e-02
1.115812920033931732e-02
1.863400451838970184e-02
1.651746034622192383e-02
1.640023291110992432e-02
1.611603610217571259e-02
1.448604464530944824e-02
2.154787629842758179e-02
1.849786937236785889e-02
2.248959988355636597e-02
2.710785716772079468e-02
2.977398782968521118e-02
2.691356837749481201e-02
1.037865318357944489e-02
2.904975414276123047e-02
2.319988794624805450e-02
2.319966256618499756e-02
3.034145571291446686e-02
2.449879050254821777e-02
2.843848615884780884e-02
2.324567735195159912e-02
1.140201091766357422e-02
1.055694743990898132e-02
1.359809003770351410e-02
1.004303246736526489e-02
9.959136135876178741e-03
1.329595316201448441e-02
1.049113553017377853e-02
1.303260587155818939e-02
1.355367153882980347e-02
1.554422825574874878e-02
1.360593363642692566e-02
1.665135100483894348e-02
1.255915313959121704e-02
1.599727757275104523e-02
1.727187260985374451e-02
1.404624897986650467e-02
1.859762892127037048e-02
1.846202462911605835e-02
1.878905296325683594e-02
1.281090453267097473e-02
2.279347181320190430e-02
2.283059246838092804e-02
2.034471742808818817e-02
2.661208994686603546e-02
2.663291245698928833e-02
2.734800428152084351e-02
2.978319115936756134e-02
2.538968995213508606e-02
2.689694426953792572e-02
2.516328543424606323e-02
2.277588285505771637e-02
2.458598464727401733e-02
6.763553246855735779e-03
7.660205941647291183e-03
7.409522309899330139e-03
9.198763407766819000e-03
1.092879287898540497e-02
9.908156469464302063e-03
9.980268776416778564e-03
1.042750570923089981e-02
1.067493949085474014e-02
1.276691630482673645e-02
1.170313358306884766e-02
1.284419745206832886e-02
1.442680321633815765e-02
1.717897877097129822e-02
2.017753012478351593e-02
1.618564501404762268e-02
2.974333055317401886e-02
2.321013435721397400e-02
2.574227377772331238e-02
2.233074605464935303e-02
3.445196151733398438e-02
3.910664841532707214e-02
3.901918977499008179e-02
4.386742413043975830e-02
1.424791663885116577e-02
4.376705363392829895e-02
4.336347430944442749e-02
3.905568271875381470e-02
4.363065958023071289e-02
4.205887019634246826e-02
3.842949494719505310e-02
3.855182230472564697e-02
8.438037708401679993e-03
9.239506907761096954e-03
9.602461010217666626e-03
8.246472105383872986e-03
9.990567341446876526e-03
1.014556735754013062e-02
9.322430007159709930e-03
1.008505281060934067e-02
1.088711991906166077e-02
1.456001121550798416e-02
1.178440265357494354e-02
1.324054971337318420e-02
1.388621516525745392e-02
1.672502607107162476e-02
2.079927735030651093e-02
1.782545819878578186e-02
2.772558480501174927e-02
2.586775273084640503e-02
2.440854907035827637e-02
1.929911412298679352e-02
3.530703485012054443e-02
3.186846897006034851e-02
3.000283800065517426e-02
4.275514185428619385e-02
2.756493538618087769e-02
4.055912047624588013e-02
4.649150744080543518e-02
4.142088443040847778e-02
4.255537688732147217e-02
4.415602982044219971e-02
3.983202204108238220e-02
4.047438502311706543e-02
1.962835714221000671e-02
1.760541275143623352e-02
1.834081113338470459e-02
1.569470018148422241e-02
1.977514475584030151e-02
1.776991412043571472e-02
1.868460141122341156e-02
1.419170014560222626e-02
1.596291363239288330e-02
1.667588576674461365e-02
1.702532544732093811e-02
1.895231753587722778e-02
1.173102762550115585e-02
1.837451010942459106e-02
1.837733387947082520e-02
1.547208148986101151e-02
2.032542042434215546e-02
1.288134977221488953e-02
2.362910658121109009e-02
1.607027277350425720e-02
2.291369065642356873e-02
2.572416141629219055e-02
2.461456134915351868e-02
2.207302674651145935e-02
7.985654287040233612e-03
2.101518400013446808e-02
2.142167091369628906e-02
1.904220879077911377e-02
2.132812514901161194e-02
2.188136056065559387e-02
2.105903998017311096e-02
2.088227495551109314e-02
2.042483724653720856e-02
1.707503758370876312e-02
1.718219369649887085e-02
1.805393397808074951e-02
1.760032027959823608e-02
1.546425744891166687e-02
1.584290154278278351e-02
1.530096679925918579e-02
1.626158691942691803e-02
1.556565798819065094e-02
1.512626372277736664e-02
1.792057231068611145e-02
1.305778417736291885e-02
1.580977067351341248e-02
1.877765357494354248e-02
1.124462485313415527e-02
1.955035142600536346e-02
1.953303068876266479e-02
2.134244143962860107e-02
1.047560665756464005e-02
2.147410809993743896e-02
1.946321688592433929e-02
1.831817626953125000e-02
2.210330963134765625e-02
2.062932029366493225e-02
1.991164684295654297e-02
2.438786998391151428e-02
2.219845168292522430e-02
2.269393950700759888e-02
2.369606681168079376e-02
2.142183110117912292e-02
2.225150540471076965e-02
1.254668831825256348e-02
1.121277734637260437e-02
1.423512212932109833e-02
1.602073945105075836e-02
1.557360030710697174e-02
1.472359243780374527e-02
1.303429156541824341e-02
1.517884992063045502e-02
1.577876508235931396e-02
1.810957863926887512e-02
1.851405203342437744e-02
1.816287077963352203e-02
1.446226611733436584e-02
2.248212695121765137e-02
2.244308963418006897e-02
1.962747052311897278e-02
2.471646480262279510e-02
1.748951151967048645e-02
2.616707608103752136e-02
2.042915299534797668e-02
2.556871622800827026e-02
3.068173117935657501e-02
2.682789601385593414e-02
2.602037601172924042e-02
1.010972354561090469e-02
2.458631247282028198e-02
2.307759784162044525e-02
2.483714558184146881e-02
2.574317529797554016e-02
2.639832161366939545e-02
2.479737624526023865e-02
2.378729544579982758e-02
1.549696829169988632e-02
1.353451982140541077e-02
1.539693679660558701e-02
1.408077776432037354e-02
1.492355018854141235e-02
1.601261273026466370e-02
1.227809954434633255e-02
1.434052363038063049e-02
1.668454520404338837e-02
2.033546008169651031e-02
1.788262836635112762e-02
2.017839066684246063e-02
1.608945056796073914e-02
1.908931136131286621e-02
2.189199067652225494e-02
1.586598902940750122e-02
2.362986654043197632e-02
2.267543040215969086e-02
2.557803131639957428e-02
1.397318858653306961e-02
2.502888441085815430e-02
2.266941219568252563e-02
2.030234411358833313e-02
2.453802339732646942e-02
2.528383024036884308e-02
2.394299954175949097e-02
2.845069393515586853e-02
2.534140087664127350e-02
2.721758559346199036e-02
2.788875438272953033e-02
2.596545964479446411e-02
2.605255320668220520e-02
1.922033354640007019e-02
2.475789561867713928e-02
1.925530843436717987e-02
2.556543797254562378e-02
2.183847688138484955e-02
2.036421373486518860e-02
2.316859737038612366e-02
2.342215180397033691e-02
2.478978969156742096e-02
2.514912933111190796e-02
2.453307248651981354e-02
2.804642543196678162e-02
3.000861033797264099e-02
2.828648500144481659e-02
2.489018440246582031e-02
2.295142784714698792e-02
3.111963905394077301e-02
2.787604928016662598e-02
1.634284108877182007e-02
2.582015842199325562e-02
2.151153422892093658e-02
2.349995449185371399e-02
1.959820091724395752e-02
2.185350656509399414e-02
1.121902931481599808e-02
1.807906106114387512e-02
1.979054883122444153e-02
1.943142153322696686e-02
1.818620227277278900e-02
1.882280781865119934e-02
1.912636682391166687e-02
1.962326280772686005e-02
1.918365247547626495e-02
2.057245559990406036e-02
1.905496232211589813e-02
2.176483348011970520e-02
2.418235689401626587e-02
2.024500444531440735e-02
2.447997592389583588e-02
2.485020086169242859e-02
2.500678226351737976e-02
2.485052496194839478e-02
2.727867104113101959e-02
2.229049429297447205e-02
2.596915327012538910e-02
2.059772424399852753e-02
2.852349914610385895e-02
2.936822921037673950e-02
1.837485656142234802e-02
2.367856726050376892e-02
2.895835414528846741e-02
2.505687251687049866e-02
2.295603230595588684e-02
2.206414006650447845e-02
2.464482374489307404e-02
2.078676782548427582e-02
2.749459259212017059e-02
1.906136795878410339e-02
1.900434866547584534e-02
1.939806900918483734e-02
1.767455972731113434e-02
1.853896304965019226e-02
2.091117389500141144e-02
1.861772686243057251e-02
1.122981123626232147e-02
1.038859970867633820e-02
1.201420091092586517e-02
1.062391232699155807e-02
1.155175641179084778e-02
1.264510490000247955e-02
1.437931787222623825e-02
1.396061293780803680e-02
1.526396907866001129e-02
1.548369787633419037e-02
1.555478386580944061e-02
1.530002523213624954e-02
2.106604352593421936e-02
1.921250112354755402e-02
2.162533253431320190e-02
2.278498187661170959e-02
2.429070323705673218e-02
3.041342273354530334e-02
2.243272960186004639e-02
3.113685920834541321e-02
3.104478493332862854e-02
3.510293737053871155e-02
3.059927746653556824e-02
3.712878376245498657e-02
1.702208630740642548e-02
3.467492014169692993e-02
3.600208088755607605e-02
3.564567118883132935e-02
3.542602434754371643e-02
3.592101484537124634e-02
3.386454656720161438e-02
3.421504795551300049e-02
1.024309732019901276e-02
9.893212467432022095e-03
1.122287474572658539e-02
1.077645085752010345e-02
1.011512801051139832e-02
1.252010464668273926e-02
1.471826992928981781e-02
1.310696732252836227e-02
1.597325876355171204e-02
1.476905308663845062e-02
1.603672653436660767e-02
1.702798902988433838e-02
1.972468569874763489e-02
1.669659465551376343e-02
2.357547543942928314e-02
2.434058114886283875e-02
2.155838347971439362e-02
2.785347774624824524e-02
2.868650667369365692e-02
3.083728998899459839e-02
3.232664242386817932e-02
3.190913051366806030e-02
3.845056518912315369e-02
3.341327980160713196e-02
3.250149637460708618e-02
3.574270009994506836e-02
3.732099384069442749e-02
3.326038271188735962e-02
3.258500248193740845e-02
3.168229758739471436e-02
3.513502702116966248e-02
3.447066247463226318e-02
1.909792423248291016e-02
1.428442075848579407e-02
1.611688733100891113e-02
1.425926201045513153e-02
1.271560508757829666e-02
1.109321787953376770e-02
1.508128270506858826e-02
1.266070641577243805e-02
1.192665752023458481e-02
1.290139835327863693e-02
1.351975090801715851e-02
1.263111643493175507e-02
1.489594671875238419e-02
1.337785553187131882e-02
1.505005732178688049e-02
1.488114707171916962e-02
1.660308241844177246e-02
1.890520006418228149e-02
1.224073488265275955e-02
1.752901449799537659e-02
1.794626191258430481e-02
1.818429492413997650e-02
1.675863005220890045e-02
1.847172901034355164e-02
9.541310369968414307e-03
1.753442361950874329e-02
1.815310120582580566e-02
1.814462803304195404e-02
1.846740581095218658e-02
1.873635128140449524e-02
1.913236081600189209e-02
1.854879967868328094e-02
1.074677146971225739e-02
1.307783275842666626e-02
1.328370720148086548e-02
1.285114698112010956e-02
1.263526268303394318e-02
1.325569301843643188e-02
1.462294068187475204e-02
1.226305589079856873e-02
1.295484229922294617e-02
1.291237957775592804e-02
1.407088711857795715e-02
1.219394057989120483e-02
1.400160044431686401e-02
1.110737957060337067e-02
1.783733069896697998e-02
1.650183647871017456e-02
1.220090314745903015e-02
1.502984203398227692e-02
1.816289126873016357e-02
1.925724372267723083e-02
1.872140169143676758e-02
1.749577932059764862e-02
2.069989033043384552e-02
1.759017817676067352e-02
2.156874537467956543e-02
1.843320578336715698e-02
1.867913082242012024e-02
1.804486848413944244e-02
1.796927489340305328e-02
1.846462488174438477e-02
1.897293701767921448e-02
1.933561824262142181e-02
1.531031541526317596e-02
1.623005047440528870e-02
1.719309389591217041e-02
1.703255623579025269e-02
1.481203269213438034e-02
1.566973514854907990e-02
1.900453865528106689e-02
1.665594056248664856e-02
1.854395121335983276e-02
1.834492757916450500e-02
2.090582251548767090e-02
1.783393323421478271e-02
2.333838306367397308e-02
1.937821321189403534e-02
2.343985252082347870e-02
2.167602255940437317e-02
2.471797913312911987e-02
2.872684970498085022e-02
1.672030054032802582e-02
2.806773036718368530e-02
2.613564580678939819e-02
2.944878116250038147e-02
2.349243126809597015e-02
2.807510085403919220e-02
1.198378205299377441e-02
2.565268985927104950e-02
2.764233388006687164e-02
2.799335494637489319e-02
2.770358324050903320e-02
2.806346863508224487e-02
2.161145396530628204e-02
2.807103097438812256e-02
1.593368127942085266e-02
1.573703251779079437e-02
1.620311103761196136e-02
1.687390729784965515e-02
1.525026932358741760e-02
1.652946509420871735e-02
1.925045251846313477e-02
1.766009069979190826e-02
1.845494471490383148e-02
1.782934740185737610e-02
2.201123908162117004e-02
1.757760718464851379e-02
2.142226137220859528e-02
1.738114655017852783e-02
2.632651291787624359e-02
2.501307055354118347e-02
1.799816824495792389e-02
2.200971543788909912e-02
2.568307891488075256e-02
2.736268751323223114e-02
2.910464257001876831e-02
2.742973528802394867e-02
3.155878186225891113e-02
2.670576982200145721e-02
2.769715152680873871e-02
2.612370252609252930e-02
2.900058031082153320e-02
2.670764178037643433e-02
2.656204625964164734e-02
2.549189142882823944e-02
2.768843248486518860e-02
2.776933833956718445e-02
1.569725200533866882e-02
1.414936408400535583e-02
1.477355603128671646e-02
1.581451296806335449e-02
1.428198628127574921e-02
1.367866899818181992e-02
1.839716732501983643e-02
1.533474959433078766e-02
1.518964394927024841e-02
1.720270887017250061e-02
1.709562167525291443e-02
1.836309954524040222e-02
2.013630047440528870e-02
1.887279376387596130e-02
2.115419507026672363e-02
1.851072162389755249e-02
2.181619405746459961e-02
2.349812537431716919e-02
1.329406909644603729e-02
2.032389864325523376e-02
1.875083893537521362e-02
1.991276256740093231e-02
1.711403578519821167e-02
1.856869086623191833e-02
9.867416694760322571e-03
1.717696338891983032e-02
1.788742840290069580e-02
1.733690127730369568e-02
1.676702871918678284e-02
1.682451553642749786e-02
1.700592041015625000e-02
1.621898636221885681e-02
1.248964853584766388e-02
1.278008799999952316e-02
1.223163679242134094e-02
1.477140467613935471e-02
1.477755885571241379e-02
1.443529315292835236e-02
1.755991950631141663e-02
1.608663797378540039e-02
1.729092560708522797e-02
1.846113055944442749e-02
1.809763163328170776e-02
1.768321543931961060e-02
1.875212043523788452e-02
1.425391621887683868e-02
2.416173741221427917e-02
2.134619653224945068e-02
1.602741703391075134e-02
1.928732916712760925e-02
2.378276921808719635e-02
2.204919233918190002e-02
1.975853368639945984e-02
1.744496077299118042e-02
2.311071008443832397e-02
1.819255948066711426e-02
2.602534927427768707e-02
1.679673232138156891e-02
1.748916879296302795e-02
1.679390482604503632e-02
1.527048833668231964e-02
1.589895784854888916e-02
1.733014360070228577e-02
1.622106693685054779e-02
1.627037674188613892e-02
1.766531541943550110e-02
1.656542345881462097e-02
1.934086158871650696e-02
1.924341917037963867e-02
1.709111407399177551e-02
2.146520651876926422e-02
1.985501870512962341e-02
1.968509703874588013e-02
2.345164865255355835e-02
2.280691266059875488e-02
2.296522632241249084e-02
2.753827907145023346e-02
2.430760301649570465e-02
2.610093355178833008e-02
2.304543554782867432e-02
2.779293432831764221e-02
2.975217439234256744e-02
1.550062000751495361e-02
2.602592483162879944e-02
2.405043318867683411e-02
2.816167101263999939e-02
2.224877104163169861e-02
2.436672151088714600e-02
1.158627495169639587e-02
2.171337604522705078e-02
2.339494973421096802e-02
2.302550524473190308e-02
2.173626795411109924e-02
2.273124083876609802e-02
2.127582207322120667e-02
2.203789725899696350e-02
1.371539477258920670e-02
1.630694419145584106e-02
1.455880235880613327e-02
1.673133671283721924e-02
2.115409076213836670e-02
1.583100669085979462e-02
2.256238833069801331e-02
2.153572253882884979e-02
1.990307494997978210e-02
2.131142467260360718e-02
2.582373097538948059e-02
1.931117102503776550e-02
2.362709492444992065e-02
1.676404103636741638e-02
2.968036755919456482e-02
2.782493270933628082e-02
1.819695718586444855e-02
2.841885387897491455e-02
2.872429788112640381e-02
2.731129899621009827e-02
2.559038251638412476e-02
2.221832051873207092e-02
2.837831526994705200e-02
2.285338938236236572e-02
2.902246639132499695e-02
2.305836975574493408e-02
2.317126840353012085e-02
2.056246250867843628e-02
1.958711631596088409e-02
1.869205012917518616e-02
2.000268176198005676e-02
1.992025598883628845e-02
1.688945852220058441e-02
1.608164981007575989e-02
1.758494228124618530e-02
1.618924736976623535e-02
1.386264804750680923e-02
1.533969864249229431e-02
1.933783106505870819e-02
1.577613316476345062e-02
1.761052757501602173e-02
1.788671687245368958e-02
1.927777007222175598e-02
1.807413622736930847e-02
2.286469936370849609e-02
2.014901116490364075e-02
2.251368202269077301e-02
1.984913647174835205e-02
2.436117269098758698e-02
2.779635787010192871e-02
1.515024900436401367e-02
2.467834763228893280e-02
2.261629886925220490e-02
2.484553307294845581e-02
1.977775618433952332e-02
2.358860149979591370e-02
1.027069985866546631e-02
2.156506665050983429e-02
2.248150855302810669e-02
2.128483913838863373e-02
2.276537567377090454e-02
2.150805294513702393e-02
1.924528181552886963e-02
2.143396064639091492e-02
1.569271832704544067e-02
1.382103655487298965e-02
1.533071324229240417e-02
1.486985757946968079e-02
1.518409512937068939e-02
1.567392051219940186e-02
1.818850077688694000e-02
1.615272462368011475e-02
1.913164928555488586e-02
1.770983822643756866e-02
1.976900734007358551e-02
1.702163927257061005e-02
2.125067263841629028e-02
1.608220487833023071e-02
2.636098302900791168e-02
2.283320948481559753e-02
1.658567786216735840e-02
2.259208448231220245e-02
2.521141432225704193e-02
2.391715534031391144e-02
2.452913857996463776e-02
2.163805067539215088e-02
2.617873437702655792e-02
2.073118463158607483e-02
2.464930154383182526e-02
2.228848636150360107e-02
2.292213588953018188e-02
2.231591381132602692e-02
2.079467102885246277e-02
2.037871628999710083e-02
2.252958342432975769e-02
1.992071792483329773e-02
1.450000517070293427e-02
1.373720355331897736e-02
1.518841460347175598e-02
1.574354246258735657e-02
1.701907254755496979e-02
1.490602456033229828e-02
1.861494593322277069e-02
1.772920414805412292e-02
1.666945964097976685e-02
1.776422560214996338e-02
1.840347796678543091e-02
1.972036063671112061e-02
2.234566584229469299e-02
1.875118911266326904e-02
2.299702167510986328e-02
2.089188247919082642e-02
2.340211719274520874e-02
2.869943529367446899e-02
1.475861482322216034e-02
2.380979992449283600e-02
2.446504309773445129e-02
2.496618777513504028e-02
2.037559077143669128e-02
2.607309632003307343e-02
1.120163500308990479e-02
2.208854258060455322e-02
2.331125363707542419e-02
2.434411272406578064e-02
2.239592559635639191e-02
2.244404144585132599e-02
2.174653112888336182e-02
2.266173064708709717e-02
1.234570331871509552e-02
1.356521807610988617e-02
1.410226523876190186e-02
1.595090515911579132e-02
1.756883412599563599e-02
1.523450948297977448e-02
1.961237564682960510e-02
1.812586188316345215e-02
1.813524216413497925e-02
1.684502884745597839e-02
2.043455839157104492e-02
1.783838868141174316e-02
2.072635106742382050e-02
1.450944133102893829e-02
2.738436125218868256e-02
2.384915947914123535e-02
1.673301495611667633e-02
2.266256697475910187e-02
2.672135829925537109e-02
2.399300411343574524e-02
2.624102309346199036e-02
2.237062714993953705e-02
2.752577513456344604e-02
2.374829351902008057e-02
2.545853890478610992e-02
2.344898134469985962e-02
2.377438545227050781e-02
2.159248292446136475e-02
2.114262059330940247e-02
2.017078548669815063e-02
2.072008699178695679e-02
1.948913000524044037e-02
1.906773075461387634e-02
1.396957784891128540e-02
1.241707708686590195e-02
1.627233065664768219e-02
1.422729901969432831e-02
1.647021248936653137e-02
1.664314046502113342e-02
1.099113374948501587e-02
1.680954918265342712e-02
1.843277364969253540e-02
1.199686899781227112e-02
1.193092763423919678e-02
1.716062240302562714e-02
1.107652019709348679e-02
1.765647903084754944e-02
1.791998185217380524e-02
1.720572635531425476e-02
1.640122942626476288e-02
1.901032216846942902e-02
1.090627349913120270e-02
1.753626950085163116e-02
1.741680130362510681e-02
1.666239276528358459e-02
1.769474148750305176e-02
1.881653815507888794e-02
1.772306114435195923e-02
1.643868908286094666e-02
1.757366582751274109e-02
1.647777110338211060e-02
1.739909499883651733e-02
1.761871948838233948e-02
1.843643188476562500e-02
1.146230101585388184e-02
1.806616038084030151e-02
1.519519556313753128e-02
2.081234380602836609e-02
9.927624836564064026e-03
2.082873135805130005e-02
1.257605291903018951e-02
1.513920165598392487e-02
1.296444516628980637e-02
1.868255063891410828e-02
1.888513565063476562e-02
1.586500555276870728e-02
1.750359684228897095e-02
1.899329386651515961e-02
1.678850688040256500e-02
1.711714826524257660e-02
1.606507040560245514e-02
1.780408620834350586e-02
1.502658706158399582e-02
2.389965206384658813e-02
1.816624961793422699e-02
1.683091931045055389e-02
1.660106144845485687e-02
1.739474013447761536e-02
6.623093038797378540e-03
1.673565432429313660e-02
1.658569648861885071e-02
1.827910169959068298e-02
1.629681512713432312e-02
1.865740492939949036e-02
1.851204596459865570e-02
1.310892589390277863e-02
1.489833835512399673e-02
1.532140746712684631e-02
1.514092925935983658e-02
1.914977841079235077e-02
1.184571534395217896e-02
2.014955133199691772e-02
1.968757808208465576e-02
1.285062730312347412e-02
2.087358199059963226e-02
2.354373224079608917e-02
1.400630176067352295e-02
1.563161425292491913e-02
2.596646361052989960e-02
1.368326414376497269e-02
2.571614459156990051e-02
2.531748637557029724e-02
2.384809963405132294e-02
2.051990106701850891e-02
2.774130553007125854e-02
1.555853430181741714e-02
2.560232952237129211e-02
2.429460734128952026e-02
2.439919486641883850e-02
2.447586879134178162e-02
1.826361380517482758e-02
2.392286062240600586e-02
2.522274851799011230e-02
2.301175892353057861e-02
2.464833110570907593e-02
2.489470876753330231e-02
2.292308956384658813e-02
2.510895207524299622e-02
1.688511297106742859e-02
1.643306575715541840e-02
1.425194460898637772e-02
1.915010437369346619e-02
1.253942400217056274e-02
1.921557262539863586e-02
1.896706782281398773e-02
1.534087490290403366e-02
1.550347544252872467e-02
2.202281728386878967e-02
2.321396395564079285e-02
2.185557410120964050e-02
2.336984127759933472e-02
2.485066093504428864e-02
2.199520170688629150e-02
2.611572667956352234e-02
2.261117845773696899e-02
2.551781386137008667e-02
2.245726622641086578e-02
3.161336109042167664e-02
2.493816986680030823e-02
2.451384067535400391e-02
2.591949142515659332e-02
2.803158573806285858e-02
8.211244828999042511e-03
2.396177127957344055e-02
2.519856579601764679e-02
2.458589896559715271e-02
2.444047480821609497e-02
2.508715353906154633e-02
2.362680248916149139e-02
1.838461868464946747e-02
1.860729232430458069e-02
1.988472789525985718e-02
1.697755232453346252e-02
1.836783066391944885e-02
1.657581329345703125e-02
1.989271864295005798e-02
2.364021167159080505e-02
1.349146198481321335e-02
2.200745232403278351e-02
2.420623041689395905e-02
1.269279047846794128e-02
1.416606642305850983e-02
2.470050007104873657e-02
1.273182593286037445e-02
2.386988699436187744e-02
2.467596903443336487e-02
2.245237119495868683e-02
1.916369050741195679e-02
2.490105479955673218e-02
1.249866280704736710e-02
2.290097251534461975e-02
2.192005142569541931e-02
2.373036742210388184e-02
2.311772480607032776e-02
1.877537369728088379e-02
2.135302871465682983e-02
2.167306654155254364e-02
2.093734964728355408e-02
2.249750122427940369e-02
2.280003204941749573e-02
2.209084108471870422e-02
2.378557994961738586e-02
1.832782477140426636e-02
1.922192424535751343e-02
1.852422393858432770e-02
2.055007405579090118e-02
1.306043379008769989e-02
2.435412816703319550e-02
1.639847084879875183e-02
2.008665166795253754e-02
1.484723016619682312e-02
2.559921890497207642e-02
2.449271641671657562e-02
2.290845289826393127e-02
2.450280822813510895e-02
2.480278909206390381e-02
2.056011743843555450e-02
1.999159902334213257e-02
2.265981212258338928e-02
2.314714528620243073e-02
2.118146978318691254e-02
2.639088965952396393e-02
2.362619899213314056e-02
2.044795453548431396e-02
2.155980281531810760e-02
2.347850985825061798e-02
7.040139753371477127e-03
1.976269111037254333e-02
2.173926308751106262e-02
2.259601652622222900e-02
2.131482586264610291e-02
2.341472730040550232e-02
2.379159256815910339e-02
1.405472960323095322e-02
1.684282720088958740e-02
1.362197846174240112e-02
1.658354327082633972e-02
2.019300684332847595e-02
1.652489975094795227e-02
1.791362278163433075e-02
2.317453548312187195e-02
1.573891192674636841e-02
2.405999973416328430e-02
2.089845202863216400e-02
1.482936460524797440e-02
1.397035084664821625e-02
2.359396405518054962e-02
1.327201165258884430e-02
2.309409901499748230e-02
1.944923214614391327e-02
2.131480351090431213e-02
1.929560303688049316e-02
2.316441386938095093e-02
1.227032393217086792e-02
1.932050660252571106e-02
2.004336565732955933e-02
2.008209004998207092e-02
2.045566774904727936e-02
1.925639808177947998e-02
1.888324692845344543e-02
1.848085597157478333e-02
1.882323250174522400e-02
1.835141330957412720e-02
2.067764848470687866e-02
2.016446553170681000e-02
2.035996690392494202e-02
1.776207238435745239e-02
1.407880987972021103e-02
1.726657338440418243e-02
2.220273762941360474e-02
1.473426632583141327e-02
2.143333293497562408e-02
1.878008246421813965e-02
2.052139490842819214e-02
1.535285077989101410e-02
2.161828055977821350e-02
2.654036507010459900e-02
2.215218544006347656e-02
2.132218703627586365e-02
2.524246647953987122e-02
2.135091088712215424e-02
1.909624226391315460e-02
1.915566809475421906e-02
2.181135676801204681e-02
1.855489239096641541e-02
2.705450169742107391e-02
2.082004398107528687e-02
1.904080063104629517e-02
1.913060806691646576e-02
1.844808459281921387e-02
7.868528366088867188e-03
1.891297847032546997e-02
1.924430392682552338e-02
2.159919962286949158e-02
2.060188539326190948e-02
2.045370265841484070e-02
1.984468288719654083e-02
1.612789928913116455e-02
1.056001707911491394e-02
1.052988506853580475e-02
1.229973044246435165e-02
1.973801851272583008e-02
1.118586771190166473e-02
1.675604283809661865e-02
1.820381172001361847e-02
1.391587592661380768e-02
1.886583305895328522e-02
2.096813172101974487e-02
1.502209156751632690e-02
1.585258170962333679e-02
2.543592639267444611e-02
1.411909796297550201e-02
2.551268413662910461e-02
2.367503941059112549e-02
2.536368742585182190e-02
2.487944811582565308e-02
3.043416514992713928e-02
1.729842275381088257e-02
2.660411037504673004e-02
2.641788311302661896e-02
2.579869143664836884e-02
2.899126708507537842e-02
2.055059373378753662e-02
2.533346787095069885e-02
2.646389976143836975e-02
2.537168376147747040e-02
2.788921445608139038e-02
2.804801985621452332e-02
2.803236246109008789e-02
2.142475172877311707e-02
1.121581718325614929e-02
1.141789555549621582e-02
1.130444556474685669e-02
1.997888833284378052e-02
1.154705230146646500e-02
1.722893118858337402e-02
1.639332994818687439e-02
1.409984193742275238e-02
1.575875282287597656e-02
2.400606498122215271e-02
2.222982794046401978e-02
1.922901347279548645e-02
2.276456542313098907e-02
2.306494675576686859e-02
2.476213499903678894e-02
2.778259292244911194e-02
2.232104353606700897e-02
2.683969959616661072e-02
2.152281254529953003e-02
3.503876924514770508e-02
2.523304894566535950e-02
2.647586911916732788e-02
2.735906466841697693e-02
2.953649312257766724e-02
8.642218075692653656e-03
2.581826969981193542e-02
2.594824880361557007e-02
2.769082598388195038e-02
2.657365612685680389e-02
2.759694121778011322e-02
2.679411321878433228e-02
1.979061216115951538e-02
1.272769086062908173e-02
1.251072995364665985e-02
1.532221306115388870e-02
1.641899906098842621e-02
1.424457505345344543e-02
1.911934465169906616e-02
2.075054310262203217e-02
1.601951941847801208e-02
2.242118120193481445e-02
2.166263759136199951e-02
1.809784770011901855e-02
1.984473317861557007e-02
2.578331902623176575e-02
1.793581619858741760e-02
2.674395591020584106e-02
2.549219131469726562e-02
2.777251228690147400e-02
2.656399086117744446e-02
2.892416529357433319e-02
1.859956607222557068e-02
2.726127207279205322e-02
2.786531858146190643e-02
2.648591250181198120e-02
2.744002826511859894e-02
2.200938016176223755e-02
2.674020454287528992e-02
2.690426260232925415e-02
2.723545394837856293e-02
2.529233880341053009e-02
2.698414586484432220e-02
2.661020308732986450e-02
3.003147616982460022e-02
1.289863511919975281e-02
1.390340365469455719e-02
1.496525947004556656e-02
1.596353389322757721e-02
1.393776014447212219e-02
1.773661188781261444e-02
2.111641317605972290e-02
1.859542541205883026e-02
1.953385770320892334e-02
2.289706468582153320e-02
2.561402879655361176e-02
2.381014823913574219e-02
2.439720742404460907e-02
2.577118948101997375e-02
2.604498714208602905e-02
2.491836994886398315e-02
2.464968711137771606e-02
2.555785514414310455e-02
2.321780845522880554e-02
3.714612871408462524e-02
2.832678332924842834e-02
2.768396213650703430e-02
2.740860357880592346e-02
2.498826384544372559e-02
1.137136667966842651e-02
2.710856124758720398e-02
2.714350819587707520e-02
2.824018523097038269e-02
2.752717211842536926e-02
2.899942547082901001e-02
2.729469165205955505e-02
2.540893293917179108e-02
1.345477998256683350e-02
1.291631162166595459e-02
1.436606701463460922e-02
1.571908593177795410e-02
1.377251930534839630e-02
1.753830537199974060e-02
1.943266764283180237e-02
1.495192572474479675e-02
2.128302305936813354e-02
2.255466021597385406e-02
1.497500669211149216e-02
1.730503514409065247e-02
2.446760423481464386e-02
1.564576476812362671e-02
2.402483485639095306e-02
2.503712847828865051e-02
2.406012266874313354e-02
2.290181443095207214e-02
2.581791765987873077e-02
1.504388637840747833e-02
2.293531410396099091e-02
2.349380776286125183e-02
2.266672626137733459e-02
2.322536706924438477e-02
1.892554014921188354e-02
2.318860590457916260e-02
2.261398360133171082e-02
2.281243726611137390e-02
2.520194463431835175e-02
2.414756268262863159e-02
2.485786750912666321e-02
2.438676729798316956e-02
1.334852911531925201e-02
1.363892480731010437e-02
1.441728323698043823e-02
1.760317943990230560e-02
1.200523599982261658e-02
1.945444941520690918e-02
1.822009310126304626e-02
1.670499145984649658e-02
1.682410575449466705e-02
2.457083389163017273e-02
2.309844270348548889e-02
2.386649698019027710e-02
2.395549789071083069e-02
2.626418694853782654e-02
2.184247225522994995e-02
2.391260676085948944e-02
2.416952699422836304e-02
2.349171973764896393e-02
1.950690895318984985e-02
3.036787547171115875e-02
2.543079666793346405e-02
2.490006387233734131e-02
2.489319257438182831e-02
2.450499683618545532e-02
9.185640141367912292e-03
2.317750453948974609e-02
2.380617521703243256e-02
2.561005763709545135e-02
2.423284947872161865e-02
2.560411021113395691e-02
2.346509322524070740e-02
1.831505447626113892e-02
1.691979542374610901e-02
1.739726215600967407e-02
1.651498302817344666e-02
1.785179972648620605e-02
1.855449378490447998e-02
2.026304788887500763e-02
2.056023851037025452e-02
1.460083946585655212e-02
2.587381750345230103e-02
2.301681786775588989e-02
1.548092626035213470e-02
1.535771042108535767e-02
2.398717030882835388e-02
1.352330669760704041e-02
2.575870417058467865e-02
2.374757640063762665e-02
2.329451404511928558e-02
2.250218763947486877e-02
2.859858237206935883e-02
1.445796899497509003e-02
2.371213398873806000e-02
2.397930994629859924e-02
2.405811659991741180e-02
2.299898676574230194e-02
1.977855712175369263e-02
2.276630699634552002e-02
2.311778441071510315e-02
2.092919871211051941e-02
2.317241020500659943e-02
2.229097113013267517e-02
2.297697588801383972e-02
2.616126462817192078e-02
1.728368178009986877e-02
1.837896928191184998e-02
1.943012699484825134e-02
1.926779374480247498e-02
1.504505705088376999e-02
2.386354655027389526e-02
1.720517314970493317e-02
1.951866224408149719e-02
1.623596251010894775e-02
2.340290881693363190e-02
2.627013251185417175e-02
2.296456322073936462e-02
2.378098852932453156e-02
2.569730207324028015e-02
2.401577308773994446e-02
2.224627695977687836e-02
2.255314216017723083e-02
2.410652488470077515e-02
2.192153409123420715e-02
3.104146942496299744e-02
2.303886227309703827e-02
2.328842319548130035e-02
2.318336814641952515e-02
2.277228794991970062e-02
9.016630239784717560e-03
2.188495732843875885e-02
2.316587418317794800e-02
2.598396502435207367e-02
2.420228719711303711e-02
2.416195161640644073e-02
2.414726093411445618e-02
1.782060414552688599e-02
1.270569488406181335e-02
1.375178154557943344e-02
1.398803666234016418e-02
1.307534053921699524e-02
1.877998746931552887e-02
1.436774898320436478e-02
1.733414828777313232e-02
1.361795607954263687e-02
1.855037361383438110e-02
1.784561946988105774e-02
1.706071570515632629e-02
1.573950424790382385e-02
1.812770217657089233e-02
1.677359640598297119e-02
1.855107024312019348e-02
1.627907529473304749e-02
1.073919050395488739e-02
1.462514232844114304e-02
1.661773771047592163e-02
2.158210426568984985e-02
1.758510246872901917e-02
1.605054549872875214e-02
1.454699039459228516e-02
5.930552259087562561e-03
1.576439291238784790e-02
1.389262918382883072e-02
1.644057780504226685e-02
1.461498998105525970e-02
1.419797353446483612e-02
1.420235447585582733e-02
1.241129450500011444e-02
1.316060218960046768e-02
1.459421869367361069e-02
1.334730908274650574e-02
1.526758261024951935e-02
1.394683495163917542e-02
1.856805756688117981e-02
1.329869590699672699e-02
1.732476428151130676e-02
1.492485962808132172e-02
1.612295210361480713e-02
1.741306856274604797e-02
1.407449319958686829e-02
1.641383022069931030e-02
1.325357425957918167e-02
1.561380736529827118e-02
1.327772997319698334e-02
1.567423716187477112e-02
1.778229326009750366e-02
1.525779161602258682e-02
1.642408221960067749e-02
9.672753512859344482e-03
1.692393980920314789e-02
1.539982110261917114e-02
1.651805266737937927e-02
2.622217684984207153e-02
1.510378159582614899e-02
1.296285074204206467e-02
1.403062511235475540e-02
1.318278163671493530e-02
1.268639229238033295e-02
1.137901004403829575e-02
1.390459295362234116e-02
1.340978220105171204e-02
1.185602694749832153e-02
1.135325618088245392e-02
1.025214232504367828e-02
9.993513114750385284e-03
1.097225211560726166e-02
9.456894360482692719e-03
1.169980876147747040e-02
9.027278050780296326e-03
1.124308817088603973e-02
1.132905669510364532e-02
8.477505296468734741e-03
1.171108055859804153e-02
8.335011079907417297e-03
1.084292959421873093e-02
1.059320196509361267e-02
1.286515966057777405e-02
9.335687384009361267e-03
1.266530342400074005e-02
1.747681014239788055e-02
9.920503944158554077e-03
2.326859533786773682e-02
1.980936899781227112e-02
1.867989823222160339e-02
6.987593136727809906e-03
2.341850101947784424e-02
2.338960766792297363e-02
2.431979961693286896e-02
2.407608181238174438e-02
1.719623431563377380e-02
2.410765737295150757e-02
2.112380973994731903e-02
2.255997434258460999e-02
1.198308728635311127e-02
1.142539829015731812e-02
1.049579028040170670e-02
1.021047588437795639e-02
1.088954694569110870e-02
9.954594075679779053e-03
1.176301948726177216e-02
8.765551261603832245e-03
1.259794086217880249e-02
1.151485648006200790e-02
8.436507545411586761e-03
1.221982948482036591e-02
7.305346429347991943e-03
1.103316992521286011e-02
9.748116135597229004e-03
1.288097351789474487e-02
9.410022757947444916e-03
1.156847923994064331e-02
1.707738451659679413e-02
8.228488266468048096e-03
2.020727843046188354e-02
1.934971660375595093e-02
1.974379643797874451e-02
1.627758145332336426e-02
2.116558700799942017e-02
2.301383204758167267e-02
2.010684087872505188e-02
2.212913893163204193e-02
2.143633551895618439e-02
1.450294721871614456e-02
2.244323492050170898e-02
1.875498518347740173e-02
8.750759065151214600e-03
9.232457727193832397e-03
9.485965594649314880e-03
9.564291685819625854e-03
1.059369742870330811e-02
1.093129441142082214e-02
1.041397079825401306e-02
1.350736618041992188e-02
1.286459341645240784e-02
1.378927007317543030e-02
1.316432282328605652e-02
1.942627504467964172e-02
1.750236377120018005e-02
1.533974986523389816e-02
2.268162742257118225e-02
1.663985848426818848e-02
2.275724709033966064e-02
1.969883590936660767e-02
2.295628190040588379e-02
2.478871867060661316e-02
2.157607302069664001e-02
2.573546394705772400e-02
2.948358654975891113e-02
1.334084291011095047e-02
3.722663223743438721e-02
2.934862114489078522e-02
3.472566232085227966e-02
3.391352668404579163e-02
2.864879742264747620e-02
3.075527958571910858e-02
3.517115116119384766e-02
3.201610594987869263e-02
8.190723136067390442e-03
8.012356236577033997e-03
9.394518099725246429e-03
1.006247196346521378e-02
1.032754406332969666e-02
1.166746579110622406e-02
1.127969752997159958e-02
1.212758384644985199e-02
1.307699363678693771e-02
1.250508427619934082e-02
1.294400915503501892e-02
2.090276032686233521e-02
1.797533035278320312e-02
1.510336436331272125e-02
2.150900289416313171e-02
1.809143833816051483e-02
2.406693436205387115e-02
2.084387838840484619e-02
2.277455106377601624e-02
2.127538248896598816e-02
2.210463583469390869e-02
2.202057465910911560e-02
2.715061604976654053e-02
2.714274451136589050e-02
3.304108232259750366e-02
3.339727222919464111e-02
3.294015675783157349e-02
3.516719490289688110e-02
3.614045679569244385e-02
2.412841469049453735e-02
3.246812149882316589e-02
2.682772278785705566e-02
1.403702050447463989e-02
1.297270692884922028e-02
1.297228224575519562e-02
1.268923468887805939e-02
1.393595896661281586e-02
1.373825967311859131e-02
1.834133639931678772e-02
1.635497808456420898e-02
2.194578759372234344e-02
1.793304830789566040e-02
2.155412174761295319e-02
2.072192169725894928e-02
2.151545137166976929e-02
2.587383054196834564e-02
2.521942555904388428e-02
1.927543431520462036e-02
1.994500122964382172e-02
2.340815775096416473e-02
2.169328555464744568e-02
2.727074548602104187e-02
2.448529750108718872e-02
2.362292259931564331e-02
2.503985166549682617e-02
1.117320545017719269e-02
2.482093311846256256e-02
2.257191017270088196e-02
2.719802968204021454e-02
2.323810197412967682e-02
2.226866781711578369e-02
2.180334553122520447e-02
2.257593348622322083e-02
2.348144724965095520e-02
1.282807439565658569e-02
1.208497118204832077e-02
1.306847296655178070e-02
1.424342393875122070e-02
1.523492950946092606e-02
1.580722257494926453e-02
1.512137800455093384e-02
1.586651057004928589e-02
2.044768631458282471e-02
1.635252311825752258e-02
2.205243147909641266e-02
2.106052450835704803e-02
1.759431511163711548e-02
2.499254234135150909e-02
1.882503740489482880e-02
1.945700868964195251e-02
2.532025799155235291e-02
2.617696300148963928e-02
2.132643386721611023e-02
1.797207631170749664e-02
2.554437890648841858e-02
2.514667809009552002e-02
2.476822771131992340e-02
3.412064164876937866e-02
2.371661737561225891e-02
2.297666296362876892e-02
2.482633292675018311e-02
2.459818311035633087e-02
2.276671864092350006e-02
1.607572846114635468e-02
2.248285152018070221e-02
3.042002394795417786e-02
1.198240648955106735e-02
1.173823885619640350e-02
1.095240004360675812e-02
1.294449903070926666e-02
1.309642754495143890e-02
1.272018626332283020e-02
1.382189989089965820e-02
1.256521604955196381e-02
1.609685085713863373e-02
1.487161312252283096e-02
1.477348897606134415e-02
1.644976437091827393e-02
1.656679809093475342e-02
2.222480997443199158e-02
1.784076169133186340e-02
2.095799706876277924e-02
1.656286418437957764e-02
2.394579164683818817e-02
2.373514510691165924e-02
2.594798058271408081e-02
2.426845580339431763e-02
2.650972083210945129e-02
2.250230312347412109e-02
9.829182177782058716e-03
2.146004699170589447e-02
2.246825397014617920e-02
2.300965040922164917e-02
2.155916392803192139e-02
1.905292272567749023e-02
2.306175604462623596e-02
1.870517805218696594e-02
1.936312206089496613e-02
1.238829921931028366e-02
1.242651790380477905e-02
1.226468011736869812e-02
1.152723468840122223e-02
1.151473447680473328e-02
1.264295447617769241e-02
1.436681952327489853e-02
1.181531231850385666e-02
1.518872193992137909e-02
1.470122858881950378e-02
1.319154631346464157e-02
1.625754497945308685e-02
1.239936612546443939e-02
2.116659842431545258e-02
1.525453571230173111e-02
2.218041941523551941e-02
1.930620521306991577e-02
2.405978739261627197e-02
2.228721976280212402e-02
1.355983968824148178e-02
2.373423799872398376e-02
2.565897069871425629e-02
2.437692135572433472e-02
3.072582930326461792e-02
2.164700068533420563e-02
1.943348534405231476e-02
2.014186978340148926e-02
1.978759467601776123e-02
1.917473226785659790e-02
1.560487411916255951e-02
2.030846104025840759e-02
2.060688845813274384e-02
1.750043407082557678e-02
1.332375127822160721e-02
1.789050921797752380e-02
1.597878150641918182e-02
1.939361542463302612e-02
1.949431374669075012e-02
1.880173943936824799e-02
1.786709576845169067e-02
2.157374285161495209e-02
2.326843887567520142e-02
2.260466292500495911e-02
1.730371639132499695e-02
2.274406701326370239e-02
1.924653723835945129e-02
2.748502045869827271e-02
2.009848132729530334e-02
1.333912368863821030e-02
1.697174087166786194e-02
1.908153668045997620e-02
3.180884569883346558e-02
1.990197412669658661e-02
1.947947591543197632e-02
1.967765763401985168e-02
6.973448675125837326e-03
1.918715052306652069e-02
1.778909191489219666e-02
1.956995390355587006e-02
1.764285191893577576e-02
1.542072370648384094e-02
1.625884696841239929e-02
1.766064390540122986e-02
1.645980030298233032e-02
1.626520603895187378e-02
1.548143103718757629e-02
1.982400193810462952e-02
1.481937803328037262e-02
2.020364627242088318e-02
1.672014407813549042e-02
2.080212719738483429e-02
2.226792648434638977e-02
1.807750575244426727e-02
2.077982760965824127e-02
1.869899965822696686e-02
1.945348456501960754e-02
1.601837575435638428e-02
1.630264520645141602e-02
1.538135670125484467e-02
1.807264983654022217e-02
2.518853917717933655e-02
2.020526677370071411e-02
1.990469358861446381e-02
1.034566108137369156e-02
1.874347962439060211e-02
1.801715791225433350e-02
1.845953240990638733e-02
2.648558467626571655e-02
1.782722398638725281e-02
1.674795523285865784e-02
1.815564744174480438e-02
1.651860587298870087e-02
1.649124175310134888e-02
1.336486544460058212e-02
1.669565960764884949e-02
1.336342282593250275e-02
1.144065242260694504e-02
1.084644347429275513e-02
1.293863356113433838e-02
1.160078961402177811e-02
1.311366911977529526e-02
1.164881139993667603e-02
1.456716936081647873e-02
1.263236347585916519e-02
1.517362892627716064e-02
1.706802099943161011e-02
1.491208095103502274e-02
1.924709975719451904e-02
1.504741609096527100e-02
2.056996524333953857e-02
1.593028008937835693e-02
2.225502580404281616e-02
1.474232133477926254e-02
1.864940673112869263e-02
2.238177880644798279e-02
1.963943988084793091e-02
2.167132869362831116e-02
2.183309569954872131e-02
2.475745975971221924e-02
1.020881999284029007e-02
2.337472513318061829e-02
2.240024507045745850e-02
2.495073527097702026e-02
2.436911687254905701e-02
2.182271704077720642e-02
2.372690476477146149e-02
2.251550368964672089e-02
2.284121513366699219e-02
1.444753073155879974e-02
1.392756775021553040e-02
1.346796751022338867e-02
9.910229593515396118e-03
1.310443971306085587e-02
1.007389277219772339e-02
1.513544190675020218e-02
1.486675720661878586e-02
1.368708908557891846e-02
1.636102423071861267e-02
1.404329948127269745e-02
1.900134049355983734e-02
1.366796810179948807e-02
1.963551715016365051e-02
1.249894686043262482e-02
2.145148813724517822e-02
1.646529696881771088e-02
2.117030695080757141e-02
2.206008136272430420e-02
1.200986374169588089e-02
2.273054420948028564e-02
2.187649533152580261e-02
2.347018942236900330e-02
2.389116957783699036e-02
2.242554537951946259e-02
2.369844913482666016e-02
2.262487635016441345e-02
2.208502218127250671e-02
2.210310101509094238e-02
1.620926335453987122e-02
2.330812998116016388e-02
1.865253038704395294e-02
1.675641536712646484e-02
1.625997573137283325e-02
1.665228605270385742e-02
1.937603391706943512e-02
1.996897906064987183e-02
2.194110862910747528e-02
2.178049832582473755e-02
1.786190643906593323e-02
2.759708091616630554e-02
2.276474982500076294e-02
2.470376342535018921e-02
2.206808328628540039e-02
2.601213753223419189e-02
1.555169653147459030e-02
2.584021724760532379e-02
1.779387146234512329e-02
1.285692211240530014e-02
1.370699517428874969e-02
1.961530931293964386e-02
2.787619829177856445e-02
2.005486562848091125e-02
1.766571030020713806e-02
1.983153261244297028e-02
7.311643101274967194e-03
2.270506694912910461e-02
1.961628347635269165e-02
1.992547139525413513e-02
1.921148225665092468e-02
2.473930828273296356e-02
1.911662518978118896e-02
1.813853532075881958e-02
1.744048297405242920e-02
1.755252480506896973e-02
2.036889083683490753e-02
2.123667672276496887e-02
1.573419570922851562e-02
2.142146974802017212e-02
1.729914546012878418e-02
2.117420919239521027e-02
2.211783081293106079e-02
2.125687338411808014e-02
2.779145538806915283e-02
1.897159591317176819e-02
1.837546564638614655e-02
1.716193556785583496e-02
1.433312520384788513e-02
1.732077822089195251e-02
1.432668417692184448e-02
2.599678933620452881e-02
1.910711266100406647e-02
1.834586821496486664e-02
1.265965122729539871e-02
2.274094894528388977e-02
1.620158180594444275e-02
2.140326797962188721e-02
2.894201502203941345e-02
2.059958502650260925e-02
1.897131092846393585e-02
1.867091469466686249e-02
1.876082085072994232e-02
1.858882978558540344e-02
1.271725539118051529e-02
1.893774420022964478e-02
1.733332127332687378e-02
