<system>Protocol: Active. Attitude: Sassy.</system>
1.203149184584617615e-02
1.007713377475738525e-02
8.961131796240806580e-03
1.259133778512477875e-02
1.195676438510417938e-02
1.204893738031387329e-02
9.948039427399635315e-03
1.216576434671878815e-02
1.386068016290664673e-02
1.045572664588689804e-02
1.165007334202528000e-02
7.799920625984668732e-03
1.135417632758617401e-02
1.048504747450351715e-02
1.176888030022382736e-02
1.020179782062768936e-02
1.077681314200162888e-02
1.286401040852069855e-02
1.225424930453300476e-02
1.190369762480258942e-02
1.216536387801170349e-02
1.036085933446884155e-02
9.931493550539016724e-03
1.081706210970878601e-02
8.942170999944210052e-03
8.706305176019668579e-03
1.321097649633884430e-02
1.109037175774574280e-02
1.116992160677909851e-02
9.279515594244003296e-03
1.174384355545043945e-02
1.053294911980628967e-02
1.055237650871276855e-02
9.404455311596393585e-03
1.250492129474878311e-02
1.071608904749155045e-02
9.578314609825611115e-03
1.345667243003845215e-02
1.095353718847036362e-02
1.290098205208778381e-02
1.034222729504108429e-02
1.124488003551959991e-02
1.111593842506408691e-02
9.861040860414505005e-03
1.126599311828613281e-02
1.058124378323554993e-02
1.130222901701927185e-02
1.133452262729406357e-02
8.272640407085418701e-03
1.097033917903900146e-02
1.006298884749412537e-02
9.096166118979454041e-03
1.318816281855106354e-02
1.202501170337200165e-02
1.126218121498823166e-02
1.378703769296407700e-02
1.213332824409008026e-02
1.359549909830093384e-02
1.156068127602338791e-02
9.526753798127174377e-03
1.113544590771198273e-02
1.211745850741863251e-02
1.084957737475633621e-02
1.086823828518390656e-02
1.394686195999383926e-02
1.047631911933422089e-02
1.181491091847419739e-02
1.015956699848175049e-02
1.021535694599151611e-02
1.325398124754428864e-02
1.143962703645229340e-02
1.085289847105741501e-02
9.871786460280418396e-03
1.067542098462581635e-02
8.081884123384952545e-03
1.189916022121906281e-02
1.229749247431755066e-02
1.157113537192344666e-02
1.059280894696712494e-02
1.084339804947376251e-02
1.293393969535827637e-02
1.160795427858829498e-02
7.533556781709194183e-03
9.727822616696357727e-03
9.033542126417160034e-03
1.088049821555614471e-02
1.207500509917736053e-02
1.015677675604820251e-02
1.022637169808149338e-02
1.074800267815589905e-02
7.860513404011726379e-03
1.108688861131668091e-02
1.092284917831420898e-02
1.324324496090412140e-02
1.249285601079463959e-02
9.836825542151927948e-03
9.465165436267852783e-03
1.184627413749694824e-02
1.276102662086486816e-02
1.212735660374164581e-02
1.034692022949457169e-02
1.291115768253803253e-02
1.107103005051612854e-02
9.711122140288352966e-03
1.065609231591224670e-02
1.196117326617240906e-02
1.223928667604923248e-02
1.298050023615360260e-02
9.067119099199771881e-03
1.298855990171432495e-02
1.183525472879409790e-02
1.208784431219100952e-02
1.087095867842435837e-02
1.180106308311223984e-02
1.191144529730081558e-02
1.255084481090307236e-02
8.768175728619098663e-03
1.291198004037141800e-02
1.164362486451864243e-02
1.090184412896633148e-02
1.118464767932891846e-02
1.216664351522922516e-02
8.129168301820755005e-03
7.309073116630315781e-03
1.284242887049913406e-02
1.137568615376949310e-02
1.307519339025020599e-02
1.317187957465648651e-02
