<system>Protocol: Active. Attitude: Sassy.</system>
1.203828863799571991e-02
1.167529355734586716e-02
1.125912740826606750e-02
1.129775866866111755e-02
1.226837933063507080e-02
1.219445653259754181e-02
1.218168716877698898e-02
1.108686067163944244e-02
1.187839545309543610e-02
1.270034816116094589e-02
1.137098111212253571e-02
1.202954538166522980e-02
1.001693680882453918e-02
1.228363625705242157e-02
1.207485329359769821e-02
1.188074145466089249e-02
9.894905611872673035e-03
1.168420538306236267e-02
1.124301739037036896e-02
1.243037171661853790e-02
1.241485960781574249e-02
1.136996969580650330e-02
1.098815537989139557e-02
1.169978547841310501e-02
1.176564674824476242e-02
1.138287037611007690e-02
1.298909448087215424e-02
1.125569548457860947e-02
1.210183370858430862e-02
1.263825222849845886e-02
8.655755780637264252e-03
1.160114817321300507e-02
1.088173687458038330e-02
1.272944454103708267e-02
1.210171915590763092e-02
5.366142839193344116e-03
1.120667159557342529e-02
1.197588536888360977e-02
1.215037703514099121e-02
1.000679098069667816e-02
1.150645501911640167e-02
1.138108037412166595e-02
1.207161508500576019e-02
1.172275654971599579e-02
1.024026144295930862e-02
1.109389960765838623e-02
1.183606125414371490e-02
7.044927217066287994e-03
1.189148984849452972e-02
1.207045465707778931e-02
1.116841007024049759e-02
1.182221155613660812e-02
1.210390403866767883e-02
1.182709541171789169e-02
1.081157382577657700e-02
1.206682808697223663e-02
1.236075349152088165e-02
1.164642628282308578e-02
1.193499751389026642e-02
1.082358323037624359e-02
1.251539029181003571e-02
1.201557554304599762e-02
1.184457726776599884e-02
1.171623729169368744e-02
1.240215264260768890e-02
1.166887581348419189e-02
1.185248233377933502e-02
1.149172708392143250e-02
1.198068633675575256e-02
1.063978392630815506e-02
1.129538379609584808e-02
7.334975060075521469e-03
1.124160550534725189e-02
1.216643489897251129e-02
1.185886096209287643e-02
1.167034730315208435e-02
1.156681869179010391e-02
1.320442371070384979e-02
1.231808122247457504e-02
5.937596783041954041e-03
1.200052816420793533e-02
1.264587230980396271e-02
1.185577549040317535e-02
1.103795785456895828e-02
1.258092373609542847e-02
1.184888090938329697e-02
1.143665984272956848e-02
1.267939805984497070e-02
1.348560489714145660e-02
1.032949797809123993e-02
1.144582778215408325e-02
1.146876998245716095e-02
1.195244025439023972e-02
1.282039098441600800e-02
1.165975537151098251e-02
1.167392544448375702e-02
1.261276565492153168e-02
1.113747991621494293e-02
1.402850449085235596e-02
9.795957244932651520e-03
1.186263561248779297e-02
1.198474410921335220e-02
1.280381996184587479e-02
1.128009054809808731e-02
1.128970738500356674e-02
1.140540651977062225e-02
1.140576601028442383e-02
1.171829178929328918e-02
1.244717650115489960e-02
1.215033140033483505e-02
1.134639047086238861e-02
1.053793914616107941e-02
1.052830740809440613e-02
9.013914503157138824e-03
1.114268321543931961e-02
1.163668744266033173e-02
1.182696502655744553e-02
1.126965694129467010e-02
1.104236952960491180e-02
1.069031655788421631e-02
1.164231263101100922e-02
1.150459330528974533e-02
1.087125204503536224e-02
1.171127706766128540e-02
1.121230982244014740e-02
1.127816829830408096e-02
1.275109872221946716e-02
1.138809137046337128e-02
1.227190997451543808e-02
1.119942590594291687e-02
1.253284327685832977e-02
1.149147003889083862e-02
1.102534402161836624e-02
1.159689202904701233e-02
1.131677627563476562e-02
1.181555166840553284e-02
1.152830757200717926e-02
1.194426510483026505e-02
1.245621033012866974e-02
1.184626482427120209e-02
1.195662096142768860e-02
1.231152378022670746e-02
1.185849215835332870e-02
1.108695287257432938e-02
1.199405826628208160e-02
1.193371601402759552e-02
1.049816329032182693e-02
9.991723112761974335e-03
1.172287389636039734e-02
1.141331531107425690e-02
9.706120938062667847e-03
1.271530985832214355e-02
1.185801904648542404e-02
1.191207766532897949e-02
1.081653591245412827e-02
1.069852430373430252e-02
9.631472639739513397e-03
1.163084246218204498e-02
1.289151608943939209e-02
1.075073704123497009e-02
1.156073436141014099e-02
1.161192078143358231e-02
1.135115232318639755e-02
1.203369442373514175e-02
1.210473012179136276e-02
1.262416504323482513e-02
1.555828563868999481e-02
1.156088896095752716e-02
1.229336485266685486e-02
1.162432506680488586e-02
1.233276166021823883e-02
1.154776103794574738e-02
1.328051183372735977e-02
1.194040104746818542e-02
1.219391729682683945e-02
1.207458879798650742e-02
1.092723570764064789e-02
1.210482977330684662e-02
1.127516664564609528e-02
1.241427566856145859e-02
1.098903827369213104e-02
1.197884604334831238e-02
1.257257722318172455e-02
1.154392212629318237e-02
1.388303190469741821e-02
1.139867585152387619e-02
1.192115060985088348e-02
1.214547734707593918e-02
1.113948319107294083e-02
9.708121418952941895e-03
1.149886287748813629e-02
1.136263925582170486e-02
1.015961077064275742e-02
1.144896633923053741e-02
1.105468999594449997e-02
1.133286952972412109e-02
1.155695226043462753e-02
1.048142276704311371e-02
1.023428514599800110e-02
1.100560463964939117e-02
1.171166077256202698e-02
1.228550076484680176e-02
9.354690089821815491e-03
1.140536740422248840e-02
1.141419354826211929e-02
1.191993802785873413e-02
1.195279415696859360e-02
1.134957186877727509e-02
1.253797020763158798e-02
1.256993599236011505e-02
1.128909643739461899e-02
1.052992604672908783e-02
9.717294946312904358e-03
1.123326644301414490e-02
9.456328116357326508e-03
1.252672541886568069e-02
1.106760464608669281e-02
1.091346982866525650e-02
1.192117948085069656e-02
9.187631309032440186e-03
8.523512631654739380e-03
1.377371139824390411e-02
1.194052770733833313e-02
7.172209210693836212e-03
1.194938644766807556e-02
1.227781735360622406e-02
1.189764216542243958e-02
1.416501775383949280e-02
1.138169970363378525e-02
1.101852767169475555e-02
1.182002760469913483e-02
8.899286389350891113e-03
1.146381627768278122e-02
1.200637780129909515e-02
1.130459085106849670e-02
1.194284111261367798e-02
1.090024411678314209e-02
1.224018260836601257e-02
1.047269254922866821e-02
1.030929852277040482e-02
1.171241793781518936e-02
1.213361509144306183e-02
1.174200884997844696e-02
9.902656078338623047e-03
1.178028248250484467e-02
1.005262043327093124e-02
1.233041845262050629e-02
1.018863450735807419e-02
1.253182440996170044e-02
1.251794956624507904e-02
1.181886345148086548e-02
1.038322504609823227e-02
1.091124024242162704e-02
1.179718971252441406e-02
1.149642840027809143e-02
1.117302663624286652e-02
1.187944505363702774e-02
1.107103936374187469e-02
1.297140866518020630e-02
1.177902705967426300e-02
1.127852965146303177e-02
1.139771193265914917e-02
1.144663989543914795e-02
1.113992184400558472e-02
1.123736705631017685e-02
1.234683208167552948e-02
1.205637212842702866e-02
1.176426000893115997e-02
1.210041996091604233e-02
1.265202648937702179e-02
1.122267823666334152e-02
1.255605183541774750e-02
1.190325897186994553e-02
1.099621690809726715e-02
1.114074233919382095e-02
7.848720997571945190e-03
1.193089969456195831e-02
1.235342025756835938e-02
1.197633147239685059e-02
1.039025746285915375e-02
1.165972370654344559e-02
1.086187735199928284e-02
1.151437871158123016e-02
1.160409301519393921e-02
1.119587756693363190e-02
1.145297940820455551e-02
1.138560101389884949e-02
1.223200373351573944e-02
1.177236065268516541e-02
1.155838742852210999e-02
1.151184551417827606e-02
1.152044255286455154e-02
1.197512261569499969e-02
1.263014134019613266e-02
9.243105538189411163e-03
1.160296984016895294e-02
1.070168148726224899e-02
1.020259503275156021e-02
1.212714426219463348e-02
1.107021979987621307e-02
1.102448254823684692e-02
1.136203948408365250e-02
1.293786149471998215e-02
1.173072215169668198e-02
1.081473566591739655e-02
1.108460128307342529e-02
1.249552797526121140e-02
1.192319393157958984e-02
1.101169642060995102e-02
1.087208930402994156e-02
1.200403086841106415e-02
1.121756620705127716e-02
1.198409590870141983e-02
1.074453815817832947e-02
1.134085748344659805e-02
1.167666260153055191e-02
1.102443132549524307e-02
1.233942434191703796e-02
1.182693243026733398e-02
1.187903992831707001e-02
1.197354309260845184e-02
1.131772994995117188e-02
1.143534295260906219e-02
1.079446263611316681e-02
1.217472925782203674e-02
1.144069992005825043e-02
1.195703819394111633e-02
1.171939261257648468e-02
1.144178584218025208e-02
1.188370026648044586e-02
1.173810753971338272e-02
1.152200717478990555e-02
1.158841513097286224e-02
1.078070607036352158e-02
1.187877077609300613e-02
1.196986809372901917e-02
1.011316105723381042e-02
1.163647230714559555e-02
1.089364755898714066e-02
1.260199770331382751e-02
1.086851768195629120e-02
9.127808734774589539e-03
1.162999868392944336e-02
1.165676862001419067e-02
1.041703671216964722e-02
1.185506954789161682e-02
1.252339407801628113e-02
1.125232316553592682e-02
1.159225404262542725e-02
1.123875565826892853e-02
1.091335248202085495e-02
1.240778248757123947e-02
1.115551218390464783e-02
1.086127012968063354e-02
1.148337777704000473e-02
1.293243654072284698e-02
1.253663189709186554e-02
1.266900449991226196e-02
1.254373788833618164e-02
1.171725615859031677e-02
1.185284461826086044e-02
1.143309008330106735e-02
1.206981390714645386e-02
1.121690310537815094e-02
1.160292793065309525e-02
1.196315418928861618e-02
1.250267028808593750e-02
1.289154682308435440e-02
1.184309925884008408e-02
1.008742302656173706e-02
1.186965405941009521e-02
1.385770365595817566e-02
1.193743199110031128e-02
1.113732904195785522e-02
1.127493847161531448e-02
1.130580436438322067e-02
1.155081205070018768e-02
1.203453168272972107e-02
1.053007412701845169e-02
1.222302019596099854e-02
9.795162826776504517e-03
1.197892148047685623e-02
1.202438026666641235e-02
1.189865544438362122e-02
1.234199758619070053e-02
1.019470579922199249e-02
1.185457129031419754e-02
7.911121472716331482e-03
1.260975748300552368e-02
1.037672348320484161e-02
1.154945418238639832e-02
1.245339773595333099e-02
1.122316904366016388e-02
1.093511655926704407e-02
1.309172809123992920e-02
1.103319693356752396e-02
1.229067519307136536e-02
1.202376745641231537e-02
1.074555888772010803e-02
1.185504067689180374e-02
1.140956394374370575e-02
1.141256466507911682e-02
1.126378774642944336e-02
1.220781356096267700e-02
1.188338641077280045e-02
1.223796606063842773e-02
1.182776503264904022e-02
1.195029541850090027e-02
1.078977622091770172e-02
1.044346485286951065e-02
9.047240950167179108e-03
3.122725337743759155e-02
1.150233391672372818e-02
8.189265616238117218e-03
1.098076906055212021e-02
1.096407137811183929e-02
1.140426285564899445e-02
1.196730323135852814e-02
1.126635447144508362e-02
9.544409811496734619e-03
1.133675035089254379e-02
1.272387988865375519e-02
1.097585447132587433e-02
1.133959740400314331e-02
1.300342753529548645e-02
1.190068386495113373e-02
6.745381746441125870e-03
1.221774518489837646e-02
1.176135614514350891e-02
1.007212325930595398e-02
1.053017843514680862e-02
1.184533163905143738e-02
1.105774194002151489e-02
1.173857972025871277e-02
1.167280413210391998e-02
1.184133719652891159e-02
1.108116656541824341e-02
1.209969446063041687e-02
7.667967583984136581e-03
1.226691156625747681e-02
1.189208403229713440e-02
1.210646703839302063e-02
1.251258794218301773e-02
1.233995147049427032e-02
8.127750828862190247e-03
5.069218575954437256e-03
1.209418661892414093e-02
1.133137568831443787e-02
1.111674215644598007e-02
1.016118563711643219e-02
1.273632235825061798e-02
1.153089571744203568e-02
1.271783001720905304e-02
1.306517235934734344e-02
1.117640361189842224e-02
1.155302487313747406e-02
1.049241516739130020e-02
1.160352211445569992e-02
1.128926873207092285e-02
1.205548271536827087e-02
1.153454091399908066e-02
1.166770793497562408e-02
9.142979979515075684e-03
6.180799100548028946e-03
1.242140308022499084e-02
1.140787266194820404e-02
7.547733839601278305e-03
1.029247790575027466e-02
1.200594753026962280e-02
7.111757062375545502e-03
1.243099197745323181e-02
1.144978310912847519e-02
1.102253794670104980e-02
1.105052512139081955e-02
1.108197495341300964e-02
1.181197818368673325e-02
1.227060146629810333e-02
6.484007462859153748e-03
1.279962901026010513e-02
1.235371269285678864e-02
1.185563672333955765e-02
1.112915016710758209e-02
1.153358817100524902e-02
1.175276469439268112e-02
1.136466581374406815e-02
1.172137074172496796e-02
1.163306087255477905e-02
1.248290948569774628e-02
1.121033169329166412e-02
9.874245151877403259e-03
1.380078028887510300e-02
1.204247679561376572e-02
1.098158862441778183e-02
1.116885431110858917e-02
1.150146313011646271e-02
1.171676348894834518e-02
1.150765269994735718e-02
1.054728962481021881e-02
1.179277524352073669e-02
1.026535592973232269e-02
1.254239864647388458e-02
5.395141430199146271e-03
1.179857924580574036e-02
1.215034443885087967e-02
1.076643727719783783e-02
1.174495089799165726e-02
1.117691956460475922e-02
1.078427676111459732e-02
1.119020953774452209e-02
1.229398231953382492e-02
1.186365447938442230e-02
1.209200918674468994e-02
1.044882182031869888e-02
9.389957413077354431e-03
1.256907079368829727e-02
1.225543301552534103e-02
1.150495745241641998e-02
1.000089757144451141e-02
1.249748468399047852e-02
1.022283639758825302e-02
1.247246842831373215e-02
9.509935975074768066e-03
1.255373284220695496e-02
1.175747811794281006e-02
1.185737643390893936e-02
6.471043452620506287e-03
1.087265647947788239e-02
1.238093152642250061e-02
1.214956119656562805e-02
1.148476172238588333e-02
1.157132629305124283e-02
1.196703035384416580e-02
1.297550462186336517e-02
1.334436424076557159e-02
1.239414326846599579e-02
1.176425628364086151e-02
1.168898399919271469e-02
1.251719798892736435e-02
1.153674907982349396e-02
1.347699947655200958e-02
1.212384924292564392e-02
1.009782962501049042e-02
1.190515700727701187e-02
1.159599516540765762e-02
1.019750349223613739e-02
1.160355843603610992e-02
1.152414642274379730e-02
9.832764975726604462e-03
1.185967586934566498e-02
1.232686266303062439e-02
1.199441775679588318e-02
1.151431724429130554e-02
1.155511755496263504e-02
1.060436945408582687e-02
1.192905846983194351e-02
1.155028399080038071e-02
1.120520196855068207e-02
1.117528695613145828e-02
1.260178629308938980e-02
1.153903640806674957e-02
1.173672918230295181e-02
1.131968945264816284e-02
1.149490103125572205e-02
1.303407177329063416e-02
1.071247085928916931e-02
1.120832003653049469e-02
1.772418618202209473e-02
1.122393645346164703e-02
1.181053556501865387e-02
1.155799068510532379e-02
1.132934261113405228e-02
1.262174360454082489e-02
1.030507124960422516e-02
1.168146915733814240e-02
1.162625476717948914e-02
1.220721006393432617e-02
1.144292205572128296e-02
1.222302671521902084e-02
1.172682363539934158e-02
1.070556882768869400e-02
1.040411461144685745e-02
1.086633000522851944e-02
1.075904630124568939e-02
1.134406216442584991e-02
1.257698796689510345e-02
1.178159657865762711e-02
1.137240510433912277e-02
1.092204079031944275e-02
1.177181303501129150e-02
1.180513016879558563e-02
1.248329877853393555e-02
1.105733774602413177e-02
1.067062839865684509e-02
1.282070670276880264e-02
1.169810257852077484e-02
1.220896095037460327e-02
1.225185766816139221e-02
1.159944944083690643e-02
1.147740334272384644e-02
1.061765011399984360e-02
1.186262629926204681e-02
1.200417615473270416e-02
1.182297524064779282e-02
1.328635402023792267e-02
1.219376921653747559e-02
1.156217604875564575e-02
1.194900274276733398e-02
1.128799468278884888e-02
1.184292230755090714e-02
1.143259182572364807e-02
1.084875129163265228e-02
1.168492250144481659e-02
1.174338534474372864e-02
1.141359936445951462e-02
1.120871305465698242e-02
1.169613096863031387e-02
1.235806290060281754e-02
1.119383797049522400e-02
1.084961555898189545e-02
1.145457662642002106e-02
1.132205594331026077e-02
9.796403348445892334e-03
1.148920133709907532e-02
1.233452279120683670e-02
1.083744317293167114e-02
1.128323655575513840e-02
1.019391696900129318e-02
9.845331311225891113e-03
1.066072843968868256e-02
9.986717253923416138e-03
1.106335781514644623e-02
1.091162115335464478e-02
1.188189629465341568e-02
1.192744355648756027e-02
1.206251606345176697e-02
1.136534661054611206e-02
1.249702833592891693e-02
1.073550246655941010e-02
1.011300738900899887e-02
1.146624051034450531e-02
1.216789521276950836e-02
1.082153338938951492e-02
1.152256689965724945e-02
9.170745499432086945e-03
1.058023329824209213e-02
8.415856398642063141e-03
1.056553423404693604e-02
1.080928463488817215e-02
1.136235706508159637e-02
1.074557378888130188e-02
1.034549437463283539e-02
8.857122622430324554e-03
1.376029103994369507e-02
1.292071584612131119e-02
1.198120228946208954e-02
1.224441174417734146e-02
1.123117469251155853e-02
1.203201804310083389e-02
1.166515611112117767e-02
1.121037639677524567e-02
1.080637704581022263e-02
6.731366738677024841e-03
1.241745986044406891e-02
7.732815574854612350e-03
1.091405563056468964e-02
1.183426566421985626e-02
1.129358634352684021e-02
1.259699184447526932e-02
1.076816581189632416e-02
9.118676185607910156e-03
1.037476211786270142e-02
1.142227090895175934e-02
1.131428778171539307e-02
1.112638041377067566e-02
1.117748953402042389e-02
1.165696699172258377e-02
1.107559539377689362e-02
1.156872790306806564e-02
1.186564378440380096e-02
1.112741325050592422e-02
1.190047338604927063e-02
1.167794317007064819e-02
1.161528378725051880e-02
1.018415763974189758e-02
1.193196699023246765e-02
1.203103736042976379e-02
1.146395318210124969e-02
9.996281936764717102e-03
1.124216150492429733e-02
1.303626969456672668e-02
1.130862627178430557e-02
1.261745579540729523e-02
1.173344254493713379e-02
1.295656152069568634e-02
1.215175632387399673e-02
1.151296589523553848e-02
1.180230919271707535e-02
1.156555023044347763e-02
1.149268541485071182e-02
1.154403854161500931e-02
1.146967429667711258e-02
1.273885555565357208e-02
1.169355399906635284e-02
1.008195616304874420e-02
1.142373681068420410e-02
1.117480080574750900e-02
1.115350704640150070e-02
1.051787473261356354e-02
8.510248735547065735e-03
5.230158101767301559e-03
1.214629877358675003e-02
1.170860975980758667e-02
1.124800834804773331e-02
1.142958179116249084e-02
1.133858691900968552e-02
1.198751106858253479e-02
9.739262983202934265e-03
1.177896652370691299e-02
1.143907848745584488e-02
1.209847349673509598e-02
1.128800213336944580e-02
1.096238195896148682e-02
1.263898052275180817e-02
1.141609996557235718e-02
1.202341727912425995e-02
1.187126711010932922e-02
1.257643196731805801e-02
1.196872629225254059e-02
1.204403489828109741e-02
1.018357835710048676e-02
1.176157407462596893e-02
1.230747904628515244e-02
1.129436865448951721e-02
1.093103364109992981e-02
1.098247803747653961e-02
5.521953571587800980e-03
1.177040114998817444e-02
1.119990088045597076e-02
4.787412006407976151e-03
1.150140911340713501e-02
1.095390226691961288e-02
1.176477968692779541e-02
1.156518980860710144e-02
1.237469725310802460e-02
7.430729921907186508e-03
1.188868191093206406e-02
1.015736814588308334e-02
1.320001296699047089e-02
1.048032380640506744e-02
9.352789260447025299e-03
1.158112473785877228e-02
1.196700707077980042e-02
1.188086718320846558e-02
1.121751591563224792e-02
1.027820445597171783e-02
1.228532381355762482e-02
7.381124421954154968e-03
1.156952604651451111e-02
1.037013903260231018e-02
1.212914753705263138e-02
9.511370211839675903e-03
1.124917902052402496e-02
1.141779962927103043e-02
1.159530878067016602e-02
9.019179269671440125e-03
1.078892312943935394e-02
1.080751605331897736e-02
1.251214928925037384e-02
1.080436259508132935e-02
1.050042919814586639e-02
1.161440461874008179e-02
1.068846322596073151e-02
9.996393695473670959e-03
1.152927614748477936e-02
6.544869393110275269e-03
1.243497151881456375e-02
1.152609195560216904e-02
1.122923102229833603e-02
8.387702517211437225e-03
9.292997419834136963e-03
1.207308936864137650e-02
1.148879155516624451e-02
1.203287579119205475e-02
1.143650338053703308e-02
1.249093562364578247e-02
1.227499358355998993e-02
1.154645998030900955e-02
1.158911641687154770e-02
1.163206435739994049e-02
9.129878133535385132e-03
1.249126903712749481e-02
1.177393458783626556e-02
1.083536259829998016e-02
1.229184493422508240e-02
1.039330009371042252e-02
1.111565344035625458e-02
9.358187206089496613e-03
1.272635534405708313e-02
1.190150529146194458e-02
1.116216368973255157e-02
1.072195731103420258e-02
1.047690957784652710e-02
1.188199222087860107e-02
1.223576441407203674e-02
1.139317639172077179e-02
1.219141762703657150e-02
1.046966761350631714e-02
1.133903674781322479e-02
1.092649251222610474e-02
1.204482465982437134e-02
1.334065571427345276e-02
1.068061962723731995e-02
1.227348018437623978e-02
1.189661957323551178e-02
1.119059044867753983e-02
1.122993417084217072e-02
1.264037564396858215e-02
1.226920634508132935e-02
1.088335178792476654e-02
1.223119068890810013e-02
1.088061369955539703e-02
6.541125476360321045e-03
1.174453645944595337e-02
1.091944798827171326e-02
1.142628397792577744e-02
1.154601387679576874e-02
1.199131458997726440e-02
1.041258499026298523e-02
1.135105453431606293e-02
1.066193822771310806e-02
1.187922153621912003e-02
1.134349778294563293e-02
1.092705316841602325e-02
9.571137838065624237e-03
7.612735964357852936e-03
1.158823911100625992e-02
1.038267835974693298e-02
1.040068734437227249e-02
1.223675347864627838e-02
1.170868612825870514e-02
1.136801205575466156e-02
1.108917128294706345e-02
1.087618060410022736e-02
8.688326925039291382e-03
1.151458360254764557e-02
1.460794638842344284e-02
1.246166788041591644e-02
1.036404632031917572e-02
1.195666287094354630e-02
1.159996166825294495e-02
1.204662024974822998e-02
1.157356798648834229e-02
1.153994910418987274e-02
1.229671481996774673e-02
1.226738654077053070e-02
1.169654354453086853e-02
1.160192955285310745e-02
1.220902893692255020e-02
1.179455593228340149e-02
1.298948191106319427e-02
1.131955534219741821e-02
1.069224718958139420e-02
1.262172777205705643e-02
1.199618913233280182e-02
9.038019925355911255e-03
9.925348684191703796e-03
1.028144359588623047e-02
1.402731612324714661e-02
1.187631301581859589e-02
1.134736463427543640e-02
1.036180928349494934e-02
1.114247459918260574e-02
1.114504970610141754e-02
1.174065656960010529e-02
1.313720364123582840e-02
1.150983944535255432e-02
1.209373027086257935e-02
1.232463773339986801e-02
1.267518475651741028e-02
1.136737689375877380e-02
1.041635312139987946e-02
1.149529032409191132e-02
1.307889446616172791e-02
1.124557387083768845e-02
1.049954071640968323e-02
1.193406619131565094e-02
1.149240322411060333e-02
1.090618502348661423e-02
1.089862268418073654e-02
1.174459699541330338e-02
8.944441564381122589e-03
1.204937323927879333e-02
1.236021891236305237e-02
1.174731459468603134e-02
1.218753680586814880e-02
1.151090394705533981e-02
1.222287677228450775e-02
1.046089269220829010e-02
1.170539110898971558e-02
1.167446747422218323e-02
1.110447384417057037e-02
1.279237121343612671e-02
1.208911277353763580e-02
1.166542991995811462e-02
1.323091052472591400e-02
1.165521517395973206e-02
1.170829776674509048e-02
1.133101154118776321e-02
8.636808954179286957e-03
1.047407183796167374e-02
1.274820789694786072e-02
1.103848125785589218e-02
1.184719800949096680e-02
1.174673065543174744e-02
1.187477260828018188e-02
1.153284776955842972e-02
1.161853875964879990e-02
1.122729666531085968e-02
1.095638051629066467e-02
1.188836991786956787e-02
1.098309364169836044e-02
9.958469308912754059e-03
1.189744472503662109e-02
1.117707416415214539e-02
1.214469596743583679e-02
1.090662833303213120e-02
1.121838111430406570e-02
1.123120263218879700e-02
5.629940424114465714e-03
1.161300018429756165e-02
1.222678925842046738e-02
1.111404411494731903e-02
1.112207118421792984e-02
1.081805676221847534e-02
1.224695704877376556e-02
1.158282533288002014e-02
1.202995702624320984e-02
1.232698559761047363e-02
1.173969916999340057e-02
1.200311444699764252e-02
1.136306300759315491e-02
1.112573035061359406e-02
6.216531619429588318e-03
1.357486099004745483e-02
1.303048618137836456e-02
1.111999992281198502e-02
1.147602032870054245e-02
6.761075928807258606e-03
1.074270252138376236e-02
1.179818809032440186e-02
1.245227642357349396e-02
9.707473218441009521e-03
1.231405697762966156e-02
9.447362273931503296e-03
1.221077144145965576e-02
8.424664847552776337e-03
1.055788155645132065e-02
1.212074980139732361e-02
1.223012339323759079e-02
1.051563303917646408e-02
1.174896955490112305e-02
1.134426891803741455e-02
1.100180577486753464e-02
1.163325272500514984e-02
1.138914376497268677e-02
1.131550595164299011e-02
1.172957103699445724e-02
1.107402704656124115e-02
1.235543377697467804e-02
1.158063765615224838e-02
1.218849606812000275e-02
1.170025579631328583e-02
1.182121038436889648e-02
1.241534203290939331e-02
1.036185398697853088e-02
1.110450550913810730e-02
1.164595037698745728e-02
1.203094702214002609e-02
1.204110868275165558e-02
1.072858460247516632e-02
1.141081005334854126e-02
1.190208364278078079e-02
1.209783181548118591e-02
9.317945688962936401e-03
1.198176667094230652e-02
1.232226565480232239e-02
1.168276742100715637e-02
1.133862510323524475e-02
1.138654816895723343e-02
1.015902496874332428e-02
1.210559252649545670e-02
1.221369020640850067e-02
1.072797924280166626e-02
1.098661776632070541e-02
9.676153771579265594e-03
1.125758513808250427e-02
1.221365109086036682e-02
1.157707441598176956e-02
1.126139052212238312e-02
1.152560859918594360e-02
1.270372513681650162e-02
1.135431975126266479e-02
1.089611090719699860e-02
1.205644477158784866e-02
1.184663549065589905e-02
1.213799044489860535e-02
1.140743680298328400e-02
1.045928802341222763e-02
1.178635470569133759e-02
1.088294759392738342e-02
1.177635695785284042e-02
1.113765127956867218e-02
1.202686689794063568e-02
1.243642717599868774e-02
1.227439939975738525e-02
1.234671752899885178e-02
1.256767660379409790e-02
1.160481479018926620e-02
1.117847673594951630e-02
1.150458678603172302e-02
1.148967631161212921e-02
1.200343389064073563e-02
1.175297051668167114e-02
7.717967033386230469e-03
1.215460337698459625e-02
1.231646910309791565e-02
1.068652980029582977e-02
1.022756192833185196e-02
9.699507616460323334e-03
1.144182216376066208e-02
1.205610111355781555e-02
1.289085112512111664e-02
1.227037049829959869e-02
1.157464925199747086e-02
1.191313378512859344e-02
1.192567031830549240e-02
1.137360744178295135e-02
1.100888289511203766e-02
1.160979457199573517e-02
1.198678743094205856e-02
1.167804747819900513e-02
1.113023422658443451e-02
1.097027398645877838e-02
1.199452485889196396e-02
1.256506796926259995e-02
8.801314048469066620e-03
1.042378880083560944e-02
1.221888046711683273e-02
1.178438495844602585e-02
9.396105073392391205e-03
1.215293817222118378e-02
1.259398832917213440e-02
1.175562664866447449e-02
5.995028186589479446e-03
1.212184131145477295e-02
9.905120357871055603e-03
1.136505231261253357e-02
1.135423406958580017e-02
1.224598288536071777e-02
1.147462986409664154e-02
1.103996112942695618e-02
1.231535524129867554e-02
1.192475296556949615e-02
5.511831957846879959e-03
1.056351326406002045e-02
1.164801977574825287e-02
1.276947185397148132e-02
1.152078248560428619e-02
1.001804880797863007e-02
1.114678382873535156e-02
9.112139232456684113e-03
1.019310858100652695e-02
1.175619661808013916e-02
9.643362835049629211e-03
1.242010295391082764e-02
1.101451180875301361e-02
1.143530011177062988e-02
1.177685521543025970e-02
1.166357286274433136e-02
1.208416745066642761e-02
1.060115359723567963e-02
1.172394119203090668e-02
1.154949143528938293e-02
1.251078303903341293e-02
1.168111246079206467e-02
1.332888752222061157e-02
9.592554531991481781e-03
1.136354170739650726e-02
1.162127684801816940e-02
1.156657841056585312e-02
1.172835752367973328e-02
9.618150070309638977e-03
1.085852924734354019e-02
1.198069378733634949e-02
1.085948944091796875e-02
1.261930540204048157e-02
1.263749413192272186e-02
1.181939896196126938e-02
1.152924820780754089e-02
1.062981132417917252e-02
1.194334775209426880e-02
1.171953231096267700e-02
9.448791854083538055e-03
1.105425599962472916e-02
1.184408087283372879e-02
1.106954272836446762e-02
1.234262902289628983e-02
1.202543079853057861e-02
1.164416037499904633e-02
1.194205693900585175e-02
1.364552602171897888e-02
1.150629855692386627e-02
1.206610538065433502e-02
1.246944069862365723e-02
1.210706122219562531e-02
1.005061529576778412e-02
1.258886791765689850e-02
9.819218888878822327e-03
1.079321000725030899e-02
1.004469022154808044e-02
1.253953948616981506e-02
1.325409021228551865e-02
1.161755435168743134e-02
1.224728301167488098e-02
1.101185847073793411e-02
1.108454726636409760e-02
1.185473613440990448e-02
1.116046123206615448e-02
1.173973083496093750e-02
1.213407889008522034e-02
1.188317406922578812e-02
1.147898938506841660e-02
1.087988168001174927e-02
9.322745725512504578e-03
1.225151587277650833e-02
1.189466007053852081e-02
9.466188028454780579e-03
1.175996102392673492e-02
1.150128711014986038e-02
1.263647340238094330e-02
1.206064689904451370e-02
1.192129589617252350e-02
1.272571273148059845e-02
1.240626908838748932e-02
1.151566952466964722e-02
1.083072368055582047e-02
1.002947986125946045e-02
1.140882726758718491e-02
1.217545382678508759e-02
1.196306105703115463e-02
1.181962713599205017e-02
1.102806627750396729e-02
1.108711864799261093e-02
1.171242631971836090e-02
1.105008088052272797e-02
1.160484459251165390e-02
1.102475635707378387e-02
1.177274808287620544e-02
1.168179884552955627e-02
1.184096466749906540e-02
1.159413158893585205e-02
1.141994632780551910e-02
1.216078177094459534e-02
1.177608408033847809e-02
1.142035238444805145e-02
1.153039839118719101e-02
7.745081093162298203e-03
1.084465533494949341e-02
1.057230960577726364e-02
1.194499805569648743e-02
1.097192522138357162e-02
1.195488590747117996e-02
1.178793516010046005e-02
1.259104162454605103e-02
1.127478759735822678e-02
1.060919370502233505e-02
1.219153776764869690e-02
1.030719839036464691e-02
1.209623832255601883e-02
1.082496531307697296e-02
1.109778508543968201e-02
1.107877120375633240e-02
1.245262846350669861e-02
1.258363854140043259e-02
1.339785940945148468e-02
1.002229005098342896e-02
1.210565306246280670e-02
1.026233658194541931e-02
1.127209514379501343e-02
1.392265316098928452e-02
1.165274437516927719e-02
9.735448285937309265e-03
1.168645173311233521e-02
9.927754290401935577e-03
1.304180920124053955e-02
1.090345438569784164e-02
1.151236891746520996e-02
1.175406295806169510e-02
1.168731413781642914e-02
1.528386678546667099e-02
1.155312079936265945e-02
1.159196346998214722e-02
1.147653162479400635e-02
1.300328783690929413e-02
1.093895733356475830e-02
1.024151965975761414e-02
1.197437755763530731e-02
1.042183581739664078e-02
1.122382562607526779e-02
1.144442148506641388e-02
1.176049374043941498e-02
1.121047418564558029e-02
1.139965280890464783e-02
1.153471693396568298e-02
1.160452049225568771e-02
1.131346728652715683e-02
1.270340010523796082e-02
1.061403099447488785e-02
1.156010385602712631e-02
1.339450478553771973e-02
1.129844225943088531e-02
1.180509291589260101e-02
1.188375707715749741e-02
1.287885103374719620e-02
1.180019043385982513e-02
1.161786355078220367e-02
1.076683029532432556e-02
1.143724657595157623e-02
1.184172555804252625e-02
1.204222068190574646e-02
1.208256557583808899e-02
1.202156208455562592e-02
1.178440637886524200e-02
1.168607920408248901e-02
1.166466809809207916e-02
1.117367483675479889e-02
1.176182087510824203e-02
1.256141066551208496e-02
1.181524805724620819e-02
1.072514336556196213e-02
1.251976471394300461e-02
1.165344007313251495e-02
1.216675061732530594e-02
1.274573430418968201e-02
1.076338719576597214e-02
1.086980476975440979e-02
1.002658065408468246e-02
1.007416285574436188e-02
1.068495679646730423e-02
1.376356557011604309e-02
1.078059524297714233e-02
1.134715043008327484e-02
9.354082867503166199e-03
1.110191084444522858e-02
6.369252689182758331e-03
1.010702550411224365e-02
1.155212428420782089e-02
8.796796202659606934e-03
1.087133586406707764e-02
1.171591877937316895e-02
1.151781156659126282e-02
1.075181178748607635e-02
1.244412921369075775e-02
1.042229030281305313e-02
1.227911747992038727e-02
1.200199872255325317e-02
1.150988601148128510e-02
1.201610453426837921e-02
9.998736903071403503e-03
1.183952670544385910e-02
1.232373435050249100e-02
1.128099206835031509e-02
1.048963144421577454e-02
1.192156597971916199e-02
1.141811069101095200e-02
1.068972237408161163e-02
1.102818548679351807e-02
1.056976057589054108e-02
1.404287200421094894e-02
1.212080568075180054e-02
1.102514192461967468e-02
1.157526299357414246e-02
1.176956854760646820e-02
1.195086259394884109e-02
1.021563075482845306e-02
1.172670349478721619e-02
1.293668616563081741e-02
1.154859364032745361e-02
1.123105455189943314e-02
1.158382929861545563e-02
8.626423776149749756e-03
1.209639012813568115e-02
1.237811706960201263e-02
1.181569043546915054e-02
1.215222105383872986e-02
1.063262484967708588e-02
1.173111237585544586e-02
1.012824289500713348e-02
1.141361147165298462e-02
1.057576760649681091e-02
1.113898865878582001e-02
1.230439171195030212e-02
1.210724469274282455e-02
1.125350221991539001e-02
5.753830540925264359e-03
1.080456934869289398e-02
1.085275411605834961e-02
1.170677971094846725e-02
9.563089348375797272e-03
1.006297674030065536e-02
1.139802299439907074e-02
1.056650280952453613e-02
1.146041415631771088e-02
1.188179850578308105e-02
1.150426082313060760e-02
1.188126765191555023e-02
1.179277524352073669e-02
1.228981651365756989e-02
1.240755058825016022e-02
1.048204861581325531e-02
1.170738134533166885e-02
1.239097584038972855e-02
1.199766714125871658e-02
1.100650429725646973e-02
1.202675048261880875e-02
1.160749793052673340e-02
9.403561241924762726e-03
1.182148046791553497e-02
1.232187263667583466e-02
5.115223582834005356e-03
1.083959825336933136e-02
1.187114417552947998e-02
1.265386678278446198e-02
1.159914024174213409e-02
1.184255257248878479e-02
9.705912321805953979e-03
1.232470013201236725e-02
1.449303980916738510e-02
1.277543231844902039e-02
1.133376359939575195e-02
1.016809232532978058e-02
1.193355210125446320e-02
1.155855134129524231e-02
1.141544990241527557e-02
1.084132213145494461e-02
1.069926470518112183e-02
4.889182280749082565e-03
1.150367967784404755e-02
1.189150661230087280e-02
1.093925535678863525e-02
1.136471424251794815e-02
1.209260243922472000e-02
1.166961714625358582e-02
1.234814897179603577e-02
1.190999615937471390e-02
9.844657033681869507e-03
1.178894378244876862e-02
1.133163459599018097e-02
9.102813899517059326e-03
1.187587156891822815e-02
1.148218754678964615e-02
1.030357088893651962e-02
1.025939080864191055e-02
9.517153725028038025e-03
1.245793141424655914e-02
1.173072773963212967e-02
1.199251599609851837e-02
1.108505390584468842e-02
1.129339821636676788e-02
1.164763048291206360e-02
1.049359142780303955e-02
1.142040546983480453e-02
1.176570076495409012e-02
1.002346724271774292e-02
1.169240847229957581e-02
1.156093366444110870e-02
1.172518916428089142e-02
1.282753609120845795e-02
1.130559761077165604e-02
1.170299109071493149e-02
1.198089309036731720e-02
1.198196783661842346e-02
1.027818210422992706e-02
1.113106869161128998e-02
1.132063195109367371e-02
1.179522089660167694e-02
1.154777407646179199e-02
1.165699213743209839e-02
1.221769582480192184e-02
1.113328710198402405e-02
1.153081096708774567e-02
1.173489168286323547e-02
1.201161649078130722e-02
1.095520891249179840e-02
1.059734821319580078e-02
1.172163896262645721e-02
1.129731349647045135e-02
1.228292565792798996e-02
1.142778899520635605e-02
1.126598194241523743e-02
1.150678750127553940e-02
1.115428749471902847e-02
1.198746822774410248e-02
1.015178114175796509e-02
1.177851483225822449e-02
1.160472631454467773e-02
1.087333820760250092e-02
1.213638484477996826e-02
1.149887964129447937e-02
1.137786731123924255e-02
1.235862262547016144e-02
1.158917043358087540e-02
1.098505873233079910e-02
1.035381667315959930e-02
1.311258133500814438e-02
1.225470751523971558e-02
1.188189536333084106e-02
1.224008481949567795e-02
1.137485168874263763e-02
1.182560063898563385e-02
1.161924377083778381e-02
1.194281689822673798e-02
1.185004040598869324e-02
1.117767952382564545e-02
1.026110630482435226e-02
1.129534468054771423e-02
1.232051383703947067e-02
1.161458902060985565e-02
1.139256171882152557e-02
1.131234131753444672e-02
1.151876430958509445e-02
1.126424036920070648e-02
1.243821997195482254e-02
1.253918465226888657e-02
1.182404812425374985e-02
1.026348210871219635e-02
1.076741423457860947e-02
1.179233565926551819e-02
1.250007003545761108e-02
1.171471178531646729e-02
1.193233579397201538e-02
1.234755478799343109e-02
1.052018627524375916e-02
1.188839599490165710e-02
1.190152391791343689e-02
1.240963116288185120e-02
1.198330894112586975e-02
1.130042411386966705e-02
9.742976166307926178e-03
1.229293365031480789e-02
1.228890940546989441e-02
1.172970049083232880e-02
1.224093139171600342e-02
1.056318543851375580e-02
8.791437372565269470e-03
1.136322319507598877e-02
7.501118816435337067e-03
1.108390837907791138e-02
1.113601867109537125e-02
1.168836280703544617e-02
1.159369572997093201e-02
1.221690513193607330e-02
1.121737435460090637e-02
1.166437380015850067e-02
1.286269444972276688e-02
1.091837044805288315e-02
6.089645437896251678e-03
1.193768903613090515e-02
7.920795120298862457e-03
9.118612855672836304e-03
1.124388910830020905e-02
1.233670581132173538e-02
1.234412379562854767e-02
1.146218553185462952e-02
5.698005668818950653e-03
1.271862536668777466e-02
1.205634791404008865e-02
1.211086288094520569e-02
1.189248356968164444e-02
1.127831824123859406e-02
1.146798580884933472e-02
1.100400555878877640e-02
9.976348839700222015e-03
1.070460490882396698e-02
1.133571658283472061e-02
1.109769009053707123e-02
1.104426849633455276e-02
1.193124707788228989e-02
1.250635553151369095e-02
1.139114797115325928e-02
1.116452552378177643e-02
1.245441101491451263e-02
1.148748956620693207e-02
1.127818506211042404e-02
1.162102818489074707e-02
1.371135562658309937e-02
1.591610908508300781e-02
1.126879733055830002e-02
1.106183882802724838e-02
1.106603257358074188e-02
1.169373467564582825e-02
1.122876256704330444e-02
1.261330023407936096e-02
1.161714177578687668e-02
1.172294467687606812e-02
1.257221866399049759e-02
1.116204075515270233e-02
1.194025296717882156e-02
5.951710510998964310e-03
1.204539090394973755e-02
1.219275221228599548e-02
1.054734736680984497e-02
1.196380704641342163e-02
1.203957758843898773e-02
1.011903397738933563e-02
1.098164170980453491e-02
1.123948767781257629e-02
1.205020863562822342e-02
1.149467378854751587e-02
1.158304512500762939e-02
1.278361864387989044e-02
1.164669729769229889e-02
1.131254248321056366e-02
1.158465631306171417e-02
1.330140233039855957e-02
1.085504237562417984e-02
1.208255905658006668e-02
1.078064367175102234e-02
1.054038386791944504e-02
1.105766929686069489e-02
1.209497172385454178e-02
1.206536311656236649e-02
1.171989180147647858e-02
1.127672381699085236e-02
1.192632038146257401e-02
1.183907222002744675e-02
1.126380078494548798e-02
1.177062094211578369e-02
1.231839321553707123e-02
1.094186864793300629e-02
8.969360962510108948e-03
1.269012782722711563e-02
1.192367542535066605e-02
1.264574564993381500e-02
1.244114711880683899e-02
1.117737777531147003e-02
1.254412438720464706e-02
1.121004298329353333e-02
1.132500730454921722e-02
8.845791220664978027e-03
1.172231882810592651e-02
1.112889498472213745e-02
1.137256808578968048e-02
1.199916005134582520e-02
1.211448572576045990e-02
1.072853244841098785e-02
1.180502958595752716e-02
1.168009638786315918e-02
1.217010524123907089e-02
1.245936192572116852e-02
1.150196790695190430e-02
1.114995870739221573e-02
1.105624064803123474e-02
1.033763401210308075e-02
7.916459813714027405e-03
1.093015447258949280e-02
1.268594339489936829e-02
1.162539608776569366e-02
1.106312591582536697e-02
1.326795853674411774e-02
9.233292192220687866e-03
1.133799459785223007e-02
1.189268566668033600e-02
1.324849016964435577e-02
1.113904546946287155e-02
1.240014657378196716e-02
1.086383499205112457e-02
1.010247692465782166e-02
1.222561765462160110e-02
1.140715926885604858e-02
1.347452588379383087e-02
1.140932925045490265e-02
1.260953396558761597e-02
1.042846404016017914e-02
1.158178038895130157e-02
1.236044522374868393e-02
1.158418413251638412e-02
1.201308052986860275e-02
1.148886699229478836e-02
1.031144335865974426e-02
1.239117886871099472e-02
1.225236803293228149e-02
1.309077162295579910e-02
1.163972169160842896e-02
8.324267342686653137e-03
8.912854827940464020e-03
1.111586950719356537e-02
1.199179328978061676e-02
1.148532424122095108e-02
1.152373291552066803e-02
1.202226057648658752e-02
1.096074841916561127e-02
9.113872423768043518e-03
1.131497696042060852e-02
1.189347356557846069e-02
1.224746182560920715e-02
1.170579902827739716e-02
1.094686239957809448e-02
1.198495551943778992e-02
1.137667614966630936e-02
1.177455577999353409e-02
1.267007552087306976e-02
6.487918086349964142e-03
1.140068192034959793e-02
1.221572235226631165e-02
1.105854939669370651e-02
1.080572605133056641e-02
1.029321737587451935e-02
1.106253359466791153e-02
1.173288468271493912e-02
1.148845721036195755e-02
1.160484924912452698e-02
1.213486678898334503e-02
6.781509146094322205e-03
1.226213760673999786e-02
1.130919996649026871e-02
1.151422969996929169e-02
1.138126663863658905e-02
1.102639362215995789e-02
1.173635572195053101e-02
1.202799845486879349e-02
1.187154650688171387e-02
1.077564340084791183e-02
1.069209724664688110e-02
9.292098693549633026e-03
1.187538448721170425e-02
1.238476391881704330e-02
1.073687709867954254e-02
1.137831341475248337e-02
1.114730350673198700e-02
1.252275239676237106e-02
1.127501111477613449e-02
1.067957654595375061e-02
1.120545808225870132e-02
1.179197616875171661e-02
1.189262047410011292e-02
1.083702407777309418e-02
9.695557877421379089e-03
1.123401336371898651e-02
1.234090421348810196e-02
1.169337239116430283e-02
1.007937639951705933e-02
1.225540973246097565e-02
1.128418371081352234e-02
1.088753901422023773e-02
1.227034442126750946e-02
1.227258238941431046e-02
1.008197292685508728e-02
1.176926121115684509e-02
1.166081987321376801e-02
1.332172192633152008e-02
9.344832971692085266e-03
1.117880456149578094e-02
1.198475435376167297e-02
1.215086411684751511e-02
1.092561800032854080e-02
1.197958458214998245e-02
1.159880124032497406e-02
1.254604198038578033e-02
1.214267872273921967e-02
1.147888228297233582e-02
1.140785496681928635e-02
1.208538096398115158e-02
1.068128831684589386e-02
1.200117077678442001e-02
1.110808737576007843e-02
1.136614568531513214e-02
1.062712259590625763e-02
1.218825764954090118e-02
1.142192725092172623e-02
1.224539335817098618e-02
1.099488884210586548e-02
1.195200346410274506e-02
1.152839884161949158e-02
1.196227222681045532e-02
1.077131181955337524e-02
1.126107107847929001e-02
1.151162479072809219e-02
1.176224276423454285e-02
1.106673106551170349e-02
1.269782707095146179e-02
1.168511155992746353e-02
1.241448707878589630e-02
1.160631328821182251e-02
1.203870773315429688e-02
1.097301300615072250e-02
1.177351735532283783e-02
1.164414547383785248e-02
1.296378113329410553e-02
1.132017746567726135e-02
1.111314631998538971e-02
1.191281527280807495e-02
1.098702196031808853e-02
1.239582430571317673e-02
6.651771254837512970e-03
1.131711993366479874e-02
1.241389475762844086e-02
1.206853147596120834e-02
7.314579561352729797e-03
1.134249754250049591e-02
1.102257147431373596e-02
1.272643171250820160e-02
1.103575341403484344e-02
1.106979697942733765e-02
1.116633787751197815e-02
8.787766098976135254e-03
1.254913583397865295e-02
1.175501942634582520e-02
1.133425347506999969e-02
1.124957762658596039e-02
1.141182053834199905e-02
1.176731660962104797e-02
1.123647671192884445e-02
1.202858425676822662e-02
1.363206654787063599e-02
1.159540377557277679e-02
1.181445550173521042e-02
1.234005764126777649e-02
1.136836595833301544e-02
1.264769211411476135e-02
8.738485164940357208e-03
1.125735417008399963e-02
8.638041093945503235e-03
1.386387273669242859e-02
1.182108744978904724e-02
1.192591153085231781e-02
1.167688332498073578e-02
1.211534440517425537e-02
1.029896456748247147e-02
1.152315642684698105e-02
1.218374073505401611e-02
1.216053403913974762e-02
1.228775177150964737e-02
1.186393667012453079e-02
1.165404170751571655e-02
7.370938546955585480e-03
1.237113215029239655e-02
1.214819867163896561e-02
1.175767369568347931e-02
1.140203792601823807e-02
1.105992589145898819e-02
1.071910560131072998e-02
1.026715338230133057e-02
1.110790017992258072e-02
1.115597318857908249e-02
9.636776521801948547e-03
1.178408693522214890e-02
1.066105626523494720e-02
1.177437882870435715e-02
1.146150752902030945e-02
8.119134232401847839e-03
1.166747324168682098e-02
1.229319721460342407e-02
1.237925142049789429e-02
1.314117107540369034e-02
1.168116740882396698e-02
1.211677677929401398e-02
1.169816963374614716e-02
1.152063347399234772e-02
1.140003930777311325e-02
1.125288475304841995e-02
1.222339831292629242e-02
1.223708316683769226e-02
9.795728139579296112e-03
1.142883766442537308e-02
1.195121183991432190e-02
1.209914125502109528e-02
5.208754912018775940e-03
9.987158700823783875e-03
1.167412102222442627e-02
1.141481101512908936e-02
1.145109161734580994e-02
1.082173921167850494e-02
1.193370949476957321e-02
1.156468316912651062e-02
1.167894061654806137e-02
1.081082131713628769e-02
1.161037478595972061e-02
1.273383386433124542e-02
1.123332884162664413e-02
1.177402026951313019e-02
1.157733798027038574e-02
9.927169419825077057e-03
1.078620832413434982e-02
6.421090103685855865e-03
1.127794198691844940e-02
1.141073834151029587e-02
1.179083064198493958e-02
1.121057290583848953e-02
1.145111396908760071e-02
1.201418228447437286e-02
1.244543492794036865e-02
1.078343391418457031e-02
1.209484599530696869e-02
1.197597756981849670e-02
1.074583642184734344e-02
1.085514388978481293e-02
1.074206829071044922e-02
1.268818415701389313e-02
1.113174855709075928e-02
8.723029866814613342e-03
1.215130090713500977e-02
1.248191576451063156e-02
1.197606883943080902e-02
1.167867518961429596e-02
1.244074478745460510e-02
7.364177145063877106e-03
1.194519735872745514e-02
1.093226857483386993e-02
1.301604416221380234e-02
1.155136618763208389e-02
1.245353557169437408e-02
1.198210753500461578e-02
1.115081831812858582e-02
1.179431565105915070e-02
1.167520880699157715e-02
1.189401187002658844e-02
1.179923955351114273e-02
1.076889038085937500e-02
1.200591959059238434e-02
1.239326037466526031e-02
1.157349441200494766e-02
5.297612398862838745e-03
1.105519942939281464e-02
1.119765266776084900e-02
1.114946231245994568e-02
1.135163195431232452e-02
1.241830922663211823e-02
1.112362742424011230e-02
1.195113360881805420e-02
1.261638663709163666e-02
1.191014423966407776e-02
1.196834724396467209e-02
1.190731953829526901e-02
1.135753188282251358e-02
1.096347440034151077e-02
1.196732092648744583e-02
1.140094362199306488e-02
1.311179995536804199e-02
1.126559730619192123e-02
1.137823984026908875e-02
1.234092749655246735e-02
1.077806297689676285e-02
1.181972958147525787e-02
1.111039239913225174e-02
1.161065511405467987e-02
1.068244129419326782e-02
9.727617725729942322e-03
1.158045977354049683e-02
1.015681400895118713e-02
1.111900620162487030e-02
1.043974049389362335e-02
1.154747977852821350e-02
1.247413456439971924e-02
1.115579344332218170e-02
1.154876407235860825e-02
1.136175636202096939e-02
1.134774275124073029e-02
1.208731532096862793e-02
1.184089947491884232e-02
1.236804015934467316e-02
1.222413033246994019e-02
1.183655671775341034e-02
1.199882943183183670e-02
1.197165809571743011e-02
1.101539283990859985e-02
1.175881642848253250e-02
9.335522539913654327e-03
1.218763459473848343e-02
1.121193915605545044e-02
1.149810291826725006e-02
1.067667640745639801e-02
1.250469591468572617e-02
1.117556728422641754e-02
1.067273318767547607e-02
1.121067348867654800e-02
6.975994911044836044e-03
1.114833634346723557e-02
1.207747962325811386e-02
1.242798753082752228e-02
1.152412686496973038e-02
1.141759939491748810e-02
1.128707826137542725e-02
1.185325160622596741e-02
1.241410896182060242e-02
1.125100255012512207e-02
1.200125180184841156e-02
1.091070286929607391e-02
1.068307645618915558e-02
1.013035699725151062e-02
1.205138955265283585e-02
1.183887850493192673e-02
1.208192296326160431e-02
1.179280132055282593e-02
1.337163057178258896e-02
1.236145105212926865e-02
1.186273433268070221e-02
7.299489341676235199e-03
1.138476468622684479e-02
1.190418377518653870e-02
1.144555769860744476e-02
1.233609300106763840e-02
1.219763141125440598e-02
1.134950667619705200e-02
1.240401342511177063e-02
9.905241429805755615e-03
1.130844280123710632e-02
7.600849494338035583e-03
1.188822835683822632e-02
1.195726450532674789e-02
1.188934594392776489e-02
1.110470294952392578e-02
1.004995126277208328e-02
1.195427961647510529e-02
1.230433955788612366e-02
1.191616989672183990e-02
1.174308825284242630e-02
1.153357047587633133e-02
1.145770587027072906e-02
1.195271406322717667e-02
1.179733499884605408e-02
1.164294499903917313e-02
1.154906116425991058e-02
1.206626743078231812e-02
1.132904738187789917e-02
1.175918336957693100e-02
1.212185434997081757e-02
1.081969216465950012e-02
1.215375307947397232e-02
1.137899421155452728e-02
1.042525190860033035e-02
9.082391858100891113e-03
1.073600724339485168e-02
1.217955257743597031e-02
1.241609826683998108e-02
1.194931566715240479e-02
1.190281473100185394e-02
1.133106742054224014e-02
1.191321946680545807e-02
1.167372800409793854e-02
1.306754164397716522e-02
1.229765266180038452e-02
1.213930826634168625e-02
1.298174541443586349e-02
1.198603957891464233e-02
1.066059246659278870e-02
1.213776972144842148e-02
1.287299953401088715e-02
1.158215105533599854e-02
1.137864403426647186e-02
1.067738980054855347e-02
1.111100334674119949e-02
1.030366029590368271e-02
1.234727725386619568e-02
1.160120498389005661e-02
1.114193163812160492e-02
1.220735628157854080e-02
1.178858242928981781e-02
1.064218115061521530e-02
1.137231104075908661e-02
1.216919720172882080e-02
1.228064671158790588e-02
1.104523614048957825e-02
1.181885786354541779e-02
1.073006168007850647e-02
1.078527048230171204e-02
1.130700949579477310e-02
1.106327213346958160e-02
5.647280253469944000e-03
1.115691661834716797e-02
1.237509399652481079e-02
1.169115584343671799e-02
1.101741753518581390e-02
1.060793548822402954e-02
1.220253296196460724e-02
1.209280919283628464e-02
7.660674862563610077e-03
1.206137053668498993e-02
1.060205325484275818e-02
1.186826638877391815e-02
1.100369170308113098e-02
1.143931411206722260e-02
1.204301975667476654e-02
1.103913132101297379e-02
9.756801649928092957e-03
1.068412978202104568e-02
1.205759961158037186e-02
1.070157624781131744e-02
1.176444161683320999e-02
1.270419172942638397e-02
1.213096827268600464e-02
1.150779426097869873e-02
1.232809666544198990e-02
1.158787310123443604e-02
8.701403625309467316e-03
1.226095762103796005e-02
1.100214663892984390e-02
1.139407698065042496e-02
1.108544226735830307e-02
1.145696640014648438e-02
1.251231227070093155e-02
1.088206283748149872e-02
1.191135682165622711e-02
1.170765981078147888e-02
1.173967029899358749e-02
1.272373180836439133e-02
1.236609276384115219e-02
1.212100218981504440e-02
1.462569180876016617e-02
1.230890676379203796e-02
1.230109110474586487e-02
7.548037450760602951e-03
1.304882485419511795e-02
1.064959540963172913e-02
8.957630023360252380e-03
1.237436756491661072e-02
1.110696978867053986e-02
1.227359846234321594e-02
1.142849586904048920e-02
1.052988320589065552e-02
1.223067007958889008e-02
1.199936680495738983e-02
1.107303611934185028e-02
1.179444044828414917e-02
1.064032223075628281e-02
1.121225580573081970e-02
1.170366443693637848e-02
1.174222119152545929e-02
1.264779642224311829e-02
1.176095940172672272e-02
1.147950254380702972e-02
1.185165718197822571e-02
1.124117989093065262e-02
1.157451607286930084e-02
7.246842607855796814e-03
1.374198868870735168e-02
1.175960619002580643e-02
1.056315284222364426e-02
