<system>Protocol: Active. Attitude: Sassy.</system>
1.444539055228233337e-02
1.421038713306188583e-02
1.401694212108850479e-02
1.438119448721408844e-02
1.452535018324851990e-02
1.429186109453439713e-02
1.433625817298889160e-02
1.374424155801534653e-02
1.428881194442510605e-02
1.372766774147748947e-02
1.399338152259588242e-02
1.443948503583669662e-02
1.367552950978279114e-02
1.447060145437717438e-02
1.439648028463125229e-02
1.411355938762426376e-02
1.323562860488891602e-02
1.449350081384181976e-02
1.421640161424875259e-02
1.459945831447839737e-02
1.459463778883218765e-02
1.447042264044284821e-02
1.450486853718757629e-02
1.363178528845310211e-02
1.421385444700717926e-02
1.431173086166381836e-02
1.434085611253976822e-02
1.447974517941474915e-02
1.448470633476972580e-02
1.466254331171512604e-02
1.273080985993146896e-02
1.382859144359827042e-02
1.395842432975769043e-02
1.439573802053928375e-02
1.430371310561895370e-02
9.950329549610614777e-03
1.378322299569845200e-02
1.407427992671728134e-02
1.438500359654426575e-02
1.316467765718698502e-02
1.455839909613132477e-02
1.391106005758047104e-02
1.448439713567495346e-02
1.414446905255317688e-02
1.326893176883459091e-02
1.399237476289272308e-02
1.424318831413984299e-02
1.103116944432258606e-02
1.434082351624965668e-02
1.363623980432748795e-02
1.374468207359313965e-02
1.418877486139535904e-02
1.414921041578054428e-02
1.448061224073171616e-02
1.389215514063835144e-02
1.386772748082876205e-02
1.433242484927177429e-02
1.383608300238847733e-02
1.362530514597892761e-02
1.386926695704460144e-02
1.455409731715917587e-02
1.460514590144157410e-02
1.435147225856781006e-02
1.445674523711204529e-02
1.460445486009120941e-02
1.462282333523035049e-02
1.457356754690408707e-02
1.430972572416067123e-02
1.400512177497148514e-02
1.359606068581342697e-02
1.407339796423912048e-02
1.131012942641973495e-02
1.418561022728681564e-02
1.440649107098579407e-02
1.421694830060005188e-02
1.442345697432756424e-02
1.375962793827056885e-02
1.459375303238630295e-02
1.447156351059675217e-02
9.919190779328346252e-03
1.440775115042924881e-02
1.421140786260366440e-02
1.400260534137487411e-02
1.398774981498718262e-02
1.463466603308916092e-02
1.449246332049369812e-02
1.448333263397216797e-02
1.468339562416076660e-02
1.456773839890956879e-02
1.391430478543043137e-02
1.412352360785007477e-02
1.425270643085241318e-02
1.454353053122758865e-02
1.438888907432556152e-02
1.442889776080846786e-02
1.485137268900871277e-02
1.436838787049055099e-02
1.386745553463697433e-02
1.366035733371973038e-02
1.301455870270729065e-02
1.429659686982631683e-02
1.459738612174987793e-02
1.469840668141841888e-02
1.448509655892848969e-02
1.445076800882816315e-02
1.427887007594108582e-02
1.453186664730310440e-02
1.463279128074645996e-02
1.383566856384277344e-02
1.442791149020195007e-02
1.385523099452257156e-02
1.359923742711544037e-02
1.439215615391731262e-02
1.299592293798923492e-02
1.341149117797613144e-02
1.470071915537118912e-02
1.438051555305719376e-02
1.365651842206716537e-02
1.378572266548871994e-02
1.399087253957986832e-02
1.418741419911384583e-02
1.418904587626457214e-02
1.408020779490470886e-02
1.433610823005437851e-02
1.419795211404561996e-02
1.407251041382551193e-02
1.409040763974189758e-02
1.374979689717292786e-02
1.404111087322235107e-02
1.375558134168386459e-02
1.443626079708337784e-02
1.441728789359331131e-02
1.409016270190477371e-02
1.432123221457004547e-02
1.369349006563425064e-02
1.431540027260780334e-02
1.424302253872156143e-02
1.449077390134334564e-02
1.441310252994298935e-02
1.393714547157287598e-02
1.450731977820396423e-02
1.438737753778696060e-02
1.397749688476324081e-02
1.422672066837549210e-02
1.439948752522468567e-02
1.432131603360176086e-02
1.335360482335090637e-02
1.339940354228019714e-02
1.462636981159448624e-02
1.389693934470415115e-02
1.260478422045707703e-02
1.439463160932064056e-02
1.443031150847673416e-02
1.459566876292228699e-02
1.399049162864685059e-02
1.367713883519172668e-02
1.327257696539163589e-02
1.406532153487205505e-02
1.485803723335266113e-02
1.373080071061849594e-02
1.424310542643070221e-02
1.454746443778276443e-02
1.377390045672655106e-02
1.417917665094137192e-02
1.455839630216360092e-02
1.450402382761240005e-02
1.253346726298332214e-02
1.395999267697334290e-02
1.433842442929744720e-02
1.424904819577932358e-02
1.467869523912668228e-02
1.424336340278387070e-02
1.440268754959106445e-02
1.418190635740756989e-02
1.454466581344604492e-02
1.412258669734001160e-02
1.399562321603298187e-02
1.444548368453979492e-02
1.390005927532911301e-02
1.403214596211910248e-02
1.406503003090620041e-02
1.443452853709459305e-02
1.449039578437805176e-02
1.352460589259862900e-02
1.172925531864166260e-02
1.388932392001152039e-02
1.450350973755121231e-02
1.421160623431205750e-02
1.416504289954900742e-02
1.283376570791006088e-02
1.441602036356925964e-02
1.403825357556343079e-02
1.384803280234336853e-02
1.342654135078191757e-02
1.340568996965885162e-02
1.379609666764736176e-02
1.396328583359718323e-02
1.396172586828470230e-02
1.314747892320156097e-02
1.374746952205896378e-02
1.430348958820104599e-02
1.433407329022884369e-02
1.292441412806510925e-02
1.429834403097629547e-02
1.426898874342441559e-02
1.465577445924282074e-02
1.428430061787366867e-02
1.387642044574022293e-02
1.452247705310583115e-02
1.432271581143140793e-02
1.432703994214534760e-02
1.387416757643222809e-02
1.310103200376033783e-02
1.417919993400573730e-02
1.314054708927869797e-02
1.440238859504461288e-02
1.416329666972160339e-02
1.408188417553901672e-02
1.374765951186418533e-02
1.300913747400045395e-02
1.177996769547462463e-02
1.457019522786140442e-02
1.413244847208261490e-02
1.136307604610919952e-02
1.462625525891780853e-02
1.414236146956682205e-02
1.434163376688957214e-02
1.416378002613782883e-02
1.459988020360469818e-02
1.384110841900110245e-02
1.448826119303703308e-02
1.257179770618677139e-02
1.413884107023477554e-02
1.483305636793375015e-02
1.450550649315118790e-02
1.423795241862535477e-02
1.419014018028974533e-02
1.419264636933803558e-02
1.348363794386386871e-02
1.312951091676950455e-02
1.426250301301479340e-02
1.425037067383527756e-02
1.459972001612186432e-02
1.314253453165292740e-02
1.386844180524349213e-02
1.332749798893928528e-02
1.457605045288801193e-02
1.336947083473205566e-02
1.448846980929374695e-02
1.424418110400438309e-02
1.417081616818904877e-02
1.380933914333581924e-02
1.407924387603998184e-02
1.452862098813056946e-02
1.415290776640176773e-02
1.402946189045906067e-02
1.428154017776250839e-02
1.403668802231550217e-02
1.432939153164625168e-02
1.413733325898647308e-02
1.386878173798322678e-02
1.422817073762416840e-02
1.386255025863647461e-02
1.384950522333383560e-02
1.405787561088800430e-02
1.444600522518157959e-02
1.404053810983896255e-02
1.441031042486429214e-02
1.417740248143672943e-02
1.446882169693708420e-02
1.434215996414422989e-02
1.428809762001037598e-02
1.394389662891626358e-02
1.388528384268283844e-02
1.393747329711914062e-02
1.059321686625480652e-02
1.425144914537668228e-02
1.432107388973236084e-02
1.437302865087985992e-02
1.375550031661987305e-02
1.441484410315752029e-02
1.410065684467554092e-02
1.562311965972185135e-02
1.442479155957698822e-02
1.399444136768579483e-02
1.427553594112396240e-02
1.413440611213445663e-02
1.446473971009254456e-02
1.416724547743797302e-02
1.447851303964853287e-02
1.324704848229885101e-02
1.433803047984838486e-02
1.344766002148389816e-02
1.437736954540014267e-02
1.173552032560110092e-02
1.441162452101707458e-02
1.375969406217336655e-02
1.258389744907617569e-02
1.440511085093021393e-02
1.361118629574775696e-02
1.408352330327033997e-02
1.418080925941467285e-02
1.461226399987936020e-02
1.397438999265432358e-02
1.329437829554080963e-02
1.371742412447929382e-02
1.478125061839818954e-02
1.431927364319562912e-02
1.415437739342451096e-02
1.416264381259679794e-02
1.412489917129278183e-02
1.401849742978811264e-02
1.412464678287506104e-02
1.401866879314184189e-02
1.422901172190904617e-02
1.390584744513034821e-02
1.371461804956197739e-02
1.413143053650856018e-02
1.439613010734319687e-02
1.391450781375169754e-02
1.410870160907506943e-02
1.406705100089311600e-02
1.438809558749198914e-02
1.396447420120239258e-02
1.439099665731191635e-02
1.446957513689994812e-02
1.448767725378274918e-02
1.401792373508214951e-02
1.419854443520307541e-02
1.435438916087150574e-02
1.465707737952470779e-02
1.434887386858463287e-02
1.411815360188484192e-02
1.399217173457145691e-02
1.427399180829524994e-02
1.437116786837577820e-02
1.397609617561101913e-02
1.430455408990383148e-02
1.429658848792314529e-02
1.440376136451959610e-02
1.379948854446411133e-02
1.280395779758691788e-02
1.461724843829870224e-02
1.402980927377939224e-02
1.283726748079061508e-02
1.401014532893896103e-02
1.461935881525278091e-02
1.392594911158084869e-02
1.426868792623281479e-02
1.456315722316503525e-02
1.358602941036224365e-02
1.452467776834964752e-02
1.386976242065429688e-02
1.422721147537231445e-02
1.400697790086269379e-02
1.461653411388397217e-02
1.457540690898895264e-02
1.424332056194543839e-02
1.453583315014839172e-02
1.425710972398519516e-02
1.436361949890851974e-02
1.433938182890415192e-02
1.409513689577579498e-02
1.424364186823368073e-02
1.381511054933071136e-02
1.426609233021736145e-02
1.427185628563165665e-02
1.457305904477834702e-02
1.438229158520698547e-02
1.308476552367210388e-02
1.418510358780622482e-02
1.390454731881618500e-02
1.429010555148124695e-02
1.400354504585266113e-02
1.415066141635179520e-02
1.421051379293203354e-02
1.396244205534458160e-02
1.379487570375204086e-02
1.321694813668727875e-02
1.432244852185249329e-02
1.051556225866079330e-02
1.431679818779230118e-02
1.418685261160135269e-02
1.406758744269609451e-02
1.453453581780195236e-02
1.334773935377597809e-02
1.422990486025810242e-02
1.184949651360511780e-02
1.476543582975864410e-02
1.383184455335140228e-02
1.431105751544237137e-02
1.461714599281549454e-02
1.411836221814155579e-02
1.391208730638027191e-02
1.402516290545463562e-02
1.442599017173051834e-02
1.473833713680505753e-02
1.415696367621421814e-02
1.401665527373552322e-02
1.450877264142036438e-02
1.446025446057319641e-02
1.440269872546195984e-02
1.409490779042243958e-02
1.451730076223611832e-02
1.412345841526985168e-02
1.473811827600002289e-02
1.394256670027971268e-02
1.420785579830408096e-02
1.401230972260236740e-02
1.371982041746377945e-02
1.289228256791830063e-02
3.414300084114074707e-02
1.422752533107995987e-02
1.175819244235754013e-02
1.369827147573232651e-02
1.435079053044319153e-02
1.409749314188957214e-02
1.457457151263952255e-02
1.410562451928853989e-02
1.306969765573740005e-02
1.376715581864118576e-02
1.480932254344224930e-02
1.412548404186964035e-02
1.407867670059204102e-02
1.071876846253871918e-02
1.423554774373769760e-02
1.096242386847734451e-02
1.436008419841527939e-02
1.438955310732126236e-02
1.227009948343038559e-02
1.392754912376403809e-02
1.429293770343065262e-02
1.377862691879272461e-02
1.427162811160087585e-02
1.385874673724174500e-02
1.444404758512973785e-02
1.419373508542776108e-02
1.463219523429870605e-02
1.110099814832210541e-02
1.394301373511552811e-02
1.469803415238857269e-02
1.463505905121564865e-02
1.397341769188642502e-02
1.417340990155935287e-02
1.070751622319221497e-02
8.808049373328685760e-03
1.428876165300607681e-02
1.439028885215520859e-02
1.413574721664190292e-02
1.371188834309577942e-02
1.446045003831386566e-02
1.430707052350044250e-02
1.441748999059200287e-02
1.453013345599174500e-02
1.387814804911613464e-02
1.383437123149633408e-02
1.341534312814474106e-02
1.352345105260610580e-02
1.412857696413993835e-02
1.439804118126630783e-02
1.383160427212715149e-02
1.395421382039785385e-02
1.292655151337385178e-02
1.006873790174722672e-02
1.450960896909236908e-02
1.399375125765800476e-02
1.182160340249538422e-02
1.320117153227329254e-02
1.371697150170803070e-02
1.111541781574487686e-02
1.474203262478113174e-02
1.426086388528347015e-02
1.395476702600717545e-02
1.402482483536005020e-02
1.388586405664682388e-02
1.417698897421360016e-02
1.448825094848871231e-02
1.068125758320093155e-02
1.471590995788574219e-02
1.425198838114738464e-02
1.414084993302822113e-02
1.396219804883003235e-02
1.395056582987308502e-02
1.382284238934516907e-02
1.413365080952644348e-02
1.407141145318746567e-02
9.797759354114532471e-03
1.393710635602474213e-02
1.434766594320535660e-02
1.171463821083307266e-02
1.438913028687238693e-02
1.439987774938344955e-02
1.385663356631994247e-02
1.388803496956825256e-02
1.425711717456579208e-02
1.409127190709114075e-02
1.428551413118839264e-02
1.334643643349409103e-02
1.429396215826272964e-02
1.349726412445306778e-02
1.440478302538394928e-02
9.061452001333236694e-03
1.448881719261407852e-02
1.431229617446660995e-02
1.371751818805932999e-02
1.417639851570129395e-02
1.399539690464735031e-02
1.422639284282922745e-02
1.385536789894104004e-02
1.479423418641090393e-02
1.406241860240697861e-02
1.454743370413780212e-02
7.320654112845659256e-03
1.305214129388332367e-02
1.437923219054937363e-02
1.455870550125837326e-02
1.387166418135166168e-02
1.319702342152595520e-02
1.487402897328138351e-02
1.309760566800832748e-02
1.460567023605108261e-02
1.213727332651615143e-02
1.422239746898412704e-02
1.408541575074195862e-02
1.425317488610744476e-02
1.007649954408407211e-02
1.413390319794416428e-02
1.440785266458988190e-02
1.454090792685747147e-02
1.436496339738368988e-02
1.422532461583614349e-02
1.449244003742933273e-02
1.427841559052467346e-02
1.441430673003196716e-02
1.422199048101902008e-02
1.447555422782897949e-02
1.401531137526035309e-02
1.425787806510925293e-02
1.424009446054697037e-02
1.414771284908056259e-02
1.421111263334751129e-02
1.370625570416450500e-02
1.423442643135786057e-02
1.415779907256364822e-02
1.307673845440149307e-02
1.404111180454492569e-02
1.387835945934057236e-02
1.336713507771492004e-02
1.416586432605981827e-02
1.425513997673988342e-02
1.444759126752614975e-02
1.414438523352146149e-02
1.385050732642412186e-02
1.387581229209899902e-02
1.474785525351762772e-02
1.432412862777709961e-02
1.399003062397241592e-02
1.439449284225702286e-02
1.458930410444736481e-02
1.436926331371068954e-02
1.334541197866201401e-02
1.373240072280168533e-02
1.400997955352067947e-02
1.462182123214006424e-02
1.437763217836618423e-02
1.391077600419521332e-02
1.060781162232160568e-02
1.460052467882633209e-02
1.435476634651422501e-02
1.404464244842529297e-02
1.417258102446794510e-02
1.438911166042089462e-02
1.274130586534738541e-02
1.438923832029104233e-02
1.463293191045522690e-02
1.441039144992828369e-02
1.415717601776123047e-02
1.406638696789741516e-02
1.478284038603305817e-02
1.382065936923027039e-02
1.343077514320611954e-02
1.353394426405429840e-02
1.421761512756347656e-02
1.415154337882995605e-02
1.442678179591894150e-02
1.422172877937555313e-02
1.436950638890266418e-02
1.403314992785453796e-02
1.425814721733331680e-02
1.440260093659162521e-02
1.425268687307834625e-02
1.383799593895673752e-02
1.376204565167427063e-02
1.434373017400503159e-02
1.435638684779405594e-02
1.397201418876647949e-02
1.425779704004526138e-02
1.415699720382690430e-02
1.427089795470237732e-02
1.332154870033264160e-02
1.408095099031925201e-02
1.415396854281425476e-02
1.420070882886648178e-02
1.463236473500728607e-02
1.432146970182657242e-02
1.426900085061788559e-02
1.455186400562524796e-02
1.430327538400888443e-02
1.430249493569135666e-02
1.417855545878410339e-02
1.378670614212751389e-02
1.407611090689897537e-02
1.420572120696306229e-02
1.436795853078365326e-02
1.396363880485296249e-02
1.464932318776845932e-02
1.470867637544870377e-02
1.403653714805841446e-02
1.336090639233589172e-02
1.453009154647588730e-02
1.390814781188964844e-02
1.321376021951436996e-02
1.424592453986406326e-02
1.426385995000600815e-02
1.423330511897802353e-02
1.408925745636224747e-02
1.383676193654537201e-02
1.320586446672677994e-02
1.402162574231624603e-02
1.318518258631229401e-02
1.402358803898096085e-02
1.389250718057155609e-02
1.444089505821466446e-02
1.439216639846563339e-02
1.400360185652971268e-02
1.444537006318569183e-02
1.420338544994592667e-02
1.374352257698774338e-02
1.356768887490034103e-02
1.440284214913845062e-02
1.451768819242715836e-02
1.415490545332431793e-02
1.404298469424247742e-02
1.242458820343017578e-02
1.375222764909267426e-02
1.209659501910209656e-02
1.392376329749822617e-02
1.387108583003282547e-02
1.452985405921936035e-02
1.374519430100917816e-02
1.321945991367101669e-02
1.246191654354333878e-02
1.452463027089834213e-02
1.441211067140102386e-02
1.394657883793115616e-02
1.370245125144720078e-02
1.422305777668952942e-02
1.408457756042480469e-02
1.454985048621892929e-02
1.415526866912841797e-02
1.395849231630563736e-02
1.073362585157155991e-02
1.429105736315250397e-02
1.120079495012760162e-02
1.395263895392417908e-02
1.420842390507459641e-02
1.418735645711421967e-02
1.431415881961584091e-02
8.521476760506629944e-03
1.237859763205051422e-02
1.349106710404157639e-02
1.412087120115756989e-02
1.366137620061635971e-02
1.399935688823461533e-02
1.449993625283241272e-02
1.433143578469753265e-02
1.397354993969202042e-02
1.408618409186601639e-02
1.425364334136247635e-02
1.414769049733877182e-02
1.442476827651262283e-02
1.438834983855485916e-02
1.399503368884325027e-02
1.294221077114343643e-02
1.435678638517856598e-02
1.386355236172676086e-02
1.415565051138401031e-02
1.082876790314912796e-02
1.420794054865837097e-02
1.431055087596178055e-02
1.399069651961326599e-02
1.450459565967321396e-02
1.435651537030935287e-02
1.407740358263254166e-02
1.453916355967521667e-02
1.382320001721382141e-02
1.414886768907308578e-02
1.410943828523159027e-02
1.405259408056735992e-02
1.418321114033460617e-02
1.406575180590152740e-02
1.439765933901071548e-02
1.209915336221456528e-02
1.319577638059854507e-02
1.416564546525478363e-02
1.420676801353693008e-02
1.428730227053165436e-02
1.349202636629343033e-02
1.213104929774999619e-02
9.005513973534107208e-03
1.441203709691762924e-02
1.378602068871259689e-02
1.434279046952724457e-02
1.454672310501337051e-02
1.394698861986398697e-02
1.391279418021440506e-02
1.291389390826225281e-02
1.470007095485925674e-02
1.427518110722303391e-02
1.448981370776891708e-02
1.422139722853899002e-02
1.379003189504146576e-02
1.445245463401079178e-02
1.393757387995719910e-02
1.419008895754814148e-02
1.391043420881032944e-02
1.448041293770074844e-02
1.439354382455348969e-02
1.504886988550424576e-02
1.350351888686418533e-02
1.456624828279018402e-02
1.430402044206857681e-02
1.392228808254003525e-02
1.377058029174804688e-02
1.355871651321649551e-02
9.186162613332271576e-03
1.416866108775138855e-02
1.330997142940759659e-02
8.809409104287624359e-03
1.416173577308654785e-02
1.369653269648551941e-02
1.450929883867502213e-02
1.442885398864746094e-02
1.427242718636989594e-02
1.127199735492467880e-02
1.403905171900987625e-02
1.365246530622243881e-02
1.438776217401027679e-02
1.360007841140031815e-02
1.198298577219247818e-02
1.434728782624006271e-02
1.416478119790554047e-02
1.401649508625268936e-02
1.348626986145973206e-02
1.398264151066541672e-02
1.429994404315948486e-02
1.123952027410268784e-02
1.429930888116359711e-02
1.214275043457746506e-02
1.446147169917821884e-02
1.308645214885473251e-02
1.408899948000907898e-02
1.418088376522064209e-02
1.426079310476779938e-02
1.277426816523075104e-02
1.368638593703508377e-02
1.400642096996307373e-02
1.447315141558647156e-02
1.426505669951438904e-02
1.352866273373365402e-02
1.405996643006801605e-02
1.385481562465429306e-02
1.355879567563533783e-02
1.424446422606706619e-02
1.158826705068349838e-02
1.434397138655185699e-02
1.412195246666669846e-02
1.437871437519788742e-02
1.236692443490028381e-02
1.302009448409080505e-02
1.408523879945278168e-02
1.420097704976797104e-02
1.439843140542507172e-02
1.422199606895446777e-02
1.483531948179006577e-02
1.450378540903329849e-02
1.428560540080070496e-02
1.421711221337318420e-02
1.429776195436716080e-02
1.262451615184545517e-02
1.449782494455575943e-02
1.403131242841482162e-02
1.395085174590349197e-02
1.419863104820251465e-02
1.383796613663434982e-02
1.429400499910116196e-02
1.264950912445783615e-02
1.410719472914934158e-02
1.407331228256225586e-02
1.384151261299848557e-02
1.406173128634691238e-02
1.366682071238756180e-02
1.421003136783838272e-02
1.419360097497701645e-02
1.412644889205694199e-02
1.397923566401004791e-02
1.352961454540491104e-02
1.426480617374181747e-02
1.342662796378135681e-02
1.425318047404289246e-02
1.388893090188503265e-02
1.403436064720153809e-02
1.429409347474575043e-02
1.444196421653032303e-02
1.398442126810550690e-02
1.381405256688594818e-02
1.455705799162387848e-02
1.393009349703788757e-02
1.400535181164741516e-02
1.464634295552968979e-02
1.379769481718540192e-02
1.101910416036844254e-02
1.445698365569114685e-02
1.417027506977319717e-02
1.405952032655477524e-02
1.371565181761980057e-02
1.445091981440782547e-02
1.347918808460235596e-02
1.386466342955827713e-02
1.383466366678476334e-02
1.420067902654409409e-02
1.417310908436775208e-02
1.357399020344018936e-02
1.284077484160661697e-02
7.155087776482105255e-03
1.428370270878076553e-02
1.355987694114446640e-02
1.361478958278894424e-02
1.455610152333974838e-02
1.375743746757507324e-02
1.413634512573480606e-02
1.430745329707860947e-02
1.396719180047512054e-02
1.253595668822526932e-02
1.425187941640615463e-02
1.307215169072151184e-02
1.441218610852956772e-02
1.342542376369237900e-02
1.422383543103933334e-02
1.418952364474534988e-02
1.376153621822595596e-02
1.427783071994781494e-02
1.408637966960668564e-02
1.447855774313211441e-02
1.441170647740364075e-02
1.443384308367967606e-02
1.420539338141679764e-02
1.432433817535638809e-02
1.411648374050855637e-02
1.450311020016670227e-02
1.412410754710435867e-02
1.393426302820444107e-02
1.430394966155290604e-02
1.418530382215976715e-02
1.268309727311134338e-02
1.330070849508047104e-02
1.386446412652730942e-02
1.595237851142883301e-02
1.431878563016653061e-02
1.444303058087825775e-02
1.331828255206346512e-02
1.359686348587274551e-02
1.405888795852661133e-02
1.408349350094795227e-02
1.442739088088274002e-02
1.402654685080051422e-02
1.436577830463647842e-02
1.431671064347028732e-02
1.438482105731964111e-02
1.442493125796318054e-02
1.377394236624240875e-02
1.418729033321142197e-02
1.416568551212549210e-02
1.400771830230951309e-02
1.061525102704763412e-02
1.425949856638908386e-02
1.404727995395660400e-02
1.380836684256792068e-02
1.412484887987375259e-02
1.425253693014383316e-02
1.217766944319009781e-02
1.460990402847528458e-02
1.437688525766134262e-02
1.427140738815069199e-02
1.412757951766252518e-02
1.418026722967624664e-02
1.439686678349971771e-02
1.379098277539014816e-02
1.430949848145246506e-02
1.398809161037206650e-02
1.445373054593801498e-02
1.454272959381341934e-02
1.444168388843536377e-02
1.442217174917459488e-02
1.369589567184448242e-02
1.427940092980861664e-02
1.409944612532854080e-02
1.401574816554784775e-02
1.275413949042558670e-02
1.382136344909667969e-02
1.458214782178401947e-02
1.392999570816755295e-02
1.402969285845756531e-02
1.414070185273885727e-02
1.416485011577606201e-02
1.412448566406965256e-02
1.407675072550773621e-02
1.407095510512590408e-02
1.014763768762350082e-02
1.434611901640892029e-02
1.420632842928171158e-02
1.339560188353061676e-02
1.437592133879661560e-02
1.426297705620527267e-02
1.441043056547641754e-02
1.418075896799564362e-02
1.423090789467096329e-02
1.386183127760887146e-02
1.071686949580907822e-02
1.414003130048513412e-02
1.429216656833887100e-02
1.422045473009347916e-02
1.426012720912694931e-02
1.410555280745029449e-02
1.443508174270391464e-02
1.431033853441476822e-02
1.440692227333784103e-02
1.431552693247795105e-02
1.445615291595458984e-02
1.430775877088308334e-02
1.416245382279157639e-02
1.350146159529685974e-02
1.011927053332328796e-02
1.471693441271781921e-02
1.430198457092046738e-02
1.423625275492668152e-02
1.407337468117475510e-02
1.077724713832139969e-02
1.416505035012960434e-02
1.427323464304208755e-02
1.475377380847930908e-02
1.313521061092615128e-02
1.466524600982666016e-02
1.336854137480258942e-02
1.447602547705173492e-02
1.261019799858331680e-02
1.390080153942108154e-02
1.448958553373813629e-02
1.467868965119123459e-02
1.404013670980930328e-02
1.428838726133108139e-02
1.428820751607418060e-02
1.433939021080732346e-02
1.400675531476736069e-02
1.373389642685651779e-02
1.450894773006439209e-02
1.414208114147186279e-02
1.375198736786842346e-02
1.407147850841283798e-02
1.404182612895965576e-02
1.451221108436584473e-02
1.405639946460723877e-02
1.445587351918220520e-02
1.470763608813285828e-02
1.322699431329965591e-02
1.376319490373134613e-02
1.406310591846704483e-02
1.474347710609436035e-02
1.421338040381669998e-02
1.401713211089372635e-02
1.428317371755838394e-02
1.429765764623880386e-02
1.461086794734001160e-02
1.305230241268873215e-02
1.444930955767631531e-02
1.472534146159887314e-02
1.402715966105461121e-02
1.421976648271083832e-02
1.394234225153923035e-02
1.350373588502407074e-02
1.456816121935844421e-02
1.536004524677991867e-02
1.374512352049350739e-02
1.402598619461059570e-02
1.335713267326354980e-02
1.377980131655931473e-02
1.486721355468034744e-02
1.436580345034599304e-02
1.419390365481376648e-02
1.424740906804800034e-02
1.423028949648141861e-02
1.393283344805240631e-02
1.383960619568824768e-02
1.446364261209964752e-02
1.474051084369421005e-02
1.381277479231357574e-02
1.385321095585823059e-02
1.367902196943759918e-02
1.421343442052602768e-02
1.410186570137739182e-02
1.408502086997032166e-02
1.334086619317531586e-02
1.410340704023838043e-02
1.428219769150018692e-02
1.449234690517187119e-02
1.428596116602420807e-02
1.450989488512277603e-02
1.442876365035772324e-02
1.402416545897722244e-02
1.418940350413322449e-02
1.409773621708154678e-02
1.455251779407262802e-02
1.423013862222433090e-02
1.137109473347663879e-02
1.432462129741907120e-02
1.440083421766757965e-02
1.414355915039777756e-02
1.364214345812797546e-02
1.365558151155710220e-02
1.434042211621999741e-02
1.374024432152509689e-02
1.456664130091667175e-02
1.430080551654100418e-02
1.429707463830709457e-02
1.428970135748386383e-02
1.440445985645055771e-02
1.408506277948617935e-02
1.460701879113912582e-02
1.390769798308610916e-02
1.439472194761037827e-02
1.452217996120452881e-02
1.388757862150669098e-02
1.412681583315134048e-02
1.436049863696098328e-02
7.648763246834278107e-03
1.211172249168157578e-02
1.363784074783325195e-02
1.435391232371330261e-02
1.471062283962965012e-02
1.327800191938877106e-02
1.462985202670097351e-02
1.434963103383779526e-02
1.462757308036088943e-02
9.417832829058170319e-03
1.429788861423730850e-02
1.375009212642908096e-02
1.404184196144342422e-02
1.403412222862243652e-02
1.416232902556657791e-02
1.439428888261318207e-02
1.366319879889488220e-02
1.419136859476566315e-02
1.453098095953464508e-02
9.473884478211402893e-03
1.397625450044870377e-02
1.443360187113285065e-02
1.444813888520002365e-02
1.424086373299360275e-02
1.344578340649604797e-02
1.390010956674814224e-02
1.283727213740348816e-02
1.303408667445182800e-02
7.621565833687782288e-03
1.294034719467163086e-02
1.460070535540580750e-02
1.401421520859003067e-02
1.417371537536382675e-02
1.465685665607452393e-02
1.437546964734792709e-02
1.394387520849704742e-02
1.393428165465593338e-02
1.395843923091888428e-02
1.397635694593191147e-02
1.420010905712842941e-02
1.414873264729976654e-02
1.398526970297098160e-02
1.356045901775360107e-02
1.441667601466178894e-02
1.415871456265449524e-02
1.429604645818471909e-02
1.414362434297800064e-02
1.317190285772085190e-02
1.382031757384538651e-02
1.420824136584997177e-02
1.429577171802520752e-02
1.452956721186637878e-02
1.409135758876800537e-02
1.388431712985038757e-02
1.434579398483037949e-02
1.330878771841526031e-02
1.412844378501176834e-02
1.405325625091791153e-02
1.272910181432962418e-02
1.403793971985578537e-02
1.425846200436353683e-02
1.405298989266157150e-02
1.436003204435110092e-02
1.455003116279840469e-02
1.467392966151237488e-02
1.468992512673139572e-02
1.027447171509265900e-02
1.405065041035413742e-02
1.431543752551078796e-02
1.409916486591100693e-02
1.413619797676801682e-02
1.340332720428705215e-02
1.389104966074228287e-02
1.348731480538845062e-02
1.391508243978023529e-02
1.167119480669498444e-02
1.459848508238792419e-02
1.462246850132942200e-02
1.373740471899509430e-02
1.413300912827253342e-02
1.403486635535955429e-02
1.442761160433292389e-02
1.410305500030517578e-02
1.425874233245849609e-02
1.394042465835809708e-02
1.423580385744571686e-02
1.434628758579492569e-02
1.448395010083913803e-02
1.423138659447431564e-02
1.298058591783046722e-02
1.465626712888479233e-02
1.427679974585771561e-02
1.308425609022378922e-02
1.411474309861660004e-02
1.382501050829887390e-02
1.430271007120609283e-02
1.431984361261129379e-02
1.432105619460344315e-02
1.348807569593191147e-02
1.378748659044504166e-02
1.439773384481668472e-02
1.408605929464101791e-02
1.363058760762214661e-02
1.404711231589317322e-02
1.429569069296121597e-02
1.433943305164575577e-02
1.394963171333074570e-02
1.427161041647195816e-02
1.408782601356506348e-02
1.420866884291172028e-02
1.387070026248693466e-02
1.363966427743434906e-02
1.416524127125740051e-02
1.400530431419610977e-02
1.420178450644016266e-02
1.419011317193508148e-02
1.423412002623081207e-02
1.457192283123731613e-02
1.444986741989850998e-02
1.432358101010322571e-02
1.417020522058010101e-02
1.424562372267246246e-02
1.154813449829816818e-02
1.280704140663146973e-02
1.391469314694404602e-02
1.432439405471086502e-02
1.400830224156379700e-02
1.409854367375373840e-02
1.432027574628591537e-02
1.401198748499155045e-02
1.378896553069353104e-02
1.292334869503974915e-02
1.445293147116899490e-02
1.354289054870605469e-02
1.398938614875078201e-02
1.375928428024053574e-02
1.437817793339490891e-02
1.412312313914299011e-02
1.458637788891792297e-02
1.411914173513650894e-02
1.340520661324262619e-02
1.298233587294816971e-02
1.436156593263149261e-02
1.368856988847255707e-02
1.437710504978895187e-02
1.487387344241142273e-02
1.437121070921421051e-02
1.408324483782052994e-02
1.435198262333869934e-02
1.337892655283212662e-02
1.477517839521169662e-02
1.379292644560337067e-02
1.446828525513410568e-02
1.459070201963186264e-02
1.431202888488769531e-02
1.040159910917282104e-02
1.419077161699533463e-02
1.413499098271131516e-02
1.458411291241645813e-02
1.433738414198160172e-02
1.413039490580558777e-02
1.395888254046440125e-02
1.394570991396903992e-02
1.403420604765415192e-02
1.418383512645959854e-02
1.440420746803283691e-02
1.408304646611213684e-02
1.343680825084447861e-02
1.410607341676950455e-02
1.442744769155979156e-02
1.404420752078294754e-02
1.421950757503509521e-02
1.459633745253086090e-02
1.323114428669214249e-02
1.379464659839868546e-02
9.257736615836620331e-03
1.416576467454433441e-02
1.420753356069326401e-02
1.444749161601066589e-02
1.437610946595668793e-02
1.407905481755733490e-02
1.414056029170751572e-02
1.317933294922113419e-02
1.415515039116144180e-02
1.437716279178857803e-02
1.454141456633806229e-02
1.490760967135429382e-02
1.463937386870384216e-02
1.404036674648523331e-02
1.436890289187431335e-02
1.435622014105319977e-02
1.407200656831264496e-02
1.436618249863386154e-02
1.415492035448551178e-02
1.422672253102064133e-02
1.405523344874382019e-02
1.437170803546905518e-02
1.416527386754751205e-02
1.442434173077344894e-02
1.404222287237644196e-02
1.391047332435846329e-02
1.415263675153255463e-02
1.396192703396081924e-02
1.333507895469665527e-02
1.371364668011665344e-02
1.363491732627153397e-02
1.370260491967201233e-02
1.360713038593530655e-02
1.294342242181301117e-02
1.408565882593393326e-02
1.092468202114105225e-02
1.351142767816781998e-02
1.446054503321647644e-02
1.278824824839830399e-02
1.353201828896999359e-02
1.405322831124067307e-02
1.409941352903842926e-02
1.361500658094882965e-02
1.426855009049177170e-02
1.424065232276916504e-02
1.465507782995700836e-02
1.406664866954088211e-02
1.436490099877119064e-02
1.455749198794364929e-02
1.317092776298522949e-02
1.452168822288513184e-02
1.459881383925676346e-02
1.433531939983367920e-02
1.377980969846248627e-02
1.430072728544473648e-02
1.423478499054908752e-02
9.607192128896713257e-03
1.486138068139553070e-02
1.352108921855688095e-02
1.490454748272895813e-02
1.450577098876237869e-02
1.402440387755632401e-02
1.377562806010246277e-02
1.426455937325954437e-02
1.458057202398777008e-02
1.354365143924951553e-02
1.411838177591562271e-02
1.407014112919569016e-02
1.419409550726413727e-02
1.428272761404514313e-02
1.410750113427639008e-02
1.285183150321245193e-02
1.454908773303031921e-02
1.460808888077735901e-02
1.437352597713470459e-02
1.446218136698007584e-02
1.402825955301523209e-02
1.435546204447746277e-02
1.343447528779506683e-02
1.430521253496408463e-02
1.361018326133489609e-02
1.428722683340311050e-02
1.386687159538269043e-02
1.457277219742536545e-02
1.431178487837314606e-02
9.925330057740211487e-03
1.425122655928134918e-02
1.382127683609724045e-02
1.428666431456804276e-02
7.580083794891834259e-03
1.345466356724500656e-02
1.393122132867574692e-02
1.367325708270072937e-02
1.427886169403791428e-02
1.475430652499198914e-02
1.431785617023706436e-02
1.429257076233625412e-02
1.402135845273733139e-02
1.483663823455572128e-02
1.482181809842586517e-02
1.343055162578821182e-02
1.461197808384895325e-02
1.406084652990102768e-02
1.442238595336675644e-02
1.379821542650461197e-02
1.425855234265327454e-02
1.440599560737609863e-02
1.299985125660896301e-02
1.424263045191764832e-02
1.467050053179264069e-02
1.068140100687742233e-02
1.418896671384572983e-02
1.381813548505306244e-02
1.413729507476091385e-02
1.404897309839725494e-02
1.443779468536376953e-02
1.360365469008684158e-02
1.426182407885789871e-02
1.371344365179538727e-02
1.438259519636631012e-02
1.420220173895359039e-02
1.356632076203823090e-02
1.460010092705488205e-02
1.426510605961084366e-02
1.371367834508419037e-02
1.353689469397068024e-02
1.412236969918012619e-02
8.748189546167850494e-03
1.406631991267204285e-02
1.423267181962728500e-02
1.385729387402534485e-02
1.392546854913234711e-02
1.414309535175561905e-02
1.422455813735723495e-02
1.401900127530097961e-02
1.405400689691305161e-02
1.327053364366292953e-02
1.408456638455390930e-02
1.400170568376779556e-02
1.249414775520563126e-02
1.487351022660732269e-02
1.419715024530887604e-02
1.360938791185617447e-02
1.364091411232948303e-02
1.289683301001787186e-02
1.431898679584264755e-02
1.364423986524343491e-02
1.430865842849016190e-02
1.431201770901679993e-02
1.409283280372619629e-02
1.429209019988775253e-02
1.427331008017063141e-02
1.421045977622270584e-02
1.427585165947675705e-02
1.338312868028879166e-02
1.403185166418552399e-02
1.458372175693511963e-02
1.429063174873590469e-02
1.431272644549608231e-02
1.265347562730312347e-02
1.442155521363019943e-02
1.411739271134138107e-02
1.448139268904924393e-02
1.320395804941654205e-02
1.433618646115064621e-02
1.408882532268762589e-02
1.428650971502065659e-02
1.429758593440055847e-02
1.439278759062290192e-02
1.478809397667646408e-02
1.397487521171569824e-02
1.445497293025255203e-02
1.411275658756494522e-02
1.447610277682542801e-02
1.411920785903930664e-02
1.384370122104883194e-02
1.418371591717004776e-02
1.429225411266088486e-02
1.387316267937421799e-02
1.434535160660743713e-02
1.420489232987165451e-02
1.413827575743198395e-02
1.447142101824283600e-02
1.453822012990713120e-02
1.328360475599765778e-02
1.411242876201868057e-02
1.426595449447631836e-02
1.353665813803672791e-02
1.439844723790884018e-02
1.426941156387329102e-02
1.413742359727621078e-02
1.439956668764352798e-02
1.435500103980302811e-02
1.433374546468257904e-02
1.356455404311418533e-02
1.459170598536729813e-02
1.389909628778696060e-02
1.426066830754280090e-02
1.427462138235569000e-02
1.415156759321689606e-02
1.452845241874456406e-02
1.444315630942583084e-02
1.461007632315158844e-02
1.437743101269006729e-02
1.395114418119192123e-02
1.373399514704942703e-02
1.411154586821794510e-02
1.428450737148523331e-02
1.407145056873559952e-02
1.427050586789846420e-02
1.437090337276458740e-02
1.408321782946586609e-02
1.435907557606697083e-02
1.431095506995916367e-02
1.418665330857038498e-02
1.441730000078678131e-02
1.354342140257358551e-02
1.302257459610700607e-02
1.454924326390028000e-02
1.407257001847028732e-02
1.346452441066503525e-02
1.437695417553186417e-02
1.468985434621572495e-02
1.331880968064069748e-02
1.426188275218009949e-02
1.451387628912925720e-02
1.413598097860813141e-02
1.440612319856882095e-02
1.385814230889081955e-02
1.337295211851596832e-02
1.450575795024633408e-02
1.443547848612070084e-02
1.404001750051975250e-02
1.435610000044107437e-02
1.377254724502563477e-02
1.098505314439535141e-02
1.402565278112888336e-02
1.190041378140449524e-02
1.391285378485918045e-02
1.407877821475267410e-02
1.423686370253562927e-02
1.428557839244604111e-02
1.399020943790674210e-02
1.350419782102108002e-02
1.430933456867933273e-02
1.437837723642587662e-02
1.394186075776815414e-02
9.592878632247447968e-03
1.427467539906501770e-02
1.225487980991601944e-02
1.298842951655387878e-02
1.400000788271427155e-02
1.443406008183956146e-02
1.488471124321222305e-02
1.415977161377668381e-02
9.589087218046188354e-03
1.444926578551530838e-02
1.465572323650121689e-02
1.311965566128492355e-02
1.411406602710485458e-02
1.391207613050937653e-02
1.444178540259599686e-02
1.439017336815595627e-02
1.005168259143829346e-02
1.365189626812934875e-02
1.443293783813714981e-02
1.427106279879808426e-02
1.368949934840202332e-02
1.450028736144304276e-02
1.509243808686733246e-02
1.444067433476448059e-02
1.386097073554992676e-02
1.427270844578742981e-02
1.431218907237052917e-02
1.428010500967502594e-02
1.405686698853969574e-02
1.472764089703559875e-02
1.212451979517936707e-02
1.397841330617666245e-02
1.359682716429233551e-02
1.396727189421653748e-02
1.432572305202484131e-02
1.425452902913093567e-02
1.435828115791082382e-02
1.427172217518091202e-02
1.407454255968332291e-02
1.469291839748620987e-02
1.383205130696296692e-02
1.446285843849182129e-02
1.018394622951745987e-02
1.427256222814321518e-02
1.466276030987501144e-02
1.297018025070428848e-02
1.434758026152849197e-02
1.424587424844503403e-02
1.305643841624259949e-02
1.401784084737300873e-02
1.434615813195705414e-02
1.425906643271446228e-02
1.438471116125583649e-02
1.449851971119642258e-02
1.462841592729091644e-02
1.357336435467004776e-02
1.448209863156080246e-02
1.429639663547277451e-02
1.369622629135847092e-02
1.366986613720655441e-02
1.468750927597284317e-02
1.404234208166599274e-02
1.382871624082326889e-02
1.408758666366338730e-02
1.402819715440273285e-02
1.431743148714303970e-02
1.436132472008466721e-02
1.379099488258361816e-02
1.440164074301719666e-02
1.442145090550184250e-02
1.405255123972892761e-02
1.446709129959344864e-02
1.425568480044603348e-02
1.438189111649990082e-02
1.248161867260932922e-02
1.444537844508886337e-02
1.441924553364515305e-02
1.413702964782714844e-02
1.427111867815256119e-02
1.458968501538038254e-02
1.431359257549047470e-02
1.419212203472852707e-02
1.394217647612094879e-02
1.110706850886344910e-02
1.457660552114248276e-02
1.377528253942728043e-02
1.381220016628503799e-02
1.424167770892381668e-02
1.455662492662668228e-02
1.415692362934350967e-02
1.467210426926612854e-02
1.442178245633840561e-02
1.436852570623159409e-02
1.403219904750585556e-02
1.411778107285499573e-02
1.373142004013061523e-02
1.427652034908533096e-02
1.379341725260019302e-02
1.182504370808601379e-02
1.408289652317762375e-02
1.432398334145545959e-02
1.454520225524902344e-02
1.423096098005771637e-02
1.463217940181493759e-02
1.239151880145072937e-02
1.376536861062049866e-02
1.452852692455053329e-02
1.059394236654043198e-02
1.406009867787361145e-02
1.419602707028388977e-02
1.341238617897033691e-02
1.060543954372406006e-02
1.421242393553256989e-02
1.439542695879936218e-02
1.396412774920463562e-02
1.415677461773157120e-02
1.441546715795993805e-02
1.338970661163330078e-02
1.443220768123865128e-02
1.435440499335527420e-02
1.384165324270725250e-02
1.404949463903903961e-02
1.388083305209875107e-02
1.348967943340539932e-02
1.444540545344352722e-02
1.461149100214242935e-02
1.457749679684638977e-02
9.986890479922294617e-03
8.379825390875339508e-03
1.291093230247497559e-02
1.376162562519311905e-02
1.450547017157077789e-02
1.437475346028804779e-02
1.412979420274496078e-02
1.473418995738029480e-02
1.414354238659143448e-02
1.279489137232303619e-02
1.412181649357080460e-02
1.377794425934553146e-02
1.452924404293298721e-02
1.431485172361135483e-02
1.413786411285400391e-02
1.444381754845380783e-02
1.399953011423349380e-02
1.448011025786399841e-02
1.426802854984998703e-02
1.072991266846656799e-02
1.421827170997858047e-02
1.452699024230241776e-02
1.374796591699123383e-02
1.453517097979784012e-02
1.379626896232366562e-02
1.405273005366325378e-02
1.432653050869703293e-02
1.436468586325645447e-02
1.400921586900949478e-02
1.472745183855295181e-02
1.049576606601476669e-02
1.444762572646141052e-02
1.423921622335910797e-02
1.410531159490346909e-02
1.418927405029535294e-02
1.380843762308359146e-02
1.456800475716590881e-02
1.458722352981567383e-02
1.451917644590139389e-02
1.351666171103715897e-02
1.393604651093482971e-02
1.268096920102834702e-02
1.461168564856052399e-02
1.436631008982658386e-02
1.411424856632947922e-02
1.437800563871860504e-02
1.425232272595167160e-02
1.442234218120574951e-02
1.397550664842128754e-02
1.438911166042089462e-02
1.310448721051216125e-02
1.421067770570516586e-02
1.428896561264991760e-02
1.361469924449920654e-02
1.332916691899299622e-02
1.366699859499931335e-02
1.448262296617031097e-02
1.413522381335496902e-02
1.361944060772657394e-02
1.449971739202737808e-02
1.400706544518470764e-02
1.371007505804300308e-02
1.379833463579416275e-02
1.429231744259595871e-02
1.345703378319740295e-02
1.431133411824703217e-02
1.447721663862466812e-02
1.434049289673566818e-02
1.437742915004491806e-02
1.408068183809518814e-02
1.420281175523996353e-02
1.415469404309988022e-02
1.384109538048505783e-02
1.469696406275033951e-02
1.416734140366315842e-02
1.450328435748815536e-02
1.453949604183435440e-02
1.398816984146833420e-02
1.408378779888153076e-02
1.415599975734949112e-02
1.305946428328752518e-02
1.467382628470659256e-02
1.432057097554206848e-02
1.385509874671697617e-02
1.355141680687665939e-02
1.451363041996955872e-02
1.403424423187971115e-02
1.429667230695486069e-02
1.430529356002807617e-02
1.440489850938320160e-02
1.435125991702079773e-02
1.420503016561269760e-02
1.399138849228620529e-02
1.437262818217277527e-02
1.410998404026031494e-02
1.436543464660644531e-02
1.407837588340044022e-02
1.438382640480995178e-02
1.431566476821899414e-02
1.414467487484216690e-02
1.406921353191137314e-02
1.428468897938728333e-02
1.420916058123111725e-02
1.448411867022514343e-02
1.429915148764848709e-02
1.421473920345306396e-02
1.409013289958238602e-02
1.367258373647928238e-02
1.441894099116325378e-02
1.397800724953413010e-02
1.464269217103719711e-02
1.043439749628305435e-02
1.431411504745483398e-02
1.435984298586845398e-02
1.414787489920854568e-02
1.157465949654579163e-02
2.167598158121109009e-02
1.367287244647741318e-02
1.455345191061496735e-02
1.411570236086845398e-02
1.398821454495191574e-02
1.408684253692626953e-02
1.209576800465583801e-02
1.414537802338600159e-02
1.430909894406795502e-02
1.412281114608049393e-02
1.428094599395990372e-02
1.391116902232170105e-02
1.416343543678522110e-02
1.423967722803354263e-02
1.457844302058219910e-02
1.099624391645193100e-02
1.431592181324958801e-02
1.400037202984094620e-02
1.426037307828664780e-02
1.421799138188362122e-02
1.400397066026926041e-02
1.221064571291208267e-02
1.427257061004638672e-02
1.247223652899265289e-02
1.430839672684669495e-02
1.438601966947317123e-02
1.399490330368280411e-02
1.445563044399023056e-02
1.423034071922302246e-02
1.382827199995517731e-02
1.438729092478752136e-02
1.446088030934333801e-02
1.349670346826314926e-02
1.445337571203708649e-02
1.399613916873931885e-02
1.406957581639289856e-02
1.074848230928182602e-02
1.452940702438354492e-02
1.432877872139215469e-02
1.431754138320684433e-02
1.383673027157783508e-02
1.394629571586847305e-02
1.413897238671779633e-02
1.334227714687585831e-02
1.363795623183250427e-02
1.391783356666564941e-02
1.327148079872131348e-02
1.410520169883966446e-02
1.355113647878170013e-02
1.424517109990119934e-02
1.336545869708061218e-02
1.140336319804191589e-02
1.455032266676425934e-02
1.421844400465488434e-02
1.452937442809343338e-02
1.472919899970293045e-02
1.446631271392107010e-02
1.448168233036994934e-02
1.373151503503322601e-02
1.437939330935478210e-02
1.415124628692865372e-02
1.385831926017999649e-02
1.541836187243461609e-02
1.453649718314409256e-02
1.274410169571638107e-02
1.352904364466667175e-02
1.426621992141008377e-02
1.422742102295160294e-02
8.940812200307846069e-03
1.314739044755697250e-02
1.417624391615390778e-02
1.402469910681247711e-02
1.388944778591394424e-02
1.391064282506704330e-02
1.435987651348114014e-02
1.437073945999145508e-02
1.414357218891382217e-02
1.373063586652278900e-02
1.395339891314506531e-02
1.425873115658760071e-02
1.373195741325616837e-02
1.422483008354902267e-02
1.419756934046745300e-02
1.272510085254907608e-02
1.412286795675754547e-02
1.041192654520273209e-02
1.401361823081970215e-02
1.476469356566667557e-02
1.395936310291290283e-02
1.403245981782674789e-02
1.392708718776702881e-02
1.444700267165899277e-02
1.368221919983625412e-02
1.347470004111528397e-02
1.435512583702802658e-02
1.440965011715888977e-02
1.416403707116842270e-02
1.379324402660131454e-02
1.420209091156721115e-02
1.455823983997106552e-02
1.377995032817125320e-02
1.126381754875183105e-02
1.422293204814195633e-02
1.398040447384119034e-02
1.459208782762289047e-02
1.431578770279884338e-02
1.402328815311193466e-02
1.184632815420627594e-02
1.398541126400232315e-02
1.361489575356245041e-02
1.433074567466974258e-02
1.367216743528842926e-02
1.449263747781515121e-02
1.459446270018815994e-02
1.389943994581699371e-02
1.443923078477382660e-02
1.411442086100578308e-02
1.448508538305759430e-02
1.440236531198024750e-02
1.387787982821464539e-02
1.413870975375175476e-02
1.459287200123071671e-02
1.422887109220027924e-02
9.123223833739757538e-03
1.406061369925737381e-02
1.410365104675292969e-02
1.401849370449781418e-02
1.411593612283468246e-02
1.479603722691535950e-02
1.393973175436258316e-02
1.405270956456661224e-02
1.449554227292537689e-02
1.406896114349365234e-02
1.405478641390800476e-02
1.406216621398925781e-02
1.409394107758998871e-02
1.381318271160125732e-02
1.455118414014577866e-02
1.442460622638463974e-02
1.435656566172838211e-02
1.420146506279706955e-02
1.433174405246973038e-02
1.440597418695688248e-02
1.421536412090063095e-02
1.435211300849914551e-02
1.407267060130834579e-02
1.425142679363489151e-02
1.399053353816270828e-02
1.342626567929983139e-02
1.394717954099178314e-02
1.363447215408086777e-02
1.401199027895927429e-02
1.410765573382377625e-02
1.392585877329111099e-02
1.470229867845773697e-02
1.424642279744148254e-02
1.430171169340610504e-02
1.418805960565805435e-02
1.429598033428192139e-02
1.442776247859001160e-02
1.418102625757455826e-02
1.469253562390804291e-02
1.435968279838562012e-02
1.387403998523950577e-02
1.437571272253990173e-02
1.395978312939405441e-02
1.397157087922096252e-02
1.413359399884939194e-02
1.282982435077428818e-02
1.398115511983633041e-02
1.410747226327657700e-02
1.439769566059112549e-02
1.372084952890872955e-02
1.408852729946374893e-02
1.444990560412406921e-02
1.311294734477996826e-02
1.384440995752811432e-02
1.137020066380500793e-02
1.356506347656250000e-02
1.336880680173635483e-02
1.432276051491498947e-02
1.403822097927331924e-02
1.438458915799856186e-02
1.421698089689016342e-02
1.436760742217302322e-02
1.436896622180938721e-02
1.403777673840522766e-02
1.427516061812639236e-02
1.395038887858390808e-02
1.353109721094369888e-02
1.353245601058006287e-02
1.438663061708211899e-02
1.436955854296684265e-02
1.408206485211849213e-02
1.431050803512334824e-02
1.383624412119388580e-02
1.426708139479160309e-02
1.430873945355415344e-02
1.080458704382181168e-02
1.421053335070610046e-02
1.427510939538478851e-02
1.402760948985815048e-02
1.433067396283149719e-02
1.442450843751430511e-02
1.449405308812856674e-02
1.446638349443674088e-02
1.351746637374162674e-02
1.404167804867029190e-02
1.164235267788171768e-02
1.433590892702341080e-02
1.438902225345373154e-02
1.440728362649679184e-02
1.395902968943119049e-02
1.342144608497619629e-02
1.469318289309740067e-02
1.409235876053571701e-02
1.409657020121812820e-02
1.407338585704565048e-02
1.431733462959527969e-02
1.434534508734941483e-02
1.439841464161872864e-02
1.429123617708683014e-02
1.378173287957906723e-02
1.387326326221227646e-02
1.362215075641870499e-02
1.423700805753469467e-02
1.435619220137596130e-02
1.419898867607116699e-02
1.429947651922702789e-02
1.421563234180212021e-02
1.410454791039228439e-02
1.370162609964609146e-02
1.252019125968217850e-02
1.387012097984552383e-02
1.430983934551477432e-02
1.433723513036966324e-02
1.418906077742576599e-02
1.425086613744497299e-02
1.392784342169761658e-02
1.446032617241144180e-02
1.422733627259731293e-02
1.409980002790689468e-02
1.440767012536525726e-02
1.425843313336372375e-02
1.448764279484748840e-02
1.412490289658308029e-02
1.405522786080837250e-02
1.441829558461904526e-02
1.462836470454931259e-02
1.443046424537897110e-02
1.422586478292942047e-02
1.382009033113718033e-02
1.402030885219573975e-02
1.353689469397068024e-02
1.402422785758972168e-02
1.381434872746467590e-02
1.411703135818243027e-02
1.417562924325466156e-02
1.410924550145864487e-02
1.403191778808832169e-02
1.447384897619485855e-02
1.499786879867315292e-02
1.464085374027490616e-02
1.395558379590511322e-02
1.429460942745208740e-02
1.383843645453453064e-02
1.395423803478479385e-02
1.429028902202844620e-02
1.418431475758552551e-02
1.016356050968170166e-02
1.387710776180028915e-02
1.436224672943353653e-02
1.430630683898925781e-02
1.402653660625219345e-02
1.361207664012908936e-02
1.462671719491481781e-02
1.445926353335380554e-02
1.242210809141397476e-02
1.482198480516672134e-02
1.363796833902597427e-02
1.452730037271976471e-02
1.405432447791099548e-02
1.444560382515192032e-02
1.434642076492309570e-02
1.421763375401496887e-02
1.341263577342033386e-02
1.372510846704244614e-02
1.420988794416189194e-02
1.394350547343492508e-02
1.441807765513658524e-02
1.435435097664594650e-02
1.440045330673456192e-02
1.439542509615421295e-02
1.444345712661743164e-02
1.412753108888864517e-02
1.248827669769525528e-02
1.453010365366935730e-02
1.435449719429016113e-02
1.399247441440820694e-02
1.400435809046030045e-02
1.417319569736719131e-02
1.435149367898702621e-02
1.450187806040048599e-02
1.418222393840551376e-02
1.393411122262477875e-02
1.443536486476659775e-02
1.392498239874839783e-02
1.425372436642646790e-02
1.433565281331539154e-02
1.258750632405281067e-02
1.459263823926448822e-02
1.459902804344892502e-02
1.200341340154409409e-02
1.500510610640048981e-02
1.325976289808750153e-02
1.222167909145355225e-02
1.427152100950479507e-02
1.388862449675798416e-02
1.397644076496362686e-02
1.388804335147142410e-02
1.360717415809631348e-02
1.450958289206027985e-02
1.421326678246259689e-02
1.401764433830976486e-02
1.425341609865427017e-02
1.357873156666755676e-02
1.397671177983283997e-02
1.455772481858730316e-02
1.427478715777397156e-02
1.463861670345067978e-02
1.442934665828943253e-02
1.413691323250532150e-02
1.439535617828369141e-02
1.415176130831241608e-02
1.417665090411901474e-02
1.246403530240058899e-02
1.464959699660539627e-02
1.469826605170965195e-02
1.369064673781394958e-02
