<system>Protocol: Active. Attitude: Sassy.</system>
1.394874695688486099e-02
1.399003900587558746e-02
1.398164872080087662e-02
1.359230652451515198e-02
1.393297873437404633e-02
1.386261545121669769e-02
1.433702465146780014e-02
1.413341797888278961e-02
1.384239830076694489e-02
1.460188720375299454e-02
1.388807687908411026e-02
1.400704961270093918e-02
1.379889249801635742e-02
1.428382191807031631e-02
1.405726280063390732e-02
1.415668334811925888e-02
1.383482292294502258e-02
1.377526205033063889e-02
1.382389292120933533e-02
1.391040906310081482e-02
1.422256883233785629e-02
1.377780083566904068e-02
1.375575643032789230e-02
1.425036415457725525e-02
1.378379482775926590e-02
1.397670432925224304e-02
1.402376592159271240e-02
1.366257388144731522e-02
1.404688414186239243e-02
1.396413799375295639e-02
1.501071732491254807e-02
1.426179427653551102e-02
1.369064114987850189e-02
1.384792849421501160e-02
1.261760666966438293e-02
1.142307464033365250e-02
1.383075956255197525e-02
1.399523019790649414e-02
1.397564914077520370e-02
1.396289467811584473e-02
1.358474697917699814e-02
1.472388301044702530e-02
1.405625883489847183e-02
1.376692112535238266e-02
1.411464903503656387e-02
1.411993894726037979e-02
1.404959056526422501e-02
1.463515125215053558e-02
1.395699661225080490e-02
1.449357345700263977e-02
1.415305491536855698e-02
1.370361540466547012e-02
1.409608963876962662e-02
1.431122701615095139e-02
1.342660747468471527e-02
1.434071734547615051e-02
1.380021497607231140e-02
1.390573475509881973e-02
1.439790334552526474e-02
1.399163529276847839e-02
1.375123579055070877e-02
1.411023829132318497e-02
1.383180823177099228e-02
1.400427613407373428e-02
1.369410194456577301e-02
1.398776844143867493e-02
1.396725419908761978e-02
1.405986305326223373e-02
1.445499435067176819e-02
1.414285041391849518e-02
1.436786446720361710e-02
1.469847559928894043e-02
1.391057111322879791e-02
1.390080805867910385e-02
1.393115241080522537e-02
1.408067625015974045e-02
1.435965299606323242e-02
1.396281924098730087e-02
1.399210374802350998e-02
1.462464686483144760e-02
1.364639028906822205e-02
1.436041947454214096e-02
1.348823588341474533e-02
1.405567210167646408e-02
1.431782823055982590e-02
1.432441547513008118e-02
1.386971678584814072e-02
1.397589407861232758e-02
1.392392721027135849e-02
1.404311694204807281e-02
1.386634632945060730e-02
1.392609439790248871e-02
1.432800013571977615e-02
1.401367131620645523e-02
1.364722568541765213e-02
1.374525111168622971e-02
1.442489400506019592e-02
1.401165779680013657e-02
1.482608914375305176e-02
1.384907122701406479e-02
1.445044949650764465e-02
1.386035885661840439e-02
1.384855248034000397e-02
1.356873288750648499e-02
1.394378487020730972e-02
1.410571578890085220e-02
1.435264293104410172e-02
1.408631727099418640e-02
1.420950237661600113e-02
1.387860532850027084e-02
1.385375298559665680e-02
1.401825249195098877e-02
1.413928624242544174e-02
1.440727431327104568e-02
1.445437595248222351e-02
1.409224327653646469e-02
1.385337486863136292e-02
1.435126457363367081e-02
1.369895972311496735e-02
1.420660968869924545e-02
1.377041265368461609e-02
1.386394817382097244e-02
1.385014969855546951e-02
1.391264889389276505e-02
1.390470191836357117e-02
1.444235444068908691e-02
1.434742193669080734e-02
1.420051977038383484e-02
1.410909555852413177e-02
1.376437861472368240e-02
1.386205200105905533e-02
1.373730972409248352e-02
1.381202973425388336e-02
1.406342908740043640e-02
1.445623952895402908e-02
1.398240122944116592e-02
1.395978126674890518e-02
1.388473808765411377e-02
1.429645810276269913e-02
1.404138281941413879e-02
1.386732421815395355e-02
1.446445938199758530e-02
1.398229040205478668e-02
1.378912013024091721e-02
1.403032615780830383e-02
1.393615361303091049e-02
1.446576695889234543e-02
1.396638154983520508e-02
1.402821857482194901e-02
1.407368574291467667e-02
1.472635846585035324e-02
1.443784870207309723e-02
1.420976314693689346e-02
1.407781522721052170e-02
1.409358717501163483e-02
1.428557280451059341e-02
1.382760703563690186e-02
1.401360984891653061e-02
1.657953113317489624e-02
1.417695358395576477e-02
1.391091290861368179e-02
1.501940563321113586e-02
1.414023712277412415e-02
1.405788399279117584e-02
1.383671164512634277e-02
1.389808952808380127e-02
1.597551815211772919e-02
1.393451448529958725e-02
1.387331821024417877e-02
1.391047518700361252e-02
1.395339891314506531e-02
1.390412449836730957e-02
1.438390649855136871e-02
1.379845943301916122e-02
1.391033735126256943e-02
1.374507788568735123e-02
1.402185205370187759e-02
1.418564002960920334e-02
1.410576142370700836e-02
1.404937263578176498e-02
1.416238024830818176e-02
1.426796521991491318e-02
1.420231070369482040e-02
1.391166541725397110e-02
1.582107692956924438e-02
1.403995789587497711e-02
1.390155032277107239e-02
1.368438359349966049e-02
1.433594245463609695e-02
1.445371471345424652e-02
1.393996179103851318e-02
1.422362867742776871e-02
1.397234573960304260e-02
1.457259058952331543e-02
1.422828156501054764e-02
1.423144619911909103e-02
1.402239128947257996e-02
1.372494176030158997e-02
1.430438086390495300e-02
1.401757635176181793e-02
1.365794148296117783e-02
1.421465352177619934e-02
1.414251886308193207e-02
1.408218219876289368e-02
1.428340282291173935e-02
1.452353224158287048e-02
1.404973305761814117e-02
1.392813306301832199e-02
1.365758106112480164e-02
1.410734001547098160e-02
1.404057722538709641e-02
1.420430466532707214e-02
1.424162182956933975e-02
1.401924435049295425e-02
1.415362395346164703e-02
1.390893384814262390e-02
1.409770920872688293e-02
1.414035819470882416e-02
1.405287347733974457e-02
1.444026269018650055e-02
1.444667298346757889e-02
1.585446670651435852e-02
1.400676090270280838e-02
1.478316541761159897e-02
1.383521594107151031e-02
1.390513684600591660e-02
1.367777027189731598e-02
1.432199403643608093e-02
1.382346544414758682e-02
1.400856114923954010e-02
1.418248191475868225e-02
1.446029543876647949e-02
1.368160173296928406e-02
1.377006806433200836e-02
1.433941349387168884e-02
1.393301691859960556e-02
1.349024102091789246e-02
1.388230267912149429e-02
1.408524718135595322e-02
1.407541707158088684e-02
1.400948967784643173e-02
1.419651787728071213e-02
1.402863766998052597e-02
1.402316614985466003e-02
1.420303899794816971e-02
1.407166477292776108e-02
1.402975898236036301e-02
1.359945815056562424e-02
1.389945112168788910e-02
1.443000044673681259e-02
1.424690242856740952e-02
1.439914945513010025e-02
1.403525192290544510e-02
1.396916434168815613e-02
1.369985379278659821e-02
1.406312361359596252e-02
1.407295186072587967e-02
1.388719119131565094e-02
1.454016938805580139e-02
1.366883795708417892e-02
1.388012710958719254e-02
1.385529432445764542e-02
1.389353256672620773e-02
1.398278679698705673e-02
1.390354335308074951e-02
1.379123330116271973e-02
1.402177568525075912e-02
1.373409666121006012e-02
1.379574462771415710e-02
1.393784489482641220e-02
1.415010448545217514e-02
1.506598386913537979e-02
1.420970633625984192e-02
1.440020557492971420e-02
1.416633184999227524e-02
1.650269888341426849e-02
1.418226119130849838e-02
1.366495713591575623e-02
1.414099056273698807e-02
1.399165950715541840e-02
1.420342829078435898e-02
1.355255208909511566e-02
1.662664301693439484e-02
1.377232372760772705e-02
1.426724996417760849e-02
1.413123961538076401e-02
1.397931016981601715e-02
1.403221208602190018e-02
1.454149466007947922e-02
1.404504477977752686e-02
1.465184614062309265e-02
1.392104942351579666e-02
1.461209263652563095e-02
1.394452527165412903e-02
1.486431714147329330e-02
1.393434125930070877e-02
1.388126611709594727e-02
1.425076089799404144e-02
1.367582473903894424e-02
1.418035384267568588e-02
1.378750801086425781e-02
1.383110880851745605e-02
1.371170673519372940e-02
1.397399324923753738e-02
1.385620515793561935e-02
1.411579456180334091e-02
1.408841554075479507e-02
1.388694997876882553e-02
1.408055145293474197e-02
1.417801901698112488e-02
1.409943029284477234e-02
1.438537240028381348e-02
1.418720558285713196e-02
1.403314154595136642e-02
1.410879567265510559e-02
1.403028611093759537e-02
1.395875122398138046e-02
1.392982807010412216e-02
1.399332843720912933e-02
1.418379601091146469e-02
1.383366249501705170e-02
1.356801670044660568e-02
1.399512495845556259e-02
1.428579073399305344e-02
1.403687801212072372e-02
1.411487814038991928e-02
1.420384924858808517e-02
1.397024001926183701e-02
1.385545171797275543e-02
1.383772771805524826e-02
1.392010692507028580e-02
1.402911450713872910e-02
1.411773357540369034e-02
1.419095601886510849e-02
1.406814996153116226e-02
1.427218317985534668e-02
1.429416891187429428e-02
1.404975727200508118e-02
1.415503025054931641e-02
1.409012917429208755e-02
1.391406916081905365e-02
1.415989082306623459e-02
1.376420259475708008e-02
1.418654527515172958e-02
1.521093305200338364e-02
1.375884376466274261e-02
1.389323733747005463e-02
1.422325614839792252e-02
1.373066101223230362e-02
1.421915646642446518e-02
1.399347279220819473e-02
1.429858524352312088e-02
1.394749060273170471e-02
1.365720666944980621e-02
1.428588666021823883e-02
1.450161077082157135e-02
1.438993774354457855e-02
1.407827809453010559e-02
1.410555001348257065e-02
1.430675387382507324e-02
1.415173802524805069e-02
1.420147996395826340e-02
1.375718321651220322e-02
1.435847207903862000e-02
1.409102324396371841e-02
1.358518283814191818e-02
1.437257602810859680e-02
1.382759772241115570e-02
1.417188718914985657e-02
1.423812285065650940e-02
1.379509828984737396e-02
1.434001605957746506e-02
1.443215925246477127e-02
1.404198631644248962e-02
1.349295768886804581e-02
1.401595119386911392e-02
1.430649124085903168e-02
1.388456579297780991e-02
1.403930224478244781e-02
1.433021761476993561e-02
1.592651568353176117e-02
1.408039964735507965e-02
1.411090139299631119e-02
1.411484833806753159e-02
1.430804748088121414e-02
1.434065494686365128e-02
1.420760806649923325e-02
1.470719836652278900e-02
1.407637260854244232e-02
1.409586425870656967e-02
1.422174833714962006e-02
1.405428070574998856e-02
1.385681238025426865e-02
1.441943366080522537e-02
1.429335866123437881e-02
1.395445410162210464e-02
1.437313575297594070e-02
1.399295032024383545e-02
1.414960622787475586e-02
1.384496968239545822e-02
1.410016976296901703e-02
1.381159666925668716e-02
1.403858978301286697e-02
1.412085909396409988e-02
1.391262095421552658e-02
1.391274947673082352e-02
1.409386936575174332e-02
1.372679695487022400e-02
1.362031977623701096e-02
1.420307438820600510e-02
1.404633838683366776e-02
1.631404273211956024e-02
1.392087712883949280e-02
1.435678917914628983e-02
1.397707220166921616e-02
1.431350968778133392e-02
1.385505124926567078e-02
1.411280315369367599e-02
1.389101147651672363e-02
1.418141741305589676e-02
1.418610010296106339e-02
1.392412185668945312e-02
1.410267036408185959e-02
1.387030445039272308e-02
1.728306524455547333e-02
1.390618644654750824e-02
1.422802545130252838e-02
1.425820868462324142e-02
1.392666343599557877e-02
1.431616581976413727e-02
1.410510577261447906e-02
1.380385179072618484e-02
1.377088110893964767e-02
1.376044750213623047e-02
1.404894050210714340e-02
1.385309360921382904e-02
1.384183205664157867e-02
1.390506885945796967e-02
1.479768753051757812e-02
1.433769799768924713e-02
1.418882701545953751e-02
1.415228005498647690e-02
1.445840951055288315e-02
1.443708781152963638e-02
1.592098921537399292e-02
1.497597340494394302e-02
1.432456914335489273e-02
1.376776304095983505e-02
1.512197311967611313e-02
1.400532759726047516e-02
1.405666675418615341e-02
1.391368266195058823e-02
1.446451153606176376e-02
1.400896627455949783e-02
1.406200882047414780e-02
1.447871606796979904e-02
1.420144736766815186e-02
1.452866755425930023e-02
1.389213837683200836e-02
1.386401057243347168e-02
1.415396854281425476e-02
1.384457852691411972e-02
1.389583107084035873e-02
1.421123463660478592e-02
1.399157848209142685e-02
1.411351840943098068e-02
1.475639548152685165e-02
1.414309442043304443e-02
1.398370508104562759e-02
1.468504685908555984e-02
1.429727673530578613e-02
1.403906010091304779e-02
1.380162592977285385e-02
1.394706685096025467e-02
1.433949079364538193e-02
1.418738719075918198e-02
1.423662342131137848e-02
1.444092486053705215e-02
1.420138124376535416e-02
1.406752970069646835e-02
1.417226716876029968e-02
1.400758232921361923e-02
1.380729395896196365e-02
1.448020245879888535e-02
1.412224490195512772e-02
1.415372174233198166e-02
1.765656471252441406e-02
1.428771577775478363e-02
1.398963667452335358e-02
1.472893264144659042e-02
1.395796146243810654e-02
1.367985270917415619e-02
1.399894710630178452e-02
1.397346612066030502e-02
1.364778634160757065e-02
1.388351246714591980e-02
1.371389534324407578e-02
1.429404690861701965e-02
1.408455986529588699e-02
1.410870626568794250e-02
1.395485922694206238e-02
1.462555304169654846e-02
1.414101757109165192e-02
1.378599926829338074e-02
1.418793201446533203e-02
1.395311951637268066e-02
1.439082901924848557e-02
1.403284911066293716e-02
1.398019399493932724e-02
1.389304455369710922e-02
1.386440172791481018e-02
1.440325099974870682e-02
1.631741411983966827e-02
1.404278073459863663e-02
1.400932110846042633e-02
1.409861445426940918e-02
1.442745700478553772e-02
1.432820595800876617e-02
1.394755765795707703e-02
1.416097953915596008e-02
1.438138727098703384e-02
1.478064060211181641e-02
1.423763111233711243e-02
1.403685472905635834e-02
1.419464312493801117e-02
1.503722462803125381e-02
1.380256656557321548e-02
1.405373774468898773e-02
1.409524120390415192e-02
1.390559971332550049e-02
1.412833575159311295e-02
1.407615467905998230e-02
1.395111903548240662e-02
1.392465736716985703e-02
1.419133786112070084e-02
1.411555614322423935e-02
1.408805511891841888e-02
1.399810612201690674e-02
1.412438787519931793e-02
1.430844049900770187e-02
1.399188674986362457e-02
1.399810332804918289e-02
1.415266748517751694e-02
1.413329876959323883e-02
1.453595794737339020e-02
1.381073240190744400e-02
1.404860895127058029e-02
1.405490003526210785e-02
1.422540470957756042e-02
1.411537453532218933e-02
1.387674268335103989e-02
1.387706026434898376e-02
1.400180719792842865e-02
1.407653652131557465e-02
1.402309909462928772e-02
1.403440162539482117e-02
1.410487294197082520e-02
1.370816584676504135e-02
1.415398716926574707e-02
1.411392167210578918e-02
1.508775725960731506e-02
1.409361045807600021e-02
1.407040748745203018e-02
1.414730586111545563e-02
1.398718077689409256e-02
1.415075268596410751e-02
1.707142405211925507e-02
1.428349409252405167e-02
1.415869873017072678e-02
1.410993654280900955e-02
1.397584006190299988e-02
1.435303408652544022e-02
1.458574552088975906e-02
1.404584012925624847e-02
1.374296844005584717e-02
1.396420039236545563e-02
1.372221019119024277e-02
1.420418825000524521e-02
1.473945099860429764e-02
1.425588969141244888e-02
1.424124743789434433e-02
1.425789855420589447e-02
1.421118434518575668e-02
1.367071829736232758e-02
1.371875684708356857e-02
1.408860925585031509e-02
1.425397675484418869e-02
1.448317244648933411e-02
1.397846546024084091e-02
1.388981658965349197e-02
1.394890341907739639e-02
1.373326499015092850e-02
1.455052476376295090e-02
1.417658012360334396e-02
1.417842507362365723e-02
1.387746259570121765e-02
1.390068139880895615e-02
1.354028563946485519e-02
1.376084703952074051e-02
1.424221042543649673e-02
1.407047174870967865e-02
1.416546758264303207e-02
1.396846212446689606e-02
1.392085477709770203e-02
1.398889720439910889e-02
1.377901341766119003e-02
1.393610239028930664e-02
1.387560274451971054e-02
1.420456171035766602e-02
1.377415657043457031e-02
1.405313611030578613e-02
1.396755035966634750e-02
1.411237102001905441e-02
1.395417377352714539e-02
1.389849744737148285e-02
1.401566062122583389e-02
1.383746229112148285e-02
1.362403668463230133e-02
1.399046275764703751e-02
1.388026773929595947e-02
1.383922621607780457e-02
1.375282928347587585e-02
1.374380663037300110e-02
1.393694523721933365e-02
2.140077203512191772e-02
1.409269031137228012e-02
1.387532707303762436e-02
1.391023490577936172e-02
1.394950691610574722e-02
1.402828749269247055e-02
1.415328681468963623e-02
1.384577713906764984e-02
1.399479713290929794e-02
1.414453983306884766e-02
1.418568100780248642e-02
1.411180291324853897e-02
1.381023600697517395e-02
1.398643292486667633e-02
1.414423622190952301e-02
1.422587875276803970e-02
1.386025641113519669e-02
1.388003490865230560e-02
1.418106909841299057e-02
1.423869095742702484e-02
1.390911731868982315e-02
1.439899764955043793e-02
1.399083808064460754e-02
1.407018024474382401e-02
1.446799002587795258e-02
1.422654930502176285e-02
1.421889103949069977e-02
1.431156042963266373e-02
1.445576548576354980e-02
1.407677307724952698e-02
1.395012810826301575e-02
1.410129666328430176e-02
1.410644035786390305e-02
1.390461251139640808e-02
1.404578331857919693e-02
1.388107892125844955e-02
1.363561488687992096e-02
1.477998122572898865e-02
1.400158461183309555e-02
1.566387340426445007e-02
1.421970501542091370e-02
1.419244427233934402e-02
1.410633884370326996e-02
1.423692051321268082e-02
1.640267856419086456e-02
1.409405097365379333e-02
1.380272861570119858e-02
1.394529733806848526e-02
1.439206581562757492e-02
1.397880632430315018e-02
1.523565128445625305e-02
1.391954813152551651e-02
1.381166651844978333e-02
1.410892326384782791e-02
1.387276407331228256e-02
1.399127207696437836e-02
1.392608322203159332e-02
1.414305530488491058e-02
1.396675035357475281e-02
1.472472865134477615e-02
1.410660427063703537e-02
1.425355579704046249e-02
1.438780967146158218e-02
1.671611703932285309e-02
1.396827306598424911e-02
1.421381160616874695e-02
1.398588996380567551e-02
1.393438782542943954e-02
1.394415833055973053e-02
1.413711905479431152e-02
1.452872529625892639e-02
1.439558807760477066e-02
1.392873004078865051e-02
1.417005062103271484e-02
1.425232086330652237e-02
1.385752484202384949e-02
1.407351437956094742e-02
1.436975877732038498e-02
1.504192315042018890e-02
1.446987409144639969e-02
1.389428135007619858e-02
1.412544865161180496e-02
1.377207878977060318e-02
1.429623365402221680e-02
1.548362895846366882e-02
1.488883886486291885e-02
1.387562230229377747e-02
1.364003494381904602e-02
1.428100746124982834e-02
1.420490071177482605e-02
1.416155975311994553e-02
1.375143136829137802e-02
1.422073598951101303e-02
1.400462072342634201e-02
1.403118018060922623e-02
1.408091746270656586e-02
1.396461948752403259e-02
1.368843670934438705e-02
1.395136397331953049e-02
1.410458702594041824e-02
1.409982796758413315e-02
1.410701964050531387e-02
1.402180176228284836e-02
1.381879393011331558e-02
1.413419935852289200e-02
1.416462287306785583e-02
1.447284873574972153e-02
1.408340688794851303e-02
1.412939094007015228e-02
1.380166132003068924e-02
1.471871417015790939e-02
1.436464861035346985e-02
1.400190591812133789e-02
1.405736245214939117e-02
1.484097633510828018e-02
1.369970757514238358e-02
1.439162530004978180e-02
1.378329005092382431e-02
1.396962720900774002e-02
1.386192161589860916e-02
1.443366799503564835e-02
1.395954098552465439e-02
1.396889612078666687e-02
1.428692415356636047e-02
1.398346945643424988e-02
1.469869259744882584e-02
1.395579334348440170e-02
1.396393775939941406e-02
1.434305869042873383e-02
1.447642687708139420e-02
1.372581813484430313e-02
1.360619906336069107e-02
1.431723311543464661e-02
1.419848203659057617e-02
1.783386059105396271e-02
1.415675971657037735e-02
1.394943520426750183e-02
1.408471819013357162e-02
1.404137350618839264e-02
1.421107258647680283e-02
1.418577134609222412e-02
1.434052549302577972e-02
1.425561029464006424e-02
1.384690310806035995e-02
1.381770428270101547e-02
1.423125620931386948e-02
1.398667134344577789e-02
1.407740358263254166e-02
1.419395767152309418e-02
1.388778630644083023e-02
1.448761019855737686e-02
1.413366477936506271e-02
1.424733363091945648e-02
1.405991520732641220e-02
1.400545332580804825e-02
1.424312032759189606e-02
1.428602077066898346e-02
1.425749901682138443e-02
1.410227734595537186e-02
1.400624494999647141e-02
1.406870223581790924e-02
1.383217331022024155e-02
1.409224234521389008e-02
1.406388264149427414e-02
1.420862879604101181e-02
1.429273281246423721e-02
1.410391088575124741e-02
1.411558780819177628e-02
1.391524635255336761e-02
1.411288883537054062e-02
1.400636136531829834e-02
1.397870201617479324e-02
1.465546526014804840e-02
1.406688895076513290e-02
1.395851001143455505e-02
1.397646870464086533e-02
1.400740817189216614e-02
1.364071294665336609e-02
1.388446427881717682e-02
1.389437913894653320e-02
1.450272742658853531e-02
1.417374331504106522e-02
1.408598665148019791e-02
1.402312610298395157e-02
1.388831529766321182e-02
1.425337791442871094e-02
1.367593463510274887e-02
1.372422371059656143e-02
1.367388013750314713e-02
1.422724686563014984e-02
1.414388976991176605e-02
1.386213582009077072e-02
1.422726549208164215e-02
1.379461307078599930e-02
1.395775470882654190e-02
1.365123409777879715e-02
1.407804805785417557e-02
1.459149923175573349e-02
1.366644166409969330e-02
1.386045012623071671e-02
1.383476052433252335e-02
1.391557231545448303e-02
1.399102434515953064e-02
1.400268450379371643e-02
1.414215844124555588e-02
1.402321178466081619e-02
1.410338003188371658e-02
1.418662071228027344e-02
1.423515751957893372e-02
1.444217283278703690e-02
1.642414927482604980e-02
1.356459874659776688e-02
1.419872697442770004e-02
1.401585433632135391e-02
1.427019480615854263e-02
1.422688737511634827e-02
1.405727304518222809e-02
1.335265953093767166e-02
1.429252233356237411e-02
1.462252531200647354e-02
1.414578314870595932e-02
1.560337468981742859e-02
1.407174672931432724e-02
1.435892377048730850e-02
1.395914796739816666e-02
1.396403834223747253e-02
1.441953424364328384e-02
1.412958279252052307e-02
1.407314743846654892e-02
1.382688526064157486e-02
1.391243282705545425e-02
1.396631356328725815e-02
1.411803346127271652e-02
1.389631908386945724e-02
1.418882049620151520e-02
1.388811506330966949e-02
1.365287974476814270e-02
1.397790014743804932e-02
1.414945442229509354e-02
1.383069436997175217e-02
1.402453798800706863e-02
1.436669845134019852e-02
1.390924211591482162e-02
1.665127091109752655e-02
1.393431518226861954e-02
1.402112003415822983e-02
1.399528887122869492e-02
1.403830852359533310e-02
1.418148353695869446e-02
1.406738720834255219e-02
1.377548929303884506e-02
1.410430762916803360e-02
1.380337774753570557e-02
1.388813275843858719e-02
1.388957258313894272e-02
1.378887612372636795e-02
1.361163333058357239e-02
1.374966464936733246e-02
1.464489940553903580e-02
1.409636531025171280e-02
1.608282886445522308e-02
1.394245401024818420e-02
1.422114018350839615e-02
1.397517882287502289e-02
1.434136833995580673e-02
1.371720712631940842e-02
1.441878452897071838e-02
1.389068365097045898e-02
1.377451047301292419e-02
1.425991579890251160e-02
1.422918681055307388e-02
1.379433833062648773e-02
1.394823752343654633e-02
1.375873014330863953e-02
1.399041432887315750e-02
1.412494387477636337e-02
1.361909136176109314e-02
1.405644137412309647e-02
1.417237427085638046e-02
1.391563098877668381e-02
1.485996879637241364e-02
1.426368113607168198e-02
1.397704146802425385e-02
1.403549686074256897e-02
1.442425604909658432e-02
1.422973070293664932e-02
1.410388294607400894e-02
1.392942946404218674e-02
1.446564588695764542e-02
1.410612184554338455e-02
1.396874710917472839e-02
1.401553396135568619e-02
1.398050226271152496e-02
1.457921322435140610e-02
1.657577045261859894e-02
1.349400915205478668e-02
1.389889698475599289e-02
1.406716648489236832e-02
1.387813780456781387e-02
1.405261084437370300e-02
1.457980927079916000e-02
1.415121275931596756e-02
1.402962114661931992e-02
1.414515450596809387e-02
1.513131055980920792e-02
1.374285854399204254e-02
1.421400066465139389e-02
1.366513594985008240e-02
1.426224689930677414e-02
1.397589221596717834e-02
1.369704026728868484e-02
1.451976876705884933e-02
1.430088374763727188e-02
1.390920206904411316e-02
1.382743474096059799e-02
1.437189057469367981e-02
1.387224439531564713e-02
1.381981745362281799e-02
1.466925814747810364e-02
1.431312598288059235e-02
1.393092516809701920e-02
1.392328087240457535e-02
1.439073961228132248e-02
1.426835265010595322e-02
1.396850589662790298e-02
1.390092354267835617e-02
1.395210064947605133e-02
1.415107585489749908e-02
1.411076262593269348e-02
1.548196282237768173e-02
1.378985028713941574e-02
1.412452850490808487e-02
1.394451782107353210e-02
1.371180452406406403e-02
1.418999116867780685e-02
1.388541143387556076e-02
1.387794688344001770e-02
1.403629779815673828e-02
1.426035072654485703e-02
1.441186759620904922e-02
1.377812121063470840e-02
1.400043163448572159e-02
1.366846356540918350e-02
1.396468281745910645e-02
1.441724225878715515e-02
1.398819684982299805e-02
1.378735620528459549e-02
1.395080145448446274e-02
1.411854662001132965e-02
1.383231021463871002e-02
1.487004105001688004e-02
1.419658306986093521e-02
1.379220839589834213e-02
1.407520379871129990e-02
1.398892980068922043e-02
1.426864787936210632e-02
1.384775713086128235e-02
1.426480337977409363e-02
1.378938183188438416e-02
1.447731349617242813e-02
1.410956121981143951e-02
1.417312305420637131e-02
1.417940016835927963e-02
1.403863355517387390e-02
1.439124438911676407e-02
1.376419421285390854e-02
1.389943622052669525e-02
1.523225940763950348e-02
1.434951741248369217e-02
1.396699808537960052e-02
1.409173849970102310e-02
1.429381314665079117e-02
1.428158860653638840e-02
1.433514151722192764e-02
1.378077361732721329e-02
1.377128902822732925e-02
1.422138884663581848e-02
1.388509850949048996e-02
1.451543252915143967e-02
1.445814408361911774e-02
1.644598692655563354e-02
1.440486870706081390e-02
1.425875071436166763e-02
1.395733375102281570e-02
1.399605069309473038e-02
1.521650329232215881e-02
1.436213776469230652e-02
1.398939453065395355e-02
1.414405461400747299e-02
1.410744432359933853e-02
1.415589731186628342e-02
1.458876486867666245e-02
1.402641460299491882e-02
1.379039883613586426e-02
1.381330844014883041e-02
1.380680873990058899e-02
1.368812285363674164e-02
1.385105215013027191e-02
1.390637084841728210e-02
1.444887835532426834e-02
1.403396204113960266e-02
1.386978384107351303e-02
1.415745075792074203e-02
1.401904225349426270e-02
1.380686555057764053e-02
1.415964402258396149e-02
1.459939125925302505e-02
1.395414769649505615e-02
1.404221728444099426e-02
1.379063725471496582e-02
1.506454963237047195e-02
1.408266928046941757e-02
1.405176240950822830e-02
1.491152402013540268e-02
1.416840218007564545e-02
1.388816442340612411e-02
1.401850022375583649e-02
1.395885087549686432e-02
1.434239093214273453e-02
1.428130548447370529e-02
1.548542734235525131e-02
1.432334817945957184e-02
1.392176188528537750e-02
1.420895103365182877e-02
1.434040628373622894e-02
1.431501004844903946e-02
1.394550409168004990e-02
1.402519736438989639e-02
1.408165693283081055e-02
1.475668791681528091e-02
1.400155760347843170e-02
1.396946702152490616e-02
1.401045639067888260e-02
1.387973222881555557e-02
1.390509307384490967e-02
1.392927207052707672e-02
1.383237168192863464e-02
1.424157060682773590e-02
1.435849349945783615e-02
1.435607019811868668e-02
1.395883876830339432e-02
1.355550345033407211e-02
1.386376377195119858e-02
1.357966382056474686e-02
1.413737330585718155e-02
1.416057627648115158e-02
1.346198003739118576e-02
1.400779467076063156e-02
1.687968894839286804e-02
1.379941496998071671e-02
1.489355601370334625e-02
1.426407974213361740e-02
1.380233094096183777e-02
1.400343421846628189e-02
1.422783639281988144e-02
1.380995474755764008e-02
1.419200655072927475e-02
1.428555045276880264e-02
1.387371215969324112e-02
1.419722475111484528e-02
1.410906948149204254e-02
1.431776490062475204e-02
1.418339647352695465e-02
1.426570490002632141e-02
1.393078267574310303e-02
1.382313016802072525e-02
1.436846889555454254e-02
1.417707558721303940e-02
1.427296362817287445e-02
1.403442118316888809e-02
1.405250746756792068e-02
1.413698587566614151e-02
1.425913814455270767e-02
1.434672158211469650e-02
1.394416298717260361e-02
1.413175743073225021e-02
1.383708510547876358e-02
1.414853613823652267e-02
1.395017746835947037e-02
1.412716135382652283e-02
1.420213934034109116e-02
1.386436168104410172e-02
1.338942721486091614e-02
1.410549320280551910e-02
1.385320816189050674e-02
1.392639800906181335e-02
1.770132966339588165e-02
1.370518840849399567e-02
1.412054896354675293e-02
1.427934691309928894e-02
1.494388561695814133e-02
1.427872572094202042e-02
1.401378866285085678e-02
1.407537236809730530e-02
1.406841073185205460e-02
1.515002641826868057e-02
1.424980815500020981e-02
1.386953517794609070e-02
1.408926304429769516e-02
1.413613557815551758e-02
1.418842747807502747e-02
1.395846251398324966e-02
1.386676635593175888e-02
1.387139596045017242e-02
1.386122778058052063e-02
1.406568009406328201e-02
1.389758381992578506e-02
1.427258923649787903e-02
1.402519084513187408e-02
1.388035342097282410e-02
1.415857952088117599e-02
1.408132072538137436e-02
1.407797355204820633e-02
1.421041134744882584e-02
1.401163265109062195e-02
1.414300501346588135e-02
1.380981132388114929e-02
1.424024160951375961e-02
1.478047296404838562e-02
1.405415870249271393e-02
1.418724935501813889e-02
1.371365506201982498e-02
1.417067088186740875e-02
1.406168844550848007e-02
1.386836264282464981e-02
1.425185520201921463e-02
1.366605516523122787e-02
1.386182941496372223e-02
1.408682670444250107e-02
1.389881409704685211e-02
1.423512119799852371e-02
1.424912456423044205e-02
1.396534405648708344e-02
1.426016166806221008e-02
1.382758840918540955e-02
1.411958970129489899e-02
1.373273413628339767e-02
1.444205921143293381e-02
1.392979640513658524e-02
1.386512536555528641e-02
1.399190165102481842e-02
1.369491778314113617e-02
1.467377226799726486e-02
1.423548813909292221e-02
1.390421763062477112e-02
1.402496080845594406e-02
1.385967992246150970e-02
1.472809910774230957e-02
1.436633430421352386e-02
1.398014370352029800e-02
1.396691240370273590e-02
1.449693366885185242e-02
1.387786213308572769e-02
1.423289440572261810e-02
1.420623622834682465e-02
1.402028556913137436e-02
1.403413712978363037e-02
1.400853041559457779e-02
1.436275243759155273e-02
1.420995593070983887e-02
1.441071555018424988e-02
1.401040796190500259e-02
1.408629212528467178e-02
1.366536598652601242e-02
1.396913174539804459e-02
1.518420036882162094e-02
1.380172371864318848e-02
1.452522631734609604e-02
1.386769767850637436e-02
1.409552432596683502e-02
1.388994138687849045e-02
1.439626887440681458e-02
1.387988962233066559e-02
1.421013381332159042e-02
1.384510006755590439e-02
1.769174449145793915e-02
1.424560230225324631e-02
1.375755667686462402e-02
1.405324973165988922e-02
1.423753891140222549e-02
1.389203127473592758e-02
1.385871972888708115e-02
1.435281429439783096e-02
1.399955712258815765e-02
1.421689987182617188e-02
1.437939051538705826e-02
1.405272446572780609e-02
1.455678883939981461e-02
1.408611889928579330e-02
1.399740949273109436e-02
1.417230721563100815e-02
1.376785431057214737e-02
1.385744754225015640e-02
1.414521969854831696e-02
1.398121472448110580e-02
1.656628213822841644e-02
1.412308495491743088e-02
1.389854867011308670e-02
1.409721095114946365e-02
1.439276058226823807e-02
1.417315937578678131e-02
1.400825101882219315e-02
1.399033982306718826e-02
1.424342952668666840e-02
1.390734314918518066e-02
1.428124587982892990e-02
1.585835963487625122e-02
1.400849502533674240e-02
1.411485299468040466e-02
1.407361123710870743e-02
1.412087120115756989e-02
1.384869497269392014e-02
1.404142007231712341e-02
1.438275538384914398e-02
1.434823591262102127e-02
1.392955146729946136e-02
1.417962834239006042e-02
1.405743882060050964e-02
1.431609317660331726e-02
1.413112878799438477e-02
1.421422325074672699e-02
1.415227260440587997e-02
1.374234165996313095e-02
1.401667669415473938e-02
1.389806903898715973e-02
1.452076714485883713e-02
1.452752668410539627e-02
1.441765762865543365e-02
1.427631638944149017e-02
1.423367019742727280e-02
1.411183550953865051e-02
1.390074752271175385e-02
1.408821251243352890e-02
1.397486310452222824e-02
1.426611468195915222e-02
1.397280022501945496e-02
1.415897998958826065e-02
1.413524802774190903e-02
1.465924084186553955e-02
1.471909880638122559e-02
1.401477213948965073e-02
1.391737069934606552e-02
1.399186812341213226e-02
1.425042375922203064e-02
1.403930690139532089e-02
1.393428817391395569e-02
1.375281717628240585e-02
1.400758977979421616e-02
1.366306748241186142e-02
1.404477749019861221e-02
1.419389806687831879e-02
1.666736043989658356e-02
1.506078522652387619e-02
1.423989888280630112e-02
1.675681024789810181e-02
1.446924451738595963e-02
1.405744347721338272e-02
1.405889168381690979e-02
1.399049255996942520e-02
1.416154298931360245e-02
1.401239540427923203e-02
1.406839489936828613e-02
1.415474619716405869e-02
1.424437668174505234e-02
1.397730782628059387e-02
1.389785762876272202e-02
1.405721902847290039e-02
1.418786682188510895e-02
1.399511657655239105e-02
1.358174718916416168e-02
1.421433687210083008e-02
1.419734675437211990e-02
1.424706261605024338e-02
1.394848898053169250e-02
1.368488091975450516e-02
1.373621448874473572e-02
1.395557541400194168e-02
1.396594848483800888e-02
1.393064297735691071e-02
1.368151977658271790e-02
1.445996761322021484e-02
1.409034337848424911e-02
1.442249398678541183e-02
1.397413574159145355e-02
1.497833337634801865e-02
1.416022237390279770e-02
1.445092819631099701e-02
1.430436689406633377e-02
1.395863853394985199e-02
1.426529884338378906e-02
1.464081369340419769e-02
1.423633005470037460e-02
1.418777182698249817e-02
1.405773498117923737e-02
1.392201706767082214e-02
1.384738460183143616e-02
1.364179886877536774e-02
1.419629435986280441e-02
1.406618393957614899e-02
1.400906499475240707e-02
1.507198251783847809e-02
1.472726743668317795e-02
1.410365942865610123e-02
1.367351505905389786e-02
1.406050287187099457e-02
1.400320883840322495e-02
1.445987820625305176e-02
1.427721977233886719e-02
1.392523944377899170e-02
1.382124423980712891e-02
1.382505614310503006e-02
1.390474103391170502e-02
1.419228035956621170e-02
1.444266736507415771e-02
1.397795882076025009e-02
1.395252905786037445e-02
1.428380887955427170e-02
1.347362995147705078e-02
1.475038472563028336e-02
1.450453326106071472e-02
1.418185327202081680e-02
1.404768787324428558e-02
1.491257268935441971e-02
1.394580863416194916e-02
1.384633220732212067e-02
1.402792986482381821e-02
1.422066893428564072e-02
1.403794530779123306e-02
1.411982532590627670e-02
1.431936956942081451e-02
1.431881450116634369e-02
1.393429003655910492e-02
1.413914840668439865e-02
1.392838638275861740e-02
1.458325702697038651e-02
1.410315837711095810e-02
1.392886694520711899e-02
1.392081473022699356e-02
1.432706508785486221e-02
1.425732299685478210e-02
1.387832686305046082e-02
1.425533834844827652e-02
1.413983386009931564e-02
1.348972599953413010e-02
1.381455082446336746e-02
1.389138028025627136e-02
1.408007461577653885e-02
1.420402899384498596e-02
1.399458013474941254e-02
1.421790476888418198e-02
1.394620258361101151e-02
1.434587873518466949e-02
1.419008616358041763e-02
1.413541380316019058e-02
1.490853819996118546e-02
1.387840788811445236e-02
1.403850596398115158e-02
1.395388878881931305e-02
1.408707443624734879e-02
1.400165352970361710e-02
1.405495125800371170e-02
1.432325877249240875e-02
1.374117098748683929e-02
1.431335881352424622e-02
1.395077072083950043e-02
1.404774095863103867e-02
1.380507554858922958e-02
1.420708093792200089e-02
1.375255547463893890e-02
1.391190290451049805e-02
1.413854118436574936e-02
1.398819405585527420e-02
1.412658765912055969e-02
1.379542890936136246e-02
1.394025329500436783e-02
1.369283162057399750e-02
1.367355976253747940e-02
1.365396101027727127e-02
1.405977364629507065e-02
1.407408621162176132e-02
1.437260303646326065e-02
1.396944280713796616e-02
1.403850875794887543e-02
1.411845348775386810e-02
1.397503539919853210e-02
1.422610040754079819e-02
1.424436923116445541e-02
1.435495819896459579e-02
1.414797641336917877e-02
1.397782657295465469e-02
1.397366449236869812e-02
1.448370423167943954e-02
1.418139971792697906e-02
1.413787622004747391e-02
1.392252650111913681e-02
1.381405629217624664e-02
1.427333056926727295e-02
1.373135671019554138e-02
1.398226991295814514e-02
1.430148445069789886e-02
1.419469621032476425e-02
1.412691175937652588e-02
1.363260205835103989e-02
1.391410455107688904e-02
1.435585319995880127e-02
1.368231419473886490e-02
1.421268936246633530e-02
1.416614931076765060e-02
1.405227743089199066e-02
1.397162303328514099e-02
1.389279309660196304e-02
1.414887513965368271e-02
1.462751999497413635e-02
1.391798816621303558e-02
1.417956314980983734e-02
1.465166453272104263e-02
1.409473456442356110e-02
1.415502745658159256e-02
1.413597818464040756e-02
1.399774476885795593e-02
1.365804951637983322e-02
1.409769337624311447e-02
1.412521209567785263e-02
1.359392795711755753e-02
1.395442709326744080e-02
1.401183288544416428e-02
1.434276066720485687e-02
1.430832967162132263e-02
1.425893511623144150e-02
1.351010706275701523e-02
1.799529045820236206e-02
1.422321237623691559e-02
1.446381304413080215e-02
1.406528148800134659e-02
1.383071206510066986e-02
1.389549579471349716e-02
1.407371088862419128e-02
1.449887081980705261e-02
1.448358315974473953e-02
1.415702793747186661e-02
1.432209368795156479e-02
1.367246266454458237e-02
1.457404810935258865e-02
1.395323034375905991e-02
1.422513648867607117e-02
1.411418244242668152e-02
1.365119311958551407e-02
1.376832369714975357e-02
1.440111454576253891e-02
1.447258982807397842e-02
1.445777341723442078e-02
1.440612971782684326e-02
1.393842324614524841e-02
1.453056093305349350e-02
1.432404480874538422e-02
1.421943586319684982e-02
1.421799045056104660e-02
1.425289269536733627e-02
1.653292775154113770e-02
1.400664448738098145e-02
1.411248464137315750e-02
1.424802467226982117e-02
1.407540962100028992e-02
1.431632973253726959e-02
1.394124235957860947e-02
1.401463709771633148e-02
1.383165922015905380e-02
1.397219300270080566e-02
1.410653907805681229e-02
1.376770343631505966e-02
1.444275770336389542e-02
1.422613300383090973e-02
1.741064526140689850e-02
1.388359349220991135e-02
1.480148825794458389e-02
1.394202746450901031e-02
1.409376598894596100e-02
1.377944275736808777e-02
1.418494060635566711e-02
1.426101289689540863e-02
1.401288155466318130e-02
1.411402877420186996e-02
1.391345262527465820e-02
1.385008729994297028e-02
1.498669292777776718e-02
1.432788278907537460e-02
1.389283034950494766e-02
1.403485611081123352e-02
1.416817307472229004e-02
1.387522555887699127e-02
1.420560758560895920e-02
1.367410924285650253e-02
1.392897404730319977e-02
1.430655643343925476e-02
1.425238884985446930e-02
1.384160481393337250e-02
1.419951021671295166e-02
1.404343452304601669e-02
1.421665493398904800e-02
1.450759731233119965e-02
1.429701410233974457e-02
1.430621743202209473e-02
1.389155164361000061e-02
1.370977796614170074e-02
1.384822092950344086e-02
1.399043574929237366e-02
1.381317619234323502e-02
1.367225404828786850e-02
1.402490492910146713e-02
1.402230560779571533e-02
1.419908925890922546e-02
1.417849399149417877e-02
1.420895848423242569e-02
1.417014282196760178e-02
1.409876625984907150e-02
1.424194779247045517e-02
1.610373705625534058e-02
1.386992540210485458e-02
1.403931993991136551e-02
1.384734548628330231e-02
1.388191804289817810e-02
1.367681659758090973e-02
1.454378291964530945e-02
1.413986645638942719e-02
1.392098143696784973e-02
1.478272024542093277e-02
1.392520591616630554e-02
1.380136329680681229e-02
1.364338677376508713e-02
1.427147909998893738e-02
1.369336340576410294e-02
1.475554984062910080e-02
1.405223552137613297e-02
1.388473249971866608e-02
1.417436636984348297e-02
1.409785822033882141e-02
1.367770414799451828e-02
1.416065171360969543e-02
1.429365202784538269e-02
1.361062563955783844e-02
1.408776268362998962e-02
1.384269259870052338e-02
1.394509710371494293e-02
1.437846664339303970e-02
1.406901795417070389e-02
1.416624989360570908e-02
1.449772808700799942e-02
1.474497653543949127e-02
1.397924032062292099e-02
1.655455306172370911e-02
1.391313318163156509e-02
1.413646060973405838e-02
1.392147503793239594e-02
1.591192372143268585e-02
1.397612132132053375e-02
1.385715696960687637e-02
1.466766837984323502e-02
1.352690067142248154e-02
1.412538345903158188e-02
1.388805732131004333e-02
1.425119396299123764e-02
1.406834740191698074e-02
1.388722378760576248e-02
1.390419993549585342e-02
1.385155227035284042e-02
1.419702731072902679e-02
1.404632907360792160e-02
1.468876004219055176e-02
1.405255496501922607e-02
1.730153895914554596e-02
1.651238091289997101e-02
1.434691622853279114e-02
1.395197864621877670e-02
1.409577764570713043e-02
1.427895203232765198e-02
1.416476909071207047e-02
1.386620756238698959e-02
1.360943075269460678e-02
1.468906085938215256e-02
1.405126694589853287e-02
1.401030179113149643e-02
1.440193969756364822e-02
1.392119005322456360e-02
1.443977095186710358e-02
1.375555992126464844e-02
1.413100119680166245e-02
1.420432887971401215e-02
1.399525720626115799e-02
1.483891531825065613e-02
1.376754883676767349e-02
1.415882445871829987e-02
1.410663407295942307e-02
1.362953986972570419e-02
1.387013588100671768e-02
1.369809824973344803e-02
1.405870635062456131e-02
1.405789609998464584e-02
1.414604857563972473e-02
1.373243704438209534e-02
1.506196521222591400e-02
1.405230164527893066e-02
1.403477136045694351e-02
1.409886870533227921e-02
1.385115925222635269e-02
1.413825433701276779e-02
1.427552103996276855e-02
1.386682596057653427e-02
1.424431521445512772e-02
1.410905085504055023e-02
1.415301207453012466e-02
1.419351901859045029e-02
1.402817759662866592e-02
1.427727565169334412e-02
1.370356604456901550e-02
1.408540643751621246e-02
1.379759516566991806e-02
1.373992953449487686e-02
1.412736438214778900e-02
1.398784760385751724e-02
1.053531374782323837e-02
1.407615467905998230e-02
1.385017950087785721e-02
1.390328723937273026e-02
1.441195048391819000e-02
1.442014612257480621e-02
1.385703589767217636e-02
1.377631351351737976e-02
1.426069531589746475e-02
1.408183854073286057e-02
1.416867878288030624e-02
1.383231300860643387e-02
1.438851561397314072e-02
1.384681835770606995e-02
1.371748838573694229e-02
1.413203496485948563e-02
1.410706993192434311e-02
1.429627183824777603e-02
1.897806674242019653e-02
1.426061149686574936e-02
1.400167867541313171e-02
1.404031552374362946e-02
1.409062463790178299e-02
1.391183212399482727e-02
1.398526784032583237e-02
1.414750143885612488e-02
1.390191912651062012e-02
1.418457925319671631e-02
1.390265300869941711e-02
1.456298213452100754e-02
1.440089102834463120e-02
1.399988308548927307e-02
1.400996185839176178e-02
1.442369166761636734e-02
1.389395073056221008e-02
1.422545313835144043e-02
1.427745539695024490e-02
1.396900136023759842e-02
1.398930512368679047e-02
1.398635748773813248e-02
1.403495948761701584e-02
1.390572544187307358e-02
1.374722737818956375e-02
1.390247978270053864e-02
1.379285473376512527e-02
1.417721249163150787e-02
1.377937290817499161e-02
1.396501343697309494e-02
1.387625932693481445e-02
1.424119248986244202e-02
1.412855181843042374e-02
1.417313143610954285e-02
1.377365272492170334e-02
1.382774673402309418e-02
1.383112091571092606e-02
1.402345672249794006e-02
1.393876597285270691e-02
1.413242425769567490e-02
1.395168621093034744e-02
1.394842006266117096e-02
1.426407694816589355e-02
1.584552042186260223e-02
1.413565315306186676e-02
1.404161751270294189e-02
1.393416244536638260e-02
1.401848718523979187e-02
2.397089637815952301e-02
1.382377464324235916e-02
1.390608865767717361e-02
1.402302179485559464e-02
1.388107147067785263e-02
1.391117833554744720e-02
1.482720021158456802e-02
1.401551626622676849e-02
1.422828715294599533e-02
1.405772287398576736e-02
1.411859039217233658e-02
1.411935128271579742e-02
1.420519314706325531e-02
1.410143356770277023e-02
1.433821953833103180e-02
1.593049056828022003e-02
1.399503741413354874e-02
1.401484012603759766e-02
1.392598822712898254e-02
1.398860849440097809e-02
1.429737173020839691e-02
1.437088288366794586e-02
1.414732635021209717e-02
1.433356106281280518e-02
1.449091825634241104e-02
1.417720317840576172e-02
1.406719163060188293e-02
1.388311106711626053e-02
1.410353183746337891e-02
1.415321789681911469e-02
1.396736502647399902e-02
1.436633430421352386e-02
1.482638996094465256e-02
1.391070708632469177e-02
1.376354694366455078e-02
1.425806805491447449e-02
1.464913133531808853e-02
1.390052121132612228e-02
1.433033309876918793e-02
1.355448924005031586e-02
1.408338174223899841e-02
1.407548226416110992e-02
1.378231961280107498e-02
1.379901450127363205e-02
1.441194117069244385e-02
1.390381064265966415e-02
1.443069055676460266e-02
1.388905663043260574e-02
1.402565464377403259e-02
1.404554769396781921e-02
1.425219979137182236e-02
1.460747048258781433e-02
1.356782671064138412e-02
1.429638545960187912e-02
1.422621682286262512e-02
1.408119406551122665e-02
1.435072068125009537e-02
1.376754604279994965e-02
1.392769534140825272e-02
1.365368161350488663e-02
1.367103680968284607e-02
1.404633279889822006e-02
1.580183207988739014e-02
1.415020599961280823e-02
1.501252129673957825e-02
1.417012605816125870e-02
1.406010426580905914e-02
1.481400802731513977e-02
1.461762469261884689e-02
1.408877968788146973e-02
1.401061937212944031e-02
1.411015912890434265e-02
1.409592293202877045e-02
1.361853163689374924e-02
1.395075116306543350e-02
1.361690554767847061e-02
1.398259121924638748e-02
1.383955683559179306e-02
1.391482073813676834e-02
1.430533733218908310e-02
1.382531318813562393e-02
1.392879709601402283e-02
1.409757789224386215e-02
1.480176206678152084e-02
1.388431992381811142e-02
1.481944415718317032e-02
1.427545305341482162e-02
1.371098123490810394e-02
1.419754978269338608e-02
1.413364056497812271e-02
1.413603965193033218e-02
1.389571186155080795e-02
1.466431654989719391e-02
1.404133345931768417e-02
1.397859957069158554e-02
1.384472846984863281e-02
1.415540650486946106e-02
1.411886885762214661e-02
1.384274568408727646e-02
1.355440262705087662e-02
1.380530651658773422e-02
1.598762720823287964e-02
1.417166553437709808e-02
1.430855039507150650e-02
1.410463079810142517e-02
1.389148831367492676e-02
1.413972117006778717e-02
1.430758927017450333e-02
1.423534378409385681e-02
1.400756556540727615e-02
1.436498761177062988e-02
1.446873322129249573e-02
1.449178531765937805e-02
1.389535423368215561e-02
1.372723653912544250e-02
1.418108865618705750e-02
1.407893374562263489e-02
1.403701305389404297e-02
1.407180633395910263e-02
1.381563302129507065e-02
1.409191172569990158e-02
1.411643065512180328e-02
1.423859596252441406e-02
1.463121082633733749e-02
1.379069965332746506e-02
1.432543341070413589e-02
1.400028448551893234e-02
1.393248699605464935e-02
1.448134146630764008e-02
1.406506635248661041e-02
1.405142620205879211e-02
1.413176115602254868e-02
1.404616236686706543e-02
1.416424196213483810e-02
1.373781170696020126e-02
1.378647889941930771e-02
1.416754815727472305e-02
1.393190585076808929e-02
1.396128814667463303e-02
1.414997968822717667e-02
1.432836055755615234e-02
1.387930754572153091e-02
1.403349637985229492e-02
1.395803131163120270e-02
1.428391970694065094e-02
1.424672082066535950e-02
1.395071391016244888e-02
1.424623187631368637e-02
1.408039126545190811e-02
1.424579881131649017e-02
1.375763118267059326e-02
1.426137611269950867e-02
1.422250922769308090e-02
1.405298151075839996e-02
1.407317910343408585e-02
1.386244874447584152e-02
1.431376021355390549e-02
1.409152429550886154e-02
1.392419543117284775e-02
1.382276043295860291e-02
1.376208662986755371e-02
1.402422785758972168e-02
1.415054779499769211e-02
1.413503009825944901e-02
1.400717161595821381e-02
1.412160415202379227e-02
1.389518380165100098e-02
1.426969096064567566e-02
1.376464311033487320e-02
1.415779534727334976e-02
1.372449472546577454e-02
1.354642119258642197e-02
1.360412873327732086e-02
1.419109664857387543e-02
1.421595457941293716e-02
1.408365461975336075e-02
1.463437918573617935e-02
1.413872744888067245e-02
1.446300093084573746e-02
1.422218326479196548e-02
1.403469126671552658e-02
1.407208479940891266e-02
1.381115708500146866e-02
1.390377525240182877e-02
1.391752064228057861e-02
1.381781790405511856e-02
1.405716594308614731e-02
1.394929364323616028e-02
1.423417683690786362e-02
1.408030744642019272e-02
1.438353955745697021e-02
1.399034913629293442e-02
1.407491602003574371e-02
1.367629971355199814e-02
1.394691225141286850e-02
1.437129918485879898e-02
1.431927643716335297e-02
1.431176438927650452e-02
1.487435121089220047e-02
1.384371519088745117e-02
1.428955234587192535e-02
1.405251957476139069e-02
1.420156564563512802e-02
1.410783734172582626e-02
1.428829226642847061e-02
1.382218673825263977e-02
1.416924037039279938e-02
1.396012585610151291e-02
1.399310305714607239e-02
1.418663840740919113e-02
1.444674748927354813e-02
1.426537428051233292e-02
1.423321571201086044e-02
1.413095556199550629e-02
1.422363799065351486e-02
1.442578341811895370e-02
1.416815724223852158e-02
1.386841293424367905e-02
1.402057800441980362e-02
1.391395274549722672e-02
1.401218492537736893e-02
1.405052188783884048e-02
1.415029726922512054e-02
1.451377943158149719e-02
1.433640066534280777e-02
1.386131718754768372e-02
1.409755554050207138e-02
1.395167130976915359e-02
1.403348520398139954e-02
1.425988692790269852e-02
1.378891430795192719e-02
1.396895851939916611e-02
1.384998206049203873e-02
1.395505759865045547e-02
1.420542970299720764e-02
1.381890568882226944e-02
1.422099769115447998e-02
1.395144779235124588e-02
1.418918743729591370e-02
1.430896017700433731e-02
1.380065083503723145e-02
1.438376866281032562e-02
1.388149894773960114e-02
1.402607280761003494e-02
1.384948845952749252e-02
1.418823283165693283e-02
1.415384933352470398e-02
1.390682812780141830e-02
1.434707641601562500e-02
1.404554490000009537e-02
1.401928346604108810e-02
1.388069894164800644e-02
1.394817233085632324e-02
1.440091803669929504e-02
1.423744764178991318e-02
1.411842461675405502e-02
1.374270673841238022e-02
1.398890558630228043e-02
1.389622129499912262e-02
1.412206050008535385e-02
1.383644342422485352e-02
1.504806242883205414e-02
1.397394295781850815e-02
1.383412722498178482e-02
1.374801155179738998e-02
1.405391376465559006e-02
1.397450920194387436e-02
1.437047962099313736e-02
1.369886007159948349e-02
1.473012845963239670e-02
1.410806551575660706e-02
1.430293079465627670e-02
1.405084133148193359e-02
1.388762053102254868e-02
1.397298276424407959e-02
1.402590516954660416e-02
1.419041119515895844e-02
1.377277448773384094e-02
1.431916747242212296e-02
1.449149567633867264e-02
1.438082847744226456e-02
1.384219806641340256e-02
1.393133960664272308e-02
1.362014468759298325e-02
1.366545166820287704e-02
1.399572845548391342e-02
1.400575879961252213e-02
1.429215073585510254e-02
1.423096377402544022e-02
1.379817444831132889e-02
1.401397958397865295e-02
1.401880942285060883e-02
1.357069704681634903e-02
1.570295728743076324e-02
1.392852980643510818e-02
1.435564085841178894e-02
1.407227758318185806e-02
1.381206605583429337e-02
1.371832750737667084e-02
1.377586927264928818e-02
1.361722871661186218e-02
1.391164027154445648e-02
1.531128026545047760e-02
1.418963354080915451e-02
1.400024257600307465e-02
1.416398491710424423e-02
1.384849939495325089e-02
1.367447432130575180e-02
1.404468063265085220e-02
1.524566672742366791e-02
1.417808514088392258e-02
1.420237496495246887e-02
1.410598959773778915e-02
1.341059431433677673e-02
1.419825479388237000e-02
1.475070044398307800e-02
1.428622100502252579e-02
1.378157455474138260e-02
1.386224571615457535e-02
1.394375599920749664e-02
1.385502424091100693e-02
1.390321180224418640e-02
1.416817400604486465e-02
1.416064240038394928e-02
1.387758273631334305e-02
1.393289957195520401e-02
1.442072726786136627e-02
1.418284513056278229e-02
1.411442365497350693e-02
1.367167290300130844e-02
1.410368457436561584e-02
1.377225015312433243e-02
1.398977264761924744e-02
1.411643344908952713e-02
1.393127162009477615e-02
1.431547943502664566e-02
1.313902065157890320e-02
1.377245225012302399e-02
1.404130831360816956e-02
