<system>Protocol: Active. Attitude: Sassy.</system>
2.412213757634162903e-02
2.410805597901344299e-02
2.264225110411643982e-02
2.222177386283874512e-02
2.570965141057968140e-02
3.162451833486557007e-02
2.842987142503261566e-02
3.034062683582305908e-02
2.350747212767601013e-02
3.360130637884140015e-02
4.101946204900741577e-02
2.831016853451728821e-02
4.549929499626159668e-02
3.104514069855213165e-02
3.751161694526672363e-02
3.710108250379562378e-02
4.499271139502525330e-02
4.988796263933181763e-02
4.766487330198287964e-02
4.782213270664215088e-02
2.102511189877986908e-02
4.683177918195724487e-02
4.731273278594017029e-02
6.581492722034454346e-02
4.627885669469833374e-02
4.586797580122947693e-02
4.242507368326187134e-02
5.095715075731277466e-02
4.882602393627166748e-02
3.670752048492431641e-02
5.033820122480392456e-02
3.236861154437065125e-02
2.923548221588134766e-02
2.034923061728477478e-02
2.486914768815040588e-02
2.108721062541007996e-02
2.329814434051513672e-02
2.414330653846263885e-02
2.193449437618255615e-02
3.391026705503463745e-02
3.120540827512741089e-02
2.933925576508045197e-02
3.570723533630371094e-02
3.023591637611389160e-02
4.060161113739013672e-02
3.534910082817077637e-02
4.513598978519439697e-02
3.466423600912094116e-02
2.240028232336044312e-02
4.583787173032760620e-02
5.088187009096145630e-02
5.074788257479667664e-02
5.415361374616622925e-02
4.879570752382278442e-02
4.682571068406105042e-02
7.879176177084445953e-03
4.877350851893424988e-02
3.234360367059707642e-02
4.429740458726882935e-02
3.646818175911903381e-02
5.123268812894821167e-02
4.206305742263793945e-02
2.331155911087989807e-02
2.332564257085323334e-02
3.375704959034919739e-02
2.718415111303329468e-02
2.087337337434291840e-02
4.768871888518333435e-02
3.086327761411666870e-02
4.544983804225921631e-02
1.720475591719150543e-02
4.656306654214859009e-02
3.905427455902099609e-02
4.500948637723922729e-02
4.479142650961875916e-02
4.780203849077224731e-02
1.567677408456802368e-02
4.965044558048248291e-02
4.903767257928848267e-02
4.484615847468376160e-02
5.216927081346511841e-02
4.352671280503273010e-02
5.051413923501968384e-02
3.485567867755889893e-02
3.444637358188629150e-02
4.540141671895980835e-02
3.274488449096679688e-02
3.594801947474479675e-02
3.749957680702209473e-02
4.863252490758895874e-02
4.323752224445343018e-02
1.339374482631683350e-02
3.404244035482406616e-02
5.044902861118316650e-02
4.041429236531257629e-02
4.988540709018707275e-02
2.893649786710739136e-02
3.879438340663909912e-02
3.051439858973026276e-02
2.134950459003448486e-02
2.116483077406883240e-02
4.538688808679580688e-02
3.903788328170776367e-02
4.051536321640014648e-02
1.657220348715782166e-02
5.160431563854217529e-02
1.594297960400581360e-02
5.168115347623825073e-02
4.829983785748481750e-02
4.884584248065948486e-02
4.887214675545692444e-02
4.693165421485900879e-02
5.147208273410797119e-02
4.930541664361953735e-02
4.575609043240547180e-02
1.577440835535526276e-02
3.313608095049858093e-02
4.175484925508499146e-02
3.354779258370399475e-02
3.389675915241241455e-02
1.016785390675067902e-02
4.977681487798690796e-02
4.710777848958969116e-02
2.155350521206855774e-02
5.028986185789108276e-02
4.384195432066917419e-02
5.223629996180534363e-02
3.330506756901741028e-02
2.107545733451843262e-02
1.950985565781593323e-02
3.420893475413322449e-02
2.658247202634811401e-02
2.795100584626197815e-02
2.425366081297397614e-02
4.100054502487182617e-02
2.712309360504150391e-02
3.452832624316215515e-02
1.607773452997207642e-02
3.878145664930343628e-02
3.183633461594581604e-02
3.347766026854515076e-02
1.930742338299751282e-02
4.051472246646881104e-02
4.199312627315521240e-02
4.131484031677246094e-02
4.572493582963943481e-02
4.389607161283493042e-02
3.411096334457397461e-02
4.337171092629432678e-02
4.347375035285949707e-02
4.378884285688400269e-02
4.683945327997207642e-02
4.359491541981697083e-02
4.139990359544754028e-02
4.566946625709533691e-02
4.219682514667510986e-02
4.421794414520263672e-02
1.911181956529617310e-02
3.442887589335441589e-02
4.404251277446746826e-02
2.607798576354980469e-02
1.871029660105705261e-02
2.030006423592567444e-02
1.487770117819309235e-02
3.208541125059127808e-02
1.651433669030666351e-02
3.883000835776329041e-02
1.288150064647197723e-02
3.588809818029403687e-02
2.168545313179492950e-02
3.045325353741645813e-02
2.388038672506809235e-02
3.937101364135742188e-02
1.600460335612297058e-02
3.502243012189865112e-02
3.988907486200332642e-02
3.874167054891586304e-02
4.213088750839233398e-02
4.382522404193878174e-02
7.842170074582099915e-03
4.393155872821807861e-02
4.192430526018142700e-02
4.143096506595611572e-02
5.391462706029415131e-03
4.359665513038635254e-02
4.137975722551345825e-02
3.997334837913513184e-02
4.309210553765296936e-02
4.320558905601501465e-02
1.124869938939809799e-02
4.270970076322555542e-02
4.612387344241142273e-02
4.138696938753128052e-02
3.137758374214172363e-02
3.255733102560043335e-02
2.440364845097064972e-02
3.432618081569671631e-02
3.889476507902145386e-02
3.199870511889457703e-02
4.622120410203933716e-02
2.730955183506011963e-02
4.840740561485290527e-02
4.384698718786239624e-02
4.379358515143394470e-02
4.272815585136413574e-02
2.980443462729454041e-02
5.132459849119186401e-02
5.132744461297988892e-02
4.628284648060798645e-02
5.351867899298667908e-02
5.500246584415435791e-02
2.555048279464244843e-02
5.921622365713119507e-02
5.463480949401855469e-02
5.134958028793334961e-02
1.069177873432636261e-02
5.053444951772689819e-02
6.180489063262939453e-02
5.647853389382362366e-02
3.362305462360382080e-02
5.603095144033432007e-02
3.305766358971595764e-02
3.452454879879951477e-02
2.521361410617828369e-02
3.040826693177223206e-02
2.967636287212371826e-02
3.276810795068740845e-02
3.618487715721130371e-02
2.776663191616535187e-02
4.402890801429748535e-02
2.625516615808010101e-02
3.984454274177551270e-02
3.283293545246124268e-02
4.389825463294982910e-02
2.812219411134719849e-02
3.893793374300003052e-02
5.292933434247970581e-02
3.748967498540878296e-02
5.309422314167022705e-02
5.624939501285552979e-02
4.566039144992828369e-02
4.419536888599395752e-02
6.073478609323501587e-02
5.959493666887283325e-02
5.457094311714172363e-02
5.330641567707061768e-02
5.740654468536376953e-02
6.297694891691207886e-02
4.659045487642288208e-02
5.769547447562217712e-02
4.983495920896530151e-02
5.066319555044174194e-02
5.440610274672508240e-02
5.675212293863296509e-02
2.292430028319358826e-02
5.422955751419067383e-02
