<system>Protocol: Active. Attitude: Sassy.</system>
1.366820000112056732e-02
1.351740676909685135e-02
1.378187257796525955e-02
1.362400967627763748e-02
1.366837415844202042e-02
1.351327914744615555e-02
1.347606536000967026e-02
1.379316765815019608e-02
1.353291608393192291e-02
1.396534685045480728e-02
1.376645360141992569e-02
1.372704189270734787e-02
1.360112521797418594e-02
1.376317813992500305e-02
1.381661277264356613e-02
1.384785491973161697e-02
1.428256276994943619e-02
1.362188160419464111e-02
1.349525246769189835e-02
1.351870689541101456e-02
1.384142041206359863e-02
1.396135054528713226e-02
1.359872426837682724e-02
1.409508660435676575e-02
1.316460408270359039e-02
1.370376069098711014e-02
1.367400493472814560e-02
1.345908083021640778e-02
1.354575064033269882e-02
1.337642595171928406e-02
1.291852351278066635e-02
1.388581190258264542e-02
1.341853104531764984e-02
1.348507404327392578e-02
1.337554771453142166e-02
1.032004225999116898e-02
1.386310253292322159e-02
1.375285908579826355e-02
1.367948856204748154e-02
1.406799908727407455e-02
1.352417748421430588e-02
1.387002505362033844e-02
1.371962390840053558e-02
1.332122460007667542e-02
1.388760749250650406e-02
1.405391935259103775e-02
1.399365440011024475e-02
1.284395251423120499e-02
1.368137542158365250e-02
1.414785347878932953e-02
1.370549201965332031e-02
1.380084082484245300e-02
1.367950160056352615e-02
1.373130735009908676e-02
1.354823354631662369e-02
1.387312170118093491e-02
1.386838592588901520e-02
1.392727810889482498e-02
1.360495295375585556e-02
1.349629368633031845e-02
1.365345716476440430e-02
1.373530272394418716e-02
1.389150414615869522e-02
1.372769568115472794e-02
1.377455517649650574e-02
1.370900310575962067e-02
1.336944662034511566e-02
1.366555690765380859e-02
1.344754174351692200e-02
1.375783421099185944e-02
1.392772141844034195e-02
1.175859477370977402e-02
1.348764542490243912e-02
1.358039584010839462e-02
1.360078807920217514e-02
1.369753759354352951e-02
1.379146054387092590e-02
1.381522975862026215e-02
1.356641296297311783e-02
1.179207768291234970e-02
1.381322741508483887e-02
1.385978143662214279e-02
1.356069836765527725e-02
1.355955004692077637e-02
1.375177595764398575e-02
1.382343564182519913e-02
1.346867717802524567e-02
1.363511290401220322e-02
1.355074997991323471e-02
1.368664577603340149e-02
1.386603992432355881e-02
1.367158070206642151e-02
1.359916664659976959e-02
1.370968017727136612e-02
1.372740790247917175e-02
1.410194579511880875e-02
1.392649952322244644e-02
1.376213692128658295e-02
1.363420207053422928e-02
1.384139154106378555e-02
1.370068732649087906e-02
1.356838271021842957e-02
1.343642547726631165e-02
1.345737930387258530e-02
1.385711506009101868e-02
1.373652741312980652e-02
1.349038723856210709e-02
1.360513642430305481e-02
1.350439712405204773e-02
1.368792727589607239e-02
1.397119835019111633e-02
1.333635766059160233e-02
1.340464968234300613e-02
1.387066766619682312e-02
1.352842431515455246e-02
1.351987197995185852e-02
1.390003599226474762e-02
1.385754626244306564e-02
1.347140036523342133e-02
1.346984226256608963e-02
1.366735063493251801e-02
1.356230024248361588e-02
1.350439526140689850e-02
1.349441334605216980e-02
1.356761530041694641e-02
1.335073728114366531e-02
1.398193277418613434e-02
1.386481244117021561e-02
1.375224068760871887e-02
1.373915467411279678e-02
1.355775352567434311e-02
1.369894202798604965e-02
1.369799580425024033e-02
1.391000673174858093e-02
1.365332677960395813e-02
1.375848334282636642e-02
1.354928221553564072e-02
1.387698296457529068e-02
1.337454002350568771e-02
1.364499889314174652e-02
1.369650010019540787e-02
1.355199422687292099e-02
1.352433860301971436e-02
1.324521005153656006e-02
1.378991920500993729e-02
1.357645075768232346e-02
1.368965115398168564e-02
1.330637093633413315e-02
1.376301050186157227e-02
1.362967211753129959e-02
1.321465615183115005e-02
1.376242563128471375e-02
1.331040263175964355e-02
1.350785698741674423e-02
1.373424846678972244e-02
1.370840705931186676e-02
1.346062496304512024e-02
1.380118727684020996e-02
1.355263870209455490e-02
1.383709628134965897e-02
1.371689513325691223e-02
1.325944345444440842e-02
1.348535809665918350e-02
1.358716748654842377e-02
1.365166343748569489e-02
1.394441165030002594e-02
1.367172598838806152e-02
1.372915878891944885e-02
1.366221066564321518e-02
1.397771295160055161e-02
1.359243690967559814e-02
1.366533245891332626e-02
1.362494844943284988e-02
1.331353187561035156e-02
1.361058279871940613e-02
1.335469167679548264e-02
1.382113620638847351e-02
1.332521438598632812e-02
1.400040183216333389e-02
1.347583532333374023e-02
1.399250701069831848e-02
1.396824978291988373e-02
1.369177922606468201e-02
1.395525876432657242e-02
1.287214830517768860e-02
1.353323552757501602e-02
1.354106143116950989e-02
1.345307193696498871e-02
1.351472642272710800e-02
1.345224585384130478e-02
1.350105088204145432e-02
1.342262886464595795e-02
1.364896353334188461e-02
1.380379404872655869e-02
1.420774962753057480e-02
1.364059466868638992e-02
1.405339594930410385e-02
1.353708747774362564e-02
1.372176967561244965e-02
1.356777828186750412e-02
1.357937976717948914e-02
1.355715468525886536e-02
1.360770780593156815e-02
1.375456154346466064e-02
1.383692584931850433e-02
1.397937815636396408e-02
1.356782112270593643e-02
1.376362703740596771e-02
1.397161092609167099e-02
1.352284941822290421e-02
1.384548004716634750e-02
1.378282345831394196e-02
1.399405393749475479e-02
1.374214515089988708e-02
1.403444446623325348e-02
1.351757068186998367e-02
1.366638485342264175e-02
1.341367047280073166e-02
1.369098387658596039e-02
1.379034761339426041e-02
1.328411139547824860e-02
1.347717083990573883e-02
1.359406486153602600e-02
9.891515597701072693e-03
1.403324399143457413e-02
1.320422068238258362e-02
1.361901964992284775e-02
1.394374761730432510e-02
1.322736218571662903e-02
1.363116782158613205e-02
1.365238986909389496e-02
1.326576434075832367e-02
1.382653508335351944e-02
1.374818664044141769e-02
1.350581366568803787e-02
1.349783223122358322e-02
1.358077581971883774e-02
1.356375776231288910e-02
1.361712813377380371e-02
1.380711793899536133e-02
1.371836382895708084e-02
1.390396431088447571e-02
1.387990918010473251e-02
1.363210473209619522e-02
1.372600719332695007e-02
1.359407324343919754e-02
1.345445122569799423e-02
1.405976619571447372e-02
1.382459048181772232e-02
1.374402083456516266e-02
1.397101674228906631e-02
1.356556732207536697e-02
1.354362163692712784e-02
1.375344954431056976e-02
1.380246598273515701e-02
1.391398254781961441e-02
1.361549180001020432e-02
1.367625314742326736e-02
1.367947459220886230e-02
1.394885871559381485e-02
1.389828696846961975e-02
1.379147171974182129e-02
1.349825784564018250e-02
1.368006505072116852e-02
1.401771232485771179e-02
1.344343740493059158e-02
1.365951541811227798e-02
1.386781968176364899e-02
1.364340446889400482e-02
1.359546184539794922e-02
1.388506498187780380e-02
1.403723098337650299e-02
1.373337302356958389e-02
1.368926838040351868e-02
1.430392544716596603e-02
7.704144343733787537e-03
1.355433557182550430e-02
1.356281060725450516e-02
1.371727325022220612e-02
1.402051653712987900e-02
1.352599170058965683e-02
1.384935900568962097e-02
1.343778055161237717e-02
1.377547625452280045e-02
1.373002771288156509e-02
1.335904002189636230e-02
1.334087923169136047e-02
1.353704929351806641e-02
1.363687869161367416e-02
1.363335456699132919e-02
1.387780904769897461e-02
1.377809327095746994e-02
1.406008005142211914e-02
1.372004672884941101e-02
1.269947644323110580e-02
1.316058635711669922e-02
1.341466046869754791e-02
1.373078860342502594e-02
1.361039839684963226e-02
1.358780264854431152e-02
1.403014454990625381e-02
1.356030628085136414e-02
1.361412461847066879e-02
1.366719044744968414e-02
1.403137482702732086e-02
1.366882957518100739e-02
1.366683561354875565e-02
1.366500277072191238e-02
1.337853912264108658e-02
1.362776849418878555e-02
1.366972830146551132e-02
1.442886982113122940e-02
1.380901131778955460e-02
1.379966735839843750e-02
1.367332134395837784e-02
1.354364957660436630e-02
1.385916396975517273e-02
1.382139697670936584e-02
1.404682360589504242e-02
1.362220291048288345e-02
1.337913516908884048e-02
1.351571734994649887e-02
1.387050095945596695e-02
1.379179581999778748e-02
1.355816796422004700e-02
1.375418249517679214e-02
1.385479047894477844e-02
1.363822817802429199e-02
1.332928799092769623e-02
1.373707968741655350e-02
1.362522877752780914e-02
1.397783961147069931e-02
1.341075077652931213e-02
1.366992946714162827e-02
1.357115153223276138e-02
1.348303910344839096e-02
1.353432238101959229e-02
1.352501474320888519e-02
1.346808951348066330e-02
1.394099928438663483e-02
1.404243614524602890e-02
1.357750967144966125e-02
1.352418027818202972e-02
1.381035428494215012e-02
1.333191897720098495e-02
1.354901585727930069e-02
1.390851195901632309e-02
1.408349629491567612e-02
1.348265074193477631e-02
1.365535892546176910e-02
1.383232139050960541e-02
1.358568668365478516e-02
1.399519387632608414e-02
1.372697297483682632e-02
1.385060790926218033e-02
1.376269385218620300e-02
1.384449005126953125e-02
1.388026680797338486e-02
1.326470170170068741e-02
1.327596884220838547e-02
1.327623426914215088e-02
1.394516229629516602e-02
1.404575351625680923e-02
1.350199896842241287e-02
1.375355385243892670e-02
1.440557930618524551e-02
1.368255540728569031e-02
1.362559199333190918e-02
1.381485722959041595e-02
1.367032807320356369e-02
1.361971534788608551e-02
1.402153447270393372e-02
1.356152538210153580e-02
1.360161229968070984e-02
1.350259501487016678e-02
1.359730307012796402e-02
1.383176445960998535e-02
1.363421417772769928e-02
1.306017115712165833e-02
1.365914009511470795e-02
1.081575080752372742e-02
1.354682445526123047e-02
1.360099110752344131e-02
1.386609580367803574e-02
1.388646289706230164e-02
1.342547871172428131e-02
1.353169046342372894e-02
1.231666002422571182e-02
1.370092108845710754e-02
1.351485494524240494e-02
1.357927080243825912e-02
1.351598184555768967e-02
1.375945005565881729e-02
1.389151532202959061e-02
1.360657811164855957e-02
1.363961771130561829e-02
1.374126039445400238e-02
1.361599564552307129e-02
1.335566118359565735e-02
1.389854867011308670e-02
1.383153162896633148e-02
1.418952364474534988e-02
1.387389283627271652e-02
1.378206629306077957e-02
1.333622541278600693e-02
1.337770745158195496e-02
1.374185737222433090e-02
1.379320304840803146e-02
1.375742629170417786e-02
1.371331606060266495e-02
1.384308934211730957e-02
3.914736583828926086e-02
1.342220697551965714e-02
1.261668279767036438e-02
1.354236248880624771e-02
1.362748816609382629e-02
1.371664088219404221e-02
1.359925791621208191e-02
1.355804409831762314e-02
1.383982691913843155e-02
1.349934656172990799e-02
1.344880834221839905e-02
1.391226612031459808e-02
1.356561388820409775e-02
1.264138426631689072e-02
1.354499068111181259e-02
1.155737321823835373e-02
1.375328935682773590e-02
1.364996936172246933e-02
1.363624073565006256e-02
1.349742338061332703e-02
1.347692217677831650e-02
1.351981237530708313e-02
1.356169581413269043e-02
1.357358135282993317e-02
1.353229209780693054e-02
1.360117830336093903e-02
1.388719957321882248e-02
1.272071804851293564e-02
1.342207845300436020e-02
1.386770326644182205e-02
1.388214901089668274e-02
1.377413515001535416e-02
1.361451949924230576e-02
1.008829195052385330e-02
1.042960956692695618e-02
1.371127925813198090e-02
1.382979750633239746e-02
1.332645490765571594e-02
1.368709281086921692e-02
1.357955019921064377e-02
1.371232233941555023e-02
1.359549723565578461e-02
1.366365514695644379e-02
1.365014538168907166e-02
1.372961606830358505e-02
1.380969490855932236e-02
1.388756092637777328e-02
1.374463085085153580e-02
1.342261675745248795e-02
1.397118251770734787e-02
1.358907856047153473e-02
1.402611378580331802e-02
1.246545277535915375e-02
1.363522931933403015e-02
1.392798218876123428e-02
1.295607443898916245e-02
1.373490411788225174e-02
1.394936721771955490e-02
1.184380054473876953e-02
1.358745619654655457e-02
1.398773584514856339e-02
1.343350484967231750e-02
1.354991458356380463e-02
1.394834462553262711e-02
1.379005238413810730e-02
1.396293845027685165e-02
1.236760895699262619e-02
1.381935272365808487e-02
1.374596450477838516e-02
1.381783746182918549e-02
1.351752877235412598e-02
1.375538390129804611e-02
1.389550324529409409e-02
1.362319290637969971e-02
1.376336533576250076e-02
1.044007204473018646e-02
1.370014157146215439e-02
1.377053465694189072e-02
1.313485577702522278e-02
1.375432033091783524e-02
1.348462793976068497e-02
1.339373271912336349e-02
1.343286409974098206e-02
1.339390594512224197e-02
1.326365768909454346e-02
1.369731035083532333e-02
1.441488508135080338e-02
1.384904421865940094e-02
1.426180265843868256e-02
1.354320719838142395e-02
1.102930307388305664e-02
1.385985221713781357e-02
1.346957962960004807e-02
1.328195910900831223e-02
1.396501064300537109e-02
1.339676138013601303e-02
1.360857486724853516e-02
1.353408023715019226e-02
1.356251630932092667e-02
1.381786260753870010e-02
1.344881858676671982e-02
7.301349658519029617e-03
1.351248938590288162e-02
1.349609252065420151e-02
1.372311078011989594e-02
1.358902454376220703e-02
1.388424076139926910e-02
1.332937087863683701e-02
1.395084336400032043e-02
1.365648582577705383e-02
1.363915856927633286e-02
1.415695156902074814e-02
1.353360805660486221e-02
1.327855233103036880e-02
1.193904038518667221e-02
1.362365856766700745e-02
1.406807918101549149e-02
1.360295154154300690e-02
1.374206878244876862e-02
1.344400085508823395e-02
1.394240278750658035e-02
1.364634837955236435e-02
1.365287508815526962e-02
1.381469145417213440e-02
1.371832098811864853e-02
1.355384010821580887e-02
1.377899106591939926e-02
1.403077039867639542e-02
1.371105387806892395e-02
1.373177673667669296e-02
1.418396923691034317e-02
1.331903412938117981e-02
1.355220470577478409e-02
1.385321095585823059e-02
1.375805120915174484e-02
1.389196142554283142e-02
1.365576032549142838e-02
1.359731517732143402e-02
1.357273384928703308e-02
1.315241120755672455e-02
1.354511175304651260e-02
1.361209806054830551e-02
1.366598997265100479e-02
1.328238844871520996e-02
1.365452725440263748e-02
1.344640925526618958e-02
1.337879244238138199e-02
1.352877914905548096e-02
1.359669957309961319e-02
1.378689333796501160e-02
1.379516161978244781e-02
1.393351890146732330e-02
1.374815311282873154e-02
1.360902749001979828e-02
1.369946636259555817e-02
1.357579231262207031e-02
1.365692541003227234e-02
1.350334007292985916e-02
1.399825420230627060e-02
1.379011198878288269e-02
1.376708131283521652e-02
1.386614982038736343e-02
1.379899308085441589e-02
1.369220018386840820e-02
1.332649216055870056e-02
1.352229714393615723e-02
1.322281360626220703e-02
1.333583518862724304e-02
1.374784670770168304e-02
1.362145785242319107e-02
1.411321479827165604e-02
1.345191523432731628e-02
1.354030612856149673e-02
1.366418600082397461e-02
1.369152590632438660e-02
1.358989812433719635e-02
1.352181471884250641e-02
1.342652179300785065e-02
1.340091787278652191e-02
1.361019909381866455e-02
1.362330839037895203e-02
1.357281580567359924e-02
1.380336284637451172e-02
1.349949743598699570e-02
1.355346757918596268e-02
1.356720924377441406e-02
1.352609787136316299e-02
1.368835568428039551e-02
1.358565967530012131e-02
1.389537658542394638e-02
1.367056649178266525e-02
1.321787852793931961e-02
1.354394480586051941e-02
1.392857171595096588e-02
1.358629390597343445e-02
1.348806265741586685e-02
1.338321343064308167e-02
1.363194826990365982e-02
1.360098365694284439e-02
1.375600788742303848e-02
1.376892253756523132e-02
1.343335304409265518e-02
1.352172810584306717e-02
1.377426367253065109e-02
1.369588449597358704e-02
1.375979185104370117e-02
1.374515611678361893e-02
1.393878832459449768e-02
1.361286919564008713e-02
1.337237656116485596e-02
1.348379533737897873e-02
1.353781577199697495e-02
1.358653977513313293e-02
1.332024298608303070e-02
1.347527559846639633e-02
1.319682504981756210e-02
1.377950701862573624e-02
1.340785715728998184e-02
1.388027984648942947e-02
1.402048394083976746e-02
1.358266547322273254e-02
1.390313450247049332e-02
1.379637513309717178e-02
1.340821385383605957e-02
1.381517574191093445e-02
1.367807108908891678e-02
1.388969738036394119e-02
1.384149119257926941e-02
1.394019089639186859e-02
1.383613049983978271e-02
1.339398976415395737e-02
1.360906660556793213e-02
1.333774253726005554e-02
1.367642078548669815e-02
1.351249217987060547e-02
1.375221088528633118e-02
1.324906665831804276e-02
1.379039231687784195e-02
1.385306101292371750e-02
1.372053660452365875e-02
1.358537003397941589e-02
1.394697371870279312e-02
1.351791061460971832e-02
1.364537794142961502e-02
1.390110887587070465e-02
1.372682675719261169e-02
1.352599263191223145e-02
1.357292011380195618e-02
1.346779707819223404e-02
1.344279572367668152e-02
1.194237079471349716e-02
1.353131141513586044e-02
1.058601960539817810e-02
1.381881441920995712e-02
1.383161637932062149e-02
1.374569814652204514e-02
1.354859769344329834e-02
7.969603873789310455e-03
1.239578519016504288e-02
1.341724954545497894e-02
1.369694527238607407e-02
1.388313714414834976e-02
1.350037101656198502e-02
1.335036195814609528e-02
1.390001736581325531e-02
1.375671941787004471e-02
1.357941702008247375e-02
1.386610046029090881e-02
1.380255818367004395e-02
1.363034546375274658e-02
1.352808997035026550e-02
1.372663304209709167e-02
1.370569411665201187e-02
1.353011652827262878e-02
1.329184696078300476e-02
1.370708271861076355e-02
9.557843208312988281e-03
1.353025343269109726e-02
1.368287485092878342e-02
1.322132628411054611e-02
1.392949838191270828e-02
1.386499404907226562e-02
1.373063679784536362e-02
1.332579925656318665e-02
1.386127248406410217e-02
1.376953441649675369e-02
1.354169938713312149e-02
1.363380253314971924e-02
1.329174730926752090e-02
1.371134724467992783e-02
1.384544093161821365e-02
1.372110284864902496e-02
1.395708881318569183e-02
1.337521988898515701e-02
1.372055150568485260e-02
1.334145385771989822e-02
1.390441600233316422e-02
1.018800400197505951e-02
1.165486220270395279e-02
1.382701937109231949e-02
1.334770675748586655e-02
1.361472252756357193e-02
1.391201931983232498e-02
1.388949714601039886e-02
1.393511239439249039e-02
1.363266911357641220e-02
1.340718194842338562e-02
1.375470403581857681e-02
1.358295045793056488e-02
1.343057490885257721e-02
1.378091238439083099e-02
1.364977937191724777e-02
1.371140405535697937e-02
1.369628310203552246e-02
1.343054138123989105e-02
1.347974222153425217e-02
1.375521998852491379e-02
1.309907436370849609e-02
1.368261594325304031e-02
1.344639714807271957e-02
1.344713661819696426e-02
1.381462719291448593e-02
1.384328398853540421e-02
1.369674131274223328e-02
1.072298642247915268e-02
1.378200948238372803e-02
1.395936403423547745e-02
1.108460873365402222e-02
1.381165161728858948e-02
1.363602001219987869e-02
1.365149859338998795e-02
1.369488891214132309e-02
1.351185236126184464e-02
1.290878932923078537e-02
1.363263744860887527e-02
1.335594430565834045e-02
1.353121455758810043e-02
1.322311721742153168e-02
1.284361258149147034e-02
1.401547994464635849e-02
1.357939001172780991e-02
1.368109043687582016e-02
1.358931697905063629e-02
1.366446539759635925e-02
1.347190048545598984e-02
1.272564195096492767e-02
1.349315885454416275e-02
1.205338630825281143e-02
1.370382029563188553e-02
1.381733175367116928e-02
1.379548665136098862e-02
1.359519083052873611e-02
1.363416947424411774e-02
1.334370113909244537e-02
1.420809235423803329e-02
1.369270589202642441e-02
1.374536193907260895e-02
1.340945996344089508e-02
1.384092308580875397e-02
1.356747746467590332e-02
1.389375049620866776e-02
1.352223381400108337e-02
1.386561058461666107e-02
1.190245989710092545e-02
1.391163095831871033e-02
1.352734211832284927e-02
1.369737461209297180e-02
1.358585152775049210e-02
1.392034534364938736e-02
1.370888389647006989e-02
1.385624799877405167e-02
1.360698416829109192e-02
1.378138270229101181e-02
1.345912553369998932e-02
1.318037416785955429e-02
1.358270924538373947e-02
1.399861648678779602e-02
1.351319253444671631e-02
1.358926016837358475e-02
1.374317053705453873e-02
1.388350035995244980e-02
1.389937009662389755e-02
1.357472594827413559e-02
1.395478006452322006e-02
1.355084683746099472e-02
1.239480450749397278e-02
1.375724375247955322e-02
1.373121421784162521e-02
1.360599137842655182e-02
1.337005198001861572e-02
1.374499872326850891e-02
1.407645735889673233e-02
1.345764100551605225e-02
1.343910489231348038e-02
1.354421023279428482e-02
1.370752975344657898e-02
1.371707860380411148e-02
1.372799556702375412e-02
1.374664064496755600e-02
1.346795354038476944e-02
1.347965095192193985e-02
1.380945648998022079e-02
1.359593588858842850e-02
1.361174229532480240e-02
1.356955990195274353e-02
1.324340142309665680e-02
1.357598230242729187e-02
1.382857561111450195e-02
1.389620359987020493e-02
1.358644384890794754e-02
1.244581025093793869e-02
1.364254113286733627e-02
1.358351949602365494e-02
1.352932117879390717e-02
1.386217866092920303e-02
1.379504241049289703e-02
1.377987861633300781e-02
1.383460965007543564e-02
1.397000625729560852e-02
1.373123005032539368e-02
1.358770206570625305e-02
1.381571870297193527e-02
1.358743663877248764e-02
7.480456028133630753e-03
1.356589142233133316e-02
1.371926721185445786e-02
1.351059135049581528e-02
1.351150032132863998e-02
1.383852120488882065e-02
1.357375085353851318e-02
1.365756988525390625e-02
1.387330517172813416e-02
1.167172752320766449e-02
1.352047082036733627e-02
1.368209347128868103e-02
1.357189938426017761e-02
1.357113756239414215e-02
1.358581706881523132e-02
1.356317196041345596e-02
1.392203290015459061e-02
1.374701317399740219e-02
1.349969860166311264e-02
1.374475285410881042e-02
1.329395733773708344e-02
1.349794585257768631e-02
1.352843083441257477e-02
1.397747639566659927e-02
1.325682085007429123e-02
1.360974926501512527e-02
1.376895047724246979e-02
1.388194877654314041e-02
1.356092095375061035e-02
1.389586646109819412e-02
1.379355788230895996e-02
1.363576389849185944e-02
1.335130538791418076e-02
1.361168362200260162e-02
1.323372684419155121e-02
1.360758021473884583e-02
1.368663832545280457e-02
1.375097967684268951e-02
1.360457856208086014e-02
1.384426373988389969e-02
1.373858749866485596e-02
1.360647752881050110e-02
1.330919656902551651e-02
1.350870169699192047e-02
1.368961855769157410e-02
1.355014089494943619e-02
1.375975087285041809e-02
1.393887028098106384e-02
1.355390530079603195e-02
1.380211394280195236e-02
1.076423004269599915e-02
1.362680457532405853e-02
1.423841714859008789e-02
1.389609929174184799e-02
1.392432209104299545e-02
1.370867528021335602e-02
1.328748371452093124e-02
1.340917032212018967e-02
1.344759669154882431e-02
1.359920762479305267e-02
1.398025453090667725e-02
1.329670008271932602e-02
1.332169864326715469e-02
1.393281295895576477e-02
1.384035032242536545e-02
1.354170963168144226e-02
1.353774033486843109e-02
1.347142457962036133e-02
1.373868342489004135e-02
1.374617498368024826e-02
1.385859213769435883e-02
1.343888044357299805e-02
1.363964006304740906e-02
1.346917729824781418e-02
1.326673571020364761e-02
1.349441148340702057e-02
1.364263892173767090e-02
1.355873420834541321e-02
1.409268938004970551e-02
1.384943444281816483e-02
1.378480158746242523e-02
1.377466041594743729e-02
1.377266086637973785e-02
1.364287454634904861e-02
9.919259697198867798e-03
1.364647969603538513e-02
1.371371746063232422e-02
1.337717473506927490e-02
1.381490565836429596e-02
1.387538015842437744e-02
1.379270479083061218e-02
1.365023013204336166e-02
1.358204707503318787e-02
1.368178334087133408e-02
7.850220426917076111e-03
1.366888359189033508e-02
1.369062904268503189e-02
1.351150032132863998e-02
1.352580264210700989e-02
1.390163507312536240e-02
1.370703894644975662e-02
1.366421207785606384e-02
1.390561182051897049e-02
1.350729074329137802e-02
1.370912790298461914e-02
1.370878610759973526e-02
1.374420803040266037e-02
1.371956150978803635e-02
1.224770862609148026e-02
1.348750386387109756e-02
1.353611703962087631e-02
1.379457674920558929e-02
1.362112164497375488e-02
1.257195975631475449e-02
1.361297909170389175e-02
1.371562480926513672e-02
1.398368738591670990e-02
1.359233912080526352e-02
1.369274500757455826e-02
1.166302524507045746e-02
1.351293548941612244e-02
1.342354342341423035e-02
1.321074925363063812e-02
1.347432751208543777e-02
1.391719188541173935e-02
1.333719212561845779e-02
1.388071384280920029e-02
1.334150787442922592e-02
1.327789667993783951e-02
1.415967661887407303e-02
1.364261843264102936e-02
1.353317592293024063e-02
1.379914488643407822e-02
1.391904149204492569e-02
1.372109260410070419e-02
1.365898922085762024e-02
1.408635731786489487e-02
1.385180372744798660e-02
1.377151533961296082e-02
1.351526938378810883e-02
1.377838943153619766e-02
1.370984036475419998e-02
1.390663068741559982e-02
1.373011991381645203e-02
1.399126928299665451e-02
1.396499667316675186e-02
1.387232635170221329e-02
1.344977226108312607e-02
1.351257320493459702e-02
1.380412373691797256e-02
1.373058836907148361e-02
1.368806883692741394e-02
1.363675948232412338e-02
1.356204506009817123e-02
1.381987892091274261e-02
1.392134744673967361e-02
1.388128194957971573e-02
1.380668487399816513e-02
1.363255456089973450e-02
1.347767096012830734e-02
1.344919856637716293e-02
1.350009161978960037e-02
1.342852786183357239e-02
1.379741355776786804e-02
1.369235198944807053e-02
1.329300180077552795e-02
1.360441837459802628e-02
1.381099782884120941e-02
1.310303807258605957e-02
1.357546728104352951e-02
1.346769090741872787e-02
1.377532538026571274e-02
1.341818924993276596e-02
1.385519746690988541e-02
1.372066512703895569e-02
1.348641514778137207e-02
1.347673777490854263e-02
1.379818562418222427e-02
1.359951216727495193e-02
1.359524391591548920e-02
1.377443317323923111e-02
1.415751967579126358e-02
1.396714057773351669e-02
1.354295015335083008e-02
1.383767649531364441e-02
1.360598579049110413e-02
1.324415858834981918e-02
1.362381502985954285e-02
1.393014099448919296e-02
1.322926487773656845e-02
1.369678974151611328e-02
1.375196874141693115e-02
1.377924717962741852e-02
1.374101359397172928e-02
1.379826944321393967e-02
1.364383008331060410e-02
1.375730428844690323e-02
1.339353993535041809e-02
1.369666215032339096e-02
1.361984573304653168e-02
1.386040356010198593e-02
1.348043605685234070e-02
1.376082934439182281e-02
1.368055865168571472e-02
1.364023610949516296e-02
1.355084404349327087e-02
1.364009175449609756e-02
1.365413423627614975e-02
1.384780369699001312e-02
1.362949050962924957e-02
8.721420541405677795e-03
1.396491844207048416e-02
1.401940919458866119e-02
1.356880459934473038e-02
1.360775157809257507e-02
1.348652038723230362e-02
1.363623421639204025e-02
1.368030998855829239e-02
1.362896803766489029e-02
1.218610908836126328e-02
1.324400212615728378e-02
1.364670321345329285e-02
1.351826824247837067e-02
1.365843415260314941e-02
1.370127405971288681e-02
1.343911886215209961e-02
1.358862593770027161e-02
1.367168221622705460e-02
1.352809369564056396e-02
1.156244520097970963e-02
1.383369602262973785e-02
1.356113795191049576e-02
1.370858773589134216e-02
1.316598989069461823e-02
1.362161431461572647e-02
1.360568031668663025e-02
1.309138815850019455e-02
1.408362109214067459e-02
8.393451571464538574e-03
1.309743244200944901e-02
1.365863438695669174e-02
1.390729192644357681e-02
1.365974172949790955e-02
1.367790624499320984e-02
1.329766120761632919e-02
1.400503795593976974e-02
1.398688461631536484e-02
1.367467921227216721e-02
1.365470513701438904e-02
1.372048351913690567e-02
1.338541880249977112e-02
1.380487717688083649e-02
1.243653241544961929e-02
1.384479925036430359e-02
1.371885463595390320e-02
1.360986754298210144e-02
1.363603398203849792e-02
1.387209538370370865e-02
1.391596440225839615e-02
1.375836040824651718e-02
1.344387326389551163e-02
1.345723774284124374e-02
1.341625768691301346e-02
1.373019255697727203e-02
1.358679216355085373e-02
1.350056566298007965e-02
1.338250841945409775e-02
1.346459425985813141e-02
1.349409855902194977e-02
1.385406218469142914e-02
1.365214865654706955e-02
1.332682929933071136e-02
1.353880204260349274e-02
1.367293298244476318e-02
1.366394199430942535e-02
1.320409774780273438e-02
1.002585235983133316e-02
1.385584566742181778e-02
1.343744434416294098e-02
1.350797619670629501e-02
1.376286149024963379e-02
1.375100016593933105e-02
1.362121105194091797e-02
1.407366711646318436e-02
1.346217375248670578e-02
1.243883371353149414e-02
1.365390419960021973e-02
1.379735115915536880e-02
1.354128960520029068e-02
1.398539263755083084e-02
1.360797323286533356e-02
1.340919174253940582e-02
1.411375124007463455e-02
1.338193938136100769e-02
1.329238619655370712e-02
1.368768885731697083e-02
1.359174307435750961e-02
1.340857148170471191e-02
1.356479246169328690e-02
1.357200648635625839e-02
1.384432706981897354e-02
1.382425799965858459e-02
1.363117340952157974e-02
1.387772243469953537e-02
1.390580460429191589e-02
1.367253344506025314e-02
1.356565579771995544e-02
1.347903255373239517e-02
1.385748106986284256e-02
1.360169611871242523e-02
1.360600348562002182e-02
1.373754534870386124e-02
1.353155169636011124e-02
1.313170511275529861e-02
1.309239026159048080e-02
1.357739511877298355e-02
1.351288240402936935e-02
1.375221274793148041e-02
1.346821989864110947e-02
1.380644086748361588e-02
1.370194554328918457e-02
1.381430868059396744e-02
1.339372340589761734e-02
1.388003583997488022e-02
1.325066294521093369e-02
1.343235094100236893e-02
1.371481735259294510e-02
1.336009148508310318e-02
1.342401280999183655e-02
1.359213050454854965e-02
1.384913641959428787e-02
1.328879967331886292e-02
1.301640830934047699e-02
1.383921597152948380e-02
1.343040075153112411e-02
1.359010115265846252e-02
1.385370455682277679e-02
1.369327586144208908e-02
1.385313551872968674e-02
1.361029781401157379e-02
1.388386730104684830e-02
1.392505131661891937e-02
1.380212232470512390e-02
1.369432732462882996e-02
1.368435379117727280e-02
1.338095031678676605e-02
1.342155132442712784e-02
1.379669830203056335e-02
1.388046424835920334e-02
1.407772302627563477e-02
1.382744591683149338e-02
1.364010665565729141e-02
1.362394727766513824e-02
1.340858079493045807e-02
1.372696366161108017e-02
1.348597370088100433e-02
1.361736562103033066e-02
1.311831176280975342e-02
1.363551989197731018e-02
1.366967614740133286e-02
1.355970837175846100e-02
1.413694117218255997e-02
1.377176400274038315e-02
1.396674290299415588e-02
1.337307970970869064e-02
1.203666627407073975e-02
1.371311862021684647e-02
1.375835482031106949e-02
1.342847384512424469e-02
1.383753772825002670e-02
1.364453509449958801e-02
1.397947594523429871e-02
1.346678100526332855e-02
1.357158366590738297e-02
1.340506970882415771e-02
1.371386926621198654e-02
1.330415997654199600e-02
1.392130460590124130e-02
1.353230793029069901e-02
1.368954870849847794e-02
1.360104046761989594e-02
1.367502566426992416e-02
1.345293596386909485e-02
1.370553299784660339e-02
1.348738651722669601e-02
9.542131796479225159e-03
1.350192353129386902e-02
1.375183369964361191e-02
1.346277911216020584e-02
1.374941226094961166e-02
1.367182936519384384e-02
1.349087152630090714e-02
1.380496565252542496e-02
1.349912490695714951e-02
1.348005887120962143e-02
1.383361499756574631e-02
1.354966964572668076e-02
1.371054258197546005e-02
1.369538344442844391e-02
1.365460548549890518e-02
1.354963425546884537e-02
1.352219283580780029e-02
1.338168978691101074e-02
1.379292365163564682e-02
1.334711071103811264e-02
1.371102128177881241e-02
1.329317688941955566e-02
1.372484955936670303e-02
1.392798125743865967e-02
1.364795491099357605e-02
1.368728280067443848e-02
1.362998783588409424e-02
1.378522440791130066e-02
1.368161197751760483e-02
1.355810742825269699e-02
1.396547164767980576e-02
1.378355082124471664e-02
1.331383548676967621e-02
1.349332090467214584e-02
1.330522354692220688e-02
1.190775632858276367e-02
1.366654131561517715e-02
1.389417611062526703e-02
1.348320487886667252e-02
1.370067056268453598e-02
1.389556005597114563e-02
1.396523509174585342e-02
1.382551435381174088e-02
1.369994971901178360e-02
1.333466731011867523e-02
1.366415619850158691e-02
1.382461562752723694e-02
1.361336372792720795e-02
1.348632667213678360e-02
1.364746969193220139e-02
1.362085621803998947e-02
1.380405388772487640e-02
1.353623624891042709e-02
1.338081341236829758e-02
1.424896437674760818e-02
1.381804980337619781e-02
1.087967492640018463e-02
1.335067953914403915e-02
1.395199541002511978e-02
1.251393835991621017e-02
1.378813479095697403e-02
1.343106292188167572e-02
1.355290971696376801e-02
1.349419914186000824e-02
1.371968071907758713e-02
1.367411855608224869e-02
1.358506921678781509e-02
1.379476115107536316e-02
1.377916615456342697e-02
1.361738052219152451e-02
1.341668050736188889e-02
1.362379174679517746e-02
1.388865429908037186e-02
1.392844412475824356e-02
1.396243646740913391e-02
1.385003607720136642e-02
1.414306834340095520e-02
1.378108188509941101e-02
1.411019358783960342e-02
1.359824463725090027e-02
1.356410421431064606e-02
1.345717068761587143e-02
1.436622440814971924e-02
1.374917104840278625e-02
1.363570895045995712e-02
1.105961762368679047e-02
1.362782716751098633e-02
1.402313075959682465e-02
1.354171056300401688e-02
7.055677473545074463e-03
1.372851803898811340e-02
1.401952747255563736e-02
1.381013076752424240e-02
1.373807247728109360e-02
1.342396065592765808e-02
1.348561886698007584e-02
1.374052558094263077e-02
1.372583303600549698e-02
1.354438997805118561e-02
1.386679802089929581e-02
1.394826173782348633e-02
1.363742630928754807e-02
1.346915960311889648e-02
1.354942284524440765e-02
1.376670598983764648e-02
1.404647435992956161e-02
1.379215344786643982e-02
1.344986911863088608e-02
1.372857764363288879e-02
1.363633293658494949e-02
7.926270365715026855e-03
1.352125965058803558e-02
1.399161200970411301e-02
1.349131762981414795e-02
1.368861552327871323e-02
1.365983486175537109e-02
1.346837542951107025e-02
1.377255562692880630e-02
1.398979034274816513e-02
1.338816247880458832e-02
1.367588341236114502e-02
1.355491299182176590e-02
1.334280986338853836e-02
1.370995305478572845e-02
1.426662504673004150e-02
1.383403781801462173e-02
1.338679715991020203e-02
1.031695678830146790e-02
1.379400771111249924e-02
1.354369800537824631e-02
1.362103782594203949e-02
1.361845061182975769e-02
1.364155206829309464e-02
1.360483374446630478e-02
1.356893405318260193e-02
1.358722057193517685e-02
1.370034180581569672e-02
1.405660435557365417e-02
1.346824411302804947e-02
1.211911160498857498e-02
1.382003631442785263e-02
1.341866049915552139e-02
1.387963816523551941e-02
1.369083207100629807e-02
1.363576017320156097e-02
1.365837734192609787e-02
1.384553220123052597e-02
1.378552988171577454e-02
1.360121648758649826e-02
1.354580838233232498e-02
1.363587100058794022e-02
1.326036173850297928e-02
1.388758420944213867e-02
1.365626696497201920e-02
1.368040684610605240e-02
1.364296395331621170e-02
1.388207077980041504e-02
1.340301334857940674e-02
1.362656708806753159e-02
1.394967455416917801e-02
1.349920872598886490e-02
1.386562082916498184e-02
1.380069181323051453e-02
1.427660509943962097e-02
1.355083938688039780e-02
1.358252204954624176e-02
1.377106271684169769e-02
1.399846281856298447e-02
1.369348447769880295e-02
1.368265785276889801e-02
1.392082031816244125e-02
1.369411032646894455e-02
1.358604338020086288e-02
1.374262291938066483e-02
1.349323615431785583e-02
1.382394693791866302e-02
1.380008086562156677e-02
1.379770040512084961e-02
1.347172260284423828e-02
1.364619378000497818e-02
1.364894118160009384e-02
1.377610582858324051e-02
1.355173904448747635e-02
1.336714532226324081e-02
1.384361367672681808e-02
1.359531003981828690e-02
1.375077106058597565e-02
1.398617681115865707e-02
1.406722422689199448e-02
1.375515852123498917e-02
1.350423600524663925e-02
1.362964510917663574e-02
1.361412089318037033e-02
1.349807623773813248e-02
1.365141943097114563e-02
1.375789009034633636e-02
1.384580042213201523e-02
1.372971758246421814e-02
1.336267217993736267e-02
1.365098729729652405e-02
1.348000485450029373e-02
1.347503066062927246e-02
1.367135625332593918e-02
1.367961522191762924e-02
1.384469866752624512e-02
1.337929163128137589e-02
1.375033054500818253e-02
1.384053751826286316e-02
1.366504188627004623e-02
1.390989962965250015e-02
1.358863152563571930e-02
1.349933166056871414e-02
1.381811499595642090e-02
1.378399413079023361e-02
1.366208214312791824e-02
1.365830376744270325e-02
1.387378852814435959e-02
1.319643575698137283e-02
1.356347184628248215e-02
1.374920643866062164e-02
1.417181268334388733e-02
1.391774974763393402e-02
1.364402379840612411e-02
1.382414996623992920e-02
1.386542711406946182e-02
1.348538324236869812e-02
1.330382470041513443e-02
1.361408177763223648e-02
1.388943474739789963e-02
1.349205616861581802e-02
1.365996897220611572e-02
1.360646821558475494e-02
1.359054073691368103e-02
1.378592010587453842e-02
1.394193805754184723e-02
1.456932630389928818e-02
1.386613771319389343e-02
1.300097629427909851e-02
1.346226967871189117e-02
1.384995505213737488e-02
1.368845347315073013e-02
1.364072039723396301e-02
1.373137626796960831e-02
1.417134143412113190e-02
1.340931374579668045e-02
1.383350230753421783e-02
1.397059299051761627e-02
1.076846104115247726e-02
1.340351905673742294e-02
1.191916968673467636e-02
1.250748429447412491e-02
1.346052251756191254e-02
1.369250658899545670e-02
1.380796730518341064e-02
1.364928577095270157e-02
1.115336455404758453e-02
1.355478726327419281e-02
1.334170904010534286e-02
1.392552535980939865e-02
1.378876622766256332e-02
1.370768807828426361e-02
1.365668419748544693e-02
1.354513689875602722e-02
1.016289368271827698e-02
1.381641626358032227e-02
1.414265111088752747e-02
1.379001140594482422e-02
1.346226036548614502e-02
1.380305364727973938e-02
1.331086736172437668e-02
1.374145783483982086e-02
1.360212173312902451e-02
1.378400530666112900e-02
1.362987700849771500e-02
1.363345421850681305e-02
1.353519875556230545e-02
1.358949765563011169e-02
1.367100235074758530e-02
1.368950027972459793e-02
1.364958286285400391e-02
1.393261551856994629e-02
1.355778053402900696e-02
1.377672515809535980e-02
1.395063754171133041e-02
1.374237332493066788e-02
1.362760365009307861e-02
1.366746984422206879e-02
1.361198630183935165e-02
1.327008288353681564e-02
7.906882092356681824e-03
1.372172217816114426e-02
1.358539424836635590e-02
1.416876632720232010e-02
1.343201193958520889e-02
1.314217969775199890e-02
1.360966637730598450e-02
1.324072200804948807e-02
1.350041944533586502e-02
1.394431013613939285e-02
1.355686504393815994e-02
1.356918178498744965e-02
1.363576855510473251e-02
1.357740163803100586e-02
1.375222206115722656e-02
1.357576530426740646e-02
1.357728522270917892e-02
1.385589223355054855e-02
1.345862820744514465e-02
1.399770658463239670e-02
1.344738807529211044e-02
1.346447505056858063e-02
1.369265280663967133e-02
1.368133816868066788e-02
1.360319927334785461e-02
1.385081931948661804e-02
1.343878731131553650e-02
1.369443256407976151e-02
1.398054137825965881e-02
1.367979124188423157e-02
1.358645316213369370e-02
1.366531848907470703e-02
9.337275288999080658e-03
1.409197971224784851e-02
1.358134206384420395e-02
1.391131523996591568e-02
1.376560609787702560e-02
1.325579639524221420e-02
1.327738445252180099e-02
1.380494795739650726e-02
1.362510863691568375e-02
1.310264505445957184e-02
1.357003208249807358e-02
1.380359567701816559e-02
1.360303536057472229e-02
1.344998460263013840e-02
1.340962015092372894e-02
1.357962097972631454e-02
1.344227138906717300e-02
1.350162830203771591e-02
1.405139360576868057e-02
1.359049323946237564e-02
1.319386716932058334e-02
1.390289701521396637e-02
1.352185849100351334e-02
1.366235036402940750e-02
1.299212966114282608e-02
1.342704053968191147e-02
1.368419919162988663e-02
1.370357349514961243e-02
1.332148909568786621e-02
1.384058222174644470e-02
1.376895513385534286e-02
1.393773593008518219e-02
1.343294326215982437e-02
1.220273040235042572e-02
1.392181590199470520e-02
1.370789483189582825e-02
1.401520613580942154e-02
9.691855870187282562e-03
1.388745941221714020e-02
1.350880227982997894e-02
1.361793279647827148e-02
1.373065169900655746e-02
1.340448204427957535e-02
1.356224063783884048e-02
1.379310153424739838e-02
1.324587501585483551e-02
1.364249549806118011e-02
1.377131883054971695e-02
1.365159545093774796e-02
1.394586265087127686e-02
1.383079495280981064e-02
1.356970891356468201e-02
1.354983355849981308e-02
1.089405920356512070e-02
8.124088868498802185e-03
1.316970493644475937e-02
1.382366381585597992e-02
1.389229204505681992e-02
1.365995965898036957e-02
1.356744393706321716e-02
1.355885900557041168e-02
1.352083124220371246e-02
1.396640762686729431e-02
1.357920374721288681e-02
1.374714169651269913e-02
1.340071856975555420e-02
1.383293513208627701e-02
1.378651335835456848e-02
1.352276466786861420e-02
1.374169066548347473e-02
1.353540178388357162e-02
1.369160413742065430e-02
1.209047064185142517e-02
1.410060841590166092e-02
1.373476628214120865e-02
1.373921614140272141e-02
1.352613326162099838e-02
1.377844437956809998e-02
1.369146630167961121e-02
1.409614644944667816e-02
1.356986444443464279e-02
1.381358504295349121e-02
1.382242701947689056e-02
1.222678739577531815e-02
1.383896823972463608e-02
1.351605262607336044e-02
1.402518153190612793e-02
1.383053325116634369e-02
1.417053025215864182e-02
1.359827816486358643e-02
1.367791928350925446e-02
1.399734988808631897e-02
1.343216933310031891e-02
1.374497637152671814e-02
1.334769371896982193e-02
1.354810595512390137e-02
1.373273227363824844e-02
1.359279733151197433e-02
1.364798285067081451e-02
1.355061493813991547e-02
1.374449674040079117e-02
1.410231087356805801e-02
1.345319394022226334e-02
1.339133176952600479e-02
1.393188908696174622e-02
1.350667513906955719e-02
1.343548856675624847e-02
1.363308727741241455e-02
1.386486645787954330e-02
1.373947784304618835e-02
1.396250817924737930e-02
1.355356350541114807e-02
1.378386095166206360e-02
1.361621636897325516e-02
1.348279323428869247e-02
1.364433672279119492e-02
1.371794380247592926e-02
1.343263592571020126e-02
1.380810793489217758e-02
1.370321121066808701e-02
1.370813604444265366e-02
1.267476286739110947e-02
1.361198071390390396e-02
1.354747731238603592e-02
1.385996863245964050e-02
1.360828801989555359e-02
1.365857385098934174e-02
1.382856164127588272e-02
1.398686133325099945e-02
1.345370616763830185e-02
1.384164765477180481e-02
1.385195925831794739e-02
1.343320962041616440e-02
1.432047132402658463e-02
1.379666291177272797e-02
1.350451633334159851e-02
1.368637755513191223e-02
1.358614303171634674e-02
1.354138460010290146e-02
1.365848816931247711e-02
1.373524591326713562e-02
1.367130875587463379e-02
1.338903699070215225e-02
1.384728588163852692e-02
1.358164940029382706e-02
1.387534663081169128e-02
1.301038265228271484e-02
1.370361167937517166e-02
1.335084717720746994e-02
1.347826048731803894e-02
1.340659242123365402e-02
1.399971172213554382e-02
1.358079630881547928e-02
1.390490867197513580e-02
1.358205080032348633e-02
1.376127824187278748e-02
1.379722077399492264e-02
1.361855585128068924e-02
1.366230845451354980e-02
1.382582541555166245e-02
1.344061456620693207e-02
1.372816879302263260e-02
1.355860754847526550e-02
1.391714811325073242e-02
9.850516915321350098e-03
1.345039997249841690e-02
1.334144826978445053e-02
1.346459891647100449e-02
1.261076051741838455e-02
9.677591733634471893e-03
1.360946800559759140e-02
1.350147742778062820e-02
1.398565527051687241e-02
1.366735715419054031e-02
1.375662442296743393e-02
1.330754440277814865e-02
1.395184919238090515e-02
1.383276935666799545e-02
1.368835568428039551e-02
1.348252873867750168e-02
1.386916730552911758e-02
1.360274199396371841e-02
1.394202373921871185e-02
1.341014262288808823e-02
1.182178501039743423e-02
1.372025348246097565e-02
1.370583474636077881e-02
1.387724559754133224e-02
1.379857864230871201e-02
1.411001011729240417e-02
1.339750830084085464e-02
1.375936064869165421e-02
1.299881655722856522e-02
1.374926045536994934e-02
1.370309200137853622e-02
1.348825450986623764e-02
1.375090144574642181e-02
1.374978944659233093e-02
1.384848635643720627e-02
1.352222356945276260e-02
1.356081571429967880e-02
1.410693209618330002e-02
1.341997459530830383e-02
1.344266440719366074e-02
1.387816667556762695e-02
1.232853904366493225e-02
1.368874404579401016e-02
1.357664819806814194e-02
1.340802665799856186e-02
1.374669279903173447e-02
1.388423424214124680e-02
1.334709767252206802e-02
1.398568227887153625e-02
1.390433032065629959e-02
1.418987754732370377e-02
1.370863243937492371e-02
1.372633501887321472e-02
1.375742163509130478e-02
1.378796342760324478e-02
1.346571091562509537e-02
9.517089463770389557e-03
1.349404733628034592e-02
1.346288248896598816e-02
1.383717637509107590e-02
1.376201491802930832e-02
1.361521519720554352e-02
1.359994336962699890e-02
1.382412854582071304e-02
1.349840126931667328e-02
1.358513161540031433e-02
1.364521402865648270e-02
1.340490579605102539e-02
1.378193590790033340e-02
1.362898666411638260e-02
1.362722553312778473e-02
1.362056471407413483e-02
1.399855688214302063e-02
1.230995263904333115e-02
1.368735823780298233e-02
1.393612567335367203e-02
1.381542067974805832e-02
1.378363370895385742e-02
1.352900546044111252e-02
1.340493652969598770e-02
1.349304988980293274e-02
1.386013906449079514e-02
1.346042845398187637e-02
1.383326295763254166e-02
1.398296747356653214e-02
1.377751585096120834e-02
1.371346972882747650e-02
1.340645272284746170e-02
1.363747194409370422e-02
1.373433694243431091e-02
1.183786708861589432e-02
1.331930514425039291e-02
1.357721444219350815e-02
1.397659536451101303e-02
1.387835759669542313e-02
1.377476099878549576e-02
1.391084212809801102e-02
1.472283992916345596e-02
1.355814281851053238e-02
1.376953441649675369e-02
1.379877049475908279e-02
1.361171342432498932e-02
1.401310041546821594e-02
1.334869582206010818e-02
1.377541944384574890e-02
1.354019250720739365e-02
9.986270219087600708e-03
1.388366892933845520e-02
1.403607521206140518e-02
1.345859095454216003e-02
1.364053692668676376e-02
1.391754113137722015e-02
1.031775400042533875e-02
1.395076606422662735e-02
1.339081488549709320e-02
1.368698477745056152e-02
1.420675497502088547e-02
1.369504351168870926e-02
1.361568178981542587e-02
1.337634585797786713e-02
1.388244982808828354e-02
1.401175651699304581e-02
1.339314784854650497e-02
1.372085604816675186e-02
1.345834136009216309e-02
1.387973781675100327e-02
1.372291985899209976e-02
1.352889183908700943e-02
1.148543320596218109e-02
1.374528650194406509e-02
1.357881352305412292e-02
1.356982346624135971e-02
1.362909004092216492e-02
1.347214914858341217e-02
1.350473798811435699e-02
1.339057926088571548e-02
1.376635767519474030e-02
1.391800679266452789e-02
1.381783559918403625e-02
1.374502852559089661e-02
1.359325926750898361e-02
1.403598394244909286e-02
1.366776227951049805e-02
1.357973180711269379e-02
1.349681243300437927e-02
1.382133644074201584e-02
1.355457212775945663e-02
1.376749668270349503e-02
1.347304228693246841e-02
1.332828029990196228e-02
1.377553027123212814e-02
1.389291230589151382e-02
1.361771300435066223e-02
1.360836997628211975e-02
1.410096790641546249e-02
1.353203412145376205e-02
1.384416874498128891e-02
1.318628247827291489e-02
1.363152544945478439e-02
1.357651315629482269e-02
1.392606459558010101e-02
1.335644163191318512e-02
1.359208859503269196e-02
1.370314136147499084e-02
1.389577332884073257e-02
1.344354543834924698e-02
1.353551540523767471e-02
1.356817129999399185e-02
1.365339849144220352e-02
1.313830632716417313e-02
1.378693804144859314e-02
1.358753442764282227e-02
1.379804406315088272e-02
1.318210642784833908e-02
1.346794422715902328e-02
1.356459315866231918e-02
1.341239735484123230e-02
1.343452371656894684e-02
1.357040088623762131e-02
1.379873231053352356e-02
1.393164321780204773e-02
1.371254306286573410e-02
1.180096063762903214e-02
1.385325752198696136e-02
1.360648591071367264e-02
1.378952339291572571e-02
1.364471949636936188e-02
1.327638421207666397e-02
1.343921385705471039e-02
1.363005675375461578e-02
1.371686067432165146e-02
1.370199676603078842e-02
1.377952005714178085e-02
1.385986525565385818e-02
1.386093255132436752e-02
1.382290199398994446e-02
1.345230545848608017e-02
1.374862994998693466e-02
1.370041724294424057e-02
1.378331985324621201e-02
1.391145680099725723e-02
1.405720040202140808e-02
1.364937331527471542e-02
1.245373208075761795e-02
1.395249646157026291e-02
1.369499787688255310e-02
1.367213763296604156e-02
1.366841699928045273e-02
1.374489348381757736e-02
1.370976865291595459e-02
1.340723969042301178e-02
1.390793081372976303e-02
1.379167102277278900e-02
1.312571670860052109e-02
1.366453804075717926e-02
1.354826055467128754e-02
1.355854608118534088e-02
1.391130778938531876e-02
1.372138317674398422e-02
1.343584060668945312e-02
1.337036769837141037e-02
1.351080927997827530e-02
1.409655902534723282e-02
1.379799284040927887e-02
1.344181690365076065e-02
1.338326558470726013e-02
1.370686292648315430e-02
1.354648452252149582e-02
1.392725389450788498e-02
1.389896031469106674e-02
1.332194451242685318e-02
1.345287263393402100e-02
1.395568158477544785e-02
1.331864297389984131e-02
1.392496190965175629e-02
1.366327982395887375e-02
1.365248207002878189e-02
1.345729548484086990e-02
1.367106381803750992e-02
1.419655978679656982e-02
1.362974848598241806e-02
1.350787654519081116e-02
1.370606478303670883e-02
1.361481193453073502e-02
1.356685534119606018e-02
1.363750733435153961e-02
1.361786480993032455e-02
1.378979999572038651e-02
1.355885900557041168e-02
1.374060194939374924e-02
1.386007014662027359e-02
1.354173664003610611e-02
1.367406267672777176e-02
1.355268992483615875e-02
1.343652047216892242e-02
1.363440789282321930e-02
1.348665915429592133e-02
1.372460648417472839e-02
1.359844207763671875e-02
1.348811388015747070e-02
1.348393037915229797e-02
1.370042655616998672e-02
1.366562303155660629e-02
1.362425740808248520e-02
1.371683552861213684e-02
1.353786978870630264e-02
1.334325037896633148e-02
1.360158342868089676e-02
1.380543317645788193e-02
1.387812290340662003e-02
1.380357239395380020e-02
1.392182707786560059e-02
1.353470981121063232e-02
1.352716702967882156e-02
1.151741389185190201e-02
1.366217527538537979e-02
1.385064050555229187e-02
1.376489922404289246e-02
1.359950937330722809e-02
1.349308528006076813e-02
1.360181346535682678e-02
1.351741235703229904e-02
1.285878382623195648e-02
1.387823186814785004e-02
1.332822814583778381e-02
1.369423605501651764e-02
1.380260568112134933e-02
1.389047596603631973e-02
1.342578511685132980e-02
1.379459723830223083e-02
1.355918124318122864e-02
1.337246038019657135e-02
1.373889390379190445e-02
1.378977019339799881e-02
1.352564990520477295e-02
1.364808715879917145e-02
1.343862060457468033e-02
1.385662611573934555e-02
1.343080401420593262e-02
1.391640584915876389e-02
1.337014697492122650e-02
1.377858128398656845e-02
1.381419505923986435e-02
1.365843042731285095e-02
1.329809799790382385e-02
1.377850770950317383e-02
1.349510159343481064e-02
1.326782070100307465e-02
1.364824175834655762e-02
1.340744178742170334e-02
1.095029897987842560e-02
1.354221906512975693e-02
1.381273567676544189e-02
1.391632948070764542e-02
1.367524359375238419e-02
1.377473399043083191e-02
1.359381992369890213e-02
1.224376913160085678e-02
1.334758382290601730e-02
1.395186875015497208e-02
1.382760703563690186e-02
1.425921916961669922e-02
1.377228740602731705e-02
1.378466840833425522e-02
1.371650304645299911e-02
1.360098086297512054e-02
1.363830547779798508e-02
1.364135742187500000e-02
1.361704990267753601e-02
1.368207950145006180e-02
1.391915418207645416e-02
1.366865355521440506e-02
1.375579927116632462e-02
1.405529025942087173e-02
1.368979457765817642e-02
1.347193680703639984e-02
1.374075189232826233e-02
1.356508489698171616e-02
1.362059079110622406e-02
1.363977231085300446e-02
1.118168886750936508e-02
1.341618038713932037e-02
1.344548072665929794e-02
1.362701319158077240e-02
