<system>Protocol: Active. Attitude: Sassy.</system>
1.106231193989515305e-02
9.726437740027904510e-03
1.129389367997646332e-02
1.105265878140926361e-02
1.048463489860296249e-02
1.136006042361259460e-02
1.138189155608415604e-02
1.126234792172908783e-02
1.097484864294528961e-02
1.119453087449073792e-02
1.133025065064430237e-02
1.115654315799474716e-02
1.061935629695653915e-02
1.102100592106580734e-02
1.104403100907802582e-02
1.145560760051012039e-02
1.119341142475605011e-02
1.128730922937393188e-02
1.133459992706775665e-02
1.110181398689746857e-02
1.129422523081302643e-02
1.101878099143505096e-02
1.137012057006359100e-02
1.104885339736938477e-02
6.582024972885847092e-03
1.086486782878637314e-02
1.064459979534149170e-02
1.139538455754518509e-02
1.107661519199609756e-02
1.091508846729993820e-02
1.104671135544776917e-02
1.061601750552654266e-02
1.013324595987796783e-02
1.061016507446765900e-02
1.118057593703269958e-02
1.108122058212757111e-02
1.032077707350254059e-02
1.121019106358289719e-02
1.081427931785583496e-02
1.131801307201385498e-02
1.129782758653163910e-02
1.128272619098424911e-02
1.014656759798526764e-02
1.080395840108394623e-02
1.137241721153259277e-02
1.089218724519014359e-02
1.100422441959381104e-02
1.149768196046352386e-02
1.097718626260757446e-02
1.095075346529483795e-02
1.122597884386777878e-02
1.067859958857297897e-02
1.088291220366954803e-02
1.101937703788280487e-02
1.093642506748437881e-02
1.072822324931621552e-02
1.098572555929422379e-02
1.120802015066146851e-02
1.120951771736145020e-02
1.132231391966342926e-02
1.072447746992111206e-02
1.116836443543434143e-02
1.143372803926467896e-02
1.068121567368507385e-02
1.155698485672473907e-02
1.128073967993259430e-02
1.103161834180355072e-02
1.148722320795059204e-02
1.162743382155895233e-02
1.162825617939233780e-02
1.115757040679454803e-02
1.147925201803445816e-02
1.114802993834018707e-02
1.087761111557483673e-02
1.145773194730281830e-02
1.142710447311401367e-02
1.153690740466117859e-02
1.130093820393085480e-02
1.140284817665815353e-02
1.099273003637790680e-02
1.133412402123212814e-02
1.156695652753114700e-02
1.114811096340417862e-02
1.136516220867633820e-02
1.180079579353332520e-02
1.056498661637306213e-02
1.158210262656211853e-02
1.115256361663341522e-02
1.140299811959266663e-02
1.124706119298934937e-02
1.125760376453399658e-02
1.159709319472312927e-02
1.139662321656942368e-02
1.123812608420848846e-02
1.136949099600315094e-02
1.173445023596286774e-02
1.183957513421773911e-02
1.159833464771509171e-02
1.157598011195659637e-02
1.062042638659477234e-02
1.124696712940931320e-02
1.167876552790403366e-02
1.092021726071834564e-02
1.122847758233547211e-02
1.130856480449438095e-02
1.098928600549697876e-02
1.145932637155056000e-02
7.553941104561090469e-03
1.141781918704509735e-02
1.110337302088737488e-02
1.165383122861385345e-02
1.138370484113693237e-02
1.149753294885158539e-02
1.129171531647443771e-02
1.136995851993560791e-02
1.114718988537788391e-02
1.114547252655029297e-02
1.112313102930784225e-02
1.127976365387439728e-02
1.114194374531507492e-02
1.154524646699428558e-02
1.136618293821811676e-02
1.152283698320388794e-02
1.144315395504236221e-02
1.147605665028095245e-02
1.143644936382770538e-02
1.128868199884891510e-02
1.154998503625392914e-02
9.089745581150054932e-03
8.241878822445869446e-03
9.014664217829704285e-03
8.471442386507987976e-03
8.650211617350578308e-03
8.514555171132087708e-03
8.955973200500011444e-03
8.714858442544937134e-03
8.695274591445922852e-03
9.180391207337379456e-03
9.267499670386314392e-03
8.680539205670356750e-03
8.876497857272624969e-03
9.089430794119834900e-03
8.990232832729816437e-03
9.759342297911643982e-03
9.503992274403572083e-03
8.995797485113143921e-03
8.137134835124015808e-03
8.484520018100738525e-03
9.980200789868831635e-03
8.780512958765029907e-03
8.413781411945819855e-03
8.606990799307823181e-03
8.056666702032089233e-03
9.164893068373203278e-03
8.666532114148139954e-03
8.347575552761554718e-03
8.557607419788837433e-03
8.648527786135673523e-03
8.071083575487136841e-03
7.188943214714527130e-03
8.193017914891242981e-03
8.954724296927452087e-03
8.601769804954528809e-03
8.570340462028980255e-03
8.873920887708663940e-03
8.563723415136337280e-03
9.244832210242748260e-03
8.905143477022647858e-03
8.352502249181270599e-03
9.100593626499176025e-03
8.643534965813159943e-03
8.567243814468383789e-03
8.634308353066444397e-03
8.912657387554645538e-03
8.423168212175369263e-03
8.026594296097755432e-03
8.350485004484653473e-03
9.261431172490119934e-03
9.388529695570468903e-03
9.242405183613300323e-03
9.204333648085594177e-03
8.077741600573062897e-03
8.187714964151382446e-03
8.940514177083969116e-03
8.654600009322166443e-03
8.638840168714523315e-03
8.314888924360275269e-03
8.994195610284805298e-03
8.280860260128974915e-03
8.176999166607856750e-03
8.541819639503955841e-03
8.776085451245307922e-03
1.183320675045251846e-02
1.085894368588924408e-02
1.123200822621583939e-02
1.170867960900068283e-02
1.133937202394008636e-02
1.060490030795335770e-02
1.118509657680988312e-02
1.177496276795864105e-02
1.195612084120512009e-02
1.160667557269334793e-02
1.103098317980766296e-02
1.176048815250396729e-02
1.133359782397747040e-02
1.118818391114473343e-02
1.037290506064891815e-02
1.104374788701534271e-02
1.151482574641704559e-02
1.152630336582660675e-02
1.051716227084398270e-02
1.101373508572578430e-02
1.076630968600511551e-02
1.113931462168693542e-02
6.821540184319019318e-03
1.129577588289976120e-02
1.180749572813510895e-02
1.085895858705043793e-02
1.120752654969692230e-02
1.164720021188259125e-02
1.189126633107662201e-02
1.211939193308353424e-02
1.057213824242353439e-02
1.146920397877693176e-02
1.196437701582908630e-02
1.156378816813230515e-02
1.120679546147584915e-02
1.172010507434606552e-02
1.114966534078121185e-02
1.137227192521095276e-02
1.182874944061040878e-02
1.144153717905282974e-02
1.193667203187942505e-02
1.195715554058551788e-02
1.154813077300786972e-02
1.121846213936805725e-02
1.135819870978593826e-02
1.162897795438766479e-02
1.187828183174133301e-02
1.061571761965751648e-02
1.160913892090320587e-02
1.147961337119340897e-02
1.064726989716291428e-02
1.145617105066776276e-02
1.166255027055740356e-02
1.180461049079895020e-02
1.165863499045372009e-02
1.140289008617401123e-02
1.170923933386802673e-02
1.149587519466876984e-02
1.079913042485713959e-02
1.089773885905742645e-02
1.178076490759849548e-02
1.160614285618066788e-02
1.135468110442161560e-02
1.095305103808641434e-02
