<system>Protocol: Active. Attitude: Sassy.</system>
2.598883397877216339e-02
2.182179316878318787e-02
2.020132727921009064e-02
2.274635806679725647e-02
2.760591171681880951e-02
2.925701811909675598e-02
2.876178547739982605e-02
4.509933665394783020e-02
2.826428599655628204e-02
3.840515017509460449e-02
4.576385766267776489e-02
2.876501902937889099e-02
4.259997606277465820e-02
3.770432248711585999e-02
4.819410666823387146e-02
4.948522523045539856e-02
4.804394394159317017e-02
4.864659160375595093e-02
4.917914420366287231e-02
2.060071378946304321e-02
4.901515692472457886e-02
5.088932067155838013e-02
4.801612347364425659e-02
4.218948632478713989e-02
4.842999577522277832e-02
5.376004055142402649e-02
4.660244286060333252e-02
4.969584941864013672e-02
2.029788866639137268e-02
5.321164801716804504e-02
4.655389487743377686e-02
4.122671484947204590e-02
2.789756841957569122e-02
2.731872349977493286e-02
3.022012859582901001e-02
3.368471562862396240e-02
2.579554915428161621e-02
3.793839365243911743e-02
2.611960656940937042e-02
4.508131742477416992e-02
2.608301863074302673e-02
4.132439941167831421e-02
4.725717753171920776e-02
3.020977973937988281e-02
4.378856346011161804e-02
3.185912594199180603e-02
4.670257866382598877e-02
4.656815528869628906e-02
4.852125421166419983e-02
2.334051206707954407e-02
4.973054677248001099e-02
5.066127330064773560e-02
5.090640485286712646e-02
4.812460392713546753e-02
4.989058524370193481e-02
7.512416224926710129e-03
5.350378900766372681e-02
4.903947561979293823e-02
4.470050334930419922e-02
5.135059356689453125e-02
4.165277630090713501e-02
5.462687462568283081e-02
4.494211822748184204e-02
2.128201536834239960e-02
2.636218816041946411e-02
2.589076198637485504e-02
2.647829987108707428e-02
3.109902516007423401e-02
4.148439317941665649e-02
2.068093046545982361e-02
3.362385183572769165e-02
2.069652453064918518e-02
4.902318120002746582e-02
3.413457795977592468e-02
4.419800639152526855e-02
4.427368938922882080e-02
4.778499901294708252e-02
4.814919456839561462e-02
4.605808854103088379e-02
5.057071521878242493e-02
4.796510934829711914e-02
4.498809576034545898e-02
5.226770043373107910e-02
5.795012041926383972e-02
4.967676848173141479e-02
5.146916210651397705e-02
4.841952025890350342e-02
4.058768600225448608e-02
5.123774707317352295e-02
4.990179836750030518e-02
5.147961527109146118e-02
4.941003769636154175e-02
3.878778964281082153e-02
4.971935972571372986e-02
3.738637641072273254e-02
1.907105185091495514e-02
2.626822888851165771e-02
2.021482400596141815e-02
2.556088939309120178e-02
1.634071394801139832e-02
3.899410739541053772e-02
3.423389047384262085e-02
3.177585452795028687e-02
3.596988320350646973e-02
4.545636847615242004e-02
2.119163423776626587e-02
4.629249498248100281e-02
2.848486788570880890e-02
5.023068934679031372e-02
5.044584721326828003e-02
5.013990402221679688e-02
5.019005388021469116e-02
5.070739239454269409e-02
1.982477679848670959e-02
5.223450064659118652e-02
2.159310132265090942e-02
5.150119587779045105e-02
5.019365251064300537e-02
5.035622790455818176e-02
7.371124345809221268e-03
5.059735104441642761e-02
5.196966975927352905e-02
4.826457425951957703e-02
5.278380960226058960e-02
4.768422618508338928e-02
4.561563581228256226e-02
1.818390935659408569e-02
5.206086486577987671e-02
2.409593015909194946e-02
2.339440770447254181e-02
2.381406724452972412e-02
2.471033111214637756e-02
2.355615980923175812e-02
2.150929346680641174e-02
2.045853622257709503e-02
2.505852654576301575e-02
2.101338654756546021e-02
2.992529608309268951e-02
1.656944304704666138e-02
3.027303330600261688e-02
2.898949757218360901e-02
3.748330473899841309e-02
2.904227375984191895e-02
3.738081455230712891e-02
2.603957615792751312e-02
4.285025224089622498e-02
3.436095640063285828e-02
3.269243240356445312e-02
3.427315130829811096e-02
3.448407351970672607e-02
5.285213515162467957e-02
4.131145030260086060e-02
1.199502311646938324e-02
3.947620093822479248e-02
5.123222619295120239e-02
5.068605393171310425e-02
2.983248978853225708e-02
5.042566359043121338e-02
2.960665710270404816e-02
2.302030846476554871e-02
2.856774441897869110e-02
2.283795177936553955e-02
2.337377332150936127e-02
2.049390971660614014e-02
2.133570984005928040e-02
2.397499606013298035e-02
2.330875024199485779e-02
2.746392600238323212e-02
2.307695709168910980e-02
3.584913909435272217e-02
3.025384247303009033e-02
3.146228939294815063e-02
1.738730259239673615e-02
3.667922690510749817e-02
1.389037072658538818e-02
3.762834146618843079e-02
3.848472982645034790e-02
4.200489819049835205e-02
1.397167332470417023e-02
4.813995957374572754e-02
4.601237177848815918e-02
4.150633513927459717e-02
3.854143992066383362e-02
5.170432478189468384e-02
5.085512250661849976e-02
4.870514571666717529e-02
4.900836199522018433e-02
4.313487559556961060e-02
5.415621399879455566e-02
4.499558359384536743e-02
3.085806593298912048e-02
4.416918009519577026e-02
2.954500168561935425e-02
3.128501027822494507e-02
2.994717471301555634e-02
2.943752706050872803e-02
3.000014275312423706e-02
3.498885408043861389e-02
3.377506881952285767e-02
2.257295325398445129e-02
3.249209001660346985e-02
2.035614475607872009e-02
2.224989980459213257e-02
4.001589864492416382e-02
2.376433089375495911e-02
4.252582043409347534e-02
3.843277692794799805e-02
3.540294989943504333e-02
4.334640502929687500e-02
4.722162336111068726e-02
4.673247784376144409e-02
4.440741240978240967e-02
4.237310215830802917e-02
4.127675294876098633e-02
4.448618739843368530e-02
3.944187983870506287e-02
1.451042853295803070e-02
4.146012291312217712e-02
4.310658574104309082e-02
4.236649349331855774e-02
4.308630898594856262e-02
2.719856239855289459e-02
3.860042989253997803e-02
2.934197150170803070e-02
2.672673761844635010e-02
2.460492029786109924e-02
2.163624577224254608e-02
2.665143832564353943e-02
2.052066475152969360e-02
2.118421159684658051e-02
1.887228339910507202e-02
3.108043037354946136e-02
2.237711660563945770e-02
3.116228617727756500e-02
3.384246304631233215e-02
3.400301933288574219e-02
3.178326040506362915e-02
4.070201516151428223e-02
4.508318006992340088e-02
3.140698745846748352e-02
4.711505398154258728e-02
4.764678701758384705e-02
4.624933749437332153e-02
3.755709901452064514e-02
4.211697727441787720e-02
3.897213190793991089e-02
4.072139784693717957e-02
4.309533908963203430e-02
4.690484330058097839e-02
4.132981225848197937e-02
4.193775355815887451e-02
4.205064848065376282e-02
2.981689758598804474e-02
2.894075587391853333e-02
4.002198576927185059e-02
3.052850998938083649e-02
