<system>Protocol: Active. Attitude: Sassy.</system>
1.927364617586135864e-02
1.921513490378856659e-02
1.886253431439399719e-02
1.917803660035133362e-02
1.870777271687984467e-02
1.881670951843261719e-02
1.835002005100250244e-02
1.943359710276126862e-02
1.815791614353656769e-02
1.123415492475032806e-02
1.939640194177627563e-02
1.923909783363342285e-02
9.552280418574810028e-03
1.995985396206378937e-02
1.929230988025665283e-02
1.934947818517684937e-02
1.845388486981391907e-02
1.895741000771522522e-02
1.880744472146034241e-02
1.860386878252029419e-02
1.898445561528205872e-02
1.904021203517913818e-02
1.924900710582733154e-02
1.895373314619064331e-02
1.922651566565036774e-02
1.878253929316997528e-02
1.878581941127777100e-02
1.869942247867584229e-02
1.949045807123184204e-02
1.895890012383460999e-02
1.838926225900650024e-02
1.894384995102882385e-02
1.998936384916305542e-02
1.898962445557117462e-02
1.891721040010452271e-02
1.862933300435543060e-02
1.914962753653526306e-02
1.826194301247596741e-02
1.922310143709182739e-02
1.924899592995643616e-02
1.898973807692527771e-02
1.862062700092792511e-02
1.886515691876411438e-02
1.961257308721542358e-02
1.955385319888591766e-02
1.885790191590785980e-02
1.879033446311950684e-02
1.972226426005363464e-02
1.925006508827209473e-02
1.923074945807456970e-02
1.842689886689186096e-02
1.937291026115417480e-02
1.800207421183586121e-02
1.994089037179946899e-02
1.849853992462158203e-02
1.890800334513187408e-02
1.932214386761188507e-02
1.946679130196571350e-02
1.910754665732383728e-02
1.880459114909172058e-02
1.970498636364936829e-02
1.114380080252885818e-02
1.767756603658199310e-02
1.889850571751594543e-02
2.157129533588886261e-02
2.315914258360862732e-02
2.176055312156677246e-02
2.130274474620819092e-02
2.204384282231330872e-02
2.329630963504314423e-02
2.199277840554714203e-02
2.078011631965637207e-02
2.161219343543052673e-02
2.158420719206333160e-02
2.100557461380958557e-02
2.149996533989906311e-02
2.255029976367950439e-02
2.126374468207359314e-02
2.221687510609626770e-02
2.144430577754974365e-02
2.198603749275207520e-02
1.679996214807033539e-02
2.064315602183341980e-02
2.226794697344303131e-02
2.264054864645004272e-02
2.248349040746688843e-02
2.174999564886093140e-02
2.185762114822864532e-02
2.209424413740634918e-02
2.271087095141410828e-02
2.218258753418922424e-02
2.200532332062721252e-02
2.221388183534145355e-02
2.182605676352977753e-02
2.158408425748348236e-02
2.232874743640422821e-02
2.191424742341041565e-02
2.182020246982574463e-02
2.150873839855194092e-02
2.201653644442558289e-02
2.233721315860748291e-02
2.189589291810989380e-02
2.152557298541069031e-02
2.240733429789543152e-02
2.148488536477088928e-02
2.225381508469581604e-02
2.198445983231067657e-02
2.208032831549644470e-02
2.190079912543296814e-02
2.212398499250411987e-02
2.236256003379821777e-02
2.206376753747463226e-02
2.163538709282875061e-02
2.151552215218544006e-02
2.224480360746383667e-02
2.162403240799903870e-02
2.238198742270469666e-02
2.035675570368766785e-02
2.148752845823764801e-02
2.177552692592144012e-02
2.197048068046569824e-02
2.175388857722282410e-02
2.222721278667449951e-02
2.264221198856830597e-02
2.209915593266487122e-02
2.177800238132476807e-02
2.244715578854084015e-02
2.195350080728530884e-02
2.052375301718711853e-02
2.063734829425811768e-02
2.056827023625373840e-02
2.068490907549858093e-02
2.070711553096771240e-02
2.080063335597515106e-02
2.072480320930480957e-02
2.066701091825962067e-02
2.061824873089790344e-02
2.072348818182945251e-02
2.058562263846397400e-02
2.085696533322334290e-02
2.054281905293464661e-02
2.032038569450378418e-02
2.076760493218898773e-02
2.090222761034965515e-02
2.073310874402523041e-02
2.055152505636215210e-02
2.073993161320686340e-02
2.073330059647560120e-02
2.058812417089939117e-02
2.078587189316749573e-02
2.047288045287132263e-02
2.066669613122940063e-02
2.069098502397537231e-02
2.081528864800930023e-02
2.042901143431663513e-02
2.036542445421218872e-02
2.070088312029838562e-02
2.057593688368797302e-02
2.066157758235931396e-02
2.041143551468849182e-02
2.053765393793582916e-02
2.076084539294242859e-02
2.068852819502353668e-02
2.033049613237380981e-02
2.054365910589694977e-02
2.068996988236904144e-02
2.043034695088863373e-02
2.060908079147338867e-02
2.088541351258754730e-02
2.090569399297237396e-02
2.069415524601936340e-02
2.028569020330905914e-02
2.050338126718997955e-02
2.049451693892478943e-02
2.044341526925563812e-02
2.085633017122745514e-02
2.065467461943626404e-02
2.053568139672279358e-02
2.042416855692863464e-02
2.065172232687473297e-02
2.036737836897373199e-02
2.090167067945003510e-02
2.074625343084335327e-02
2.045190334320068359e-02
2.061161398887634277e-02
2.087637409567832947e-02
2.078150399029254913e-02
2.073100022971630096e-02
2.058380655944347382e-02
2.063426002860069275e-02
2.029786445200443268e-02
2.036553993821144104e-02
2.214000746607780457e-02
2.147462591528892517e-02
2.036506682634353638e-02
2.085958793759346008e-02
2.021064981818199158e-02
1.335467956960201263e-02
2.187922969460487366e-02
1.764952763915061951e-02
2.017280459403991699e-02
2.081971243023872375e-02
2.069970592856407166e-02
2.072563022375106812e-02
2.058390341699123383e-02
1.869954727590084076e-02
2.073480933904647827e-02
1.943940669298171997e-02
2.008483931422233582e-02
2.108527533710002899e-02
2.070621773600578308e-02
2.007665298879146576e-02
1.935271173715591431e-02
2.095445431768894196e-02
2.086405083537101746e-02
2.034424245357513428e-02
2.138583920896053314e-02
2.118618786334991455e-02
2.058020792901515961e-02
1.662765070796012878e-02
1.548039168119430542e-02
2.049215510487556458e-02
2.074481174349784851e-02
2.117905020713806152e-02
2.046478167176246643e-02
2.105822786688804626e-02
2.037802711129188538e-02
2.084171585738658905e-02
2.056883275508880615e-02
2.017051167786121368e-02
2.111395448446273804e-02
2.035580202937126160e-02
2.055587433278560638e-02
2.162886410951614380e-02
2.068472281098365784e-02
2.039999328553676605e-02
2.098067477345466614e-02
1.775924116373062134e-02
2.108629047870635986e-02
1.666840165853500366e-02
2.036176435649394989e-02
2.091088518500328064e-02
2.187899127602577209e-02
2.025115489959716797e-02
2.100306749343872070e-02
1.955162733793258667e-02
2.117243036627769470e-02
2.123266085982322693e-02
2.167253941297531128e-02
2.114027924835681915e-02
2.153802663087844849e-02
2.092400938272476196e-02
2.229225821793079376e-02
2.082826010882854462e-02
2.106163278222084045e-02
1.794555038213729858e-02
