<system>Protocol: Active. Attitude: Sassy.</system>
1.421448588371276855e-02
1.420309301465749741e-02
1.366520300507545471e-02
1.373490970581769943e-02
1.421295758336782455e-02
1.411982439458370209e-02
1.429735403507947922e-02
1.329124532639980316e-02
1.377844251692295074e-02
1.414040569216012955e-02
1.344029232859611511e-02
1.387405954301357269e-02
1.260658446699380875e-02
1.392071601003408432e-02
1.401504315435886383e-02
1.405066158622503281e-02
1.258213445544242859e-02
1.369545981287956238e-02
1.394589152187108994e-02
1.411775592714548111e-02
1.411591377109289169e-02
1.354300603270530701e-02
1.367140654474496841e-02
1.327109057456254959e-02
1.378976646810770035e-02
1.411378104239702225e-02
1.424359716475009918e-02
1.375434733927249908e-02
1.397642493247985840e-02
1.452891435474157333e-02
1.074179355055093765e-02
1.356270071119070053e-02
1.319394912570714951e-02
1.407631300389766693e-02
1.376136019825935364e-02
7.189917378127574921e-03
1.306329388171434402e-02
1.372682489454746246e-02
1.364101096987724304e-02
1.260190270841121674e-02
1.383271813392639160e-02
1.350313704460859299e-02
1.406669523566961288e-02
1.371967233717441559e-02
1.278806012123823166e-02
1.343943551182746887e-02
1.373310759663581848e-02
9.456309489905834198e-03
1.388654112815856934e-02
1.369914039969444275e-02
1.353633962571620941e-02
1.389444991946220398e-02
1.401998009532690048e-02
1.364433113485574722e-02
1.303550321608781815e-02
1.428419072180986404e-02
1.388794556260108948e-02
1.366117876023054123e-02
1.353331748396158218e-02
1.341417711228132248e-02
1.417618896812200546e-02
1.393412426114082336e-02
1.357436459511518478e-02
1.388866081833839417e-02
1.430358365178108215e-02
1.351978816092014313e-02
1.386880595237016678e-02
1.383959688246250153e-02
1.391507312655448914e-02
1.298902835696935654e-02
1.389061007648706436e-02
9.319352917373180389e-03
1.365527790039777756e-02
1.415927335619926453e-02
1.375509425997734070e-02
1.410679239779710770e-02
1.348095200955867767e-02
1.449650526046752930e-02
1.412072498351335526e-02
8.276433683931827545e-03
1.411260105669498444e-02
1.391696278005838394e-02
1.382326707243919373e-02
1.332116127014160156e-02
1.414017472416162491e-02
1.400496158748865128e-02
1.361037231981754303e-02
1.389908418059349060e-02
1.409525517374277115e-02
1.285486575216054916e-02
1.339935138821601868e-02
1.347373984754085541e-02
1.427916064858436584e-02
1.423018239438533783e-02
1.401825901120901108e-02
1.394772902131080627e-02
1.409294363111257553e-02
1.360601838678121567e-02
1.406187657266855240e-02
1.229518093168735504e-02
1.398771442472934723e-02
1.359908189624547958e-02
1.411339920014142990e-02
1.400204654783010483e-02
1.379658188670873642e-02
1.375142578035593033e-02
1.382725313305854797e-02
1.377231441438198090e-02
1.387571729719638824e-02
1.398707367479801178e-02
1.293803844600915909e-02
1.270923297852277756e-02
1.319830026477575302e-02
1.144931837916374207e-02
1.312355324625968933e-02
1.384735107421875000e-02
1.400113012641668320e-02
1.320848707109689713e-02
1.326174661517143250e-02
1.316817663609981537e-02
1.370932720601558685e-02
1.378922816365957260e-02
1.344746071845293045e-02
1.369434315711259842e-02
1.369586307555437088e-02
1.360163092613220215e-02
1.411533355712890625e-02
1.381395850330591202e-02
1.367790903896093369e-02
1.328258868306875229e-02
1.403038855642080307e-02
1.360648591071367264e-02
1.335058175027370453e-02
1.383906323462724686e-02
1.329537946730852127e-02
1.397870387881994247e-02
1.392456609755754471e-02
1.433686073869466782e-02
1.408835966140031815e-02
1.354497950524091721e-02
1.418210845440626144e-02
1.398219261318445206e-02
1.347297430038452148e-02
1.362198218703269958e-02
1.368168927729129791e-02
1.372796669602394104e-02
1.251207944005727768e-02
1.244689431041479111e-02
1.395804528146982193e-02
1.353703066706657410e-02
1.134688593447208405e-02
1.440190151333808899e-02
1.410439610481262207e-02
1.395147759467363358e-02
1.312295813113451004e-02
1.300525106489658356e-02
1.228791754692792892e-02
1.386160030961036682e-02
1.391793694347143173e-02
1.293043419718742371e-02
1.406209263950586319e-02
1.371845602989196777e-02
1.347712799906730652e-02
1.390635408461093903e-02
1.419855281710624695e-02
1.435418520122766495e-02
1.377631351351737976e-02
1.324592158198356628e-02
1.409631688147783279e-02
1.345226168632507324e-02
1.400336623191833496e-02
1.370949484407901764e-02
1.404751185327768326e-02
1.381341461092233658e-02
1.416855677962303162e-02
1.375816110521554947e-02
1.329647097736597061e-02
1.407252904027700424e-02
1.360740605741739273e-02
1.335927471518516541e-02
1.410179119557142258e-02
1.418041344732046127e-02
1.438255049288272858e-02
1.356165204197168350e-02
1.249222084879875183e-02
1.348065491765737534e-02
1.396292448043823242e-02
1.386202219873666763e-02
1.364019233733415604e-02
1.200019940733909607e-02
1.382108405232429504e-02
1.336513552814722061e-02
1.301247440278530121e-02
1.314125023782253265e-02
1.318710111081600189e-02
1.298459246754646301e-02
1.376272831112146378e-02
1.314249355345964432e-02
1.243668701499700546e-02
1.322313863784074783e-02
1.384420692920684814e-02
1.389846764504909515e-02
1.193182822316884995e-02
1.364282332360744476e-02
1.388730667531490326e-02
1.386717241257429123e-02
1.373052503913640976e-02
1.368648931384086609e-02
1.442443486303091049e-02
1.415364537388086319e-02
1.393961068242788315e-02
1.299909036606550217e-02
1.200302317738533020e-02
1.342499814927577972e-02
1.197178009897470474e-02
1.380636356770992279e-02
1.372983213514089584e-02
1.368540804833173752e-02
1.330497581511735916e-02
1.193602662533521652e-02
1.081974897533655167e-02
1.394628919661045074e-02
1.395740732550621033e-02
9.167987853288650513e-03
1.413382869213819504e-02
1.377386413514614105e-02
1.355640962719917297e-02
1.403677091002464294e-02
1.412928663194179535e-02
1.327882800251245499e-02
1.402448024600744247e-02
1.130744908004999161e-02
1.370395626872777939e-02
1.386031787842512131e-02
1.344717945903539658e-02
1.415054500102996826e-02
1.347917877137660980e-02
1.389135140925645828e-02
1.288589555770158768e-02
1.256245095282793045e-02
1.389975193887948990e-02
1.365779060870409012e-02
1.420851703733205795e-02
1.252380106598138809e-02
1.336446311324834824e-02
1.238990761339664459e-02
1.344907190650701523e-02
1.241014339029788971e-02
1.446287240833044052e-02
1.428748108446598053e-02
1.368829607963562012e-02
1.252788677811622620e-02
1.312767248600721359e-02
1.362663414329290390e-02
1.329778507351875305e-02
1.346927508711814880e-02
1.346911583095788956e-02
1.337124314159154892e-02
1.445410028100013733e-02
1.357577089220285416e-02
1.354573573917150497e-02
1.343835238367319107e-02
1.375252846628427505e-02
1.362398825585842133e-02
1.357416715472936630e-02
1.403582934290170670e-02
1.386486366391181946e-02
1.367155835032463074e-02
1.381286140531301498e-02
1.401119213551282883e-02
1.409019809216260910e-02
1.384693942964076996e-02
1.364917680621147156e-02
1.342726685106754303e-02
1.327891275286674500e-02
9.286688640713691711e-03
1.422395929694175720e-02
1.396995503455400467e-02
1.405818667262792587e-02
1.310206670314073563e-02
1.393405441194772720e-02
1.309863012284040451e-02
1.368907094001770020e-02
1.395601313561201096e-02
1.338615734130144119e-02
1.377236284315586090e-02
1.375673711299896240e-02
1.386368833482265472e-02
1.385957002639770508e-02
1.368647255003452301e-02
1.274185255169868469e-02
1.381356734782457352e-02
1.318436954170465469e-02
1.424690522253513336e-02
1.085966825485229492e-02
1.364983525127172470e-02
1.330881938338279724e-02
1.193483825773000717e-02
1.375415362417697906e-02
1.336523890495300293e-02
1.370937190949916840e-02
1.380692142993211746e-02
1.419050619006156921e-02
1.386531069874763489e-02
1.303271017968654633e-02
1.318740006536245346e-02
1.423589605838060379e-02
1.365917641669511795e-02
1.359760761260986328e-02
1.327284518629312515e-02
1.393642090260982513e-02
1.324605941772460938e-02
1.372864842414855957e-02
1.352401450276374817e-02
1.353000104427337646e-02
1.374122221022844315e-02
1.321657653898000717e-02
1.370546780526638031e-02
1.385597884654998779e-02
1.367186103016138077e-02
1.347380317747592926e-02
1.371025666594505310e-02
1.384941674768924713e-02
1.312926411628723145e-02
1.428699772804975510e-02
1.389862224459648132e-02
1.420252677053213120e-02
1.359480991959571838e-02
1.365498546510934830e-02
1.391634624451398849e-02
1.407529506832361221e-02
1.387919578701257706e-02
1.384083833545446396e-02
1.340683456510305405e-02
1.393693685531616211e-02
1.415607612580060959e-02
1.287747081369161606e-02
1.366262510418891907e-02
1.312585733830928802e-02
1.406305376440286636e-02
1.337959524244070053e-02
1.183607801795005798e-02
1.381822582334280014e-02
1.379619911313056946e-02
1.203724462538957596e-02
1.369954086840152740e-02
1.406004466116428375e-02
1.320170145481824875e-02
1.354950107634067535e-02
1.382051501423120499e-02
1.305450592190027237e-02
1.385088916867971420e-02
1.331028621643781662e-02
1.346699800342321396e-02
1.382445730268955231e-02
1.411405112594366074e-02
1.395009551197290421e-02
1.442142482846975327e-02
1.447033882141113281e-02
1.383683085441589355e-02
1.400181278586387634e-02
1.390941347926855087e-02
1.357634738087654114e-02
1.366644818335771561e-02
1.338678598403930664e-02
1.368560269474983215e-02
1.363748870790004730e-02
1.414759363979101181e-02
1.404069084674119949e-02
1.238469779491424561e-02
1.387937925755977631e-02
1.424894668161869049e-02
1.387096941471099854e-02
1.353400945663452148e-02
1.356421317905187607e-02
1.385773625224828720e-02
1.380848884582519531e-02
1.349319145083427429e-02
1.221973262727260590e-02
1.387517806142568588e-02
1.019487436860799789e-02
1.346217468380928040e-02
1.402838807553052902e-02
1.362344902008771896e-02
1.439287420362234116e-02
1.280516386032104492e-02
1.397415436804294586e-02
9.892846457660198212e-03
1.414052210748195648e-02
1.291250623762607574e-02
1.381269376724958420e-02
1.399448793381452560e-02
1.333550829440355301e-02
1.374115981161594391e-02
1.409760024398565292e-02
1.361962035298347473e-02
1.437773369252681732e-02
1.375569310039281845e-02
1.328920479863882065e-02
1.414026692509651184e-02
1.336334645748138428e-02
1.388916280120611191e-02
1.362027321010828018e-02
1.389368250966072083e-02
1.378235779702663422e-02
1.388204190880060196e-02
1.372184138745069504e-02
1.359915174543857574e-02
1.347051654011011124e-02
1.280583441257476807e-02
1.163249649107456207e-02
3.801577165722846985e-02
1.401225570589303970e-02
1.075288653373718262e-02
1.323121879249811172e-02
1.363340020179748535e-02
1.357796136289834976e-02
1.384661719202995300e-02
1.361689530313014984e-02
1.224025525152683258e-02
1.296944357454776764e-02
1.426059845834970474e-02
1.328204013407230377e-02
1.357209682464599609e-02
1.216641999781131744e-02
1.345868781208992004e-02
9.032038040459156036e-03
1.389055885374546051e-02
1.393075939267873764e-02
1.171656604856252670e-02
1.325021963566541672e-02
1.407966017723083496e-02
1.351429522037506104e-02
1.365699712187051773e-02
1.361989136785268784e-02
1.384198665618896484e-02
1.327758096158504486e-02
1.398353651165962219e-02
9.835488162934780121e-03
1.399035751819610596e-02
1.390944328159093857e-02
1.391092222183942795e-02
1.411824859678745270e-02
1.365466788411140442e-02
9.659480303525924683e-03
6.848812103271484375e-03
1.384596247225999832e-02
1.337191183120012283e-02
1.355709042400121689e-02
1.304537616670131683e-02
1.391788199543952942e-02
1.383765973150730133e-02
1.411452982574701309e-02
1.427365932613611221e-02
1.376302167773246765e-02
1.345470827072858810e-02
1.254295930266380310e-02
1.343504246324300766e-02
1.366188004612922668e-02
1.403583958745002747e-02
1.340024545788764954e-02
1.357261184602975845e-02
1.217175368219614029e-02
8.484148420393466949e-03
1.399641390889883041e-02
1.362515147775411606e-02
1.034142356365919113e-02
1.223519816994667053e-02
1.313694380223751068e-02
9.605047293007373810e-03
1.382514834403991699e-02
1.359214540570974350e-02
1.342915091663599014e-02
1.353816594928503036e-02
1.336817070841789246e-02
1.379454415291547775e-02
1.413687132298946381e-02
8.872318081557750702e-03
1.410742010921239853e-02
1.428909227252006531e-02
1.389828231185674667e-02
1.332703232765197754e-02
1.343792397528886795e-02
1.376951672136783600e-02
1.398092787712812424e-02
1.408404670655727386e-02
1.077258307486772537e-02
1.385898515582084656e-02
1.377070508897304535e-02
1.123595796525478363e-02
1.402072980999946594e-02
1.404983922839164734e-02
1.349700894206762314e-02
1.371029578149318695e-02
1.360623631626367569e-02
1.377670746296644211e-02
1.377627253532409668e-02
1.287603098899126053e-02
1.355177443474531174e-02
1.282068807631731033e-02
1.438510697335004807e-02
7.308316417038440704e-03
1.389713492244482040e-02
1.407220959663391113e-02
1.292890869081020355e-02
1.367415767163038254e-02
1.335913222283124924e-02
1.321843825280666351e-02
1.325307413935661316e-02
1.386954542249441147e-02
1.390605513006448746e-02
1.412229333072900772e-02
8.641559630632400513e-03
1.191469375044107437e-02
1.395329553633928299e-02
1.382306497544050217e-02
1.385290268808603287e-02
1.247760374099016190e-02
1.432364899665117264e-02
1.265579462051391602e-02
1.420115586370229721e-02
1.141759753227233887e-02
1.449610851705074310e-02
1.381342485547065735e-02
1.414103154093027115e-02
8.530899882316589355e-03
1.351924240589141846e-02
1.415964122861623764e-02
1.382349431514739990e-02
1.350915990769863129e-02
1.346220634877681732e-02
1.404733117669820786e-02
1.447111088782548904e-02
1.412505563348531723e-02
1.411673519760370255e-02
1.403209287673234940e-02
1.358956098556518555e-02
1.422458328306674957e-02
1.384716946631669998e-02
1.406597252935171127e-02
1.409007329493761063e-02
1.286175567656755447e-02
1.375060901045799255e-02
1.368430815637111664e-02
1.241611875593662262e-02
1.417302805930376053e-02
1.313569769263267517e-02
1.258779503405094147e-02
1.395314931869506836e-02
1.399157289415597916e-02
1.426071766763925552e-02
1.379873417317867279e-02
1.360648591071367264e-02
1.329889334738254547e-02
1.409801281988620758e-02
1.383330859243869781e-02
1.335555315017700195e-02
1.324642822146415710e-02
1.425584033131599426e-02
1.401818636804819107e-02
1.294591464102268219e-02
1.337127294391393661e-02
1.355742570012807846e-02
1.386182848364114761e-02
1.362550538033246994e-02
1.407677587121725082e-02
1.373857911676168442e-02
1.356255449354648590e-02
1.417825464159250259e-02
1.384633220732212067e-02
1.357887964695692062e-02
1.408487465232610703e-02
1.206377986818552017e-02
1.349190250039100647e-02
1.411549746990203857e-02
1.405315659940242767e-02
1.384545583277940750e-02
1.381052657961845398e-02
1.404415071010589600e-02
1.318002678453922272e-02
1.292541995644569397e-02
1.261021848767995834e-02
1.344605162739753723e-02
1.370271388441324234e-02
1.404589135199785233e-02
1.364465337246656418e-02
1.394771691411733627e-02
1.340396702289581299e-02
1.373209431767463684e-02
1.353897713124752045e-02
1.427636109292507172e-02
1.298168953508138657e-02
1.273276843130588531e-02
1.436395384371280670e-02
1.400095783174037933e-02
1.400732900947332382e-02
1.407381612807512283e-02
1.368053629994392395e-02
1.387175917625427246e-02
1.237284019589424133e-02
1.310000661760568619e-02
1.380887720733880997e-02
1.397656835615634918e-02
1.428540889173746109e-02
1.371682528406381607e-02
1.385870948433876038e-02
1.412254292517900467e-02
1.370803080499172211e-02
1.390090305358171463e-02
1.392669975757598877e-02
1.314518135040998459e-02
1.358597353100776672e-02
1.358415745198726654e-02
1.375636737793684006e-02
1.361732091754674911e-02
1.381178479641675949e-02
1.426422689110040665e-02
1.377244666218757629e-02
1.264222804456949234e-02
1.376602705568075180e-02
1.356060709804296494e-02
1.204644236713647842e-02
1.364739146083593369e-02
1.412528473883867264e-02
1.194580830633640289e-02
1.372475828975439072e-02
1.281110569834709167e-02
1.250683702528476715e-02
1.336374320089817047e-02
1.244016271084547043e-02
1.350200176239013672e-02
1.286023296415805817e-02
1.387836690992116928e-02
1.346844434738159180e-02
1.383359357714653015e-02
1.360673364251852036e-02
1.393102388828992844e-02
1.294265594333410263e-02
1.234890148043632507e-02
1.420091651380062103e-02
1.382944826036691666e-02
1.303495373576879501e-02
1.391752716153860092e-02
1.157231349498033524e-02
1.300597470253705978e-02
1.086318492889404297e-02
1.307385601103305817e-02
1.289070490747690201e-02
1.387655828148126602e-02
1.312015391886234283e-02
1.266501843929290771e-02
1.148622948676347733e-02
1.446761284023523331e-02
1.433682721108198166e-02
1.380652096122503281e-02
1.352890208363533020e-02
1.372358761727809906e-02
1.428919192403554916e-02
1.381131075322628021e-02
1.340548601001501083e-02
1.354279834777116776e-02
8.705213665962219238e-03
1.389077585190534592e-02
8.564667776226997375e-03
1.323395688086748123e-02
1.384148560464382172e-02
1.357595063745975494e-02
1.423918642103672028e-02
9.265009313821792603e-03
1.017181947827339172e-02
1.307028252631425858e-02
1.353057567030191422e-02
1.326859835535287857e-02
1.320803724229335785e-02
1.313811633735895157e-02
1.355344709008932114e-02
1.356156822293996811e-02
1.363325398415327072e-02
1.377049926668405533e-02
1.365786232054233551e-02
1.390702743083238602e-02
1.377646718174219131e-02
1.363658625632524490e-02
1.205774769186973572e-02
1.385761704295873642e-02
1.382318139076232910e-02
1.403784099966287613e-02
1.070562005043029785e-02
1.355778519064188004e-02
1.410845480859279633e-02
1.383459474891424179e-02
1.398672070354223251e-02
1.382551994174718857e-02
1.407521683722734451e-02
1.390302088111639023e-02
1.351133547723293304e-02
1.373965665698051453e-02
1.361977960914373398e-02
1.320396456867456436e-02
1.397931668907403946e-02
1.333608943969011307e-02
1.433017011731863022e-02
1.190798357129096985e-02
1.250458974391222000e-02
1.400407310575246811e-02
1.376916747540235519e-02
1.407623011618852615e-02
1.285937987267971039e-02
9.795725345611572266e-03
7.390113081783056259e-03
1.399589143693447113e-02
1.370477676391601562e-02
1.352392043918371201e-02
1.344907376915216446e-02
1.378840114921331406e-02
1.352843362838029861e-02
1.225821580737829208e-02
1.388670597225427628e-02
1.373542565852403641e-02
1.378050167113542557e-02
1.384690962731838226e-02
1.293002627789974213e-02
1.428441330790519714e-02
1.322480384260416031e-02
1.359770074486732483e-02
1.370539143681526184e-02
1.399133447557687759e-02
1.405029091984033585e-02
1.421480532735586166e-02
1.257878448814153671e-02
1.365845464169979095e-02
1.392167713493108749e-02
1.317774131894111633e-02
1.384168211370706558e-02
1.277255080640316010e-02
7.656146306544542313e-03
1.408287044614553452e-02
1.324966549873352051e-02
6.872656755149364471e-03
1.373308524489402771e-02
1.318671740591526031e-02
1.452098134905099869e-02
1.387463882565498352e-02
1.406726893037557602e-02
9.804610162973403931e-03
1.341295521706342697e-02
1.291595119982957840e-02
1.448225043714046478e-02
1.293339766561985016e-02
1.109052635729312897e-02
1.370894908905029297e-02
1.394198741763830185e-02
1.323565561324357986e-02
1.230516191571950912e-02
1.345530152320861816e-02
1.392858568578958511e-02
9.751338511705398560e-03
1.391087193042039871e-02
1.077668555080890656e-02
1.425589248538017273e-02
1.232614740729331970e-02
1.344160176813602448e-02
1.363796554505825043e-02
1.406648475676774979e-02
1.149766240268945694e-02
1.291355490684509277e-02
1.343308016657829285e-02
1.404320914298295975e-02
1.327183842658996582e-02
1.285040937364101410e-02
1.385151222348213196e-02
1.322148833423852921e-02
1.249718666076660156e-02
1.375953480601310730e-02
9.218067862093448639e-03
1.392387505620718002e-02
1.385460142046213150e-02
1.349623221904039383e-02
1.109067536890506744e-02
1.184724178165197372e-02
1.401229575276374817e-02
1.384225767105817795e-02
1.392473932355642319e-02
1.348072290420532227e-02
1.413396932184696198e-02
1.402493473142385483e-02
1.394053641706705093e-02
1.371581759303808212e-02
1.392380520701408386e-02
1.147840358316898346e-02
1.394281070679426193e-02
1.353409886360168457e-02
1.276733074337244034e-02
1.386620476841926575e-02
1.285783387720584869e-02
1.398768462240695953e-02
1.079231593757867813e-02
1.401314698159694672e-02
1.390950102359056473e-02
1.338016055524349213e-02
1.336212456226348877e-02
1.281823869794607162e-02
1.362626906484365463e-02
1.386457961052656174e-02
1.363268867135047913e-02
1.400494575500488281e-02
1.273308042436838150e-02
1.331611070781946182e-02
1.302557624876499176e-02
1.425914186984300613e-02
1.373872719705104828e-02
1.320806704461574554e-02
1.410227920860052109e-02
1.389853935688734055e-02
1.364350691437721252e-02
1.363278552889823914e-02
1.454444322735071182e-02
1.374156400561332703e-02
1.378768123686313629e-02
1.443198323249816895e-02
1.307862997055053711e-02
9.228665381669998169e-03
1.425592228770256042e-02
1.358855329453945160e-02
1.352566480636596680e-02
1.350887026637792587e-02
1.400093734264373779e-02
1.270640175789594650e-02
1.346249878406524658e-02
1.304453518241643906e-02
1.384326443076133728e-02
1.366240717470645905e-02
1.304366625845432281e-02
1.219252310693264008e-02
7.458552718162536621e-03
1.368822436779737473e-02
1.276492513716220856e-02
1.275125052779912949e-02
1.393092796206474304e-02
1.339737977832555771e-02
1.391525566577911377e-02
1.380962412804365158e-02
1.344602089375257492e-02
1.028714422136545181e-02
1.387247163802385330e-02
1.364717166870832443e-02
1.397101674228906631e-02
1.255187392234802246e-02
1.406331639736890793e-02
1.335892174392938614e-02
1.392297353595495224e-02
1.390075404196977615e-02
1.368213631212711334e-02
1.467848382890224457e-02
1.382561400532722473e-02
1.398568507283926010e-02
1.358166057616472244e-02
1.415998674929141998e-02
1.388241257518529892e-02
1.406513154506683350e-02
1.371986232697963715e-02
1.338438410311937332e-02
1.452078297734260559e-02
1.371680572628974915e-02
1.186349987983703613e-02
1.238061860203742981e-02
1.324805896729230881e-02
1.507174968719482422e-02
1.410988252609968185e-02
1.369843166321516037e-02
1.267049554735422134e-02
1.298369839787483215e-02
1.329485140740871429e-02
1.363556180149316788e-02
1.400383189320564270e-02
1.317718997597694397e-02
1.387387234717607498e-02
1.390396710485219955e-02
1.420080754905939102e-02
1.370704267174005508e-02
1.309459563344717026e-02
1.361234113574028015e-02
1.427233219146728516e-02
1.385427638888359070e-02
1.154012326151132584e-02
1.401068922132253647e-02
1.365425344556570053e-02
1.324275135993957520e-02
1.341761276125907898e-02
1.399216894060373306e-02
1.113376114517450333e-02
1.430123206228017807e-02
1.415177620947360992e-02
1.388059649616479874e-02
1.368467137217521667e-02
1.335859578102827072e-02
1.435468439012765884e-02
1.295216009020805359e-02
1.393956504762172699e-02
1.344887819141149521e-02
1.376926060765981674e-02
1.403354015201330185e-02
1.397213339805603027e-02
1.386765483766794205e-02
1.405619177967309952e-02
1.386421639472246170e-02
1.344819273799657822e-02
1.371527370065450668e-02
1.110999472439289093e-02
1.314008608460426331e-02
1.465465500950813293e-02
1.357778627425432205e-02
1.356651261448860168e-02
1.366100087761878967e-02
1.397817675024271011e-02
1.418544258922338486e-02
1.336576696485280991e-02
1.344215311110019684e-02
1.112672034651041031e-02
1.378414873033761978e-02
1.325710956007242203e-02
1.265615783631801605e-02
1.377541199326515198e-02
1.356021221727132797e-02
1.411739084869623184e-02
1.335943676531314850e-02
1.364843640476465225e-02
1.336552295833826065e-02
7.752591744065284729e-03
1.384063437581062317e-02
1.402744650840759277e-02
1.358461100608110428e-02
1.355024613440036774e-02
1.323665678501129150e-02
1.412148866802453995e-02
1.426810026168823242e-02
1.428208313882350922e-02
1.413577701896429062e-02
1.372394524514675140e-02
1.428589224815368652e-02
1.372962631285190582e-02
1.312483940273523331e-02
8.431395515799522400e-03
1.444745901972055435e-02
1.450581196695566177e-02
1.341767702251672745e-02
1.329203881323337555e-02
9.206855669617652893e-03
1.368127763271331787e-02
1.373547688126564026e-02
1.389460172504186630e-02
1.233955100178718567e-02
1.396703068166971207e-02
1.041058264672756195e-02
1.430293917655944824e-02
1.113090477883815765e-02
1.299001649022102356e-02
1.397612784057855606e-02
1.410085335373878479e-02
1.276179309934377670e-02
1.385393738746643066e-02
1.395150087773799896e-02
1.359532773494720459e-02
1.383778732270002365e-02
1.365104597061872482e-02
1.390412729233503342e-02
1.345232687890529633e-02
1.311306562274694443e-02
1.390145625919103622e-02
1.364219561219215393e-02
1.416608970612287521e-02
1.356338616460561752e-02
1.411078311502933502e-02
1.437194552272558212e-02
1.242726948112249374e-02
1.347153168171644211e-02
1.364950835704803467e-02
1.411110721528530121e-02
1.382643077522516251e-02
1.342722866684198380e-02
1.371793076395988464e-02
1.397515553981065750e-02
1.396881416440010071e-02
1.181730348616838455e-02
1.353516336530447006e-02
1.430574338883161545e-02
1.408104598522186279e-02
1.379256602376699448e-02
1.348832342773675919e-02
1.300849393010139465e-02
1.386101823300123215e-02
1.406724657863378525e-02
1.276303734630346298e-02
1.323288027197122574e-02
1.241450570523738861e-02
1.332340575754642487e-02
1.414865627884864807e-02
1.380499359220266342e-02
1.392614841461181641e-02
1.370412949472665787e-02
1.426890771836042404e-02
1.345340907573699951e-02
1.274119224399328232e-02
1.353355962783098221e-02
1.399649679660797119e-02
1.375744026154279709e-02
1.325609441846609116e-02
1.275185588747262955e-02
1.417741086333990097e-02
1.323665585368871689e-02
1.374750211834907532e-02
1.300089992582798004e-02
1.362545881420373917e-02
1.394568290561437607e-02
1.381016988307237625e-02
1.380207762122154236e-02
1.398952212184667587e-02
1.386128459125757217e-02
1.359124109148979187e-02
1.379845105111598969e-02
1.341798622161149979e-02
1.406597811728715897e-02
1.404875423759222031e-02
1.006127614527940750e-02
1.426029205322265625e-02
1.394020300358533859e-02
1.354965008795261383e-02
1.286749634891748428e-02
1.251347362995147705e-02
1.373020093888044357e-02
1.362474635243415833e-02
1.435737032443284988e-02
1.406414154917001724e-02
1.422424241900444031e-02
1.392148341983556747e-02
1.406935695558786392e-02
1.337799802422523499e-02
1.347500085830688477e-02
1.311257109045982361e-02
1.378892920911312103e-02
1.364308968186378479e-02
1.352529507130384445e-02
1.315586175769567490e-02
1.390702649950981140e-02
9.604525752365589142e-03
1.123127061873674393e-02
1.280518248677253723e-02
1.434454601258039474e-02
1.385623868554830551e-02
1.196274161338806152e-02
1.395393535494804382e-02
1.391230896115303040e-02
1.440281793475151062e-02
7.671060971915721893e-03
1.414317730814218521e-02
1.294319424778223038e-02
1.335771474987268448e-02
1.291763689368963242e-02
1.434492506086826324e-02
1.407196279615163803e-02
1.295146439224481583e-02
1.410217303782701492e-02
1.393274310976266861e-02
7.863515987992286682e-03
1.325293816626071930e-02
1.375395990908145905e-02
1.390024460852146149e-02
1.387343369424343109e-02
1.211800053715705872e-02
1.345278881490230560e-02
1.157854404300451279e-02
1.232216320931911469e-02
8.869291283190250397e-03
1.141069550067186356e-02
1.429856475442647934e-02
1.344624441117048264e-02
1.364565733820199966e-02
1.397559605538845062e-02
1.411564275622367859e-02
1.362919248640537262e-02
1.321667432785034180e-02
1.361708343029022217e-02
1.355033274739980698e-02
1.397124025970697403e-02
1.419258676469326019e-02
1.420311536639928818e-02
1.208011712878942490e-02
1.329061668366193771e-02
1.399503555148839951e-02
1.367327012121677399e-02
1.366594713181257248e-02
1.216852385550737381e-02
1.342596113681793213e-02
1.375955995172262192e-02
1.329044625163078308e-02
1.419486198574304581e-02
1.429313700646162033e-02
1.371320150792598724e-02
1.384990755468606949e-02
1.257345639169216156e-02
1.392472162842750549e-02
1.354208961129188538e-02
1.203326601535081863e-02
1.318647898733615875e-02
1.427817065268754959e-02
1.354235783219337463e-02
1.402669306844472885e-02
1.405106764286756516e-02
1.374084595590829849e-02
1.412279997020959854e-02
1.049074716866016388e-02
1.392264757305383682e-02
1.395843364298343658e-02
1.383649185299873352e-02
1.422108989208936691e-02
1.286777947098016739e-02
1.393732428550720215e-02
1.249024271965026855e-02
1.357825472950935364e-02
1.082133408635854721e-02
1.443875394761562347e-02
1.439879182726144791e-02
1.361373905092477798e-02
1.431595161557197571e-02
1.344635151326656342e-02
1.362296380102634430e-02
1.402505114674568176e-02
1.354261394590139389e-02
1.360879931598901749e-02
1.364530995488166809e-02
1.371456775814294815e-02
1.384251751005649567e-02
1.336604356765747070e-02
1.207225397229194641e-02
1.405600924044847488e-02
1.386137213557958603e-02
1.236820220947265625e-02
1.369504630565643311e-02
1.356976572424173355e-02
1.398424524813890457e-02
1.411857642233371735e-02
1.410692371428012848e-02
1.394867897033691406e-02
1.383972074836492538e-02
1.404255907982587814e-02
1.355612650513648987e-02
1.297683734446763992e-02
1.358560845255851746e-02
1.393111981451511383e-02
1.402084622532129288e-02
1.371993497014045715e-02
1.374662015587091446e-02
1.371600851416587830e-02
1.392254792153835297e-02
1.339339371770620346e-02
1.334911584854125977e-02
1.356371119618415833e-02
1.346365176141262054e-02
1.373330596834421158e-02
1.383305154740810394e-02
1.394737605005502701e-02
1.411391142755746841e-02
1.423526927828788757e-02
1.393016800284385681e-02
1.364418212324380875e-02
1.400410570204257965e-02
1.019986625760793686e-02
1.256843004375696182e-02
1.322875078767538071e-02
1.402956526726484299e-02
1.318875513970851898e-02
1.343750674277544022e-02
1.382199581712484360e-02
1.410814840346574783e-02
1.394182071089744568e-02
1.246524509042501450e-02
1.404841616749763489e-02
1.274584885686635971e-02
1.370293460786342621e-02
1.304723694920539856e-02
1.357699837535619736e-02
1.335867960005998611e-02
1.388768479228019714e-02
1.410696748644113541e-02
1.392897684127092361e-02
1.225655619055032730e-02
1.399992313235998154e-02
1.272555813193321228e-02
1.370921172201633453e-02
1.487225387245416641e-02
1.365293841809034348e-02
1.176843326538801193e-02
1.361826062202453613e-02
1.254221238195896149e-02
1.363873202353715897e-02
1.284603867679834366e-02
1.365478429943323135e-02
1.408899948000907898e-02
1.387523766607046127e-02
1.167224720120429993e-02
1.373090781271457672e-02
1.379958726465702057e-02
1.372495293617248535e-02
1.409118250012397766e-02
1.364107057452201843e-02
1.277362741529941559e-02
1.375978626310825348e-02
1.314411964267492294e-02
1.339882053434848785e-02
1.364146545529365540e-02
1.390934269875288010e-02
1.301895081996917725e-02
1.391635183244943619e-02
1.402358803898096085e-02
1.334355119615793228e-02
1.351706590503454208e-02
1.411031279712915421e-02
1.279216725379228592e-02
1.339771784842014313e-02
1.092308852821588516e-02
1.342947408556938171e-02
1.370063424110412598e-02
1.393235288560390472e-02
1.407860126346349716e-02
1.329267863184213638e-02
1.387558877468109131e-02
1.269159279763698578e-02
1.355276629328727722e-02
1.399565860629081726e-02
1.406834367662668228e-02
1.437945012003183365e-02
1.439805421978235245e-02
1.366847194731235504e-02
1.371348556131124496e-02
1.391991972923278809e-02
1.362361107021570206e-02
1.401002053171396255e-02
1.416694000363349915e-02
1.367199979722499847e-02
1.287018693983554840e-02
1.401435211300849915e-02
1.367188058793544769e-02
1.418652571737766266e-02
1.409898791462182999e-02
1.350729539990425110e-02
1.337250135838985443e-02
1.288699824362993240e-02
1.259493548423051834e-02
1.321260724216699600e-02
1.385300233960151672e-02
1.298111956566572189e-02
1.363268494606018066e-02
1.188156567513942719e-02
1.369932573288679123e-02
8.958824910223484039e-03
1.265110727399587631e-02
1.386441197246313095e-02
1.150659285485744476e-02
1.289838179945945740e-02
1.349514815956354141e-02
1.351287867873907089e-02
1.306646782904863358e-02
1.383245643228292465e-02
1.353707257658243179e-02
1.405672077089548111e-02
1.384305953979492188e-02
1.406495552510023117e-02
1.390448492020368576e-02
1.271914876997470856e-02
1.402607839554548264e-02
1.387770846486091614e-02
1.390891987830400467e-02
1.301280222833156586e-02
1.378551125526428223e-02
1.335591357201337814e-02
1.012571062892675400e-02
1.322835963219404221e-02
1.271905656903982162e-02
1.281007565557956696e-02
1.422869041562080383e-02
1.356358826160430908e-02
1.357477623969316483e-02
1.423927862197160721e-02
1.403655018657445908e-02
1.248702686280012131e-02
1.354117784649133682e-02
1.414669211953878403e-02
1.343360263854265213e-02
1.348977442830801010e-02
1.378119271248579025e-02
1.134179811924695969e-02
1.415514107793569565e-02
1.409950014203786850e-02
1.359604392200708389e-02
1.412476692348718643e-02
1.297730766236782074e-02
1.391189917922019958e-02
1.250397600233554840e-02
1.378448586910963058e-02
1.344345230609178543e-02
1.365607883781194687e-02
1.390407606959342957e-02
1.419305521994829178e-02
1.367765106260776520e-02
8.147670887410640717e-03
1.362930610775947571e-02
1.315157208591699600e-02
1.392637100070714951e-02
7.818758487701416016e-03
1.240895316004753113e-02
1.348153408616781235e-02
1.247776672244071960e-02
1.379223261028528214e-02
1.396839972585439682e-02
1.368778105825185776e-02
1.381571311503648758e-02
1.364409830421209335e-02
1.436783466488122940e-02
1.450852677226066589e-02
1.260740403085947037e-02
1.402314938604831696e-02
1.399899646639823914e-02
1.380444783717393875e-02
1.322596333920955658e-02
1.350039523094892502e-02
1.405772566795349121e-02
1.205543242394924164e-02
1.394258439540863037e-02
1.407418586313724518e-02
7.459258660674095154e-03
1.351195480674505234e-02
1.372754480689764023e-02
1.424994785338640213e-02
1.379763707518577576e-02
1.378125790506601334e-02
1.232294831424951553e-02
1.412947569042444229e-02
1.434807758778333664e-02
1.422702986747026443e-02
1.346866134554147720e-02
1.283555291593074799e-02
1.394976023584604263e-02
1.375124230980873108e-02
1.328547205775976181e-02
1.284884009510278702e-02
1.392601151019334793e-02
6.869058590382337570e-03
1.369990501552820206e-02
1.372101344168186188e-02
1.318775489926338196e-02
1.358204428106546402e-02
1.376508735120296478e-02
1.436047255992889404e-02
1.362269837409257889e-02
1.384681370109319687e-02
1.267528440803289413e-02
1.392620522528886795e-02
1.353253051638603210e-02
1.041679643094539642e-02
1.403616648167371750e-02
1.364014390856027603e-02
1.283413264900445938e-02
1.249119639396667480e-02
1.187458354979753494e-02
1.396174822002649307e-02
1.322180870920419693e-02
1.405922975391149521e-02
1.358948275446891785e-02
1.372391264885663986e-02
1.391958631575107574e-02
1.338503416627645493e-02
1.352603640407323837e-02
1.379490736871957779e-02
1.236745715141296387e-02
1.340644899755716324e-02
1.384969428181648254e-02
1.398895587772130966e-02
1.432069297879934311e-02
1.235372945666313171e-02
1.386437378823757172e-02
1.378761138767004013e-02
1.360929384827613831e-02
1.254842244088649750e-02
1.379082724452018738e-02
1.345929503440856934e-02
1.382722239941358566e-02
1.406002324074506760e-02
1.414455845952033997e-02
1.402018032968044281e-02
1.357302628457546234e-02
1.357810199260711670e-02
1.357545889914035797e-02
1.430524047464132309e-02
1.327027659863233566e-02
1.325424108654260635e-02
1.397749502211809158e-02
1.368337962776422501e-02
1.388769410550594330e-02
1.374999340623617172e-02
1.370251085609197617e-02
1.367570552974939346e-02
1.373582798987627029e-02
1.414039637893438339e-02
1.281530037522315979e-02
1.380167622119188309e-02
1.367374975234270096e-02
1.285811141133308411e-02
1.400128845125436783e-02
1.366515364497900009e-02
1.393252983689308167e-02
1.358568668365478516e-02
1.376680657267570496e-02
1.365086995065212250e-02
1.296331360936164856e-02
1.435109972953796387e-02
1.352513674646615982e-02
1.423018611967563629e-02
1.405797805637121201e-02
1.372107304632663727e-02
1.372794713824987411e-02
1.374098099768161774e-02
1.410763058811426163e-02
1.409843564033508301e-02
1.364689413458108902e-02
1.292825676500797272e-02
1.363544072955846786e-02
1.428799983114004135e-02
1.370261516422033310e-02
1.367123983800411224e-02
1.372978463768959045e-02
1.352558657526969910e-02
1.377998851239681244e-02
1.421037036925554276e-02
1.446232479065656662e-02
1.417617406696081161e-02
1.274411752820014954e-02
1.229213085025548935e-02
1.385572832077741623e-02
1.385405659675598145e-02
1.366349775344133377e-02
1.357334945350885391e-02
1.408614497631788254e-02
1.247685309499502182e-02
1.375419739633798599e-02
1.403918582946062088e-02
1.358223520219326019e-02
1.370618958026170731e-02
1.380939129739999771e-02
1.232224702835083008e-02
1.435378193855285645e-02
1.415227446705102921e-02
1.380792818963527679e-02
1.396668236702680588e-02
1.313311792910099030e-02
9.937985800206661224e-03
1.346174813807010651e-02
1.054073311388492584e-02
1.323090400546789169e-02
1.315433904528617859e-02
1.351522747427225113e-02
1.347526907920837402e-02
1.402091421186923981e-02
1.312846317887306213e-02
1.383286342024803162e-02
1.406824029982089996e-02
1.339105051010847092e-02
7.962346076965332031e-03
1.358766760677099228e-02
1.049217768013477325e-02
1.104494370520114899e-02
1.363633945584297180e-02
1.429969351738691330e-02
1.408031582832336426e-02
1.368358172476291656e-02
7.852587848901748657e-03
1.393575593829154968e-02
1.354449149221181870e-02
1.317947544157505035e-02
1.363975461572408676e-02
1.350239757448434830e-02
1.381555292755365372e-02
1.398712955415248871e-02
9.972614236176013947e-03
1.300678309053182602e-02
1.395864877849817276e-02
1.361313182860612869e-02
1.317860465496778488e-02
1.416824106127023697e-02
1.408935990184545517e-02
1.397171244025230408e-02
1.321436837315559387e-02
1.400939468294382095e-02
1.422962825745344162e-02
1.364224497228860855e-02
1.351733133196830750e-02
1.433124858886003494e-02
1.329093612730503082e-02
1.330584846436977386e-02
1.325465738773345947e-02
1.350267324596643448e-02
1.355913002043962479e-02
1.380493026226758957e-02
1.412492711097002029e-02
1.362266577780246735e-02
1.373247150331735611e-02
1.467692945152521133e-02
1.314537320286035538e-02
1.386709418147802353e-02
7.576953154057264328e-03
1.383624039590358734e-02
1.417604647576808929e-02
1.234520878642797470e-02
1.370524801313877106e-02
1.389544922858476639e-02
1.233427599072456360e-02
1.317920908331871033e-02
1.384506747126579285e-02
1.399747375398874283e-02
1.351284142583608627e-02
1.356739643961191177e-02
1.429238915443420410e-02
1.324820518493652344e-02
1.380411349236965179e-02
1.400955952703952789e-02
1.387729868292808533e-02
1.342702750116586685e-02
1.397482492029666901e-02
1.334776636213064194e-02
1.307989284396171570e-02
1.358021423220634460e-02
1.389759220182895660e-02
1.410993374884128571e-02
1.390170957893133163e-02
1.340807881206274033e-02
1.388046424835920334e-02
1.392059400677680969e-02
1.317642536014318466e-02
1.429135538637638092e-02
1.405861694365739822e-02
1.356718316674232483e-02
1.002043858170509338e-02
1.410985831171274185e-02
1.395685877650976181e-02
1.360676065087318420e-02
1.409080345183610916e-02
1.353218313306570053e-02
1.396932918578386307e-02
1.321153249591588974e-02
1.342925056815147400e-02
1.049695536494255066e-02
1.372655946761369705e-02
1.311698555946350098e-02
1.319704856723546982e-02
1.395516749471426010e-02
1.402109581977128983e-02
1.316261291503906250e-02
1.360528077930212021e-02
1.430647168308496475e-02
1.403916440904140472e-02
1.431876420974731445e-02
1.364553254097700119e-02
1.294490974396467209e-02
1.351500395685434341e-02
1.278784871101379395e-02
1.047277078032493591e-02
1.376194320619106293e-02
1.420113164931535721e-02
1.422039233148097992e-02
1.355610135942697525e-02
1.495184935629367828e-02
1.155716180801391602e-02
1.337015628814697266e-02
1.390213705599308014e-02
1.212041173130273819e-02
1.362674590200185776e-02
1.419435348361730576e-02
1.316222455352544785e-02
9.947430342435836792e-03
1.402758620679378510e-02
1.335413847118616104e-02
1.423993147909641266e-02
1.348358392715454102e-02
1.411969307810068130e-02
1.257603801786899567e-02
1.358700636774301529e-02
1.385149639099836349e-02
1.383530255407094955e-02
1.390412729233503342e-02
1.365293189883232117e-02
1.289064344018697739e-02
1.441847905516624451e-02
1.390574965626001358e-02
1.410525757819414139e-02
1.085130497813224792e-02
7.991213351488113403e-03
1.147333160042762756e-02
1.313196774572134018e-02
1.384080573916435242e-02
1.364971045404672623e-02
1.357253268361091614e-02
1.422307174652814865e-02
1.340526621788740158e-02
1.181043684482574463e-02
1.387312449514865875e-02
1.347275730222463608e-02
1.389581523835659027e-02
1.350545883178710938e-02
1.325718127191066742e-02
1.375862117856740952e-02
1.383520755916833878e-02
1.388737279921770096e-02
1.391748432070016861e-02
9.106081910431385040e-03
1.323379203677177429e-02
1.401558611541986465e-02
1.329847890883684158e-02
1.390571519732475281e-02
1.244123373180627823e-02
1.353012118488550186e-02
1.383033674210309982e-02
1.377226039767265320e-02
1.369753386825323105e-02
1.456086430698633194e-02
8.953141048550605774e-03
1.415469963103532791e-02
1.388506218791007996e-02
1.342894975095987320e-02
1.359726395457983017e-02
1.307865697890520096e-02
1.378298085182905197e-02
1.397315226495265961e-02
1.380127109587192535e-02
1.247632782906293869e-02
1.329224184155464172e-02
1.147303357720375061e-02
1.384387630969285965e-02
1.401659008115530014e-02
1.334554795175790787e-02
1.371819339692592621e-02
1.333210431039333344e-02
1.420469488948583603e-02
1.339566987007856369e-02
1.337319053709506989e-02
1.271144952625036240e-02
1.418247912079095840e-02
1.383871491998434067e-02
1.313625648617744446e-02
1.216266490519046783e-02
1.336015108972787857e-02
1.424075756222009659e-02
1.406294386833906174e-02
1.284519955515861511e-02
1.399777457118034363e-02
1.334129646420478821e-02
1.348660513758659363e-02
1.412497553974390030e-02
1.367687061429023743e-02
1.239785552024841309e-02
1.396124903112649918e-02
1.370608806610107422e-02
1.431981101632118225e-02
1.133029069751501083e-02
1.393014192581176758e-02
1.369460020214319229e-02
1.386180520057678223e-02
1.306463684886693954e-02
1.405102666467428207e-02
1.363755110651254654e-02
1.386902574449777603e-02
1.445013843476772308e-02
1.325299683958292007e-02
1.384383719414472580e-02
1.383156143128871918e-02
1.261627301573753357e-02
1.383820176124572754e-02
1.395956519991159439e-02
1.345258019864559174e-02
1.272495929151773453e-02
1.411430630832910538e-02
1.328539010137319565e-02
1.434959098696708679e-02
1.326048653572797775e-02
1.399887260049581528e-02
1.339341141283512115e-02
1.340922620147466660e-02
1.331897452473640442e-02
1.388310827314853668e-02
1.366168539971113205e-02
1.363845262676477432e-02
1.351512037217617035e-02
1.399033609777688980e-02
1.385399606078863144e-02
1.384712383151054382e-02
1.358180399984121323e-02
1.392030436545610428e-02
1.358987484127283096e-02
1.427468005567789078e-02
1.397971808910369873e-02
1.450909581035375595e-02
1.363916322588920593e-02
1.316441968083381653e-02
1.391272898763418198e-02
1.377561688423156738e-02
1.432241871953010559e-02
8.400260470807552338e-03
1.365225110203027725e-02
1.391198020428419113e-02
1.413472555577754974e-02
9.839705191552639008e-03
1.399579644203186035e-02
1.279785390943288803e-02
1.429923810064792633e-02
1.376276370137929916e-02
1.376392878592014313e-02
1.353715639561414719e-02
1.113627944141626358e-02
1.386336050927639008e-02
1.378233637660741806e-02
1.358576770871877670e-02
1.367219444364309311e-02
1.361113786697387695e-02
1.400239393115043640e-02
1.375964283943176270e-02
1.399502158164978027e-02
1.216178573668003082e-02
1.371525134891271591e-02
1.378541532903909683e-02
1.409583352506160736e-02
1.358770206570625305e-02
1.381777320057153702e-02
1.088843867182731628e-02
1.340331509709358215e-02
1.107242144644260406e-02
1.444177329540252686e-02
1.372789777815341949e-02
1.368710398674011230e-02
1.360927242785692215e-02
1.386556588113307953e-02
1.296817697584629059e-02
1.382117532193660736e-02
1.380105875432491302e-02
1.369955018162727356e-02
1.395301427692174911e-02
1.392194721847772598e-02
1.338042411953210831e-02
9.406405501067638397e-03
1.445442996919155121e-02
1.391660887748003006e-02
1.408899668604135513e-02
1.357340812683105469e-02
1.335007511079311371e-02
1.321193668991327286e-02
1.231169141829013824e-02
1.320588309317827225e-02
1.377020683139562607e-02
1.163336634635925293e-02
1.372480392456054688e-02
1.323651615530252457e-02
1.381009165197610855e-02
1.342016458511352539e-02
9.073385037481784821e-03
1.348881144076585770e-02
1.398359332233667374e-02
1.446034014225006104e-02
1.438335701823234558e-02
1.377439498901367188e-02
1.416876632720232010e-02
1.337578333914279938e-02
1.342729106545448303e-02
1.360017340630292892e-02
1.327474694699048996e-02
1.446735858917236328e-02
1.409561280161142349e-02
1.157492399215698242e-02
1.328002009540796280e-02
1.364746410399675369e-02
1.381410751491785049e-02
7.579315919429063797e-03
1.219324860721826553e-02
1.369875110685825348e-02
1.406828686594963074e-02
1.335571613162755966e-02
1.301746442914009094e-02
1.385167520493268967e-02
1.407459471374750137e-02
1.366526726633310318e-02
1.300041098147630692e-02
1.354992948472499847e-02
1.413674000650644302e-02
1.318999566137790680e-02
1.380651071667671204e-02
1.384757831692695618e-02
1.180007494986057281e-02
1.336326636373996735e-02
9.011088870465755463e-03
1.377729140222072601e-02
1.361488457769155502e-02
1.367852091789245605e-02
1.330095529556274414e-02
1.394515577703714371e-02
1.393567956984043121e-02
1.362121943384408951e-02
1.272987760603427887e-02
1.461105700582265854e-02
1.419633254408836365e-02
1.339704357087612152e-02
1.317031029611825943e-02
1.306278910487890244e-02
1.438076794147491455e-02
1.362633146345615387e-02
1.015713624656200409e-02
1.357815507799386978e-02
1.363122742623090744e-02
1.403876580297946930e-02
1.337568834424018860e-02
1.362279895693063736e-02
9.407196193933486938e-03
1.369773969054222107e-02
1.316623296588659286e-02
1.443236973136663437e-02
1.343717612326145172e-02
1.429785229265689850e-02
1.414625905454158783e-02
1.306118443608283997e-02
1.399274542927742004e-02
1.329366210848093033e-02
1.387823279947042465e-02
1.393683254718780518e-02
1.366510707885026932e-02
1.365957502275705338e-02
1.421078760176897049e-02
1.377558428794145584e-02
7.447918877005577087e-03
1.347687933593988419e-02
1.364473626017570496e-02
1.340738497674465179e-02
1.340489182621240616e-02
1.371226832270622253e-02
1.324395742267370224e-02
1.373111084103584290e-02
1.388357672840356827e-02
1.367565430700778961e-02
1.395817473530769348e-02
1.342762447893619537e-02
1.452142652124166489e-02
1.309362053871154785e-02
1.394273433834314346e-02
1.361629087477922440e-02
1.429403480142354965e-02
1.354610361158847809e-02
1.375698391348123550e-02
1.418179273605346680e-02
1.338037569075822830e-02
1.426721457391977310e-02
1.363553944975137711e-02
1.388570107519626617e-02
1.329251565039157867e-02
1.207105256617069244e-02
1.355513278394937515e-02
1.272126194089651108e-02
1.352277677506208420e-02
1.268544234335422516e-02
1.371929608285427094e-02
1.436509843915700912e-02
1.357487495988607407e-02
1.396473124623298645e-02
1.335656084120273590e-02
1.360133010894060135e-02
1.394462864845991135e-02
1.409964356571435928e-02
1.401972211897373199e-02
1.420005876570940018e-02
1.353117823600769043e-02
1.387886330485343933e-02
1.392999570816755295e-02
1.363495551049709320e-02
1.338748261332511902e-02
1.122906617820262909e-02
1.385198440402746201e-02
1.354632619768381119e-02
1.358616631478071213e-02
1.309169270098209381e-02
1.387713849544525146e-02
1.392271276563405991e-02
1.272891741245985031e-02
1.324374135583639145e-02
9.531814604997634888e-03
1.292182132601737976e-02
1.369774248450994492e-02
1.416126452386379242e-02
1.379564311355352402e-02
1.369097735732793808e-02
1.366249285638332367e-02
1.380684133619070053e-02
1.387494243681430817e-02
1.382987760007381439e-02
1.398715656250715256e-02
1.359739340841770172e-02
1.287493109703063965e-02
1.293701026588678360e-02
1.406586170196533203e-02
1.369661744683980942e-02
1.375415921211242676e-02
1.364115159958600998e-02
1.384680625051259995e-02
1.397827267646789551e-02
1.400116086006164551e-02
9.276689961552619934e-03
1.338125765323638916e-02
1.405020710080862045e-02
1.363477390259504318e-02
1.375749427825212479e-02
1.404976006597280502e-02
1.392050366848707199e-02
1.384640578180551529e-02
1.236305758357048035e-02
1.334085408598184586e-02
9.954547509551048279e-03
1.363800838589668274e-02
1.374741271138191223e-02
1.386562269181013107e-02
1.332132145762443542e-02
1.259263418614864349e-02
1.409433409571647644e-02
1.429654937237501144e-02
1.382420305162668228e-02
1.430043578147888184e-02
1.375590171664953232e-02
1.384399924427270889e-02
1.400711573660373688e-02
1.378149352967739105e-02
1.372405886650085449e-02
1.356486883014440536e-02
1.351793669164180756e-02
1.399613078683614731e-02
1.393297314643859863e-02
1.393488328903913498e-02
1.353328023105859756e-02
1.442918088287115097e-02
1.332816574722528458e-02
1.282799150794744492e-02
1.181025896221399307e-02
1.298493240028619766e-02
1.407023426145315170e-02
1.435999292880296707e-02
1.382126752287149429e-02
1.387676876038312912e-02
1.339516602456569672e-02
1.393570564687252045e-02
1.366853434592485428e-02
1.424366515129804611e-02
1.427451334893703461e-02
1.370513718575239182e-02
1.418204233050346375e-02
1.369376201182603836e-02
1.338829472661018372e-02
1.403940096497535706e-02
1.421092357486486435e-02
1.409410871565341949e-02
1.377027668058872223e-02
1.321386732161045074e-02
1.320688519626855850e-02
1.259167585521936417e-02
1.391191501170396805e-02
1.346801873296499252e-02
1.368410978466272354e-02
1.393449306488037109e-02
1.398394908756017685e-02
1.334405597299337387e-02
1.368735171854496002e-02
1.396874152123928070e-02
1.415737811475992203e-02
1.302468217909336090e-02
1.404355838894844055e-02
1.304324902594089508e-02
1.326330658048391342e-02
1.345973648130893707e-02
1.340352091938257217e-02
7.957002148032188416e-03
1.341136638075113297e-02
1.391957327723503113e-02
1.358847413212060928e-02
1.341471634805202484e-02
1.303134299814701080e-02
1.430420950055122375e-02
1.400466822087764740e-02
1.066009420901536942e-02
1.394876278936862946e-02
1.309425197541713715e-02
1.377824321389198303e-02
1.345599815249443054e-02
1.368241664022207260e-02
1.371835265308618546e-02
1.351079065352678299e-02
1.258193887770175934e-02
1.340409554541110992e-02
1.359893754124641418e-02
1.323452591896057129e-02
1.397281885147094727e-02
1.423678733408451080e-02
1.420937571674585342e-02
1.362376008182764053e-02
1.401516236364841461e-02
1.428048685193061829e-02
1.113750878721475601e-02
1.392873283475637436e-02
1.373186986893415451e-02
1.384041830897331238e-02
1.300706621259450912e-02
1.391129847615957260e-02
1.415896695107221603e-02
1.344343926757574081e-02
1.389756239950656891e-02
1.382375322282314301e-02
1.411452796310186386e-02
1.437276974320411682e-02
1.403076015412807465e-02
1.408924162387847900e-02
1.320299785584211349e-02
1.397467218339443207e-02
1.388570014387369156e-02
1.028113532811403275e-02
1.375268679112195969e-02
1.317416038364171982e-02
1.115403138101100922e-02
1.406558509916067123e-02
1.394417323172092438e-02
1.377727370709180832e-02
1.372497156262397766e-02
1.260232366621494293e-02
1.373024936765432358e-02
1.386117935180664062e-02
1.269532088190317154e-02
1.384569332003593445e-02
1.308149937540292740e-02
1.349824387580156326e-02
1.410281937569379807e-02
1.351186633110046387e-02
1.409224234521389008e-02
1.378466840833425522e-02
1.385590527206659317e-02
1.395492907613515854e-02
1.342720352113246918e-02
1.338768098503351212e-02
1.001942995935678482e-02
1.396993640810251236e-02
1.389876101166009903e-02
1.292180735617876053e-02
