<system>Protocol: Active. Attitude: Sassy.</system>
5.376687273383140564e-03
5.045189522206783295e-03
5.876528099179267883e-03
1.021373458206653595e-02
5.613030865788459778e-03
6.139383651316165924e-03
5.251788999885320663e-03
5.651402752846479416e-03
5.149911157786846161e-03
5.713023245334625244e-03
5.202815867960453033e-03
5.582476966083049774e-03
5.707430187612771988e-03
5.127226002514362335e-03
5.159527063369750977e-03
5.722879897803068161e-03
5.795985460281372070e-03
5.401348695158958435e-03
5.327709950506687164e-03
5.281966179609298706e-03
5.208548624068498611e-03
5.368064157664775848e-03
5.326421931385993958e-03
5.560406949371099472e-03
5.518797319382429123e-03
5.733336322009563446e-03
5.093277432024478912e-03
5.785590969026088715e-03
5.477910861372947693e-03
5.349551327526569366e-03
6.160845980048179626e-03
5.459411069750785828e-03
5.346026271581649780e-03
5.100158974528312683e-03
5.298061762005090714e-03
4.287793301045894623e-03
5.377604626119136810e-03
5.442075431346893311e-03
5.411897785961627960e-03
5.105650052428245544e-03
5.355801898986101151e-03
5.343423224985599518e-03
7.830145768821239471e-03
5.398511886596679688e-03
5.267638247460126877e-03
7.888191379606723785e-03
5.628127139061689377e-03
4.877544473856687546e-03
5.493493750691413879e-03
5.294567905366420746e-03
5.540075711905956268e-03
5.260787438601255417e-03
5.310731474310159683e-03
5.388026125729084015e-03
5.783975124359130859e-03
5.457994528114795685e-03
5.472525954246520996e-03
5.448951385915279388e-03
5.326511338353157043e-03
5.459586158394813538e-03
5.401266273111104965e-03
5.236417055130004883e-03
5.865580867975950241e-03
5.190757103264331818e-03
5.332168191671371460e-03
5.372593179345130920e-03
5.530993454158306122e-03
5.511463619768619537e-03
5.277752876281738281e-03
5.480445455759763718e-03
9.189721196889877319e-03
5.273310467600822449e-03
5.174027290195226669e-03
5.557687021791934967e-03
5.410135257989168167e-03
5.205544643104076385e-03
5.260059144347906113e-03
5.307916086167097092e-03
5.705924239009618759e-03
4.606670700013637543e-03
5.105495452880859375e-03
5.713978316634893417e-03
5.314898211508989334e-03
6.337257102131843567e-03
5.280474666506052017e-03
9.264498949050903320e-03
5.275143310427665710e-03
5.360149778425693512e-03
5.350666120648384094e-03
5.139126908034086227e-03
5.403696559369564056e-03
5.617246963083744049e-03
5.240665748715400696e-03
5.348796956241130829e-03
5.144867114722728729e-03
1.681262068450450897e-02
5.164540372788906097e-03
5.298251286149024963e-03
5.641226656734943390e-03
5.394313484430313110e-03
5.508608184754848480e-03
5.578847602009773254e-03
5.289484746754169464e-03
5.553472787141799927e-03
6.097230128943920135e-03
5.132745020091533661e-03
5.217404570430517197e-03
5.636139772832393646e-03
5.366077646613121033e-03
5.287214647978544235e-03
5.360533948987722397e-03
5.252580158412456512e-03
5.295877344906330109e-03
5.641436669975519180e-03
5.268634762614965439e-03
5.698588211089372635e-03
5.356491543352603912e-03
5.659393034875392914e-03
5.621137563139200211e-03
5.461814813315868378e-03
5.466780159622430801e-03
5.234062671661376953e-03
5.411502439528703690e-03
5.289405584335327148e-03
5.295922048389911652e-03
5.355966743081808090e-03
5.537856835871934891e-03
5.280879791826009750e-03
5.117717664688825607e-03
5.312663037329912186e-03
5.425727460533380508e-03
5.472751799970865250e-03
5.127258598804473877e-03
5.302168428897857666e-03
5.250763148069381714e-03
5.384900141507387161e-03
5.521535407751798630e-03
5.483705084770917892e-03
5.335750989615917206e-03
5.325928796082735062e-03
5.496246274560689926e-03
5.585032515227794647e-03
5.500144325196743011e-03
5.283362232148647308e-03
5.184272769838571548e-03
5.917194299399852753e-03
5.342331714928150177e-03
5.281424149870872498e-03
5.539731122553348541e-03
5.257593467831611633e-03
5.442604888230562210e-03
5.405100062489509583e-03
5.326522048562765121e-03
5.683308001607656479e-03
4.960352554917335510e-03
5.247241351753473282e-03
5.193510092794895172e-03
5.387490615248680115e-03
5.160106346011161804e-03
5.242587998509407043e-03
5.405607167631387711e-03
5.478116683661937714e-03
5.097952205687761307e-03
5.364413373172283173e-03
5.216265097260475159e-03
5.468429531902074814e-03
5.196809303015470505e-03
5.583259742707014084e-03
5.547985434532165527e-03
5.370848812162876129e-03
5.532422102987766266e-03
5.362341180443763733e-03
5.305904895067214966e-03
5.500373430550098419e-03
5.494712851941585541e-03
5.738946609199047089e-03
5.585740786045789719e-03
5.636125337332487106e-03
5.494210869073867798e-03
5.452882032841444016e-03
5.645692348480224609e-03
5.288911052048206329e-03
5.578672513365745544e-03
5.557968746870756149e-03
5.689006298780441284e-03
5.535098258405923843e-03
5.509743001312017441e-03
5.301948636770248413e-03
5.336471367627382278e-03
5.064977332949638367e-03
5.464494694024324417e-03
5.389560945332050323e-03
5.542798899114131927e-03
5.322529468685388565e-03
5.567968823015689850e-03
5.032825283706188202e-03
5.590898916125297546e-03
5.050363019108772278e-03
5.335140507668256760e-03
5.614174064248800278e-03
5.610845983028411865e-03
5.534084048122167587e-03
5.219568032771348953e-03
5.572186317294836044e-03
5.491187330335378647e-03
5.519440397620201111e-03
5.324123427271842957e-03
5.343225318938493729e-03
5.752380937337875366e-03
5.718539003282785416e-03
5.188812967389822006e-03
5.266187246888875961e-03
5.513819865882396698e-03
5.336480215191841125e-03
5.816881079226732254e-03
5.975336302071809769e-03
5.090815015137195587e-03
5.344180855900049210e-03
5.444027949124574661e-03
5.081793759018182755e-03
5.319593008607625961e-03
5.626866593956947327e-03
5.388275720179080963e-03
1.180397439748048782e-02
5.491788499057292938e-03
5.371497012674808502e-03
5.542235914617776871e-03
5.522142164409160614e-03
5.689268000423908234e-03
5.191358737647533417e-03
5.308714695274829865e-03
5.308088846504688263e-03
5.305155646055936813e-03
5.231948103755712509e-03
5.412836559116840363e-03
5.384523421525955200e-03
5.328489467501640320e-03
7.242240011692047119e-03
5.262334365397691727e-03
5.410329438745975494e-03
5.360729526728391647e-03
5.047623068094253540e-03
5.414737388491630554e-03
5.627424456179141998e-03
5.460802931338548660e-03
4.950916394591331482e-03
5.412304773926734924e-03
5.544489715248346329e-03
5.517837591469287872e-03
5.356987938284873962e-03
5.246960557997226715e-03
5.539424717426300049e-03
5.380279850214719772e-03
5.078675691038370132e-03
5.433650687336921692e-03
5.237013101577758789e-03
5.624202080070972443e-03
5.369214341044425964e-03
5.029711872339248657e-03
5.313186440616846085e-03
5.311944056302309036e-03
5.284902174025774002e-03
5.123158916831016541e-03
5.471929442137479782e-03
5.372693296521902084e-03
5.227055866271257401e-03
5.241092760115861893e-03
1.400236785411834717e-02
5.266755353659391403e-03
5.538107361644506454e-03
5.311148706823587418e-03
5.621892865747213364e-03
5.647644866257905960e-03
5.187283270061016083e-03
5.409967619925737381e-03
1.197160966694355011e-02
5.430013407021760941e-03
5.584310740232467651e-03
5.292434245347976685e-03
5.528732668608427048e-03
5.549232475459575653e-03
5.420377478003501892e-03
5.634367465972900391e-03
5.368494428694248199e-03
5.596676375716924667e-03
5.385974422097206116e-03
5.199107341468334198e-03
5.216879304498434067e-03
5.267798900604248047e-03
5.379009060561656952e-03
5.581586621701717377e-03
5.326541140675544739e-03
5.257964599877595901e-03
5.240276455879211426e-03
6.724602542817592621e-03
5.347024649381637573e-03
5.554365925490856171e-03
1.440818887203931808e-02
5.161738023161888123e-03
5.131735466420650482e-03
5.002514459192752838e-03
5.324931815266609192e-03
5.471040029078722000e-03
5.504200700670480728e-03
5.898694507777690887e-03
5.280415527522563934e-03
5.374422296881675720e-03
5.426901858299970627e-03
5.494805052876472473e-03
5.578319076448678970e-03
5.215073470026254654e-03
5.611308850347995758e-03
5.221083294600248337e-03
5.273335613310337067e-03
5.187726579606533051e-03
5.349061451852321625e-03
5.609468091279268265e-03
5.526213906705379486e-03
5.778787191957235336e-03
5.415634252130985260e-03
5.627446807920932770e-03
5.568548571318387985e-03
5.580932833254337311e-03
5.690532736480236053e-03
5.560593679547309875e-03
5.407071206718683243e-03
5.339551717042922974e-03
5.470075178891420364e-03
5.661078728735446930e-03
5.491630174219608307e-03
5.181248299777507782e-03
5.316486582159996033e-03
5.744147580116987228e-03
5.115585401654243469e-03
5.605756305158138275e-03
5.751063581556081772e-03
5.078245885670185089e-03
5.279956385493278503e-03
5.997762084007263184e-03
5.920249037444591522e-03
5.662010516971349716e-03
4.947981331497430801e-03
5.406327079981565475e-03
5.581406876444816589e-03
5.369102116674184799e-03
5.620426964014768600e-03
5.386874545365571976e-03
5.273054353892803192e-03
5.268589127808809280e-03
5.152290686964988708e-03
5.456863436847925186e-03
5.330821499228477478e-03
5.602551624178886414e-03
4.944242537021636963e-03
5.436345934867858887e-03
5.134933628141880035e-03
5.412545055150985718e-03
5.368567537516355515e-03
5.301545374095439911e-03
5.714876577258110046e-03
5.425250623375177383e-03
5.284673534333705902e-03
5.229009315371513367e-03
5.301261320710182190e-03
5.163976922631263733e-03
5.902966484427452087e-03
5.317992996424436569e-03
5.499450489878654480e-03
5.371452309191226959e-03
4.323143512010574341e-03
5.314561538398265839e-03
5.368432961404323578e-03
5.204566754400730133e-03
5.204750224947929382e-03
5.254879593849182129e-03
5.222679581493139267e-03
5.266325548291206360e-03
5.275441333651542664e-03
5.526206921786069870e-03
5.612177774310112000e-03
9.745283052325248718e-03
5.418610759079456329e-03
5.385868251323699951e-03
5.203729029744863510e-03
5.263798870146274567e-03
5.419222638010978699e-03
5.541047081351280212e-03
7.368999533355236053e-03
5.599590949714183807e-03
6.220827810466289520e-03
5.617719143629074097e-03
5.300875287503004074e-03
5.468766205012798309e-03
6.072745658457279205e-03
5.392083432525396347e-03
6.126044318079948425e-03
5.695379339158535004e-03
5.278292112052440643e-03
5.476495716720819473e-03
7.247212342917919159e-03
5.625371355563402176e-03
5.207113921642303467e-03
5.450942553579807281e-03
5.284010432660579681e-03
5.244181491434574127e-03
5.199844017624855042e-03
5.384136922657489777e-03
5.201316438615322113e-03
5.098872352391481400e-03
4.461792763322591782e-03
4.853438585996627808e-03
2.806113660335540771e-02
5.515006370842456818e-03
4.838292486965656281e-03
5.855065304785966873e-03
5.555872805416584015e-03
5.414821207523345947e-03
5.336035974323749542e-03
5.491573363542556763e-03
5.261060781776905060e-03
5.981627386063337326e-03
5.332237109541893005e-03
4.948036745190620422e-03
6.273346953094005585e-03
5.509397014975547791e-03
5.334105342626571655e-03
4.552456550300121307e-03
5.447867326438426971e-03
5.219751037657260895e-03
5.590592045336961746e-03
5.106596276164054871e-03
5.279062315821647644e-03
5.206000525504350662e-03
5.508517846465110779e-03
5.645998753607273102e-03
5.492960102856159210e-03
5.521208979189395905e-03
5.552590824663639069e-03
4.836213774979114532e-03
5.484379827976226807e-03
5.122717469930648804e-03
5.546628497540950775e-03
5.694507155567407608e-03
5.173770245164632797e-03
6.692178547382354736e-03
4.243831150233745575e-03
5.722281523048877716e-03
5.474526435136795044e-03
5.409287754446268082e-03
5.822877865284681320e-03
5.600307136774063110e-03
5.469575524330139160e-03
5.218007136136293411e-03
5.955925211310386658e-03
5.250825081020593643e-03
5.755336023867130280e-03
5.184329114854335785e-03
7.338059600442647934e-03
5.117686465382575989e-03
5.482477135956287384e-03
5.459526088088750839e-03
5.117470864206552505e-03
5.563797429203987122e-03
4.499825648963451385e-03
5.542718339711427689e-03
5.205286201089620590e-03
4.460568539798259735e-03
5.132953636348247528e-03
5.388298537582159042e-03
5.078356713056564331e-03
5.263765342533588409e-03
5.062505602836608887e-03
5.305822473019361496e-03
5.481461528688669205e-03
5.457014776766300201e-03
5.504701286554336548e-03
5.393841303884983063e-03
4.463770426809787750e-03
5.320173222571611404e-03
5.235278978943824768e-03
5.248666740953922272e-03
5.447124131023883820e-03
5.342263728380203247e-03
5.343685392290353775e-03
5.546845495700836182e-03
1.866720058023929596e-02
1.121493615210056305e-02
5.262719467282295227e-03
4.918102174997329712e-03
6.410819478332996368e-03
5.362141877412796021e-03
5.480008199810981750e-03
5.424272734671831131e-03
5.329938605427742004e-03
5.634933710098266602e-03
5.508736707270145416e-03
1.421036384999752045e-02
5.942416377365589142e-03
5.197453778237104416e-03
5.316734313964843750e-03
5.350018851459026337e-03
4.720643162727355957e-03
5.442677065730094910e-03
5.466587841510772705e-03
5.482853855937719345e-03
5.282074213027954102e-03
5.357383750379085541e-03
5.322387907654047012e-03
5.430297926068305969e-03
5.868213251233100891e-03
5.543895997107028961e-03
5.594303831458091736e-03
1.321748364716768265e-02
4.751825239509344101e-03
5.554097704589366913e-03
5.227562040090560913e-03
5.406751297414302826e-03
5.320908501744270325e-03
5.375268403440713882e-03
5.186249502003192902e-03
5.468204617500305176e-03
5.985092837363481522e-03
6.566277705132961273e-03
5.363842938095331192e-03
5.236620549112558365e-03
4.648561589419841766e-03
5.977499298751354218e-03
5.024087615311145782e-03
5.700959824025630951e-03
5.576258525252342224e-03
5.039540585130453110e-03
5.385297350585460663e-03
5.277396179735660553e-03
5.274110473692417145e-03
5.319267977029085159e-03
5.082679912447929382e-03
5.597549490630626678e-03
5.220803432166576385e-03
5.265914835035800934e-03
5.645679309964179993e-03
5.307903047651052475e-03
5.504959262907505035e-03
5.180741660296916962e-03
5.190115422010421753e-03
5.350873805582523346e-03
5.332071334123611450e-03
5.072878673672676086e-03
5.414948798716068268e-03
5.472533404827117920e-03
5.286946892738342285e-03
5.540837533771991730e-03
5.777927115559577942e-03
5.394701845943927765e-03
5.126885138452053070e-03
5.334815010428428650e-03
5.547094158828258514e-03
5.221365019679069519e-03
5.436575971543788910e-03
5.402980372309684753e-03
5.423484370112419128e-03
5.209499038755893707e-03
5.403568968176841736e-03
5.577650852501392365e-03
5.536093376576900482e-03
5.455881357192993164e-03
5.153892561793327332e-03
5.367232020944356918e-03
5.458770319819450378e-03
5.181033164262771606e-03
5.417367443442344666e-03
5.275932140648365021e-03
5.269189365208148956e-03
5.331827793270349503e-03
5.370852071791887283e-03
5.259489640593528748e-03
5.439428612589836121e-03
5.520554259419441223e-03
5.211312789469957352e-03
5.222787149250507355e-03
5.274903029203414917e-03
5.490071140229701996e-03
4.778415895998477936e-03
5.608121864497661591e-03
5.394416861236095428e-03
5.515821743756532669e-03
5.114092025905847549e-03
5.218086298555135727e-03
5.099140107631683350e-03
5.206304602324962616e-03
5.088067147880792618e-03
5.228627473115921021e-03
5.221032537519931793e-03
5.507808644324541092e-03
5.553940311074256897e-03
5.264131817966699600e-03
5.271785426884889603e-03
5.082757212221622467e-03
5.366070661693811417e-03
5.235977005213499069e-03
5.521188955754041672e-03
5.781031679362058640e-03
5.209078080952167511e-03
5.513902753591537476e-03
5.384581629186868668e-03
6.915958132594823837e-03
5.207443144172430038e-03
5.641537718474864960e-03
5.368351470679044724e-03
5.305544007569551468e-03
5.340683273971080780e-03
5.358481314033269882e-03
5.478578153997659683e-03
5.281582474708557129e-03
5.907319020479917526e-03
5.422922782599925995e-03
5.125922616571187973e-03
5.963391624391078949e-03
5.306835286319255829e-03
5.264149047434329987e-03
5.649570841342210770e-03
5.392801947891712189e-03
5.440894048660993576e-03
5.494014825671911240e-03
5.397604778409004211e-03
1.366178225725889206e-02
5.393845029175281525e-03
4.191174171864986420e-03
5.360674578696489334e-03
5.336264614015817642e-03
5.282187834382057190e-03
5.331309512257575989e-03
4.994058981537818909e-03
5.236480385065078735e-03
5.709367804229259491e-03
5.230691283941268921e-03
5.782736930996179581e-03
5.267467815428972244e-03
5.462118424475193024e-03
5.188893526792526245e-03
5.728886462748050690e-03
5.472394637763500214e-03
5.279037170112133026e-03
5.534121766686439514e-03
5.231438670307397842e-03
6.877010688185691833e-03
4.766953177750110626e-03
5.330053158104419708e-03
5.143540911376476288e-03
5.364137701690196991e-03
5.183962639421224594e-03
5.559448152780532837e-03
4.841976799070835114e-03
5.881421267986297607e-03
5.596144124865531921e-03
5.287975072860717773e-03
5.400668829679489136e-03
5.554464645683765411e-03
5.448128562420606613e-03
5.025985650718212128e-03
5.494660697877407074e-03
5.158885382115840912e-03
4.834339022636413574e-03
5.415602121502161026e-03
6.162049248814582825e-03
5.332325119525194168e-03
5.444316659122705460e-03
5.842770915478467941e-03
5.471932236105203629e-03
1.109588611871004105e-02
5.649846512824296951e-03
5.093865096569061279e-03
5.435414612293243408e-03
5.247815512120723724e-03
5.273238755762577057e-03
5.714545026421546936e-03
5.336666014045476913e-03
5.655493587255477905e-03
5.036185495555400848e-03
5.601729266345500946e-03
5.300717428326606750e-03
5.311995744705200195e-03
5.722432397305965424e-03
5.619178526103496552e-03
5.068727303296327591e-03
5.458383820950984955e-03
5.158296786248683929e-03
5.273353774100542068e-03
1.130642183125019073e-02
5.293766502290964127e-03
5.244525149464607239e-03
4.982761107385158539e-03
5.411507561802864075e-03
5.335382651537656784e-03
5.644212476909160614e-03
5.414375104010105133e-03
5.234239622950553894e-03
5.468388088047504425e-03
5.399067886173725128e-03
5.391504149883985519e-03
5.534778349101543427e-03
5.722961854189634323e-03
5.430542863905429840e-03
5.473885685205459595e-03
5.052841268479824066e-03
5.400037392973899841e-03
5.340346135199069977e-03
5.364704877138137817e-03
5.891503766179084778e-03
9.211119264364242554e-03
3.890262218192219734e-03
5.380868911743164062e-03
5.282472819089889526e-03
5.419530905783176422e-03
5.187733098864555359e-03
5.393592175096273422e-03
5.547172855585813522e-03
5.223206710070371628e-03
5.441796965897083282e-03
5.397204309701919556e-03
5.265864543616771698e-03
5.495260469615459442e-03
5.246290937066078186e-03
5.416322499513626099e-03
5.773734301328659058e-03
5.546678323298692703e-03
5.407490301877260208e-03
5.332324188202619553e-03
5.246593616902828217e-03
5.500700324773788452e-03
4.923945292830467224e-03
5.349912680685520172e-03
5.425190087407827377e-03
1.405970752239227295e-02
5.601833574473857880e-03
5.110028199851512909e-03
4.114315379410982132e-03
5.566996522247791290e-03
5.613032728433609009e-03
3.888230305165052414e-03
5.155179183930158615e-03
5.107020027935504913e-03
5.536611657589673996e-03
5.275005474686622620e-03
5.799679085612297058e-03
4.721218720078468323e-03
5.306464154273271561e-03
5.623875651508569717e-03
5.301565397530794144e-03
5.490805953741073608e-03
6.373386830091476440e-03
4.957125522196292877e-03
5.322129465639591217e-03
5.419284105300903320e-03
7.463056594133377075e-03
5.724704358726739883e-03
5.680340342223644257e-03
4.619345068931579590e-03
5.574412643909454346e-03
1.045306492596864700e-02
5.337733309715986252e-03
5.445527378469705582e-03
5.791437812149524689e-03
5.195789039134979248e-03
5.528309848159551620e-03
5.231141578406095505e-03
5.834001582115888596e-03
5.279742181301116943e-03
5.350641440600156784e-03
5.385058932006359100e-03
5.730966106057167053e-03
5.444461479783058167e-03
5.739041604101657867e-03
5.273593589663505554e-03
5.369788967072963715e-03
4.709273576736450195e-03
5.383470095694065094e-03
5.489761941134929657e-03
5.460810847580432892e-03
5.008717067539691925e-03
5.201159045100212097e-03
5.348525010049343109e-03
5.577808246016502380e-03
5.313684698194265366e-03
5.291128531098365784e-03
5.943141877651214600e-03
5.323691293597221375e-03
5.394395440816879272e-03
5.386925768107175827e-03
5.517160519957542419e-03
4.980513826012611389e-03
5.340246949344873428e-03
5.454744212329387665e-03
5.445799790322780609e-03
5.095092579722404480e-03
5.591195542365312576e-03
5.489639937877655029e-03
5.674381740391254425e-03
5.774118471890687943e-03
5.270788911730051041e-03
5.509005859494209290e-03
5.226605106145143509e-03
5.189329385757446289e-03
1.021239906549453735e-02
5.614199675619602203e-03
5.520563572645187378e-03
5.524531938135623932e-03
4.990555811673402786e-03
5.141059402376413345e-03
5.135598592460155487e-03
5.337741225957870483e-03
5.086906719952821732e-03
5.474411882460117340e-03
5.489840172231197357e-03
5.445498973131179810e-03
5.511343013495206833e-03
5.631792824715375900e-03
5.377980880439281464e-03
5.578767508268356323e-03
5.452760029584169388e-03
5.118735600262880325e-03
5.109107587486505508e-03
4.239429254084825516e-03
5.528794601559638977e-03
5.196738522499799728e-03
5.164667498320341110e-03
5.494341719895601273e-03
5.298238247632980347e-03
5.166778806596994400e-03
5.791281349956989288e-03
5.384126678109169006e-03
5.619348026812076569e-03
5.260441452264785767e-03
5.383058451116085052e-03
4.975952208042144775e-03
1.071318238973617554e-02
5.433524958789348602e-03
5.144415888935327530e-03
5.322410725057125092e-03
5.162621848285198212e-03
5.295433104038238525e-03
5.344897042959928513e-03
5.460917018353939056e-03
5.143213085830211639e-03
6.106054410338401794e-03
5.325742065906524658e-03
5.629675462841987610e-03
5.460740067064762115e-03
5.359007976949214935e-03
4.975526593625545502e-03
5.600924137979745865e-03
5.079524591565132141e-03
5.297953262925148010e-03
5.459322594106197357e-03
5.536396987736225128e-03
5.430181510746479034e-03
5.712210200726985931e-03
5.397131666541099548e-03
5.542234517633914948e-03
5.315053276717662811e-03
5.317847244441509247e-03
5.248320288956165314e-03
5.374788306653499603e-03
5.510100629180669785e-03
5.566473584622144699e-03
5.035223439335823059e-03
5.121916532516479492e-03
4.914901684969663620e-03
5.074013955891132355e-03
5.209728144109249115e-03
7.814792916178703308e-03
5.343983881175518036e-03
5.213755648583173752e-03
5.309784784913063049e-03
5.223734304308891296e-03
5.398326553404331207e-03
5.949796643108129501e-03
5.193319171667098999e-03
5.463373847305774689e-03
5.681130103766918182e-03
5.463987123221158981e-03
5.157705396413803101e-03
5.238711833953857422e-03
5.396198481321334839e-03
4.926166497170925140e-03
9.890191256999969482e-03
5.747132934629917145e-03
5.434425082057714462e-03
5.609144922345876694e-03
5.423622671514749527e-03
5.153635516762733459e-03
5.379526410251855850e-03
5.085977725684642792e-03
5.280111916363239288e-03
5.334879271686077118e-03
5.465065129101276398e-03
5.240256898105144501e-03
5.317162722349166870e-03
5.482149310410022736e-03
5.582247860729694366e-03
5.391019396483898163e-03
5.344958044588565826e-03
5.377399735152721405e-03
5.649245344102382660e-03
5.346109624952077866e-03
5.486235488206148148e-03
5.327590275555849075e-03
5.542261525988578796e-03
5.462512373924255371e-03
4.642081446945667267e-03
5.462522618472576141e-03
5.218547768890857697e-03
5.306476727128028870e-03
5.409502424299716949e-03
5.103093106299638748e-03
5.603427998721599579e-03
5.123236216604709625e-03
5.961145740002393723e-03
5.270774476230144501e-03
1.091614179313182831e-02
5.223694257438182831e-03
5.938792135566473007e-03
5.538952536880970001e-03
5.501659587025642395e-03
5.158009938895702362e-03
5.625914782285690308e-03
4.960962105542421341e-03
5.265877582132816315e-03
5.243343301117420197e-03
6.846412550657987595e-03
5.386859178543090820e-03
5.528586916625499725e-03
5.544536747038364410e-03
5.271732807159423828e-03
5.274166353046894073e-03
5.480001214891672134e-03
5.395615473389625549e-03
5.406735464930534363e-03
5.165363661944866180e-03
5.082021933048963547e-03
5.489111877977848053e-03
5.877500399947166443e-03
5.375970620661973953e-03
4.522827453911304474e-03
5.646436940878629684e-03
5.266264546662569046e-03
5.243692547082901001e-03
5.218598525971174240e-03
5.260438658297061920e-03
5.494116339832544327e-03
5.353645421564579010e-03
1.071497704833745956e-02
4.889153875410556793e-03
5.310536827892065048e-03
6.244604010134935379e-03
5.453474819660186768e-03
5.344565957784652710e-03
5.151838064193725586e-03
5.136409308761358261e-03
5.759989377111196518e-03
5.886878818273544312e-03
5.265263840556144714e-03
5.138016305863857269e-03
5.588596686720848083e-03
5.186351481825113297e-03
5.441886372864246368e-03
5.132834427058696747e-03
5.245283246040344238e-03
5.416997708380222321e-03
5.465787835419178009e-03
5.244894418865442276e-03
5.233912728726863861e-03
5.596427712589502335e-03
5.419079679995775223e-03
5.482906010001897812e-03
5.311970133334398270e-03
5.389437079429626465e-03
5.530061665922403336e-03
5.593788810074329376e-03
5.397747736424207687e-03
5.193731747567653656e-03
5.182908382266759872e-03
5.662691779434680939e-03
5.930383689701557159e-03
4.979272373020648956e-03
5.215517245233058929e-03
5.241619423031806946e-03
5.287931766360998154e-03
5.227355752140283585e-03
5.904876627027988434e-03
5.377157591283321381e-03
5.352507345378398895e-03
5.488301627337932587e-03
5.452869459986686707e-03
5.458997562527656555e-03
4.817590117454528809e-03
5.229088477790355682e-03
5.346249788999557495e-03
5.436137784272432327e-03
5.259386263787746429e-03
5.369328428059816360e-03
5.477393046021461487e-03
5.487815476953983307e-03
7.358154747635126114e-03
5.382885225117206573e-03
5.671239923685789108e-03
5.335099529474973679e-03
5.506234243512153625e-03
5.677271168678998947e-03
5.454476922750473022e-03
5.497578997164964676e-03
5.286077503114938736e-03
5.473069846630096436e-03
5.528320558369159698e-03
5.312033928930759430e-03
5.298623815178871155e-03
5.428271368145942688e-03
5.355355329811573029e-03
5.375832784920930862e-03
5.222300533205270767e-03
5.288890562951564789e-03
5.419570486992597580e-03
5.744624882936477661e-03
5.250503309071063995e-03
4.423408303409814835e-03
5.375042557716369629e-03
5.105446092784404755e-03
5.731094162911176682e-03
5.821663886308670044e-03
5.325532983988523483e-03
5.476915743201971054e-03
5.093466490507125854e-03
5.446729250252246857e-03
5.469657480716705322e-03
5.406491924077272415e-03
5.175501573830842972e-03
5.395061336457729340e-03
5.624371580779552460e-03
5.426288582384586334e-03
5.563781131058931351e-03
5.145193077623844147e-03
5.375308915972709656e-03
5.388151388615369797e-03
5.374786444008350372e-03
5.475302226841449738e-03
1.050137449055910110e-02
5.086704157292842865e-03
5.324595607817173004e-03
4.957148805260658264e-03
5.255862139165401459e-03
5.134156439453363419e-03
5.563414655625820160e-03
5.385782569646835327e-03
5.386046599596738815e-03
4.812519997358322144e-03
5.645260214805603027e-03
5.576534662395715714e-03
5.617708899080753326e-03
5.643214099109172821e-03
5.279013421386480331e-03
5.225501488894224167e-03
5.325978621840476990e-03
5.287790670990943909e-03
5.263553000986576080e-03
4.567130003124475479e-03
5.417584907263517380e-03
6.003073882311582565e-03
5.929850973188877106e-03
5.350704770535230637e-03
5.302809178829193115e-03
5.930851679295301437e-03
6.436524912714958191e-03
5.271583329886198044e-03
1.085422281175851822e-02
5.473611876368522644e-03
5.362363066524267197e-03
5.407238844782114029e-03
5.525651853531599045e-03
5.366235505789518356e-03
5.406913347542285919e-03
5.205526016652584076e-03
5.030525848269462585e-03
5.154299084097146988e-03
5.536200944334268570e-03
5.411744117736816406e-03
5.136477760970592499e-03
5.447340197861194611e-03
6.918180733919143677e-03
5.381111986935138702e-03
5.151893943548202515e-03
5.290775094181299210e-03
5.770034622400999069e-03
5.241171456873416901e-03
8.277895860373973846e-03
5.172285251319408417e-03
5.530539434403181076e-03
5.532942712306976318e-03
5.365922115743160248e-03
5.518211517482995987e-03
5.519777536392211914e-03
5.287699401378631592e-03
5.462482571601867676e-03
5.465414840728044510e-03
5.426736548542976379e-03
5.854025948792695999e-03
5.613954737782478333e-03
5.151493009179830551e-03
5.473103374242782593e-03
5.908409133553504944e-03
5.017166957259178162e-03
5.675435066223144531e-03
8.794188499450683594e-03
5.426504649221897125e-03
5.453657358884811401e-03
5.340571049600839615e-03
5.581108853220939636e-03
5.623873323202133179e-03
5.274702794849872589e-03
8.768217638134956360e-03
5.339494440704584122e-03
6.009716074913740158e-03
5.195754580199718475e-03
5.462369881570339203e-03
5.271306261420249939e-03
5.154041573405265808e-03
5.291956476867198944e-03
5.926241632550954819e-03
5.624937359243631363e-03
5.380573216825723648e-03
5.129680968821048737e-03
5.408921279013156891e-03
5.189546849578619003e-03
5.556833930313587189e-03
5.559652112424373627e-03
5.206840112805366516e-03
5.536656826734542847e-03
5.578604526817798615e-03
5.088940262794494629e-03
5.292663350701332092e-03
5.603177472949028015e-03
5.234879441559314728e-03
5.184477195143699646e-03
5.357868969440460205e-03
5.504855886101722717e-03
5.286222323775291443e-03
5.431262776255607605e-03
5.340235307812690735e-03
4.981206730008125305e-03
5.318752489984035492e-03
5.498797632753849030e-03
5.559116601943969727e-03
6.368831265717744827e-03
5.347097292542457581e-03
5.404739640653133392e-03
5.394190549850463867e-03
5.475176963955163956e-03
5.269861780107021332e-03
5.955638363957405090e-03
5.542332772165536880e-03
5.264742765575647354e-03
5.558518692851066589e-03
5.264821462333202362e-03
5.160769913345575333e-03
5.436124280095100403e-03
5.353001412004232407e-03
5.411530844867229462e-03
5.192416720092296600e-03
5.192594137042760849e-03
5.697969347238540649e-03
5.208091344684362411e-03
5.411875434219837189e-03
5.354263819754123688e-03
5.391256883740425110e-03
5.775337573140859604e-03
5.178401246666908264e-03
5.096293985843658447e-03
5.345405079424381256e-03
5.361653864383697510e-03
5.148683674633502960e-03
4.802974406629800797e-03
5.286131985485553741e-03
5.298998206853866577e-03
5.228097084909677505e-03
5.567146465182304382e-03
5.258701741695404053e-03
5.432147532701492310e-03
5.818496458232402802e-03
5.514170043170452118e-03
5.292765330523252487e-03
5.444541573524475098e-03
5.609468091279268265e-03
5.200394429266452789e-03
5.807757377624511719e-03
5.484772846102714539e-03
5.148209631443023682e-03
5.441616289317607880e-03
5.575746297836303711e-03
5.271313246339559555e-03
5.340371280908584595e-03
5.198924802243709564e-03
5.827640648931264877e-03
6.357803940773010254e-03
5.241552367806434631e-03
5.131521727889776230e-03
5.713782273232936859e-03
5.206809379160404205e-03
5.260625388473272324e-03
5.733519792556762695e-03
5.095328204333782196e-03
5.367313977330923080e-03
5.060533061623573303e-03
5.427349824458360672e-03
5.164740607142448425e-03
5.428676493465900421e-03
5.681591108441352844e-03
5.338083952665328979e-03
5.392547696828842163e-03
5.648566875606775284e-03
5.367342848330736160e-03
5.587799474596977234e-03
1.059201080352067947e-02
5.889729131013154984e-03
5.225708242505788803e-03
5.087415222078561783e-03
5.440142005681991577e-03
5.504979752004146576e-03
5.305883008986711502e-03
5.376407876610755920e-03
5.557136610150337219e-03
5.169899202883243561e-03
5.137830041348934174e-03
5.366096738725900650e-03
5.347417201846837997e-03
5.435020662844181061e-03
5.445623770356178284e-03
5.464064422994852066e-03
5.661734379827976227e-03
5.475659854710102081e-03
5.138720385730266571e-03
5.284860730171203613e-03
5.172174423933029175e-03
5.022948607802391052e-03
5.319261457771062851e-03
5.120562389492988586e-03
6.070067174732685089e-03
5.485432222485542297e-03
5.433623678982257843e-03
5.259383004158735275e-03
5.125199444591999054e-03
5.148475989699363708e-03
5.158240906894207001e-03
5.132278893142938614e-03
5.373320542275905609e-03
5.324949044734239578e-03
5.589208565652370453e-03
4.601038992404937744e-03
5.031650885939598083e-03
5.204460117965936661e-03
4.950023256242275238e-03
5.400199443101882935e-03
5.443530622869729996e-03
5.586006212979555130e-03
5.473033525049686432e-03
5.838864482939243317e-03
4.869713447988033295e-03
5.675683729350566864e-03
5.316474474966526031e-03
5.066864192485809326e-03
5.677932873368263245e-03
5.477839149534702301e-03
5.534281488507986069e-03
5.370953120291233063e-03
5.163994152098894119e-03
5.191533826291561127e-03
5.765293724834918976e-03
5.152172408998012543e-03
9.195486083626747131e-03
5.373031832277774811e-03
5.287074483931064606e-03
6.837490946054458618e-03
5.346637219190597534e-03
5.234379321336746216e-03
5.413002334535121918e-03
5.520538426935672760e-03
5.242982413619756699e-03
5.388459190726280212e-03
5.609947256743907928e-03
5.321708507835865021e-03
5.266429856419563293e-03
5.558177363127470016e-03
5.123181734234094620e-03
4.816978238523006439e-03
5.463265348225831985e-03
5.075680091977119446e-03
5.051510408520698547e-03
5.498380400240421295e-03
5.703075788915157318e-03
5.861312150955200195e-03
5.290986038744449615e-03
5.236976314336061478e-03
5.231665913015604019e-03
5.222475156188011169e-03
5.615687929093837738e-03
5.216680467128753662e-03
5.447517149150371552e-03
4.437123425304889679e-03
5.403611809015274048e-03
5.348686128854751587e-03
5.517325364053249359e-03
1.130180712789297104e-02
5.328906234353780746e-03
5.407599266618490219e-03
5.390341393649578094e-03
4.790104925632476807e-03
5.366340745240449905e-03
5.247854627668857574e-03
5.417718552052974701e-03
5.199482664465904236e-03
5.389588419348001480e-03
5.381814669817686081e-03
5.651713348925113678e-03
5.576197057962417603e-03
5.344985984265804291e-03
6.044941954314708710e-03
5.383909679949283600e-03
5.552235990762710571e-03
5.188017152249813080e-03
5.357304587960243225e-03
5.356648936867713928e-03
5.448067095130681992e-03
5.409750621765851974e-03
5.368832033127546310e-03
5.391575861722230911e-03
5.376907996833324432e-03
5.253007169812917709e-03
5.943416152149438858e-03
5.766164511442184448e-03
5.358229391276836395e-03
5.156144965440034866e-03
5.259693600237369537e-03
5.059984978288412094e-03
5.377054214477539062e-03
5.152835510671138763e-03
5.414693616330623627e-03
5.493660457432270050e-03
5.397298838943243027e-03
5.314107518643140793e-03
4.100667312741279602e-03
5.283956881612539291e-03
5.373348016291856766e-03
5.450672935694456100e-03
5.319369025528430939e-03
5.383742973208427429e-03
5.323578603565692902e-03
5.235457792878150940e-03
5.365642718970775604e-03
5.649233236908912659e-03
5.952165462076663971e-03
5.289329215884208679e-03
7.099643349647521973e-03
5.703662987798452377e-03
5.148957483470439911e-03
5.498605314642190933e-03
5.056079477071762085e-03
6.783981807529926300e-03
5.630724597722291946e-03
5.608377046883106232e-03
5.300145130604505539e-03
6.023886613547801971e-03
5.330499261617660522e-03
5.325666628777980804e-03
4.994499031454324722e-03
5.215436220169067383e-03
5.454182624816894531e-03
5.028159823268651962e-03
5.294273607432842255e-03
5.249476991593837738e-03
5.464978516101837158e-03
5.482670851051807404e-03
5.170406308025121689e-03
5.383784882724285126e-03
5.269325338304042816e-03
5.283813923597335815e-03
5.245976150035858154e-03
5.489767529070377350e-03
5.297183059155941010e-03
5.262474529445171356e-03
5.231859628111124039e-03
5.299460142850875854e-03
5.790906492620706558e-03
5.244148895144462585e-03
5.211852025240659714e-03
5.208504386246204376e-03
5.271743983030319214e-03
5.324654281139373779e-03
5.089459009468555450e-03
5.307155195623636246e-03
5.230749025940895081e-03
5.246857646852731705e-03
5.547275301069021225e-03
5.392960272729396820e-03
5.347297992557287216e-03
5.212312098592519760e-03
5.424426868557929993e-03
4.921857267618179321e-03
5.233012139797210693e-03
5.087001249194145203e-03
6.522960029542446136e-03
5.081101786345243454e-03
5.306141916662454605e-03
5.538078024983406067e-03
5.535518284887075424e-03
5.483621731400489807e-03
5.950374528765678406e-03
4.752930719405412674e-03
5.955556407570838928e-03
5.424727685749530792e-03
4.946585744619369507e-03
5.340632516890764236e-03
5.392683669924736023e-03
5.113529507070779800e-03
5.491228308528661728e-03
6.030422635376453400e-03
5.379957146942615509e-03
5.182340741157531738e-03
4.932346288114786148e-03
5.566488485783338547e-03
5.255458410829305649e-03
5.244935862720012665e-03
5.300220102071762085e-03
5.500648170709609985e-03
5.157157313078641891e-03
5.471286363899707794e-03
5.334515590220689774e-03
5.360630806535482407e-03
5.274049937725067139e-03
5.225380416959524155e-03
5.544674582779407501e-03
5.272172391414642334e-03
5.438173655420541763e-03
5.644844379276037216e-03
5.127727054059505463e-03
5.514269694685935974e-03
5.232205148786306381e-03
5.465669557452201843e-03
5.668589379638433456e-03
5.520510487258434296e-03
6.007341668009757996e-03
1.308801118284463882e-02
5.567136220633983612e-03
5.487955175340175629e-03
5.956013686954975128e-03
5.252759903669357300e-03
5.501341074705123901e-03
5.303471814841032028e-03
2.697697095572948456e-02
5.358564667403697968e-03
4.590084776282310486e-03
5.254188552498817444e-03
5.294608883559703827e-03
5.649261176586151123e-03
5.047693848609924316e-03
5.657100118696689606e-03
5.350981373339891434e-03
5.610063206404447556e-03
7.152137812227010727e-03
5.415093153715133667e-03
5.378238856792449951e-03
5.323696415871381760e-03
5.578037351369857788e-03
6.273294799029827118e-03
5.506438668817281723e-03
5.398587323725223541e-03
5.129233933985233307e-03
5.198279861360788345e-03
4.449527245014905930e-03
5.314921028912067413e-03
5.473970901221036911e-03
5.509381182491779327e-03
5.451509729027748108e-03
5.111996084451675415e-03
6.518589332699775696e-03
5.223148968070745468e-03
1.187873072922229767e-02
5.362154915928840637e-03
5.486554466187953949e-03
5.689147859811782837e-03
6.131444126367568970e-03
5.460392218083143234e-03
5.851040594279766083e-03
5.202786996960639954e-03
5.259069148451089859e-03
5.229761824011802673e-03
5.386501085013151169e-03
5.430310033261775970e-03
5.418745335191488266e-03
5.123777315020561218e-03
5.690294317901134491e-03
5.283168051391839981e-03
5.290967877954244614e-03
5.203440785408020020e-03
5.133845843374729156e-03
5.096655804663896561e-03
5.278620868921279907e-03
6.147910375148057938e-03
5.451567471027374268e-03
5.463913083076477051e-03
5.182003602385520935e-03
5.213454365730285645e-03
9.679833427071571350e-03
5.348481237888336182e-03
5.261817947030067444e-03
5.970427766442298889e-03
5.296785384416580200e-03
5.390154663473367691e-03
5.301684606820344925e-03
5.220555234700441360e-03
5.342278629541397095e-03
6.183425895869731903e-03
5.493307951837778091e-03
5.288179963827133179e-03
5.509835202246904373e-03
5.338335409760475159e-03
5.172329023480415344e-03
6.389136891812086105e-03
5.698755849152803421e-03
5.396483000367879868e-03
5.189571995288133621e-03
5.082817748188972473e-03
5.079739727079868317e-03
5.388687830418348312e-03
5.170158110558986664e-03
5.479603074491024017e-03
5.260664969682693481e-03
5.448974668979644775e-03
5.298215895891189575e-03
5.848992150276899338e-03
5.531997885555028915e-03
5.279301665723323822e-03
5.932969506829977036e-03
5.384291056543588638e-03
9.377367794513702393e-03
5.267851985991001129e-03
4.715342540293931961e-03
5.490235984325408936e-03
5.212346557527780533e-03
5.485870875418186188e-03
5.746420007199048996e-03
5.041272379457950592e-03
5.078791640698909760e-03
5.872565787285566330e-03
5.230181850492954254e-03
5.301076453179121017e-03
5.413627717643976212e-03
5.286104045808315277e-03
5.324010737240314484e-03
4.995320457965135574e-03
5.274743773043155670e-03
5.394880659878253937e-03
5.377040244638919830e-03
5.513351410627365112e-03
5.517014302313327789e-03
5.360317416489124298e-03
5.949810147285461426e-03
5.271913949400186539e-03
5.301188677549362183e-03
5.090920720249414444e-03
5.231061484664678574e-03
5.805606022477149963e-03
5.081440322101116180e-03
5.768647417426109314e-03
4.947174806147813797e-03
5.383718758821487427e-03
5.330685526132583618e-03
6.396969780325889587e-03
5.229332949966192245e-03
5.433555692434310913e-03
5.645395722240209579e-03
8.377442136406898499e-03
5.197430960834026337e-03
5.120060872286558151e-03
5.576130002737045288e-03
5.436032079160213470e-03
5.384725518524646759e-03
5.265334155410528183e-03
5.423285532742738724e-03
5.296478979289531708e-03
5.064277909696102142e-03
5.262896418571472168e-03
5.451074801385402679e-03
5.119335837662220001e-03
5.329347681254148483e-03
5.254722665995359421e-03
5.307039245963096619e-03
1.240169256925582886e-02
1.127224322408437729e-02
6.233506835997104645e-03
5.473184399306774139e-03
5.316442809998989105e-03
5.626373924314975739e-03
5.103540141135454178e-03
5.354071501642465591e-03
5.548696499317884445e-03
4.885032307356595993e-03
5.387555342167615891e-03
5.240750964730978012e-03
5.686905235052108765e-03
5.106558557599782944e-03
5.044770892709493637e-03
5.371141247451305389e-03
5.345691926777362823e-03
5.537176970392465591e-03
5.611583124846220016e-03
4.753938876092433929e-03
5.398301407694816589e-03
5.453970283269882202e-03
5.611032713204622269e-03
5.357932765036821365e-03
5.209738854318857193e-03
5.111845210194587708e-03
5.645320750772953033e-03
5.447731353342533112e-03
5.568214226514101028e-03
5.450829863548278809e-03
4.468627274036407471e-03
5.044944584369659424e-03
5.581612233072519302e-03
5.564591847360134125e-03
5.835115909576416016e-03
5.188289564102888107e-03
5.269337445497512817e-03
5.540780257433652878e-03
5.405738949775695801e-03
5.673052743077278137e-03
5.378397181630134583e-03
5.677578970789909363e-03
5.902709439396858215e-03
5.288303829729557037e-03
5.905771628022193909e-03
5.251310300081968307e-03
5.548270884901285172e-03
5.607172846794128418e-03
5.544133484363555908e-03
5.239666439592838287e-03
6.343780085444450378e-03
5.471566226333379745e-03
5.464087706059217453e-03
5.523578263819217682e-03
4.937068559229373932e-03
5.121688824146986008e-03
5.556165240705013275e-03
5.118229892104864120e-03
5.373170599341392517e-03
5.548228044062852859e-03
5.183218512684106827e-03
5.080693401396274567e-03
4.978554788976907730e-03
5.269360262900590897e-03
5.278336815536022186e-03
5.279024131596088409e-03
5.492213182151317596e-03
5.320712458342313766e-03
1.222046185284852982e-02
5.191905423998832703e-03
5.535645410418510437e-03
5.333587527275085449e-03
5.220454186201095581e-03
5.297533236443996429e-03
5.607238970696926117e-03
5.605336278676986694e-03
5.354307591915130615e-03
5.777402780950069427e-03
5.309255793690681458e-03
5.501123145222663879e-03
5.790499970316886902e-03
5.565419793128967285e-03
5.597022362053394318e-03
5.047643557190895081e-03
5.281897261738777161e-03
5.393171217292547226e-03
5.567626561969518661e-03
5.492054391652345657e-03
5.231346469372510910e-03
5.120064131915569305e-03
5.235526245087385178e-03
5.460986401885747910e-03
5.352271720767021179e-03
5.118593573570251465e-03
5.707985721528530121e-03
5.167157854884862900e-03
5.407008342444896698e-03
5.488498136401176453e-03
5.373069550842046738e-03
5.088469944894313812e-03
5.401507485657930374e-03
5.383920390158891678e-03
5.546429194509983063e-03
5.155444610863924026e-03
5.668972618877887726e-03
5.725390277802944183e-03
5.312194582074880600e-03
5.954769439995288849e-03
5.305238533765077591e-03
5.137007683515548706e-03
5.384880118072032928e-03
7.351330481469631195e-03
5.172325763851404190e-03
5.277062300592660904e-03
5.308593157678842545e-03
4.799521528184413910e-03
1.086280122399330139e-02
5.491673480719327927e-03
5.541423801332712173e-03
5.224410444498062134e-03
5.670749582350254059e-03
5.339900031685829163e-03
5.132955498993396759e-03
5.814034957438707352e-03
5.406982731074094772e-03
5.209757946431636810e-03
5.197621416300535202e-03
5.429224111139774323e-03
5.451387260109186172e-03
5.286020226776599884e-03
5.364814773201942444e-03
6.508871447294950485e-03
5.737646482884883881e-03
5.059998482465744019e-03
5.555423907935619354e-03
5.405155010521411896e-03
5.197041667997837067e-03
4.968514665961265564e-03
5.899431649595499039e-03
4.894193261861801147e-03
5.689010955393314362e-03
5.277964752167463303e-03
5.366800352931022644e-03
5.754075944423675537e-03
5.136450752615928650e-03
5.366854835301637650e-03
5.369411781430244446e-03
5.265886895358562469e-03
5.416457075625658035e-03
5.387072917073965073e-03
5.393084604293107986e-03
5.650289356708526611e-03
5.296553950756788254e-03
5.678480491042137146e-03
5.372752435505390167e-03
5.663749761879444122e-03
5.501503590494394302e-03
5.440254695713520050e-03
5.666934885084629059e-03
5.369684658944606781e-03
5.557714961469173431e-03
5.510844290256500244e-03
5.585204809904098511e-03
5.327261984348297119e-03
5.317896604537963867e-03
5.305545870214700699e-03
5.744945257902145386e-03
1.085112616419792175e-02
5.208284594118595123e-03
5.230232141911983490e-03
5.625154823064804077e-03
5.340041127055883408e-03
5.181367509067058563e-03
5.155045539140701294e-03
5.583693273365497589e-03
5.539606325328350067e-03
5.371887236833572388e-03
5.165256559848785400e-03
5.253757350146770477e-03
5.499082617461681366e-03
5.508976522833108902e-03
5.264095962047576904e-03
5.223308689892292023e-03
5.844432860612869263e-03
4.205789417028427124e-03
5.173702258616685867e-03
5.207762122154235840e-03
5.309241358190774918e-03
5.611375905573368073e-03
5.181678570806980133e-03
5.412706639617681503e-03
5.173705052584409714e-03
5.432730074971914291e-03
5.001951474696397781e-03
5.195212550461292267e-03
5.440329667180776596e-03
5.466563161462545395e-03
5.133006721735000610e-03
5.212484858930110931e-03
5.441440269351005554e-03
5.310584791004657745e-03
4.358125850558280945e-03
5.932114087045192719e-03
5.157286766916513443e-03
5.266807973384857178e-03
5.532308015972375870e-03
5.477261729538440704e-03
5.417020525783300400e-03
5.826177075505256653e-03
5.099042318761348724e-03
5.796459037810564041e-03
5.405749659985303879e-03
5.214795004576444626e-03
5.525592714548110962e-03
5.243374966084957123e-03
5.509600974619388580e-03
5.679507739841938019e-03
9.867467917501926422e-03
5.199024453759193420e-03
5.330027546733617783e-03
5.282451398670673370e-03
5.358093418180942535e-03
6.083207204937934875e-03
8.013876155018806458e-03
4.905485548079013824e-03
5.009836517274379730e-03
5.111723206937313080e-03
5.514089949429035187e-03
5.186043679714202881e-03
5.439889617264270782e-03
5.542112514376640320e-03
5.158580839633941650e-03
5.506312474608421326e-03
5.687427241355180740e-03
5.369123071432113647e-03
5.436321720480918884e-03
5.276126787066459656e-03
5.133790895342826843e-03
5.452772602438926697e-03
4.376072902232408524e-03
5.433164536952972412e-03
5.171786993741989136e-03
5.368975922465324402e-03
5.455515347421169281e-03
5.405912175774574280e-03
5.531051196157932281e-03
5.370310042053461075e-03
5.421936511993408203e-03
5.379464942961931229e-03
5.109511315822601318e-03
5.431852303445339203e-03
5.684495437890291214e-03
5.359405651688575745e-03
5.228061694651842117e-03
5.220720078796148300e-03
5.381401628255844116e-03
4.975436255335807800e-03
5.161149427294731140e-03
5.594907328486442566e-03
5.406986922025680542e-03
5.370086058974266052e-03
5.445709452033042908e-03
4.974992014467716217e-03
5.570687819272279739e-03
5.270718596875667572e-03
5.632274784147739410e-03
5.393759813159704208e-03
5.251855123788118362e-03
5.753908306360244751e-03
5.237406119704246521e-03
5.312620196491479874e-03
5.750490818172693253e-03
5.476024933159351349e-03
5.359183531254529953e-03
5.266706459224224091e-03
5.337404087185859680e-03
5.346882157027721405e-03
5.890768952667713165e-03
5.445443559437990189e-03
5.137289874255657196e-03
5.446433089673519135e-03
5.002401303499937057e-03
5.335369147360324860e-03
5.375797860324382782e-03
5.423736758530139923e-03
5.120581481605768204e-03
5.280936136841773987e-03
5.215248093008995056e-03
5.435207858681678772e-03
5.433539394289255142e-03
5.391826853156089783e-03
4.947057925164699554e-03
5.502484273165464401e-03
4.711757414042949677e-03
5.331964697688817978e-03
5.672931671142578125e-03
5.596258677542209625e-03
5.229181610047817230e-03
5.386253818869590759e-03
5.183332599699497223e-03
5.256394855678081512e-03
5.064650438725948334e-03
5.274259485304355621e-03
5.140278488397598267e-03
5.192651413381099701e-03
5.228998139500617981e-03
5.359411239624023438e-03
5.198530387133359909e-03
5.450683645904064178e-03
5.678380373865365982e-03
5.257705226540565491e-03
5.265120416879653931e-03
5.084075499325990677e-03
5.450731609016656876e-03
4.858634434640407562e-03
5.300048273056745529e-03
5.378804635256528854e-03
5.461022257804870605e-03
5.168464966118335724e-03
5.580455064773559570e-03
5.455994978547096252e-03
5.367923062294721603e-03
7.139430381357669830e-03
5.463470704853534698e-03
5.087662488222122192e-03
5.434116814285516739e-03
5.995397455990314484e-03
5.236014723777770996e-03
5.165725015103816986e-03
5.202189553529024124e-03
5.649404600262641907e-03
5.195264704525470734e-03
5.521360784769058228e-03
7.393701933324337006e-03
5.286268889904022217e-03
5.373263731598854065e-03
5.328789819031953812e-03
5.473785568028688431e-03
5.145695991814136505e-03
5.234385840594768524e-03
5.567334126681089401e-03
5.228615365922451019e-03
5.448583513498306274e-03
5.229824688285589218e-03
5.505970679223537445e-03
5.451000295579433441e-03
5.119090899825096130e-03
5.159693304449319839e-03
4.671343602240085602e-03
5.047351121902465820e-03
5.658083129674196243e-03
5.754649639129638672e-03
5.566836334764957428e-03
5.288007203489542007e-03
5.283819511532783508e-03
5.309624597430229187e-03
5.339107476174831390e-03
5.725279916077852249e-03
5.478942766785621643e-03
5.247594788670539856e-03
5.518491379916667938e-03
5.287278443574905396e-03
5.102189257740974426e-03
5.359208211302757263e-03
5.712558515369892120e-03
5.415617488324642181e-03
5.603446625173091888e-03
4.921579267829656601e-03
5.627940874546766281e-03
5.366484168916940689e-03
5.502558313310146332e-03
5.111195147037506104e-03
5.467253271490335464e-03
5.768328439444303513e-03
5.861732177436351776e-03
5.125060677528381348e-03
5.626120138913393021e-03
5.491817370057106018e-03
5.166184622794389725e-03
5.287852138280868530e-03
5.089971236884593964e-03
5.275318399071693420e-03
5.538672208786010742e-03
5.265150684863328934e-03
5.416300147771835327e-03
4.415659699589014053e-03
5.183871835470199585e-03
5.265690386295318604e-03
5.268739536404609680e-03
5.273417569696903229e-03
5.675747524946928024e-03
5.277852993458509445e-03
5.336293950676918030e-03
4.822012968361377716e-03
5.280998535454273224e-03
5.544530227780342102e-03
5.584279075264930725e-03
5.587278865277767181e-03
5.193493794649839401e-03
5.430076271295547485e-03
5.299666430801153183e-03
5.320238415151834488e-03
5.697831511497497559e-03
8.764805272221565247e-03
5.192656069993972778e-03
5.523410625755786896e-03
5.467038601636886597e-03
5.354641005396842957e-03
5.665528122335672379e-03
5.344967357814311981e-03
5.491808988153934479e-03
5.212388932704925537e-03
5.300844088196754456e-03
1.228471845388412476e-02
5.476622842252254486e-03
5.328890867531299591e-03
5.447204224765300751e-03
5.335280671715736389e-03
5.699775181710720062e-03
5.353491287678480148e-03
5.439400207251310349e-03
2.103595435619354248e-02
5.326678045094013214e-03
5.395086482167243958e-03
5.243379622697830200e-03
5.523725412786006927e-03
5.371134728193283081e-03
5.387693643569946289e-03
4.795582033693790436e-03
5.705406889319419861e-03
5.485180299729108810e-03
5.308083258569240570e-03
5.127832293510437012e-03
5.347775295376777649e-03
5.694829393178224564e-03
5.534430965781211853e-03
5.184847395867109299e-03
5.273715592920780182e-03
5.353322252631187439e-03
5.411757621914148331e-03
5.246739834547042847e-03
5.023942794650793076e-03
5.416767206043004990e-03
5.524635314941406250e-03
5.497971083968877792e-03
5.144053604453802109e-03
5.603539757430553436e-03
5.244962871074676514e-03
5.455014295876026154e-03
5.231981165707111359e-03
5.331051070243120193e-03
5.393115803599357605e-03
5.336752161383628845e-03
5.301776342093944550e-03
4.985983483493328094e-03
