<system>Protocol: Active. Attitude: Sassy.</system>
1.869888231158256531e-02
1.745628565549850464e-02
1.781376078724861145e-02
1.798873208463191986e-02
1.866652630269527435e-02
1.895710825920104980e-02
2.263256162405014038e-02
1.969948783516883850e-02
1.846558973193168640e-02
2.113931067287921906e-02
2.091867849230766296e-02
2.211919426918029785e-02
2.764573693275451660e-02
2.104344964027404785e-02
1.599439233541488647e-02
2.842419408261775970e-02
2.622660808265209198e-02
3.038350492715835571e-02
2.313333004713058472e-02
1.678447239100933075e-02
2.299909666180610657e-02
2.152555808424949646e-02
2.079695463180541992e-02
8.814317174255847931e-03
1.832988671958446503e-02
1.920641213655471802e-02
1.783524081110954285e-02
2.095968648791313171e-02
1.675963029265403748e-02
1.671717688441276550e-02
1.886949129402637482e-02
1.387978158891201019e-02
1.960044354200363159e-02
1.708174124360084534e-02
1.914720982313156128e-02
1.911025121808052063e-02
2.181107550859451294e-02
2.096747793257236481e-02
2.130182646214962006e-02
1.866794750094413757e-02
2.582789212465286255e-02
2.806542068719863892e-02
2.916757762432098389e-02
1.718536205589771271e-02
2.196968719363212585e-02
2.624094486236572266e-02
3.048774413764476776e-02
1.963441632688045502e-02
2.338778786361217499e-02
1.291234046220779419e-02
2.299977466464042664e-02
2.682087384164333344e-02
2.010621502995491028e-02
2.048138901591300964e-02
2.182159572839736938e-02
2.958146855235099792e-02
1.825236342847347260e-02
1.809944584965705872e-02
1.870482787489891052e-02
1.831136830151081085e-02
1.808890327811241150e-02
1.798870600759983063e-02
1.620513573288917542e-02
1.911624521017074585e-02
1.686274632811546326e-02
1.597300544381141663e-02
1.634798943996429443e-02
1.763067767024040222e-02
1.629247143864631653e-02
1.628308370709419250e-02
1.929739490151405334e-02
1.800681650638580322e-02
1.794031076133251190e-02
1.892513781785964966e-02
1.934999227523803711e-02
1.796879060566425323e-02
2.329775318503379822e-02
2.224821783602237701e-02
1.761196553707122803e-02
2.651951089501380920e-02
2.611010894179344177e-02
2.438979409635066986e-02
2.443400584161281586e-02
1.885106973350048065e-02
2.498895674943923950e-02
2.484128624200820923e-02
2.296542376279830933e-02
8.449616841971874237e-03
2.025374397635459900e-02
1.943661272525787354e-02
2.132287248969078064e-02
2.106462046504020691e-02
1.949789561331272125e-02
1.978363841772079468e-02
1.929608546197414398e-02
1.515064574778079987e-02
1.703111082315444946e-02
1.628510281443595886e-02
1.696958765387535095e-02
1.571182720363140106e-02
1.683514192700386047e-02
1.864815503358840942e-02
1.884509436786174774e-02
1.572129130363464355e-02
1.938636414706707001e-02
2.094032987952232361e-02
2.220033109188079834e-02
1.765748113393783569e-02
2.355368249118328094e-02
2.365398034453392029e-02
2.542505413293838501e-02
1.985825970768928528e-02
2.512212842702865601e-02
1.459203287959098816e-02
2.217401005327701569e-02
2.625356987118721008e-02
2.237007021903991699e-02
2.523112483322620392e-02
2.248275652527809143e-02
2.617622911930084229e-02
1.996239274740219116e-02
1.933237351477146149e-02
2.091406658291816711e-02
2.231882512569427490e-02
1.943714544177055359e-02
2.102801948785781860e-02
1.788248494267463684e-02
2.157532051205635071e-02
1.648219674825668335e-02
1.771178655326366425e-02
1.641661301255226135e-02
1.963778957724571228e-02
1.736684143543243408e-02
1.661700569093227386e-02
2.233857288956642151e-02
2.048230543732643127e-02
1.890037208795547485e-02
1.835614070296287537e-02
1.846354454755783081e-02
1.858272030949592590e-02
2.121374569833278656e-02
2.028126455843448639e-02
1.750967092812061310e-02
2.368794009089469910e-02
2.274948358535766602e-02
2.860946208238601685e-02
1.839445531368255615e-02
1.669490337371826172e-02
1.953658461570739746e-02
1.865017786622047424e-02
1.725183799862861633e-02
8.163376711308956146e-03
1.417336799204349518e-02
1.353429630398750305e-02
1.414245925843715668e-02
1.508216373622417450e-02
1.355233043432235718e-02
1.271534711122512817e-02
1.412571873515844345e-02
1.232782099395990372e-02
1.676111295819282532e-02
1.820330321788787842e-02
1.938423886895179749e-02
2.201558835804462433e-02
1.833747699856758118e-02
1.895016804337501526e-02
1.784109696745872498e-02
1.851361617445945740e-02
2.081847377121448517e-02
1.978199742734432220e-02
2.310622856020927429e-02
1.959843188524246216e-02
1.928474754095077515e-02
2.060090377926826477e-02
2.669459395110607147e-02
1.968868449330329895e-02
1.835971884429454803e-02
1.285162009298801422e-02
1.972171664237976074e-02
2.491124719381332397e-02
1.897505298256874084e-02
1.892643049359321594e-02
1.700230687856674194e-02
2.836567908525466919e-02
1.465075835585594177e-02
1.541980542242527008e-02
1.456249319016933441e-02
1.429944299161434174e-02
1.436012983322143555e-02
1.352058351039886475e-02
1.305407658219337463e-02
1.440375857055187225e-02
1.623777300119400024e-02
1.619112491607666016e-02
1.510704401880502701e-02
1.524326205253601074e-02
1.441846042871475220e-02
1.389680244028568268e-02
1.584403775632381439e-02
1.275863870978355408e-02
1.418226119130849838e-02
1.525225490331649780e-02
1.505967415869235992e-02
1.421968359500169754e-02
1.810235902667045593e-02
1.637861877679824829e-02
1.200147718191146851e-02
1.915185898542404175e-02
2.194411866366863251e-02
2.103908173739910126e-02
2.066866680979728699e-02
1.639068126678466797e-02
1.869957521557807922e-02
2.113815210759639740e-02
1.986915245652198792e-02
7.723523303866386414e-03
1.647671498358249664e-02
1.588373631238937378e-02
1.699919626116752625e-02
1.794642955064773560e-02
1.505206711590290070e-02
1.538436301052570343e-02
1.537486165761947632e-02
1.300087571144104004e-02
1.652600243687629700e-02
1.560894958674907684e-02
1.597991213202476501e-02
1.437473110854625702e-02
1.600102335214614868e-02
1.706614717841148376e-02
1.485510170459747314e-02
1.310629583895206451e-02
1.684590801596641541e-02
1.653343625366687775e-02
1.728202030062675476e-02
1.305047050118446350e-02
1.744954660534858704e-02
1.932522282004356384e-02
1.930038817226886749e-02
1.675131544470787048e-02
1.851413771510124207e-02
1.209847815334796906e-02
1.825768314301967621e-02
2.470316551625728607e-02
1.821734011173248291e-02
1.847023516893386841e-02
1.805077120661735535e-02
2.829556912183761597e-02
1.550261490046977997e-02
1.555440761148929596e-02
1.633398979902267456e-02
1.749780774116516113e-02
1.684968359768390656e-02
1.606552675366401672e-02
1.465115323662757874e-02
1.633955352008342743e-02
1.516725588589906693e-02
1.490034721791744232e-02
1.451004855334758759e-02
1.528904214501380920e-02
1.557586435228586197e-02
1.471784710884094238e-02
1.770188659429550171e-02
1.660959795117378235e-02
1.689413003623485565e-02
1.889039203524589539e-02
1.984526216983795166e-02
1.871645823121070862e-02
2.493152022361755371e-02
2.253201231360435486e-02
2.014200389385223389e-02
2.641192264854907990e-02
2.569893002510070801e-02
3.357313200831413269e-02
2.510226890444755554e-02
1.936806924641132355e-02
2.717600017786026001e-02
2.415126189589500427e-02
2.121376432478427887e-02
9.519509971141815186e-03
1.904889754951000214e-02
1.927223615348339081e-02
1.926494762301445007e-02
1.973977684974670410e-02
1.718776114284992218e-02
1.626244187355041504e-02
1.904444396495819092e-02
1.497704535722732544e-02
1.492952555418014526e-02
1.466806698590517044e-02
1.434465404599905014e-02
1.493642013520002365e-02
1.452892366796731949e-02
1.516977977007627487e-02
1.700340397655963898e-02
1.460644975304603577e-02
1.753968372941017151e-02
2.099307999014854431e-02
2.314529381692409515e-02
2.191360667347908020e-02
2.409002557396888733e-02
2.424406073987483978e-02
3.141837567090988159e-02
2.607488073408603668e-02
2.349204570055007935e-02
1.695163920521736145e-02
2.433412894606590271e-02
2.828499488532543182e-02
2.145833149552345276e-02
2.308067679405212402e-02
2.082129567861557007e-02
3.263913840055465698e-02
1.883301511406898499e-02
1.820600777864456177e-02
1.923721656203269958e-02
1.872524991631507874e-02
1.848782226443290710e-02
1.796732470393180847e-02
1.832949183881282806e-02
1.905138604342937469e-02
1.516453456133604050e-02
1.498186960816383362e-02
1.415235828608274460e-02
1.415885426104068756e-02
1.394779048860073090e-02
1.266828645020723343e-02
1.431010849773883820e-02
1.070473529398441315e-02
1.377441920340061188e-02
1.539185270667076111e-02
1.588144525885581970e-02
1.290827989578247070e-02
2.045364305377006531e-02
1.830198615789413452e-02
1.679821684956550598e-02
2.245588600635528564e-02
2.752516791224479675e-02
2.168779447674751282e-02
2.399447560310363770e-02
1.946730725467205048e-02
2.915301546454429626e-02
2.774937637150287628e-02
2.553109452128410339e-02
1.060755923390388489e-02
2.726578153669834137e-02
2.691583335399627686e-02
2.742532454431056976e-02
2.732681296765804291e-02
2.452808059751987457e-02
2.442459762096405029e-02
2.464060857892036438e-02
1.874642446637153625e-02
1.531063765287399292e-02
1.451116614043712616e-02
1.322881132364273071e-02
1.323946472257375717e-02
1.289493869990110397e-02
1.302024722099304199e-02
1.326609961688518524e-02
1.009654812514781952e-02
1.338724978268146515e-02
1.630936563014984131e-02
1.686646416783332825e-02
1.370036602020263672e-02
2.073524892330169678e-02
2.055785804986953735e-02
1.755680330097675323e-02
2.131019346415996552e-02
2.249400317668914795e-02
1.539973355829715729e-02
2.294900640845298767e-02
2.815030515193939209e-02
2.650435268878936768e-02
2.606139704585075378e-02
2.914231270551681519e-02
3.122061491012573242e-02
2.628705836832523346e-02
2.642133086919784546e-02
2.616104111075401306e-02
2.397516369819641113e-02
2.646765485405921936e-02
2.261387184262275696e-02
2.761540375649929047e-02
2.729719877243041992e-02
8.680969476699829102e-03
6.300193257629871368e-03
6.884724833071231842e-03
8.513756096363067627e-03
8.187300525605678558e-03
8.608981035649776459e-03
8.710231631994247437e-03
7.189775817096233368e-03
1.051539834588766098e-02
1.123231463134288788e-02
1.127360295504331589e-02
9.463917464017868042e-03
1.211110409349203110e-02
1.146849617362022400e-02
1.482548378407955170e-02
1.603373326361179352e-02
1.308023184537887573e-02
1.486538816243410110e-02
1.591110974550247192e-02
1.690198853611946106e-02
2.486241236329078674e-02
2.731471881270408630e-02
3.183440119028091431e-02
1.186675950884819031e-02
3.354995697736740112e-02
3.360925987362861633e-02
3.433903679251670837e-02
3.594242036342620850e-02
3.366597369313240051e-02
3.520216792821884155e-02
3.048698976635932922e-02
3.274490684270858765e-02
8.721085265278816223e-03
6.505852099508047104e-03
5.856798030436038971e-03
9.163641370832920074e-03
6.692598108202219009e-03
6.580784451216459274e-03
1.103021949529647827e-02
6.508569233119487762e-03
7.703362032771110535e-03
1.061305962502956390e-02
1.065330207347869873e-02
1.192609779536724091e-02
1.422740705311298370e-02
1.233859732747077942e-02
1.479482837021350861e-02
1.487932167947292328e-02
1.583221927285194397e-02
1.385022886097431183e-02
1.632854342460632324e-02
1.847191341221332550e-02
2.137374132871627808e-02
2.719197236001491547e-02
3.223886340856552124e-02
2.117450907826423645e-02
3.240454941987991333e-02
3.713791072368621826e-02
3.693102300167083740e-02
3.445646539330482483e-02
3.417013585567474365e-02
3.690440207719802856e-02
2.998537011444568634e-02
3.670917823910713196e-02
1.396242342889308929e-02
1.392439473420381546e-02
1.303163450211286545e-02
1.240433752536773682e-02
1.495245844125747681e-02
1.253397576510906219e-02
1.427222508937120438e-02
1.530177611857652664e-02
1.611806079745292664e-02
1.480377838015556335e-02
1.761840656399726868e-02
1.517036184668540955e-02
2.080379426479339600e-02
1.832039281725883484e-02
1.485956832766532898e-02
2.005983330309391022e-02
1.994246616959571838e-02
2.323070354759693146e-02
2.421398460865020752e-02
1.556830480694770813e-02
2.100169658660888672e-02
2.482600510120391846e-02
1.953619532287120819e-02
9.951172396540641785e-03
2.070788852870464325e-02
1.696221902966499329e-02
2.354821190237998962e-02
1.851761713624000549e-02
1.674503087997436523e-02
1.883009821176528931e-02
1.848620921373367310e-02
1.150329411029815674e-02
1.402953267097473145e-02
1.319508254528045654e-02
1.280086673796176910e-02
1.210547517985105515e-02
1.517286337912082672e-02
1.375361345708370209e-02
1.315091270953416824e-02
1.343189924955368042e-02
1.664675399661064148e-02
1.538378372788429260e-02
1.780021190643310547e-02
1.548389066010713577e-02
1.876662112772464752e-02
2.167153917253017426e-02
1.930134370923042297e-02
2.054800465703010559e-02
1.907435618340969086e-02
1.431304868310689926e-02
2.095515653491020203e-02
2.221283689141273499e-02
2.373503893613815308e-02
1.876060105860233307e-02
2.028755657374858856e-02
2.905070036649703979e-02
1.692115887999534607e-02
1.731758937239646912e-02
1.825780421495437622e-02
1.767916232347488403e-02
1.927579194307327271e-02
1.830236613750457764e-02
1.676194369792938232e-02
1.862274110317230225e-02
8.476171642541885376e-03
7.801588624715805054e-03
9.156799875199794769e-03
1.081094890832901001e-02
1.086521800607442856e-02
1.004763878881931305e-02
1.303109154105186462e-02
1.139143295586109161e-02
9.871993213891983032e-03
1.070838235318660736e-02
1.264127716422080994e-02
1.317949499934911728e-02
1.396889984607696533e-02
1.434413529932498932e-02
1.496456190943717957e-02
1.573146507143974304e-02
1.651433669030666351e-02
1.743701472878456116e-02
2.219028212130069733e-02
2.002426795661449432e-02
2.431344240903854370e-02
2.552188374102115631e-02
2.748940140008926392e-02
1.406767591834068298e-02
2.662500180304050446e-02
2.845716290175914764e-02
2.852110564708709717e-02
2.851741388440132141e-02
2.704220451414585114e-02
2.995580621063709259e-02
2.645112760365009308e-02
2.969089522957801819e-02
9.758915752172470093e-03
8.316021412611007690e-03
8.512122556567192078e-03
9.871930815279483795e-03
9.340832009911537170e-03
8.504241704940795898e-03
9.820410981774330139e-03
1.306463405489921570e-02
1.260910555720329285e-02
1.045268215239048004e-02
1.139517966657876968e-02
1.232235133647918701e-02
1.351181790232658386e-02
1.519326120615005493e-02
1.633113436400890350e-02
1.555228605866432190e-02
1.784129813313484192e-02
1.881784945726394653e-02
2.479945123195648193e-02
1.799035817384719849e-02
2.449438907206058502e-02
2.520224079489707947e-02
2.894065901637077332e-02
2.843758836388587952e-02
2.659962140023708344e-02
2.868913114070892334e-02
2.986038289964199066e-02
2.427782863378524780e-02
2.703634276986122131e-02
2.847526222467422485e-02
2.827180922031402588e-02
2.618829533457756042e-02
7.272162009030580521e-03
5.295817740261554718e-03
6.118680816143751144e-03
6.791122257709503174e-03
8.129481226205825806e-03
6.796690635383129120e-03
7.701550610363483429e-03
8.420357480645179749e-03
5.355710163712501526e-03
8.894391357898712158e-03
1.067009009420871735e-02
9.195828810334205627e-03
8.846450597047805786e-03
1.108862645924091339e-02
1.104680541902780533e-02
1.105660479515790939e-02
1.081210467964410782e-02
1.037270389497280121e-02
1.527355890721082687e-02
1.231057941913604736e-02
1.821893826127052307e-02
1.863482221961021423e-02
1.991076394915580750e-02
9.606447070837020874e-03
1.633650064468383789e-02
1.816129498183727264e-02
1.896379701793193817e-02
1.745484583079814911e-02
1.784514635801315308e-02
1.791331171989440918e-02
1.660298928618431091e-02
1.897561363875865936e-02
7.477129343897104263e-03
5.492353811860084534e-03
6.025079637765884399e-03
6.279981695115566254e-03
6.559011992067098618e-03
5.958890542387962341e-03
5.689728073775768280e-03
8.617632091045379639e-03
7.315569557249546051e-03
7.693388499319553375e-03
9.482910856604576111e-03
7.918303832411766052e-03
8.356589823961257935e-03
1.177445612847805023e-02
1.157710887491703033e-02
1.086718868464231491e-02
1.159109175205230713e-02
1.188830938190221786e-02
1.668815873563289642e-02
1.153072156012058258e-02
1.480954699218273163e-02
1.993932947516441345e-02
1.960246264934539795e-02
1.612028107047080994e-02
1.855054497718811035e-02
1.929050683975219727e-02
1.837468147277832031e-02
1.784184575080871582e-02
1.689539849758148193e-02
1.846929267048835754e-02
2.283877320587635040e-02
1.816408708691596985e-02
2.386786416172981262e-02
2.045122534036636353e-02
2.359892986714839935e-02
2.715061977505683899e-02
2.278138883411884308e-02
2.232842333614826202e-02
2.201608940958976746e-02
2.557996287941932678e-02
2.678740769624710083e-02
2.679941058158874512e-02
3.011621162295341492e-02
2.737386897206306458e-02
3.231707587838172913e-02
2.334299311041831970e-02
2.029713615775108337e-02
2.396453730762004852e-02
2.098650857806205750e-02
1.782689988613128662e-02
2.134889550507068634e-02
2.752569690346717834e-02
2.218806557357311249e-02
1.966083608567714691e-02
1.943705789744853973e-02
9.322101250290870667e-03
1.454789005219936371e-02
1.662252657115459442e-02
1.719879545271396637e-02
1.646051555871963501e-02
1.689371652901172638e-02
1.925406605005264282e-02
2.577470988035202026e-02
2.073591575026512146e-02
2.113405242562294006e-02
2.088228613138198853e-02
2.165592089295387268e-02
2.665488049387931824e-02
2.139458805322647095e-02
2.570213377475738525e-02
3.021730110049247742e-02
2.377208136022090912e-02
2.516102977097034454e-02
2.665963396430015564e-02
2.419344149529933929e-02
2.441071160137653351e-02
2.449455298483371735e-02
3.295901790261268616e-02
2.812494337558746338e-02
3.058045357465744019e-02
2.722465619444847107e-02
2.691711857914924622e-02
2.851423248648643494e-02
1.305218972265720367e-02
2.657921984791755676e-02
2.213575504720211029e-02
1.539886556565761566e-02
2.696054056286811829e-02
1.416718028485774994e-02
1.637738570570945740e-02
1.705365814268589020e-02
1.641969382762908936e-02
1.573637500405311584e-02
1.726229861378669739e-02
2.221265435218811035e-02
1.330146193504333496e-02
7.066021673381328583e-03
6.475987844169139862e-03
6.933611817657947540e-03
1.029345393180847168e-02
9.257253259420394897e-03
8.590014651417732239e-03
1.009625196456909180e-02
9.944779798388481140e-03
5.879091098904609680e-03
1.077734120190143585e-02
1.150209642946720123e-02
1.110740099102258682e-02
1.082722656428813934e-02
1.102366391569375992e-02
1.312042400240898132e-02
1.369751896709203720e-02
1.336593367159366608e-02
1.262752525508403778e-02
1.789357513189315796e-02
1.411803532391786575e-02
2.100590988993644714e-02
2.303573489189147949e-02
2.373513765633106232e-02
1.037690788507461548e-02
1.967494562268257141e-02
2.170299366116523743e-02
2.430436573922634125e-02
2.320829778909683228e-02
2.221895195543766022e-02
2.260991744697093964e-02
1.699538715183734894e-02
2.405597269535064697e-02
8.690062910318374634e-03
9.222021326422691345e-03
7.481551263481378555e-03
7.694596424698829651e-03
6.301411893218755722e-03
6.229911465197801590e-03
8.316843770444393158e-03
1.111702248454093933e-02
9.016335010528564453e-03
9.196296334266662598e-03
9.942200034856796265e-03
9.574797004461288452e-03
1.009277068078517914e-02
1.253655180335044861e-02
1.408481318503618240e-02
1.356575079262256622e-02
1.384228840470314026e-02
1.482497528195381165e-02
2.018871158361434937e-02
1.302737090736627579e-02
2.278240583837032318e-02
2.446525916457176208e-02
2.376965060830116272e-02
1.818767003715038300e-02
2.143274620175361633e-02
2.321432530879974365e-02
2.385468408465385437e-02
2.046863362193107605e-02
2.072409540414810181e-02
2.214280702173709869e-02
1.936764642596244812e-02
2.141327038407325745e-02
8.837223052978515625e-03
6.489670369774103165e-03
7.885852828621864319e-03
1.009036786854267120e-02
9.672286920249462128e-03
8.596289902925491333e-03
1.066501997411251068e-02
9.808393195271492004e-03
5.898914299905300140e-03
1.135777123272418976e-02
1.235739793628454208e-02
1.089789904654026031e-02
1.012975163757801056e-02
1.282344013452529907e-02
1.294798124581575394e-02
1.382530387490987778e-02
1.335681229829788208e-02
1.216784864664077759e-02
1.815016195178031921e-02
1.384497899562120438e-02
2.099308371543884277e-02
2.416987903416156769e-02
2.503487654030323029e-02
1.082121208310127258e-02
1.993604004383087158e-02
2.109604328870773315e-02
2.237268537282943726e-02
2.072936668992042542e-02
2.117953076958656311e-02
2.249123528599739075e-02
1.696289330720901489e-02
2.149303629994392395e-02
9.556074626743793488e-03
7.580872625112533569e-03
8.588791824877262115e-03
8.555276319384574890e-03
7.518560625612735748e-03
7.390170358121395111e-03
8.231271058320999146e-03
1.090633124113082886e-02
8.000712841749191284e-03
9.445768781006336212e-03
1.142354123294353485e-02
9.504366666078567505e-03
9.471975266933441162e-03
1.451761648058891296e-02
1.393930986523628235e-02
1.355221401900053024e-02
1.351524330675601959e-02
1.422388479113578796e-02
2.045173384249210358e-02
1.385527104139328003e-02
1.944831199944019318e-02
2.592911198735237122e-02
2.430767565965652466e-02
1.964152976870536804e-02
2.169539034366607666e-02
2.286192402243614197e-02
2.242745831608772278e-02
1.954351924359798431e-02
2.000366710126399994e-02
2.243323437869548798e-02
1.884176954627037048e-02
2.138597890734672546e-02
1.585914567112922668e-02
3.397362306714057922e-02
1.829775795340538025e-02
1.392184011638164520e-02
1.712168566882610321e-02
1.796533167362213135e-02
1.522285491228103638e-02
1.360088679939508438e-02
1.486832648515701294e-02
1.545579731464385986e-02
1.407468598335981369e-02
1.353614777326583862e-02
1.709727942943572998e-02
1.127369329333305359e-02
1.178304105997085571e-02
1.876142062246799469e-02
1.551656052470207214e-02
1.183934137225151062e-02
1.756887137889862061e-02
1.562408637255430222e-02
2.276517823338508606e-02
2.261616662144660950e-02
2.714245766401290894e-02
1.152242720127105713e-02
2.057427167892456055e-02
2.537775598466396332e-02
2.291892468929290771e-02
2.754184231162071228e-02
2.692286856472492218e-02
2.745234221220016479e-02
3.682331368327140808e-02
3.192276880145072937e-02
1.752707362174987793e-02
3.686993569135665894e-02
1.565448567271232605e-02
1.410424988716840744e-02
1.347167324274778366e-02
1.652992703020572662e-02
1.319272723048925400e-02
1.546453963965177536e-02
1.499608717858791351e-02
1.385802403092384338e-02
1.433335617184638977e-02
1.338861696422100067e-02
1.928227767348289490e-02
1.191248185932636261e-02
1.300425082445144653e-02
1.648734696209430695e-02
1.713341474533081055e-02
1.200846768915653229e-02
1.926842145621776581e-02
1.453848741948604584e-02
2.362136729061603546e-02
1.992946490645408630e-02
2.104081213474273682e-02
2.452812157571315765e-02
2.285199239850044250e-02
2.585282735526561737e-02
2.729449048638343811e-02
2.834631688892841339e-02
2.430178783833980560e-02
2.253822609782218933e-02
3.992648422718048096e-02
1.931323669850826263e-02
2.182561904191970825e-02
1.678229495882987976e-02
2.150569483637809753e-02
1.984026283025741577e-02
2.142465114593505859e-02
2.325879782438278198e-02
1.994900405406951904e-02
2.362858131527900696e-02
2.390986308455467224e-02
2.507356554269790649e-02
2.604241669178009033e-02
2.510033920407295227e-02
3.040046617388725281e-02
2.280364371836185455e-02
1.852498576045036316e-02
2.301987260580062866e-02
1.934770494699478149e-02
1.687274500727653503e-02
2.167984098196029663e-02
2.670626714825630188e-02
2.215491607785224915e-02
1.944565027952194214e-02
1.905408874154090881e-02
9.398819878697395325e-03
1.464974135160446167e-02
1.734767481684684753e-02
1.658426597714424133e-02
1.607027277350425720e-02
1.575376465916633606e-02
1.990656927227973938e-02
1.828666031360626221e-02
1.847523637115955353e-02
1.922739855945110321e-02
1.799181848764419556e-02
2.262037247419357300e-02
1.820705458521842957e-02
2.713535912334918976e-02
2.517249248921871185e-02
2.025818265974521637e-02
2.133775874972343445e-02
2.259416319429874420e-02
2.243185788393020630e-02
2.032303065061569214e-02
2.187837660312652588e-02
2.245348319411277771e-02
3.173910826444625854e-02
2.583694458007812500e-02
2.898693829774856567e-02
2.621417865157127380e-02
2.598970197141170502e-02
2.920952066779136658e-02
1.349877472966909409e-02
2.623401395976543427e-02
2.319546230137348175e-02
1.648297533392906189e-02
2.667573466897010803e-02
1.475282944738864899e-02
1.692510955035686493e-02
1.794255524873733521e-02
1.884849742054939270e-02
1.545770186930894852e-02
1.767729036509990692e-02
2.481595985591411591e-02
1.643718034029006958e-02
7.757460232824087143e-03
6.392600014805793762e-03
5.972733255475759506e-03
1.036392152309417725e-02
6.258254870772361755e-03
7.196150254458189011e-03
8.687361143529415131e-03
8.003082126379013062e-03
5.599346477538347244e-03
9.619968011975288391e-03
1.084694918245077133e-02
8.803021162748336792e-03
9.076744318008422852e-03
1.122198812663555145e-02
1.077453140169382095e-02
1.188277266919612885e-02
1.160852238535881042e-02
1.091035362333059311e-02
1.568680629134178162e-02
1.262258831411600113e-02
1.927983015775680542e-02
2.017267420887947083e-02
2.069743350148200989e-02
9.478210471570491791e-03
1.703536324203014374e-02
1.871629245579242706e-02
1.991429366171360016e-02
1.875704526901245117e-02
1.936381310224533081e-02
1.957703940570354462e-02
2.661977335810661316e-02
1.940555311739444733e-02
8.632110431790351868e-03
7.137491367757320404e-03
6.658512633293867111e-03
9.392390958964824677e-03
5.602501332759857178e-03
5.675423890352249146e-03
8.396653458476066589e-03
8.691709488630294800e-03
7.656639441847801208e-03
8.078111335635185242e-03
9.783236309885978699e-03
7.433225400745868683e-03
8.320389315485954285e-03
1.203792635351419449e-02
1.131423935294151306e-02
1.133645139634609222e-02
1.198354270309209824e-02
1.199497375637292862e-02
1.761591807007789612e-02
1.176559645682573318e-02
1.612785831093788147e-02
2.197893522679805756e-02
2.028556913137435913e-02
1.747470721602439880e-02
1.913244649767875671e-02
2.029664814472198486e-02
1.899709925055503845e-02
1.604996621608734131e-02
1.767294853925704956e-02
1.950138434767723083e-02
2.173232100903987885e-02
1.653138361871242523e-02
1.248900592327117920e-02
9.993676096200942993e-03
1.605563238263130188e-02
6.963439751416444778e-03
1.468537375330924988e-02
9.024023078382015228e-03
9.352062828838825226e-03
1.268062926828861237e-02
7.030532695353031158e-03
1.453629881143569946e-02
9.191725403070449829e-03
1.242951396852731705e-02
1.011681556701660156e-02
1.324479561299085617e-02
1.489019393920898438e-02
1.407148130238056183e-02
1.743439398705959320e-02
1.290990598499774933e-02
2.092225104570388794e-02
1.512316148728132248e-02
1.909342966973781586e-02
3.053451888263225555e-02
2.430418506264686584e-02
2.448727563023567200e-02
2.043519541621208191e-02
2.594675868749618530e-02
2.378221601247787476e-02
2.636436745524406433e-02
2.602236904203891754e-02
2.532514557242393494e-02
3.001603484153747559e-02
3.011831641197204590e-02
1.142069883644580841e-02
9.967748075723648071e-03
1.337850373238325119e-02
9.306805208325386047e-03
1.417002920061349869e-02
1.144440658390522003e-02
8.596796542406082153e-03
1.344789657741785049e-02
9.551085531711578369e-03
1.360930781811475754e-02
1.013077050447463989e-02
1.313263550400733948e-02
1.159401424229145050e-02
1.262466050684452057e-02
1.412349101155996323e-02
1.687967590987682343e-02
1.796134188771247864e-02
1.512178033590316772e-02
1.983955875039100647e-02
1.964955404400825500e-02
2.383739128708839417e-02
2.516638673841953278e-02
2.504270523786544800e-02
2.766839414834976196e-02
1.299795694649219513e-02
2.586049027740955353e-02
2.894756384193897247e-02
2.488514594733715057e-02
2.671969309449195862e-02
2.384236454963684082e-02
2.172747999429702759e-02
2.581090666353702545e-02
6.404716521501541138e-03
5.311315879225730896e-03
8.583879098296165466e-03
4.397850483655929565e-03
6.843252573162317276e-03
7.506792433559894562e-03
6.989471148699522018e-03
7.901355624198913574e-03
5.073298700153827667e-03
1.067915372550487518e-02
6.873377133160829544e-03
8.660398423671722412e-03
8.365539833903312683e-03
1.091863214969635010e-02
1.058301981538534164e-02
1.261311583220958710e-02
1.217232830822467804e-02
1.158723421394824982e-02
1.283721067011356354e-02
1.172650419175624847e-02
1.406154781579971313e-02
1.734532229602336884e-02
1.893196627497673035e-02
1.819866895675659180e-02
1.580497063696384430e-02
2.024413086473941803e-02
1.931306906044483185e-02
1.815255172550678253e-02
2.074870094656944275e-02
1.828877069056034088e-02
2.369276247918605804e-02
1.842328533530235291e-02
6.232025101780891418e-03
5.099521949887275696e-03
8.397560566663742065e-03
4.788225516676902771e-03
7.978498004376888275e-03
9.189491160213947296e-03
5.747948773205280304e-03
8.682223968207836151e-03
7.087435573339462280e-03
8.474677801132202148e-03
6.846756208688020706e-03
7.886380888521671295e-03
9.584018960595130920e-03
1.118866913020610809e-02
9.914799593389034271e-03
1.401750743389129639e-02
1.262637600302696228e-02
1.297308318316936493e-02
1.297964155673980713e-02
1.472881156951189041e-02
1.583636365830898285e-02
1.752036437392234802e-02
1.858767494559288025e-02
2.108336798846721649e-02
9.861830621957778931e-03
1.914233341813087463e-02
2.078031189739704132e-02
1.777209341526031494e-02
2.001582644879817963e-02
1.906216889619827271e-02
2.934909611940383911e-02
2.000992372632026672e-02
1.773751527070999146e-02
1.774571463465690613e-02
1.817514747381210327e-02
1.840008795261383057e-02
2.376289106905460358e-02
1.912966743111610413e-02
2.030247449874877930e-02
2.045243978500366211e-02
1.879675686359405518e-02
2.226096391677856445e-02
2.204269543290138245e-02
2.033719234168529510e-02
1.788707263767719269e-02
1.890504173934459686e-02
2.337837591767311096e-02
1.607366278767585754e-02
2.462077513337135315e-02
1.330502424389123917e-02
2.204870060086250305e-02
1.262397877871990204e-02
1.597024872899055481e-02
2.027878724038600922e-02
1.786343008279800415e-02
1.531242392957210541e-02
2.112019062042236328e-02
1.640840806066989899e-02
1.506360806524753571e-02
1.414135284721851349e-02
1.565621793270111084e-02
1.690690033137798309e-02
1.712732389569282532e-02
1.672219485044479370e-02
2.498866617679595947e-02
1.785686984658241272e-02
2.369693107903003693e-02
1.696237735450267792e-02
2.325310558080673218e-02
1.777596771717071533e-02
1.822661980986595154e-02
2.017517387866973877e-02
1.769727095961570740e-02
1.986273750662803650e-02
1.857222430408000946e-02
2.060485258698463440e-02
2.091352269053459167e-02
2.326229214668273926e-02
1.924359239637851715e-02
2.120094932615756989e-02
2.003191411495208740e-02
2.345616184175014496e-02
2.202472835779190063e-02
2.181916683912277222e-02
2.427684329450130463e-02
1.698404550552368164e-02
1.665095239877700806e-02
1.747852936387062073e-02
8.776546455919742584e-03
1.548050157725811005e-02
1.640517078340053558e-02
1.523176208138465881e-02
1.560095231980085373e-02
1.430871710181236267e-02
1.831774972379207611e-02
1.666819490492343903e-02
1.549613475799560547e-02
1.576453819870948792e-02
1.430325396358966827e-02
1.669907942414283752e-02
1.243227347731590271e-02
1.659958623349666595e-02
1.526380144059658051e-02
1.643870398402214050e-02
1.177901960909366608e-02
1.639536768198013306e-02
1.720475032925605774e-02
1.518041547387838364e-02
1.548731047660112381e-02
1.741555146872997284e-02
1.809619925916194916e-02
1.363589335232973099e-02
2.251792512834072113e-02
1.366098225116729736e-02
2.221239730715751648e-02
1.494010258466005325e-02
1.858685910701751709e-02
2.862786874175071716e-02
2.533650584518909454e-02
2.314390800893306732e-02
2.333884499967098236e-02
2.550814673304557800e-02
2.380708418786525726e-02
2.742808125913143158e-02
2.450313977897167206e-02
2.538897097110748291e-02
2.681092917919158936e-02
1.845382340252399445e-02
1.515996828675270081e-02
1.899914816021919250e-02
1.261490304023027420e-02
2.033130824565887451e-02
1.350015401840209961e-02
1.757312193512916565e-02
1.338620763272047043e-02
1.894661970436573029e-02
1.396226510405540466e-02
1.563473977148532867e-02
1.546901743859052658e-02
1.637748628854751587e-02
1.904644444584846497e-02
1.951975375413894653e-02
1.652212068438529968e-02
1.599921658635139465e-02
2.248114719986915588e-02
1.792672276496887207e-02
2.410879731178283691e-02
1.952381245791912079e-02
2.562521398067474365e-02
2.293987199664115906e-02
2.292129956185817719e-02
2.536739408969879150e-02
1.320616714656352997e-02
2.303373813629150391e-02
2.439954876899719238e-02
2.394371479749679565e-02
2.304705604910850525e-02
2.317087538540363312e-02
1.966388523578643799e-02
2.685234323143959045e-02
1.477809995412826538e-02
9.847501292824745178e-03
1.772740110754966736e-02
7.250921800732612610e-03
1.682183146476745605e-02
1.220249757170677185e-02
1.024090591818094254e-02
1.472676731646060944e-02
7.006533443927764893e-03
1.630665734410285950e-02
1.032757386565208435e-02
1.417795941233634949e-02
1.006619818508625031e-02
1.507151219993829727e-02
1.475493144243955612e-02
1.470164954662322998e-02
1.799746602773666382e-02
1.274591777473688126e-02
2.016268670558929443e-02
1.427065767347812653e-02
1.920843124389648438e-02
2.573126740753650665e-02
2.119508571922779083e-02
2.398724108934402466e-02
2.034079283475875854e-02
2.564123272895812988e-02
2.756202220916748047e-02
2.538888901472091675e-02
2.412208914756774902e-02
2.475484088063240051e-02
2.867643535137176514e-02
2.617713809013366699e-02
1.513029169291257858e-02
1.206395588815212250e-02
1.752012223005294800e-02
9.575513191521167755e-03
1.607462391257286072e-02
1.250643096864223480e-02
8.673486299812793732e-03
1.814040914177894592e-02
9.325143881142139435e-03
1.617576181888580322e-02
1.012410782277584076e-02
1.488129142671823502e-02
1.164633501321077347e-02
1.546868588775396347e-02
1.372831966727972031e-02
1.725653186440467834e-02
1.745146699249744415e-02
1.530716847628355026e-02
2.161264419555664062e-02
1.890236884355545044e-02
2.085441723465919495e-02
2.407691627740859985e-02
2.389710955321788788e-02
2.574353292584419250e-02
1.161141879856586456e-02
2.684064581990242004e-02
2.557888254523277283e-02
2.304593287408351898e-02
2.237354591488838196e-02
2.336612716317176819e-02
2.198232151567935944e-02
2.568196132779121399e-02
1.876532472670078278e-02
2.183845639228820801e-02
1.758316904306411743e-02
2.235929667949676514e-02
2.179096266627311707e-02
2.188150957226753235e-02
2.132568508386611938e-02
2.289326861500740051e-02
2.013656124472618103e-02
2.333846688270568848e-02
2.341308817267417908e-02
2.483309805393218994e-02
1.861890777945518494e-02
2.052064239978790283e-02
2.677679620683193207e-02
1.673681847751140594e-02
2.794705517590045929e-02
1.469922158867120743e-02
2.180450409650802612e-02
1.375629194080829620e-02
1.708572544157505035e-02
2.153630927205085754e-02
1.959351636469364166e-02
1.827562972903251648e-02
2.365731075406074524e-02
1.907647401094436646e-02
1.914311200380325317e-02
1.905580982565879822e-02
1.833279803395271301e-02
2.050641179084777832e-02
2.116628363728523254e-02
2.122648991644382477e-02
2.266043052077293396e-02
2.431207522749900818e-02
1.852980256080627441e-02
2.332609705626964569e-02
2.357096225023269653e-02
1.937908306717872620e-02
2.250425517559051514e-02
2.236562781035900116e-02
1.988173648715019226e-02
2.115502208471298218e-02
1.958456076681613922e-02
2.495282888412475586e-02
2.759411744773387909e-02
2.684122696518898010e-02
2.095617726445198059e-02
2.488402836024761200e-02
2.514089830219745636e-02
2.393673919141292572e-02
2.407975494861602783e-02
2.324717119336128235e-02
2.502666413784027100e-02
1.909550465643405914e-02
1.867827400565147400e-02
2.123912423849105835e-02
1.085017155855894089e-02
1.948520354926586151e-02
1.913311518728733063e-02
1.939416304230690002e-02
2.020521461963653564e-02
1.825794018805027008e-02
1.707560382783412933e-02
1.975160837173461914e-02
1.356945931911468506e-02
1.525805518031120300e-02
1.251175533980131149e-02
1.505986042320728302e-02
1.607989147305488586e-02
1.657861843705177307e-02
1.895555481314659119e-02
1.986292377114295959e-02
2.210913039743900299e-02
2.094217948615550995e-02
2.365443482995033264e-02
2.767678350210189819e-02
2.308223769068717957e-02
2.268018573522567749e-02
2.588844671845436096e-02
1.965869963169097900e-02
2.989668585360050201e-02
1.949875801801681519e-02
2.737389504909515381e-02
1.767934486269950867e-02
1.670264825224876404e-02
2.496645785868167877e-02
2.441995032131671906e-02
2.362209931015968323e-02
2.742208912968635559e-02
2.254159003496170044e-02
2.132533118128776550e-02
2.242838218808174133e-02
2.102813310921192169e-02
2.261988632380962372e-02
2.480689808726310730e-02
2.135870233178138733e-02
1.353670842945575714e-02
1.609490066766738892e-02
1.136152539402246475e-02
1.828599907457828522e-02
1.670241355895996094e-02
1.911325007677078247e-02
1.812775433063507080e-02
1.915161311626434326e-02
2.725485526025295258e-02
1.989326998591423035e-02
2.466670796275138855e-02
2.880817279219627380e-02
2.781462296843528748e-02
2.804068103432655334e-02
2.542461082339286804e-02
2.762639150023460388e-02
2.879407629370689392e-02
2.745411917567253113e-02
2.771598100662231445e-02
2.785238064825534821e-02
2.749381214380264282e-02
2.321410551667213440e-02
2.246746048331260681e-02
2.409256249666213989e-02
1.371559035032987595e-02
2.118406631052494049e-02
2.308703772723674774e-02
2.289661951363086700e-02
2.160312980413436890e-02
2.286036312580108643e-02
1.847545243799686432e-02
2.362769469618797302e-02
1.074963249266147614e-02
8.999383077025413513e-03
1.291308365762233734e-02
8.580608293414115906e-03
1.085913926362991333e-02
1.093393191695213318e-02
1.031767763197422028e-02
1.403001137077808380e-02
8.514462038874626160e-03
1.435894053429365158e-02
1.052906550467014313e-02
1.423808280378580093e-02
1.294145639985799789e-02
1.793247833847999573e-02
1.764551922678947449e-02
1.476647332310676575e-02
2.235037274658679962e-02
1.613236218690872192e-02
2.390283904969692230e-02
2.003932744264602661e-02
2.120470814406871796e-02
2.996027842164039612e-02
3.123627603054046631e-02
3.229514136910438538e-02
2.386258915066719055e-02
3.298829868435859680e-02
2.920769527554512024e-02
3.088149987161159515e-02
3.060704469680786133e-02
3.219506889581680298e-02
3.682005405426025391e-02
2.838316187262535095e-02
1.041537895798683167e-02
9.842047467827796936e-03
1.111456286162137985e-02
1.016674656420946121e-02
1.087097637355327606e-02
1.376599445939064026e-02
1.019593514502048492e-02
1.331918686628341675e-02
1.109673455357551575e-02
1.316826976835727692e-02
1.300960592925548553e-02
1.528868358582258224e-02
1.418968103826045990e-02
1.626554504036903381e-02
1.672780513763427734e-02
1.744646765291690826e-02
2.331391721963882446e-02
1.881008781492710114e-02
2.390058711171150208e-02
2.206572517752647400e-02
2.543193101882934570e-02
3.034382313489913940e-02
3.230516612529754639e-02
3.309530392289161682e-02
1.527395471930503845e-02
3.017532825469970703e-02
3.439650684595108032e-02
3.175800293684005737e-02
3.054855018854141235e-02
2.946038916707038879e-02
2.395494095981121063e-02
3.052617236971855164e-02
1.972913742065429688e-02
1.394204702228307724e-02
2.271955832839012146e-02
1.259379088878631592e-02
2.066541463136672974e-02
2.327380701899528503e-02
1.785132661461830139e-02
2.394963242113590240e-02
2.260318771004676819e-02
1.556180417537689209e-02
2.018032595515251160e-02
2.626778930425643921e-02
1.973460987210273743e-02
2.196408435702323914e-02
2.218783274292945862e-02
2.734444290399551392e-02
2.142572775483131409e-02
2.220109850168228149e-02
2.074235863983631134e-02
1.078179851174354553e-02
1.886588707566261292e-02
1.835018396377563477e-02
2.037642896175384521e-02
1.861944235861301422e-02
1.621340587735176086e-02
1.783895865082740784e-02
1.663306355476379395e-02
1.618732325732707977e-02
1.504550315439701080e-02
1.428363099694252014e-02
1.573518477380275726e-02
1.498425565659999847e-02
9.977841749787330627e-03
2.172622829675674438e-02
1.910370774567127228e-02
2.020834758877754211e-02
1.604093424975872040e-02
1.631586067378520966e-02
2.451623231172561646e-02
1.449358090758323669e-02
1.877780631184577942e-02
2.520261332392692566e-02
2.077350206673145294e-02
1.475011371076107025e-02
2.345278300344944000e-02
1.776433922350406647e-02
1.759797707200050354e-02
1.290178764611482620e-02
2.017189748585224152e-02
1.849913224577903748e-02
1.928598061203956604e-02
2.569528669118881226e-02
2.161515876650810242e-02
2.003272064030170441e-02
1.964185945689678192e-02
1.965523324906826019e-02
6.239636335521936417e-03
1.706392690539360046e-02
1.493823714554309845e-02
1.548053603619337082e-02
1.394413504749536514e-02
1.578688248991966248e-02
9.221309795975685120e-03
1.287284027785062790e-02
2.805692609399557114e-03
4.422601312398910522e-03
6.412681657820940018e-03
4.937043413519859314e-03
5.102497991174459457e-03
6.014092359691858292e-03
9.500285610556602478e-03
6.143277511000633240e-03
9.801068343222141266e-03
1.041213609278202057e-02
9.833842515945434570e-03
1.142951846122741699e-02
1.410489901900291443e-02
1.244420558214187622e-02
1.368715800344944000e-02
1.637167297303676605e-02
1.329430937767028809e-02
1.426840387284755707e-02
1.753798872232437134e-02
1.439876854419708252e-02
2.142868563532829285e-02
2.479273453354835510e-02
2.825882472097873688e-02
3.292512148618698120e-02
1.715066656470298767e-02
3.628213331103324890e-02
3.538814932107925415e-02
3.673035651445388794e-02
3.743180632591247559e-02
3.699218481779098511e-02
4.272847622632980347e-02
3.915721923112869263e-02
2.991978079080581665e-03
3.993232734501361847e-03
6.068036891520023346e-03
4.122278653085231781e-03
6.940043531358242035e-03
7.587488740682601929e-03
7.517256774008274078e-03
8.517800830304622650e-03
1.156509481370449066e-02
8.152497932314872742e-03
1.027973927557468414e-02
1.208585686981678009e-02
1.287243235856294632e-02
1.305782143026590347e-02
1.390320342034101486e-02
1.654551737010478973e-02
1.427867449820041656e-02
1.465793699026107788e-02
1.829050481319427490e-02
1.587695628404617310e-02
2.107976377010345459e-02
2.555561438202857971e-02
2.679193578660488129e-02
3.002936951816082001e-02
1.075672358274459839e-02
3.628611937165260315e-02
3.649335354566574097e-02
3.489257767796516418e-02
3.304730355739593506e-02
3.729905933141708374e-02
3.852643445134162903e-02
3.456046059727668762e-02
1.430965214967727661e-02
1.407174672931432724e-02
1.969830878078937531e-02
1.374573074281215668e-02
1.887900382280349731e-02
2.007122710347175598e-02
1.749146357178688049e-02
2.306327037513256073e-02
2.282147109508514404e-02
1.497408840805292130e-02
2.281782403588294983e-02
2.632192894816398621e-02
2.170126140117645264e-02
2.545940689742565155e-02
2.548281103372573853e-02
2.909447252750396729e-02
2.317305654287338257e-02
2.590342611074447632e-02
2.249988913536071777e-02
1.487252861261367798e-02
2.092698402702808380e-02
1.991790719330310822e-02
2.000492066144943237e-02
2.036952972412109375e-02
1.740180142223834991e-02
1.925775781273841858e-02
1.971096172928810120e-02
1.943826116621494293e-02
1.874239742755889893e-02
1.920076832175254822e-02
2.004496566951274872e-02
1.907783001661300659e-02
1.476692594587802887e-02
1.444449834525585175e-02
1.872109062969684601e-02
1.537594012916088104e-02
1.683010905981063843e-02
1.566869392991065979e-02
2.304932847619056702e-02
1.466907560825347900e-02
1.910813711583614349e-02
2.458990551531314850e-02
2.170475944876670837e-02
1.587679237127304077e-02
2.499306760728359222e-02
1.910724118351936340e-02
2.108951285481452942e-02
1.678925007581710815e-02
2.187139354646205902e-02
2.077962085604667664e-02
2.354335784912109375e-02
3.023563325405120850e-02
2.288829907774925232e-02
2.255121245980262756e-02
2.065612003207206726e-02
1.979928836226463318e-02
8.499985560774803162e-03
2.062636055052280426e-02
1.854617334902286530e-02
1.932672038674354553e-02
1.895646937191486359e-02
1.996063813567161560e-02
1.480796188116073608e-02
1.752051152288913727e-02
1.520369015634059906e-02
1.930628716945648193e-02
2.141329459846019745e-02
1.412208564579486847e-02
2.087200805544853210e-02
2.079445868730545044e-02
1.692242175340652466e-02
2.276462689042091370e-02
2.027282118797302246e-02
1.261885091662406921e-02
2.097579650580883026e-02
2.443606220185756683e-02
1.916471123695373535e-02
2.136754244565963745e-02
1.948864385485649109e-02
2.639772370457649231e-02
2.023150771856307983e-02
1.883745193481445312e-02
1.828144863247871399e-02
9.893522597849369049e-03
1.621601358056068420e-02
1.597938500344753265e-02
1.590774394571781158e-02
1.391691155731678009e-02
1.745449006557464600e-02
1.423390489071607590e-02
1.331626065075397491e-02
1.329797226935625076e-02
1.312527805566787720e-02
1.264001801609992981e-02
1.315578352659940720e-02
1.370126567780971527e-02
1.552512124180793762e-02
1.652217283844947815e-02
1.876805350184440613e-02
2.118680626153945923e-02
1.547629851847887039e-02
1.468926109373569489e-02
2.362598851323127747e-02
1.305976882576942444e-02
1.786114275455474854e-02
2.298591285943984985e-02
1.838582195341587067e-02
1.300621312111616135e-02
2.121836692094802856e-02
1.552262436598539352e-02
1.690079644322395325e-02
1.138838939368724823e-02
1.753684319555759430e-02
1.489070802927017212e-02
1.628492400050163269e-02
2.461457997560501099e-02
1.747089996933937073e-02
1.620404422283172607e-02
1.607151888310909271e-02
1.530162990093231201e-02
6.419586483389139175e-03
1.403352338820695877e-02
1.301857270300388336e-02
1.308274082839488983e-02
1.314800139516592026e-02
1.336457021534442902e-02
9.251328185200691223e-03
1.173337362706661224e-02
1.510229241102933884e-02
1.295945420861244202e-02
1.839619316160678864e-02
1.349995005875825882e-02
1.820762082934379578e-02
1.796861551702022552e-02
1.635674014687538147e-02
2.087236382067203522e-02
2.079633064568042755e-02
1.475594192743301392e-02
2.075246162712574005e-02
2.332720160484313965e-02
2.022167481482028961e-02
2.217606455087661743e-02
2.057980373501777649e-02
2.497585862874984741e-02
2.018899098038673401e-02
1.983447745442390442e-02
1.943732798099517822e-02
1.181580312550067902e-02
1.824145764112472534e-02
1.799974404275417328e-02
1.766043156385421753e-02
1.708415523171424866e-02
1.953353360295295715e-02
1.607520878314971924e-02
1.561729889363050461e-02
1.541137881577014923e-02
1.533579826354980469e-02
1.425710693001747131e-02
1.674423925578594208e-02
1.574857160449028015e-02
1.297447551041841507e-02
1.552387885749340057e-02
1.570745930075645447e-02
1.825153268873691559e-02
1.479393243789672852e-02
1.466447114944458008e-02
2.375553920865058899e-02
1.385801378637552261e-02
1.863725110888481140e-02
2.175036072731018066e-02
2.025382779538631439e-02
1.427888497710227966e-02
2.123585529625415802e-02
1.779123023152351379e-02
1.923328079283237457e-02
1.298631168901920319e-02
1.823752373456954956e-02
1.689093932509422302e-02
1.819596067070960999e-02
2.654834464192390442e-02
1.846984401345252991e-02
1.905420422554016113e-02
1.797037571668624878e-02
1.790258474647998810e-02
7.725384086370468140e-03
1.654732227325439453e-02
1.499341800808906555e-02
1.588644459843635559e-02
1.427084486931562424e-02
1.540542580187320709e-02
1.167042087763547897e-02
1.517095044255256653e-02
1.621550694108009338e-02
1.755190268158912659e-02
2.114224620163440704e-02
1.409747079014778137e-02
2.177168801426887512e-02
2.162482589483261108e-02
1.633874699473381042e-02
2.262159436941146851e-02
2.113804034888744354e-02
1.407411415129899979e-02
2.044588327407836914e-02
2.481197565793991089e-02
1.869366504251956940e-02
2.044032886624336243e-02
2.093921229243278503e-02
2.649048343300819397e-02
1.966285705566406250e-02
1.951141655445098877e-02
1.794474199414253235e-02
9.533071890473365784e-03
1.681926473975181580e-02
1.631689071655273438e-02
1.692746579647064209e-02
1.477334927767515182e-02
1.674445718526840210e-02
1.463298127055168152e-02
1.284809410572052002e-02
1.284508313983678818e-02
1.257837377488613129e-02
1.187017653137445450e-02
1.317201647907495499e-02
1.300904154777526855e-02
1.660595834255218506e-02
1.736836321651935577e-02
1.706552132964134216e-02
2.123708091676235199e-02
1.417910493910312653e-02
1.590116135776042938e-02
2.475083619356155396e-02
1.315274182707071304e-02
1.689034141600131989e-02
2.439746819436550140e-02
1.970872282981872559e-02
1.339410897344350815e-02
2.069246023893356323e-02
1.485531032085418701e-02
1.814928464591503143e-02
1.139985676854848862e-02
1.746975071728229523e-02
1.646228320896625519e-02
1.634195633232593536e-02
2.514782175421714783e-02
1.870674639940261841e-02
1.758993044495582581e-02
1.678304374217987061e-02
1.502851769328117371e-02
6.439062766730785370e-03
1.411719713360071182e-02
1.287037320435047150e-02
1.240905374288558960e-02
1.201143115758895874e-02
1.302089635282754898e-02
9.345502592623233795e-03
1.101488713175058365e-02
1.497648097574710846e-02
1.330212410539388657e-02
1.862544566392898560e-02
1.430430449545383453e-02
1.878106221556663513e-02
1.955616474151611328e-02
1.708780787885189056e-02
2.155687287449836731e-02
2.290160767734050751e-02
1.563664153218269348e-02
2.271242067217826843e-02
2.560839802026748657e-02
2.276167646050453186e-02
2.430039644241333008e-02
2.367489784955978394e-02
2.912827022373676300e-02
2.364522404968738556e-02
2.316378802061080933e-02
2.377647906541824341e-02
1.519136689603328705e-02
2.243505790829658508e-02
2.221323177218437195e-02
2.289045229554176331e-02
2.118798531591892242e-02
1.840613596141338348e-02
2.125182189047336578e-02
2.031487226486206055e-02
1.956330984830856323e-02
1.871743053197860718e-02
1.892771013081073761e-02
1.914653554558753967e-02
1.973884366452693939e-02
1.489037368446588516e-02
1.546046882867813110e-02
1.852559298276901245e-02
1.687769219279289246e-02
1.584435626864433289e-02
1.593090221285820007e-02
2.370903640985488892e-02
1.472689583897590637e-02
1.893781311810016632e-02
2.488990500569343567e-02
2.186930179595947266e-02
1.621175184845924377e-02
2.483359351754188538e-02
1.858756691217422485e-02
2.263470366597175598e-02
1.719833910465240479e-02
2.133177965879440308e-02
2.058558166027069092e-02
2.501235343515872955e-02
3.297830745577812195e-02
2.319781482219696045e-02
2.285601757466793060e-02
2.188709005713462830e-02
1.986945234239101410e-02
8.322825655341148376e-03
2.085729315876960754e-02
1.933521591126918793e-02
1.827039197087287903e-02
1.935065910220146179e-02
1.938394829630851746e-02
1.343851070851087570e-02
1.799301989376544952e-02
1.358325779438018799e-02
1.375964842736721039e-02
2.058093249797821045e-02
1.436688750982284546e-02
1.986959576606750488e-02
2.048683539032936096e-02
1.531753782182931900e-02
2.259878441691398621e-02
2.156125567853450775e-02
1.516503281891345978e-02
1.951416023075580597e-02
2.436658367514610291e-02
2.031990140676498413e-02
2.094018086791038513e-02
2.174643427133560181e-02
2.654378488659858704e-02
2.013142965734004974e-02
2.017390355467796326e-02
2.166438288986682892e-02
1.276665739715099335e-02
1.917662285268306732e-02
1.796966046094894409e-02
1.892093941569328308e-02
1.737246662378311157e-02
1.613422110676765442e-02
1.723174378275871277e-02
1.708686538040637970e-02
1.673149317502975464e-02
1.565676927566528320e-02
1.613082364201545715e-02
1.757483929395675659e-02
1.668703742325305939e-02
1.220563333481550217e-02
1.501447148621082306e-02
1.839694008231163025e-02
1.706858351826667786e-02
1.661046221852302551e-02
1.660233177244663239e-02
2.264826744794845581e-02
1.448019593954086304e-02
1.751998439431190491e-02
2.413379587233066559e-02
1.989178359508514404e-02
1.437961496412754059e-02
2.150195650756359100e-02
1.839047111570835114e-02
2.013076096773147583e-02
1.261492539197206497e-02
1.851758919656276703e-02
1.766962930560112000e-02
1.988187804818153381e-02
2.759697660803794861e-02
1.984904520213603973e-02
1.826193928718566895e-02
1.879941858351230621e-02
1.745841279625892639e-02
7.255196571350097656e-03
1.721038669347763062e-02
1.666258834302425385e-02
1.738332211971282959e-02
1.611293293535709381e-02
1.687605306506156921e-02
1.257576327770948410e-02
1.496387273073196411e-02
