<system>Protocol: Active. Attitude: Sassy.</system>
1.480550877749919891e-02
1.455941423773765564e-02
1.427456177771091461e-02
1.409074757248163223e-02
1.436037942767143250e-02
1.451228559017181396e-02
1.468298770487308502e-02
1.477537397295236588e-02
1.481592841446399689e-02
1.469319127500057220e-02
1.431951764971017838e-02
1.459986623376607895e-02
1.474649645388126373e-02
1.433917228132486343e-02
1.460585277527570724e-02
1.474189478904008865e-02
1.431723963469266891e-02
1.469360850751399994e-02
1.428635697811841965e-02
1.477435324341058731e-02
1.442469749599695206e-02
1.466873288154602051e-02
1.448948867619037628e-02
1.498906686902046204e-02
1.437625195831060410e-02
1.505192462354898453e-02
1.517603173851966858e-02
1.420538593083620071e-02
1.439256593585014343e-02
1.490225829184055328e-02
1.385233178734779358e-02
1.458337809890508652e-02
1.443636789917945862e-02
1.406319998204708099e-02
1.499359589070081711e-02
1.453213673084974289e-02
1.491873897612094879e-02
1.404268480837345123e-02
1.453882083296775818e-02
1.434832438826560974e-02
1.441094372421503067e-02
1.505632139742374420e-02
1.408727467060089111e-02
1.444061007350683212e-02
1.481173932552337646e-02
1.479436829686164856e-02
1.483841054141521454e-02
1.471646595746278763e-02
1.443818211555480957e-02
1.496991887688636780e-02
1.442231424152851105e-02
1.444938126951456070e-02
1.459575630724430084e-02
1.499528065323829651e-02
1.464282628148794174e-02
1.463480293750762939e-02
1.457078382372856140e-02
1.400441117584705353e-02
1.471539214253425598e-02
1.392206549644470215e-02
1.436230633407831192e-02
1.454776898026466370e-02
1.474637817591428757e-02
1.478950679302215576e-02
1.451078429818153381e-02
1.530145760625600815e-02
1.451521180570125580e-02
1.477836258709430695e-02
1.412808429449796677e-02
1.428494788706302643e-02
1.466033980250358582e-02
1.432584319263696671e-02
1.435686647891998291e-02
1.381356269121170044e-02
1.428888365626335144e-02
1.462900824844837189e-02
1.450260914862155914e-02
1.427028886973857880e-02
1.417003385722637177e-02
1.466652192175388336e-02
1.476394943892955780e-02
1.493677683174610138e-02
1.496920455247163773e-02
1.381781324744224548e-02
1.445539295673370361e-02
1.461405865848064423e-02
1.445422507822513580e-02
1.460372284054756165e-02
1.482865121215581894e-02
1.481593959033489227e-02
1.435852702707052231e-02
1.395928114652633667e-02
1.481140404939651489e-02
1.467602513730525970e-02
1.432858593761920929e-02
1.425512880086898804e-02
1.406582072377204895e-02
1.432261243462562561e-02
1.537138968706130981e-02
1.519147306680679321e-02
1.497325766831636429e-02
1.414697244763374329e-02
1.494443230330944061e-02
1.420767139643430710e-02
1.389962248504161835e-02
1.434952672570943832e-02
1.460151188075542450e-02
1.442963350564241409e-02
1.552628446370363235e-02
1.444725040346384048e-02
1.344885677099227905e-02
1.422845013439655304e-02
1.481753494590520859e-02
1.428487524390220642e-02
1.453590951859951019e-02
1.432230509817600250e-02
1.463136356323957443e-02
1.487423945218324661e-02
1.488483138382434845e-02
1.417879853397607803e-02
1.453273743391036987e-02
1.462804339826107025e-02
1.449573971331119537e-02
1.438112743198871613e-02
1.421573758125305176e-02
1.492962799966335297e-02
1.501803100109100342e-02
1.466578617691993713e-02
1.465378329157829285e-02
1.448971778154373169e-02
1.445234753191471100e-02
1.437802892178297043e-02
1.490792445838451385e-02
1.441270951181650162e-02
1.484240684658288956e-02
1.482077036052942276e-02
1.407640241086483002e-02
1.474245730787515640e-02
1.445995084941387177e-02
1.479828450828790665e-02
1.427381020039319992e-02
1.438652351498603821e-02
1.422591321170330048e-02
1.383176911622285843e-02
1.418660767376422882e-02
1.443430408835411072e-02
1.438582688570022583e-02
1.414962671697139740e-02
1.445955410599708557e-02
1.455586496740579605e-02
1.491930894553661346e-02
1.490298844873905182e-02
1.378670241683721542e-02
1.448258664458990097e-02
1.460660435259342194e-02
1.412125304341316223e-02
1.383237820118665695e-02
1.416863221675157547e-02
1.638107560575008392e-02
1.472434122115373611e-02
1.412274502217769623e-02
1.458666659891605377e-02
1.499383151531219482e-02
1.469365321099758148e-02
1.426001079380512238e-02
1.456922106444835663e-02
1.598176732659339905e-02
1.422098837792873383e-02
1.485784538090229034e-02
1.464887149631977081e-02
1.491188723593950272e-02
1.478051114827394485e-02
1.409817114472389221e-02
1.521398220211267471e-02
1.443266123533248901e-02
1.408686023205518723e-02
1.458958629518747330e-02
1.542011834681034088e-02
1.425639353692531586e-02
1.451314054429531097e-02
1.441675331443548203e-02
1.455826498568058014e-02
1.500865165144205093e-02
1.488942280411720276e-02
1.707284338772296906e-02
1.433441415429115295e-02
1.475939713418483734e-02
1.454449631273746490e-02
1.466447208076715469e-02
1.425809971988201141e-02
1.417749188840389252e-02
1.488015241920948029e-02
1.451173424720764160e-02
1.439834758639335632e-02
1.515800412744283676e-02
1.472298614680767059e-02
1.454637199640274048e-02
1.514377631247043610e-02
1.488426234573125839e-02
1.440180651843547821e-02
1.473545841872692108e-02
1.477089151740074158e-02
1.440871506929397583e-02
1.489328220486640930e-02
1.443492993712425232e-02
1.497123017907142639e-02
1.442186906933784485e-02
1.355939731001853943e-02
1.423631794750690460e-02
1.497475430369377136e-02
1.424079202115535736e-02
1.399160362780094147e-02
1.473167166113853455e-02
1.415136642754077911e-02
1.479324698448181152e-02
1.416389737278223038e-02
1.454984489828348160e-02
1.408727839589118958e-02
1.491818390786647797e-02
1.449744123965501785e-02
1.473271846771240234e-02
1.684559509158134460e-02
1.443102955818176270e-02
1.435424759984016418e-02
1.440480817109346390e-02
1.484359428286552429e-02
1.456647086888551712e-02
1.484315004199743271e-02
1.404344104230403900e-02
1.462368015199899673e-02
1.468276791274547577e-02
1.468674000352621078e-02
1.359625346958637238e-02
1.447865925729274750e-02
1.536977291107177734e-02
1.455839537084102631e-02
1.403745822608470917e-02
1.476850453764200211e-02
1.391266752034425735e-02
1.458746008574962616e-02
1.451073028147220612e-02
1.477710902690887451e-02
1.463521458208560944e-02
1.456723548471927643e-02
1.466266717761754990e-02
1.425309944897890091e-02
1.454668864607810974e-02
1.466698851436376572e-02
1.427684351801872253e-02
1.440518535673618317e-02
1.502979919314384460e-02
1.445690169930458069e-02
1.421087048947811127e-02
1.414964161813259125e-02
1.488311029970645905e-02
1.434513553977012634e-02
1.426826789975166321e-02
1.490685995668172836e-02
1.463746465742588043e-02
1.383731607347726822e-02
1.442977227270603180e-02
1.456085406243801117e-02
1.414383761584758759e-02
1.474848017096519470e-02
1.452549360692501068e-02
1.435600500553846359e-02
1.407387107610702515e-02
1.479171868413686752e-02
1.459666434675455093e-02
1.474789623171091080e-02
1.445473171770572662e-02
1.654643751680850983e-02
1.450763549655675888e-02
1.431911345571279526e-02
1.471495069563388824e-02
1.385819725692272186e-02
1.393952127546072006e-02
1.458092033863067627e-02
1.425459235906600952e-02
1.515196077525615692e-02
1.430470682680606842e-02
1.512285321950912476e-02
2.039699070155620575e-02
1.436352916061878204e-02
1.461211033165454865e-02
1.447822712361812592e-02
1.399856712669134140e-02
1.466899178922176361e-02
1.511030830442905426e-02
1.437546312808990479e-02
1.512390095740556717e-02
1.427593547850847244e-02
1.505215279757976532e-02
1.476925611495971680e-02
1.520946808159351349e-02
1.430078875273466110e-02
1.455391384661197662e-02
1.534924376755952835e-02
1.506708562374114990e-02
1.477807201445102692e-02
1.480335555970668793e-02
1.410552579909563065e-02
1.403217390179634094e-02
1.498245820403099060e-02
1.476733200252056122e-02
1.423647254705429077e-02
1.385360118001699448e-02
1.459495350718498230e-02
1.445235870778560638e-02
1.408380270004272461e-02
1.425866596400737762e-02
1.455862447619438171e-02
1.468520425260066986e-02
1.477482635527849197e-02
1.466033887118101120e-02
1.437298208475112915e-02
1.464585959911346436e-02
1.488611102104187012e-02
1.492261607199907303e-02
1.423592027276754379e-02
1.422834489494562149e-02
1.414006017148494720e-02
1.480323262512683868e-02
1.450655236840248108e-02
1.388215273618698120e-02
1.474795117974281311e-02
1.444907858967781067e-02
1.515128742903470993e-02
1.468699425458908081e-02
1.452124491333961487e-02
1.464285515248775482e-02
1.500874385237693787e-02
1.435733493417501450e-02
1.430116128176450729e-02
1.452691853046417236e-02
1.425563357770442963e-02
1.453985553234815598e-02
1.438020542263984680e-02
1.404909696429967880e-02
1.504723541438579559e-02
1.470860373228788376e-02
1.427281834185123444e-02
1.474875584244728088e-02
1.450074091553688049e-02
1.477697212249040604e-02
1.516989152878522873e-02
1.471855957061052322e-02
1.434625964611768723e-02
1.419519912451505661e-02
1.491745188832283020e-02
1.412836369127035141e-02
1.467440649867057800e-02
1.449472457170486450e-02
1.485842093825340271e-02
1.431102398782968521e-02
1.471741776913404465e-02
1.475823856890201569e-02
1.483637839555740356e-02
1.436866819858551025e-02
1.427529752254486084e-02
1.443510688841342926e-02
1.406540535390377045e-02
1.452389732003211975e-02
1.390136778354644775e-02
1.420028880238533020e-02
1.445096731185913086e-02
1.509177405387163162e-02
1.478590629994869232e-02
1.429647766053676605e-02
1.410610973834991455e-02
1.402266044169664383e-02
1.494934409856796265e-02
1.442167349159717560e-02
1.466738618910312653e-02
1.418364606797695160e-02
1.495994813740253448e-02
1.454766746610403061e-02
1.446501817554235458e-02
1.411472819745540619e-02
1.435583084821701050e-02
1.381486840546131134e-02
1.434117555618286133e-02
1.400663051754236221e-02
1.409668661653995514e-02
1.394175831228494644e-02
1.420341432094573975e-02
1.437269710004329681e-02
1.482233777642250061e-02
1.407646760344505310e-02
1.500066462904214859e-02
1.421707682311534882e-02
1.396987028419971466e-02
1.441264525055885315e-02
1.454880461096763611e-02
1.490881852805614471e-02
1.418180577456951141e-02
1.404950860887765884e-02
1.468174811452627182e-02
1.466194540262222290e-02
1.427454221993684769e-02
1.470580790191888809e-02
1.436327677220106125e-02
1.472253911197185516e-02
1.407928951084613800e-02
1.420127786695957184e-02
1.467346772551536560e-02
1.468759402632713318e-02
1.484356727451086044e-02
1.429644506424665451e-02
1.429913938045501709e-02
1.472513936460018158e-02
3.506302088499069214e-02
1.469383388757705688e-02
1.425893325358629227e-02
1.444835308939218521e-02
1.488306466490030289e-02
1.455803401768207550e-02
1.412753574550151825e-02
1.418858766555786133e-02
1.460921019315719604e-02
1.409058086574077606e-02
1.428959239274263382e-02
1.475426461547613144e-02
1.489643938839435577e-02
1.715372875332832336e-02
1.403582654893398285e-02
1.448335871100425720e-02
1.512256637215614319e-02
1.423984300345182419e-02
1.519624702632427216e-02
1.363825052976608276e-02
1.417662110179662704e-02
1.405763253569602966e-02
1.485471427440643311e-02
1.375538576394319534e-02
1.391662936657667160e-02
1.388528849929571152e-02
1.478538103401660919e-02
1.480127498507499695e-02
1.482682395726442337e-02
1.471569947898387909e-02
1.452773902565240860e-02
1.435039378702640533e-02
1.443146169185638428e-02
1.481053698807954788e-02
1.388322934508323669e-02
1.369566563516855240e-02
1.461910083889961243e-02
1.424094755202531815e-02
1.412825658917427063e-02
1.453094184398651123e-02
1.432012952864170074e-02
1.453849952667951584e-02
1.411220803856849670e-02
1.472581550478935242e-02
1.411894336342811584e-02
1.444210950285196304e-02
1.461924612522125244e-02
1.438580453395843506e-02
1.457379106432199478e-02
1.485150121152400970e-02
1.423782762140035629e-02
1.452576369047164917e-02
1.403533853590488434e-02
1.466233842074871063e-02
1.401622593402862549e-02
1.416842918843030930e-02
1.482943911105394363e-02
1.426905579864978790e-02
1.435068901628255844e-02
1.471037045121192932e-02
1.440247334539890289e-02
1.386753190308809280e-02
1.425430551171302795e-02
1.469864137470722198e-02
1.399436965584754944e-02
1.456773839890956879e-02
1.411266438663005829e-02
1.498052291572093964e-02
1.463801972568035126e-02
1.439896598458290100e-02
1.445134915411472321e-02
1.433862373232841492e-02
1.476393826305866241e-02
1.433104090392589569e-02
1.426080614328384399e-02
1.417619362473487854e-02
1.468130387365818024e-02
1.479681860655546188e-02
1.429290510714054108e-02
1.506237592548131943e-02
1.472526416182518005e-02
1.459584292024374008e-02
1.499932724982500076e-02
1.440452970564365387e-02
1.455286797136068344e-02
1.413955073803663254e-02
1.441745087504386902e-02
1.438528671860694885e-02
1.432311069220304489e-02
1.467923820018768311e-02
1.398504897952079773e-02
1.484491489827632904e-02
1.399255823343992233e-02
1.459634304046630859e-02
1.428132876753807068e-02
1.424320507794618607e-02
1.428782567381858826e-02
1.417835801839828491e-02
1.419968809932470322e-02
1.415096130222082138e-02
1.470189262181520462e-02
1.075646840035915375e-02
1.467553898692131042e-02
1.400955207645893097e-02
1.443303376436233521e-02
1.456324383616447449e-02
1.501603890210390091e-02
1.522753853350877762e-02
1.485257130116224289e-02
1.470016036182641983e-02
1.441960409283638000e-02
1.493447460234165192e-02
1.465081423521041870e-02
1.406493037939071655e-02
1.428213994950056076e-02
1.448795571923255920e-02
1.438388414680957794e-02
1.483766362071037292e-02
1.423079986125230789e-02
1.444466039538383484e-02
1.416219584643840790e-02
1.448611076921224594e-02
1.437943521887063980e-02
1.481011882424354553e-02
1.518260035663843155e-02
1.477933302521705627e-02
1.466736011207103729e-02
1.512000616639852524e-02
1.472285296767950058e-02
1.444949209690093994e-02
1.413183473050594330e-02
1.401030458509922028e-02
1.450644992291927338e-02
1.393744163215160370e-02
1.485928334295749664e-02
1.516087353229522705e-02
1.437672134488821030e-02
1.413439586758613586e-02
1.404580939561128616e-02
1.407774351537227631e-02
1.455923914909362793e-02
1.447144523262977600e-02
1.405904442071914673e-02
1.387540902942419052e-02
1.449934206902980804e-02
1.390328630805015564e-02
1.491852290928363800e-02
1.458995230495929718e-02
1.485962513834238052e-02
1.540686003863811493e-02
1.503053214401006699e-02
1.425234880298376083e-02
1.413801684975624084e-02
1.403196062892675400e-02
1.455208100378513336e-02
1.611740142107009888e-02
1.512026973068714142e-02
1.469840295612812042e-02
1.463684998452663422e-02
1.459660753607749939e-02
1.505589112639427185e-02
1.481012441217899323e-02
1.421099342405796051e-02
1.429996825754642487e-02
1.442795991897583008e-02
1.391845010221004486e-02
1.343772187829017639e-02
1.519203837960958481e-02
1.387269794940948486e-02
1.420124527066946030e-02
1.451608445495367050e-02
1.438059285283088684e-02
1.467134989798069000e-02
1.481166481971740723e-02
1.469325460493564606e-02
1.490159984678030014e-02
1.445397362112998962e-02
1.430559717118740082e-02
1.453255675733089447e-02
1.459597051143646240e-02
1.421453058719635010e-02
1.448236033320426941e-02
1.475820597261190414e-02
1.467888988554477692e-02
1.429652236402034760e-02
1.400697417557239532e-02
1.435826160013675690e-02
1.421221066266298294e-02
1.445079408586025238e-02
1.500719226896762848e-02
1.462737098336219788e-02
1.413804478943347931e-02
1.437865383923053741e-02
1.433136034756898880e-02
1.473928615450859070e-02
1.461748033761978149e-02
1.447049900889396667e-02
1.434886176139116287e-02
1.442915387451648712e-02
1.413409318774938583e-02
1.418827939778566360e-02
1.440717559307813644e-02
1.480387710034847260e-02
1.441635657101869583e-02
1.475204806774854660e-02
1.487275119870901108e-02
1.462229713797569275e-02
1.479922514408826828e-02
1.517272740602493286e-02
1.443246193230152130e-02
1.439237315207719803e-02
1.454002317041158676e-02
1.536424085497856140e-02
1.514045149087905884e-02
1.452369056642055511e-02
1.377337053418159485e-02
1.476455107331275940e-02
1.518727745860815048e-02
1.493154000490903854e-02
1.387009397149085999e-02
1.463111117482185364e-02
1.424856297671794891e-02
1.416558399796485901e-02
1.464735064655542374e-02
1.409213710576295853e-02
1.408500038087368011e-02
1.477987971156835556e-02
1.453051995486021042e-02
1.424899231642484665e-02
1.459261588752269745e-02
1.416995190083980560e-02
1.486506126821041107e-02
1.464013196527957916e-02
1.451439224183559418e-02
1.462429761886596680e-02
1.455397903919219971e-02
1.419527642428874969e-02
1.511389762163162231e-02
1.422796770930290222e-02
1.517246477305889130e-02
1.421791315078735352e-02
1.458356715738773346e-02
1.484528277069330215e-02
1.430918648838996887e-02
1.543103996664285660e-02
1.406567636877298355e-02
1.510947570204734802e-02
1.490430068224668503e-02
1.477054692804813385e-02
1.468210108578205109e-02
1.420722901821136475e-02
1.404529809951782227e-02
1.223674695938825607e-02
1.535987108945846558e-02
1.471287570893764496e-02
1.466187834739685059e-02
1.434202212840318680e-02
1.168013829737901688e-02
1.353267394006252289e-02
1.477163936942815781e-02
1.473903656005859375e-02
1.471897587180137634e-02
1.436688099056482315e-02
1.472973078489303589e-02
1.451739668846130371e-02
1.464121416211128235e-02
1.481699850410223007e-02
1.446126028895378113e-02
1.415382232517004013e-02
1.432094164192676544e-02
1.503282319754362106e-02
1.472816336899995804e-02
1.434608362615108490e-02
1.425541937351226807e-02
1.411412842571735382e-02
1.411415450274944305e-02
1.585349813103675842e-02
1.397808641195297241e-02
1.506985910236835480e-02
1.467908732593059540e-02
1.461733132600784302e-02
1.473911851644515991e-02
1.512848027050495148e-02
1.443546079099178314e-02
1.436318922787904739e-02
1.445788145065307617e-02
1.435476355254650116e-02
1.461597159504890442e-02
1.482201740145683289e-02
1.395568344742059708e-02
1.401890628039836884e-02
1.523516327142715454e-02
1.428918913006782532e-02
1.414789259433746338e-02
1.473326049745082855e-02
1.394352596253156662e-02
1.468357164412736893e-02
1.374819874763488770e-02
1.395839080214500427e-02
1.438223384320735931e-02
1.402573846280574799e-02
1.474995538592338562e-02
1.451046299189329147e-02
1.490325853228569031e-02
1.520709507167339325e-02
1.456999685615301132e-02
1.389773655682802200e-02
1.364165917038917542e-02
1.512093376368284225e-02
1.424074545502662659e-02
1.438885554671287537e-02
1.442184485495090485e-02
1.408739574253559113e-02
1.441134139895439148e-02
1.451505441218614578e-02
1.486849412322044373e-02
1.464871503412723541e-02
1.553044654428958893e-02
1.456257142126560211e-02
1.537653151899576187e-02
1.407247968018054962e-02
1.398359239101409912e-02
1.486811414361000061e-02
1.430497504770755768e-02
1.424196548759937286e-02
1.410843431949615479e-02
1.485231518745422363e-02
1.376674138009548187e-02
1.432711165398359299e-02
1.468084286898374557e-02
1.449869386851787567e-02
1.473695226013660431e-02
1.462942734360694885e-02
1.494908891618251801e-02
1.422929111868143082e-02
1.455456297844648361e-02
1.479443069547414780e-02
1.442552357912063599e-02
1.586907170712947845e-02
1.464557927101850510e-02
1.416684500873088837e-02
1.500758901238441467e-02
1.551087759435176849e-02
1.511031854897737503e-02
1.426554843783378601e-02
1.457031816244125366e-02
1.405372470617294312e-02
1.079308614134788513e-02
1.455462537705898285e-02
1.434704940766096115e-02
1.509119849652051926e-02
1.466164551675319672e-02
1.469976268708705902e-02
1.419176533818244934e-02
1.467590965330600739e-02
1.454344298690557480e-02
1.454540155827999115e-02
1.433570496737957001e-02
1.409486681222915649e-02
1.472459547221660614e-02
1.490027457475662231e-02
1.432095095515251160e-02
1.439299806952476501e-02
1.457772776484489441e-02
1.438811235129833221e-02
1.395818777382373810e-02
1.479250006377696991e-02
1.487464737147092819e-02
1.443137414753437042e-02
1.428854838013648987e-02
1.478911191225051880e-02
1.492395251989364624e-02
1.490524224936962128e-02
1.626025140285491943e-02
1.448506861925125122e-02
1.455012429505586624e-02
1.443064771592617035e-02
1.448742300271987915e-02
1.437287591397762299e-02
1.496048830449581146e-02
1.477870345115661621e-02
1.403947174549102783e-02
1.412121392786502838e-02
1.494201831519603729e-02
1.458394899964332581e-02
1.347491331398487091e-02
1.460007205605506897e-02
1.443266775459051132e-02
1.432762108743190765e-02
1.468425057828426361e-02
1.424295920878648758e-02
1.460103970021009445e-02
1.440917979925870895e-02
1.461679674685001373e-02
1.466080639511346817e-02
1.426209229975938797e-02
1.387659367173910141e-02
1.435505133122205734e-02
1.440742425620555878e-02
1.497265417128801346e-02
1.459456235170364380e-02
1.437123399227857590e-02
1.451275683939456940e-02
1.463479548692703247e-02
1.442697644233703613e-02
1.465059630572795868e-02
1.433080434799194336e-02
1.404097303748130798e-02
1.434660330414772034e-02
1.432820409536361694e-02
1.453852280974388123e-02
1.487563084810972214e-02
1.412774622440338135e-02
1.434639375656843185e-02
1.447842828929424286e-02
1.472948491573333740e-02
1.464634574949741364e-02
1.513467915356159210e-02
1.489514112472534180e-02
1.420706510543823242e-02
1.437484659254550934e-02
1.482583023607730865e-02
1.378957368433475494e-02
1.058175042271614075e-02
1.521992310881614685e-02
1.477874815464019775e-02
1.477970741689205170e-02
1.418102718889713287e-02
1.421455666422843933e-02
1.439553592354059219e-02
1.470192521810531616e-02
1.467509567737579346e-02
1.366835553199052811e-02
1.494092866778373718e-02
1.613876037299633026e-02
1.442717202007770538e-02
1.413781102746725082e-02
1.421226933598518372e-02
1.404032483696937561e-02
1.394287683069705963e-02
1.469398383051156998e-02
1.474928297102451324e-02
1.466804649680852890e-02
1.447618193924427032e-02
1.552367303520441055e-02
1.522487774491310120e-02
1.439945586025714874e-02
1.458987034857273102e-02
1.444936171174049377e-02
1.469790562987327576e-02
1.487211510539054871e-02
1.438532583415508270e-02
1.479590311646461487e-02
1.465173810720443726e-02
1.478445529937744141e-02
1.469586975872516632e-02
1.743298396468162537e-02
1.405584532767534256e-02
1.462191715836524963e-02
1.479029562324285507e-02
1.442798227071762085e-02
1.504948921501636505e-02
1.478283852338790894e-02
1.483071409165859222e-02
1.418196037411689758e-02
1.421087142080068588e-02
1.437131501734256744e-02
1.413536816835403442e-02
1.485408656299114227e-02
1.397225446999073029e-02
1.480573415756225586e-02
1.476023904979228973e-02
1.428706757724285126e-02
1.561905629932880402e-02
1.491980440914630890e-02
1.469665765762329102e-02
1.444196328520774841e-02
1.474726386368274689e-02
1.427551545202732086e-02
1.455192733556032181e-02
1.397968176752328873e-02
1.396752055734395981e-02
1.441315375268459320e-02
1.430893316864967346e-02
1.413203962147235870e-02
1.409461535513401031e-02
1.517686620354652405e-02
1.422255113720893860e-02
1.475013885647058487e-02
1.448369864374399185e-02
1.488320156931877136e-02
1.384961605072021484e-02
1.453686878085136414e-02
1.497362926602363586e-02
1.476106978952884674e-02
1.478661596775054932e-02
1.450227107852697372e-02
1.505631022155284882e-02
1.422747597098350525e-02
1.414813101291656494e-02
1.431269105523824692e-02
1.537671498954296112e-02
1.457417383790016174e-02
1.441821642220020294e-02
1.453232951462268829e-02
1.466315425932407379e-02
1.496293395757675171e-02
1.503373682498931885e-02
1.497990917414426804e-02
1.385957375168800354e-02
1.432087551802396774e-02
1.448573451489210129e-02
1.437971089035272598e-02
1.445453241467475891e-02
1.407693699002265930e-02
1.424973830580711365e-02
1.424495130777359009e-02
1.382252015173435211e-02
1.431502681225538254e-02
1.472337171435356140e-02
1.425017882138490677e-02
1.494649983942508698e-02
1.447532605379819870e-02
1.437033619731664658e-02
1.447362639009952545e-02
1.454456336796283722e-02
1.399674639105796814e-02
1.444581523537635803e-02
1.471481658518314362e-02
1.469145156443119049e-02
1.448596827685832977e-02
1.380020193755626678e-02
1.549766212701797485e-02
1.424156315624713898e-02
1.459569483995437622e-02
1.424594689160585403e-02
1.365622598677873611e-02
1.495865080505609512e-02
1.462140772491693497e-02
1.463203039020299911e-02
1.418696902692317963e-02
1.463938504457473755e-02
1.408572494983673096e-02
1.454927586019039154e-02
1.460652332752943039e-02
1.515275426208972931e-02
1.413823850452899933e-02
1.471996121108531952e-02
1.506790239363908768e-02
1.462034601718187332e-02
1.416398305445909500e-02
1.460581645369529724e-02
1.421955414116382599e-02
1.478535216301679611e-02
1.468726061284542084e-02
1.400528289377689362e-02
1.448848471045494080e-02
1.474018208682537079e-02
1.427858136594295502e-02
1.388934813439846039e-02
1.447125058621168137e-02
1.496847812086343765e-02
1.492004841566085815e-02
1.527665555477142334e-02
1.395292300730943680e-02
1.471034064888954163e-02
1.418959163129329681e-02
1.461690012365579605e-02
1.463622599840164185e-02
1.448768563568592072e-02
1.467165257781744003e-02
1.461861655116081238e-02
1.449736393988132477e-02
1.478385366499423981e-02
1.467117946594953537e-02
1.440309174358844757e-02
1.409618370234966278e-02
1.421135291457176208e-02
1.457892358303070068e-02
1.427778974175453186e-02
1.740855723619461060e-02
1.477619446814060211e-02
1.484462432563304901e-02
1.459782384335994720e-02
1.464537996798753738e-02
1.420357171446084976e-02
1.463543809950351715e-02
1.451987028121948242e-02
1.410076767206192017e-02
1.500104740262031555e-02
1.463190186768770218e-02
1.521778944879770279e-02
1.522865332663059235e-02
1.513702794909477234e-02
1.490010879933834076e-02
1.459794305264949799e-02
1.461689732968807220e-02
1.468923036009073257e-02
1.542784925550222397e-02
1.427586097270250320e-02
1.429335027933120728e-02
1.425406895577907562e-02
1.449658907949924469e-02
1.413627527654170990e-02
1.491325255483388901e-02
1.394083350896835327e-02
1.467340718954801559e-02
1.413494348526000977e-02
1.469281222671270370e-02
1.443099230527877808e-02
1.501021161675453186e-02
1.377215050160884857e-02
1.466494984924793243e-02
1.415017060935497284e-02
1.461566239595413208e-02
1.417313329875469208e-02
1.518414169549942017e-02
1.415196992456912994e-02
1.355277653783559799e-02
1.507722400128841400e-02
1.429379824548959732e-02
1.425924338400363922e-02
1.493396516889333725e-02
1.488677691668272018e-02
1.447230949997901917e-02
1.391627360135316849e-02
1.542127132415771484e-02
1.487081777304410934e-02
1.411281246691942215e-02
1.464380323886871338e-02
1.484209392219781876e-02
1.478924322873353958e-02
1.539302431046962738e-02
9.761825203895568848e-03
1.411411352455615997e-02
1.379881147295236588e-02
1.448304578661918640e-02
1.429488416761159897e-02
1.448875293135643005e-02
1.442069187760353088e-02
1.411531213670969009e-02
1.381319295614957809e-02
1.483592949807643890e-02
1.387472450733184814e-02
1.461884565651416779e-02
1.476804167032241821e-02
1.463026180863380432e-02
1.472105644643306732e-02
1.479699276387691498e-02
1.508735679090023041e-02
1.418865658342838287e-02
1.477344427257776260e-02
1.456691138446331024e-02
1.490994729101657867e-02
1.486059557646512985e-02
1.486156135797500610e-02
1.437061931937932968e-02
1.458918210119009018e-02
1.448779366910457611e-02
1.347333937883377075e-02
1.466610468924045563e-02
1.265314407646656036e-02
1.465411111712455750e-02
1.466388348489999771e-02
1.427122205495834351e-02
1.431736070662736893e-02
1.456719916313886642e-02
1.411642692983150482e-02
1.485103555023670197e-02
1.460293121635913849e-02
1.499346084892749786e-02
1.390321459621191025e-02
1.451580692082643509e-02
1.418236643075942993e-02
1.572165638208389282e-02
1.459050551056861877e-02
1.414411887526512146e-02
1.494129188358783722e-02
1.434459909796714783e-02
1.443993579596281052e-02
1.444826647639274597e-02
1.504699513316154480e-02
1.420025341212749481e-02
1.484742388129234314e-02
1.424923725426197052e-02
1.456478051841259003e-02
1.437949948012828827e-02
1.421534735709428787e-02
1.479745842516422272e-02
1.424654014408588409e-02
1.410592161118984222e-02
1.459563523530960083e-02
1.481165923178195953e-02
1.501483656466007233e-02
1.488447375595569611e-02
1.415812782943248749e-02
1.462982036173343658e-02
1.410250738263130188e-02
1.437302306294441223e-02
1.590064540505409241e-02
1.428353786468505859e-02
1.445730589330196381e-02
1.419204194098711014e-02
1.494269445538520813e-02
1.421233732253313065e-02
1.427101902663707733e-02
1.461723074316978455e-02
1.460783928632736206e-02
1.532250083982944489e-02
1.414814405143260956e-02
1.422447245568037033e-02
1.417684368789196014e-02
1.490035280585289001e-02
1.403194852173328400e-02
1.451021805405616760e-02
1.450940221548080444e-02
1.424626447260379791e-02
1.460254844278097153e-02
1.486838236451148987e-02
1.470621116459369659e-02
1.423461548984050751e-02
1.423791050910949707e-02
1.442837715148925781e-02
1.449089217931032181e-02
1.483985595405101776e-02
1.426913775503635406e-02
1.469107624143362045e-02
1.484525110572576523e-02
1.409174315631389618e-02
1.389328110963106155e-02
1.449057273566722870e-02
1.460335496813058853e-02
1.480501517653465271e-02
1.479397155344486237e-02
1.480545476078987122e-02
1.432856917381286621e-02
1.416597887873649597e-02
1.492971461266279221e-02
1.446912251412868500e-02
1.439300738275051117e-02
1.438242476433515549e-02
1.440246496349573135e-02
1.453407295048236847e-02
1.429071091115474701e-02
1.465412601828575134e-02
1.408800669014453888e-02
1.395966298878192902e-02
1.470430102199316025e-02
1.437524519860744476e-02
1.434380561113357544e-02
1.424054522067308426e-02
1.424759905785322189e-02
1.459618657827377319e-02
1.461674273014068604e-02
1.433365326374769211e-02
1.467725075781345367e-02
1.498826779425144196e-02
1.402962580323219299e-02
1.470031775534152985e-02
1.438342593610286713e-02
1.453466527163982391e-02
1.458348426967859268e-02
1.438363827764987946e-02
1.378342602401971817e-02
1.469797641038894653e-02
1.472462527453899384e-02
1.437464356422424316e-02
1.491986215114593506e-02
1.420300547033548355e-02
1.466459687799215317e-02
1.485458202660083771e-02
1.432848535478115082e-02
1.476651616394519806e-02
1.493597775697708130e-02
1.447421498596668243e-02
1.478778384625911713e-02
1.474785059690475464e-02
1.415768824517726898e-02
1.502759847790002823e-02
1.476882491260766983e-02
1.779611036181449890e-02
1.445332169532775879e-02
1.442445162683725357e-02
1.470776833593845367e-02
1.434810366481542587e-02
1.420661993324756622e-02
1.446617394685745239e-02
1.397661026567220688e-02
1.313166134059429169e-02
1.482060551643371582e-02
1.500137243419885635e-02
1.441842876374721527e-02
1.435383129864931107e-02
1.465783361345529556e-02
1.462957821786403656e-02
1.510554924607276917e-02
1.417765393853187561e-02
1.392774842679500580e-02
1.450593397021293640e-02
1.451281644403934479e-02
1.497176941484212875e-02
1.467416062951087952e-02
1.466316729784011841e-02
1.445751637220382690e-02
1.415653899312019348e-02
1.397780235856771469e-02
1.414239406585693359e-02
1.484359987080097198e-02
1.362706255167722702e-02
1.514630950987339020e-02
1.443347521126270294e-02
1.434058975428342819e-02
1.374352443963289261e-02
1.492896676063537598e-02
1.462298631668090820e-02
1.422549597918987274e-02
1.394391618669033051e-02
1.458286121487617493e-02
1.462183427065610886e-02
1.605050265789031982e-02
1.451401598751544952e-02
1.470695342868566513e-02
1.428449992090463638e-02
1.425880938768386841e-02
1.470795646309852600e-02
1.431455835700035095e-02
1.516105234622955322e-02
1.381938345730304718e-02
1.398993656039237976e-02
1.422785222530364990e-02
1.480306312441825867e-02
1.452659629285335541e-02
1.490030344575643539e-02
1.489450223743915558e-02
1.436249818652868271e-02
1.483793929219245911e-02
1.485826447606086731e-02
1.404551789164543152e-02
1.531023532152175903e-02
1.443302817642688751e-02
1.482533290982246399e-02
1.464168727397918701e-02
1.447361614555120468e-02
1.404636818915605545e-02
1.503566280007362366e-02
1.507707685232162476e-02
1.473404467105865479e-02
1.492073573172092438e-02
1.445614174008369446e-02
1.469628419727087021e-02
1.446959748864173889e-02
1.487899571657180786e-02
1.468878239393234253e-02
1.434515044093132019e-02
1.439836807548999786e-02
1.469188556075096130e-02
1.435279659926891327e-02
1.451673358678817749e-02
1.505814027041196823e-02
1.431771367788314819e-02
1.466163713485002518e-02
1.443529315292835236e-02
1.491682510823011398e-02
1.433291472494602203e-02
1.595455408096313477e-02
1.577920094132423401e-02
1.445977110415697098e-02
1.629774644970893860e-02
1.472557615488767624e-02
1.464296411722898483e-02
1.407102681696414948e-02
1.422026380896568298e-02
1.450677588582038879e-02
1.453076675534248352e-02
1.452947594225406647e-02
1.502755936235189438e-02
1.437592320144176483e-02
1.500259060412645340e-02
1.403754390776157379e-02
1.478778012096881866e-02
1.488617062568664551e-02
1.352607645094394684e-02
1.508329994976520538e-02
1.483301352709531784e-02
1.483340281993150711e-02
1.409497298300266266e-02
1.450127828866243362e-02
1.454677060246467590e-02
1.428442168980836868e-02
1.422618702054023743e-02
1.480276696383953094e-02
1.446643564850091934e-02
1.473854109644889832e-02
1.437119767069816589e-02
1.505091227591037750e-02
1.469028647989034653e-02
1.447556726634502411e-02
1.095109060406684875e-02
1.474448665976524353e-02
1.460225321352481842e-02
1.500156242400407791e-02
1.437264028936624527e-02
1.454067602753639221e-02
1.469858828932046890e-02
1.460503879934549332e-02
1.435301825404167175e-02
1.551408320665359497e-02
1.420326810330152512e-02
1.486192364245653152e-02
1.465807668864727020e-02
1.418091543018817902e-02
1.402813382446765900e-02
1.481319963932037354e-02
1.496533211320638657e-02
1.510368753224611282e-02
1.435944437980651855e-02
1.465767808258533478e-02
1.450866647064685822e-02
1.335173007100820541e-02
1.471632905304431915e-02
1.481430418789386749e-02
1.415750756859779358e-02
1.450637541711330414e-02
1.447186991572380066e-02
1.388834975659847260e-02
1.467194408178329468e-02
1.488885376602411270e-02
1.405779831111431122e-02
1.468216348439455032e-02
1.472295261919498444e-02
1.466411259025335312e-02
1.500529795885086060e-02
1.454620063304901123e-02
1.446274388581514359e-02
1.441424340009689331e-02
1.400944404304027557e-02
1.429302990436553955e-02
1.465985178947448730e-02
1.456659659743309021e-02
1.468564290553331375e-02
1.433221995830535889e-02
1.428229361772537231e-02
1.477666758000850677e-02
1.460688002407550812e-02
1.478015724569559097e-02
1.439453009516000748e-02
1.458685193210840225e-02
1.414881832897663116e-02
1.455742958933115005e-02
1.463310234248638153e-02
1.393061410635709763e-02
1.473551243543624878e-02
1.512613520026206970e-02
1.478122547268867493e-02
1.442967820912599564e-02
1.384565420448780060e-02
1.473986916244029999e-02
1.434688270092010498e-02
1.470471359789371490e-02
1.429052837193012238e-02
1.461969967931509018e-02
1.398531440645456314e-02
1.399334333837032318e-02
1.493060775101184845e-02
1.449440605938434601e-02
1.511546783149242401e-02
1.446321979165077209e-02
1.527049392461776733e-02
1.483761332929134369e-02
1.377141848206520081e-02
1.490658521652221680e-02
1.421592198312282562e-02
1.449909806251525879e-02
1.477175205945968628e-02
1.463871914893388748e-02
1.418752036988735199e-02
1.491887867450714111e-02
1.492342818528413773e-02
1.488757971674203873e-02
1.410080492496490479e-02
1.433048583567142487e-02
1.454200036823749542e-02
1.439310610294342041e-02
1.467796973884105682e-02
1.399855501949787140e-02
1.463245414197444916e-02
1.454307511448860168e-02
1.409620512276887894e-02
1.499986927956342697e-02
1.474757120013237000e-02
1.369671896100044250e-02
1.459058187901973724e-02
1.406543236225843430e-02
1.376343052834272385e-02
1.426927372813224792e-02
1.508920639753341675e-02
1.418692059814929962e-02
1.444981060922145844e-02
1.466811075806617737e-02
1.452114060521125793e-02
1.396563835442066193e-02
1.452070102095603943e-02
1.416124217212200165e-02
1.372270472347736359e-02
1.482493802905082703e-02
1.488503068685531616e-02
1.492755487561225891e-02
1.446510851383209229e-02
1.405772566795349121e-02
1.420974452048540115e-02
1.428628433495759964e-02
1.441621221601963043e-02
1.474981848150491714e-02
1.425738725811243057e-02
1.414516754448413849e-02
1.449553109705448151e-02
1.434908993542194366e-02
1.411132700741291046e-02
1.486326009035110474e-02
1.439522393047809601e-02
1.363716274499893188e-02
1.478404458612203598e-02
1.457296498119831085e-02
1.438377052545547485e-02
1.439838483929634094e-02
1.448092516511678696e-02
1.465071551501750946e-02
1.436032634228467941e-02
1.489187963306903839e-02
1.483883615583181381e-02
1.438169740140438080e-02
1.468406990170478821e-02
1.465986017137765884e-02
1.497432962059974670e-02
1.426644250750541687e-02
1.513378322124481201e-02
1.454104389995336533e-02
1.471495255827903748e-02
1.407050341367721558e-02
1.485267467796802521e-02
1.475964207202196121e-02
1.469833124428987503e-02
1.459347177296876907e-02
9.383738040924072266e-03
1.444979384541511536e-02
1.393171027302742004e-02
1.513717323541641235e-02
1.455743797123432159e-02
1.378844305872917175e-02
1.458027400076389313e-02
1.463961042463779449e-02
1.526171900331974030e-02
1.432933192700147629e-02
1.417722832411527634e-02
1.389510370790958405e-02
1.458452269434928894e-02
1.449848525226116180e-02
1.464063115417957306e-02
1.448879204690456390e-02
1.426725089550018311e-02
1.421987079083919525e-02
1.388125028461217880e-02
1.414807047694921494e-02
1.421714667230844498e-02
1.407094392925500870e-02
1.477328408509492874e-02
1.532885991036891937e-02
1.472873240709304810e-02
1.463869586586952209e-02
1.533073745667934418e-02
1.400703471153974533e-02
1.269879564642906189e-02
1.495455577969551086e-02
1.435664854943752289e-02
1.401463150978088379e-02
1.446507684886455536e-02
1.473876647651195526e-02
1.549724489450454712e-02
1.453172601759433746e-02
1.427176967263221741e-02
1.449252944439649582e-02
1.491005159914493561e-02
1.439805142581462860e-02
1.514087058603763580e-02
1.497351005673408508e-02
1.608369499444961548e-02
1.441190950572490692e-02
1.434450503438711166e-02
1.472760364413261414e-02
1.445091422647237778e-02
1.413058117032051086e-02
1.489157415926456451e-02
1.472352072596549988e-02
1.413097418844699860e-02
1.444213837385177612e-02
1.443634927272796631e-02
1.468681637197732925e-02
1.477246545255184174e-02
1.439834665507078171e-02
1.450243405997753143e-02
1.414251886308193207e-02
1.468689367175102234e-02
1.481711305677890778e-02
1.514437049627304077e-02
1.499667204916477203e-02
1.463496871292591095e-02
1.448718830943107605e-02
1.388450525701045990e-02
1.458282861858606339e-02
1.440191175788640976e-02
1.433898415416479111e-02
1.428623124957084656e-02
1.468286849558353424e-02
1.500663720071315765e-02
1.459573395550251007e-02
1.426116283982992172e-02
1.477200910449028015e-02
1.455319672822952271e-02
1.371737010776996613e-02
1.532845944166183472e-02
1.462460588663816452e-02
1.411914825439453125e-02
1.443494763225317001e-02
1.468138769268989563e-02
1.387843303382396698e-02
1.447789371013641357e-02
1.408975198864936829e-02
1.450017280876636505e-02
1.416494324803352356e-02
1.670042611658573151e-02
1.430829800665378571e-02
1.449831016361713409e-02
1.439013611525297165e-02
1.449273899197578430e-02
1.448100991547107697e-02
1.367660518735647202e-02
1.453742198646068573e-02
1.379523426294326782e-02
1.469333656132221222e-02
1.428939122706651688e-02
1.413005776703357697e-02
1.452478393912315369e-02
1.480452530086040497e-02
1.397210918366909027e-02
1.473525166511535645e-02
1.484500989317893982e-02
1.439303345978260040e-02
1.490245107561349869e-02
1.471879519522190094e-02
1.435145549476146698e-02
1.457703858613967896e-02
1.445945259183645248e-02
1.491451263427734375e-02
1.477907039225101471e-02
1.456982549279928207e-02
1.412174105644226074e-02
1.402988564223051071e-02
1.462587341666221619e-02
1.422247290611267090e-02
1.458756253123283386e-02
1.495739817619323730e-02
1.423413306474685669e-02
1.507744658738374710e-02
1.422427129000425339e-02
1.476760488003492355e-02
1.446352992206811905e-02
1.435078680515289307e-02
1.451582461595535278e-02
1.479497738182544708e-02
1.482974085956811905e-02
1.449094340205192566e-02
1.388487592339515686e-02
1.490975264459848404e-02
1.455954369157552719e-02
1.454588398337364197e-02
1.501560769975185394e-02
1.419063750654459000e-02
1.452153176069259644e-02
1.431808434426784515e-02
1.414388976991176605e-02
1.497655082494020462e-02
1.453454978764057159e-02
1.529811136424541473e-02
1.070321351289749146e-02
1.531182788312435150e-02
1.428567897528409958e-02
1.399642601609230042e-02
1.424778625369071960e-02
1.412593200802803040e-02
1.518173702061176300e-02
1.429150998592376709e-02
1.505027804523706436e-02
1.493789255619049072e-02
1.404115743935108185e-02
1.453153789043426514e-02
1.448560319840908051e-02
1.434022095054388046e-02
1.420650724321603775e-02
1.458697766065597534e-02
1.513045839965343475e-02
1.457630190998315811e-02
1.494256779551506042e-02
1.410945504903793335e-02
1.402658224105834961e-02
1.444626785814762115e-02
1.464097201824188232e-02
1.510782167315483093e-02
1.470383163541555405e-02
1.454678643494844437e-02
1.479869522154331207e-02
1.437663100659847260e-02
1.426832564175128937e-02
1.462698541581630707e-02
1.427154429256916046e-02
1.455349102616310120e-02
1.465865410864353180e-02
1.385785825550556183e-02
1.464679744094610214e-02
1.449463143944740295e-02
1.413138769567012787e-02
1.474404148757457733e-02
1.429727487266063690e-02
1.422318164259195328e-02
1.518510840833187103e-02
1.497099734842777252e-02
1.417248602956533432e-02
1.451428793370723724e-02
1.459961384534835815e-02
1.482274476438760757e-02
1.439405605196952820e-02
1.451720017939805984e-02
1.422784477472305298e-02
1.175370626151561737e-02
1.453651208430528641e-02
1.450350601226091385e-02
1.503684930503368378e-02
1.427094824612140656e-02
1.509827747941017151e-02
1.432908605784177780e-02
1.457769423723220825e-02
1.436016894876956940e-02
1.484425645321607590e-02
1.427887473255395889e-02
1.418317854404449463e-02
1.398259401321411133e-02
1.471450924873352051e-02
1.415308378636837006e-02
1.445903070271015167e-02
1.458995603024959564e-02
1.458528079092502594e-02
1.506761927157640457e-02
1.427628565579652786e-02
1.391891483217477798e-02
1.486781053245067596e-02
1.443705148994922638e-02
1.446108333766460419e-02
1.442767307162284851e-02
1.507054083049297333e-02
1.446499954909086227e-02
1.449262909591197968e-02
1.425312273204326630e-02
1.506721973419189453e-02
1.449170429259538651e-02
1.463399641215801239e-02
1.408492587506771088e-02
1.512106321752071381e-02
1.444355025887489319e-02
1.407925412058830261e-02
1.485265977680683136e-02
1.456633582711219788e-02
1.450140029191970825e-02
1.415074616670608521e-02
1.413712650537490845e-02
1.429706439375877380e-02
1.428902801126241684e-02
1.429724693298339844e-02
1.460437476634979248e-02
1.416544895619153976e-02
1.397041790187358856e-02
1.449555158615112305e-02
1.548662967979907990e-02
1.516718231141567230e-02
1.458959653973579407e-02
1.463985070586204529e-02
1.440126262605190277e-02
1.447740010917186737e-02
1.447778940200805664e-02
1.471055857837200165e-02
1.409777440130710602e-02
1.359918154776096344e-02
1.400615274906158447e-02
1.447953283786773682e-02
1.466383598744869232e-02
1.458455063402652740e-02
1.434059254825115204e-02
1.445475220680236816e-02
1.463342458009719849e-02
1.369507610797882080e-02
3.282943740487098694e-02
1.430916786193847656e-02
1.397621724754571915e-02
1.474732067435979843e-02
1.399581134319305420e-02
1.418652478605508804e-02
1.531166303902864456e-02
1.464144326746463776e-02
1.443666312843561172e-02
1.500482484698295593e-02
1.444429159164428711e-02
1.484879292547702789e-02
1.419439911842346191e-02
1.494713407009840012e-02
1.521692145615816116e-02
1.464659534394741058e-02
1.395490020513534546e-02
1.443931739777326584e-02
1.419103611260652542e-02
1.388551853597164154e-02
1.439056824892759323e-02
1.469917036592960358e-02
1.431085169315338135e-02
1.405850704759359360e-02
1.499966438859701157e-02
1.458642818033695221e-02
1.442285161465406418e-02
1.459426898509263992e-02
1.455986965447664261e-02
1.466366928070783615e-02
1.474835909903049469e-02
1.484160684049129486e-02
1.499731093645095825e-02
1.441203989088535309e-02
1.492812857031822205e-02
1.412025466561317444e-02
1.447719894349575043e-02
1.426334865391254425e-02
1.416547317057847977e-02
1.470407471060752869e-02
1.474359259009361267e-02
1.462984457612037659e-02
1.462669856846332550e-02
1.411403901875019073e-02
1.544850878417491913e-02
1.482143998146057129e-02
1.478048413991928101e-02
1.437157113105058670e-02
1.434735395014286041e-02
1.420130766928195953e-02
1.333158276975154877e-02
1.356534939259290695e-02
1.446018740534782410e-02
1.441284641623497009e-02
1.442697644233703613e-02
1.446660421788692474e-02
1.483541075140237808e-02
1.458121836185455322e-02
1.449585705995559692e-02
1.450302638113498688e-02
1.405356824398040771e-02
1.441298797726631165e-02
1.725534535944461823e-02
1.461705192923545837e-02
1.513505727052688599e-02
1.436358317732810974e-02
1.434962265193462372e-02
1.432921923696994781e-02
1.508541963994503021e-02
1.436367072165012360e-02
1.479223743081092834e-02
1.453809067606925964e-02
1.435859315097332001e-02
1.425040606409311295e-02
1.442659273743629456e-02
1.508717983961105347e-02
1.451173331588506699e-02
1.472095027565956116e-02
1.472811214625835419e-02
1.482814457267522812e-02
1.512643601745367050e-02
1.437701284885406494e-02
1.445005461573600769e-02
1.519958674907684326e-02
1.434432063251733780e-02
1.464439462870359421e-02
1.438679173588752747e-02
1.600640825927257538e-02
1.384185347706079483e-02
1.454647816717624664e-02
1.440636441111564636e-02
1.475767605006694794e-02
1.462169364094734192e-02
1.451348792761564255e-02
1.473563630133867264e-02
1.437108218669891357e-02
1.506316848099231720e-02
1.487325038760900497e-02
1.397324074059724808e-02
1.405909471213817596e-02
1.421338878571987152e-02
1.500849891453981400e-02
1.503418199717998505e-02
1.415797229856252670e-02
1.413093414157629013e-02
1.448052190244197845e-02
1.518378965556621552e-02
1.368805207312107086e-02
1.433518342673778534e-02
1.420446671545505524e-02
1.372016593813896179e-02
1.470955274999141693e-02
1.478327345103025436e-02
1.464438997209072113e-02
1.470787078142166138e-02
1.478124037384986877e-02
1.409905403852462769e-02
1.427506282925605774e-02
1.508505176752805710e-02
1.467265281826257706e-02
1.471740938723087311e-02
1.443700399249792099e-02
1.417045947164297104e-02
1.384507678449153900e-02
1.488088443875312805e-02
1.375522278249263763e-02
1.481260266155004501e-02
1.453051157295703888e-02
1.521580386906862259e-02
1.439342275261878967e-02
1.448272727429866791e-02
1.429901830852031708e-02
1.468525268137454987e-02
1.432292815297842026e-02
1.529697421938180923e-02
1.491048932075500488e-02
1.411737315356731415e-02
1.467781327664852142e-02
1.445450074970722198e-02
1.479689870029687881e-02
1.470179483294487000e-02
1.414968259632587433e-02
1.375807449221611023e-02
1.410575304180383682e-02
1.428648363798856735e-02
1.444539800286293030e-02
1.392160728573799133e-02
1.406692154705524445e-02
1.477993093430995941e-02
1.515225693583488464e-02
1.460880599915981293e-02
1.418238691985607147e-02
1.481056585907936096e-02
1.453282590955495834e-02
1.446654275059700012e-02
1.422531809657812119e-02
1.480581238865852356e-02
1.421994902193546295e-02
1.398484595119953156e-02
1.450072787702083588e-02
1.427556946873664856e-02
1.417368091642856598e-02
1.454482786357402802e-02
1.471823640167713165e-02
1.515452004969120026e-02
1.478760503232479095e-02
1.429140102118253708e-02
1.419718656688928604e-02
1.479887031018733978e-02
1.419239863753318787e-02
1.417002081871032715e-02
1.479060016572475433e-02
1.446783170104026794e-02
1.493502780795097351e-02
1.505879964679479599e-02
1.435285061597824097e-02
1.531626284122467041e-02
1.436026953160762787e-02
1.458562165498733521e-02
1.496971864253282547e-02
1.514289807528257370e-02
1.466126553714275360e-02
1.447245664894580841e-02
1.477655488997697830e-02
1.453752722591161728e-02
1.441681664437055588e-02
1.453284546732902527e-02
1.496855169534683228e-02
1.419667806476354599e-02
1.437559537589550018e-02
1.518397964537143707e-02
1.464711874723434448e-02
1.438452303409576416e-02
1.430033333599567413e-02
1.416843011975288391e-02
1.446910761296749115e-02
1.476310379803180695e-02
1.451945398002862930e-02
1.446428708732128143e-02
1.475676521658897400e-02
1.420210022479295731e-02
1.443518698215484619e-02
1.462333835661411285e-02
1.403300277888774872e-02
1.500046718865633011e-02
1.455704867839813232e-02
1.482212636619806290e-02
1.499067619442939758e-02
1.423575077205896378e-02
1.447897590696811676e-02
1.510156318545341492e-02
1.420038379728794098e-02
1.493528857827186584e-02
1.459267176687717438e-02
1.410915330052375793e-02
1.450643874704837799e-02
1.500520855188369751e-02
1.408777106553316116e-02
1.427289471030235291e-02
1.430236548185348511e-02
1.427552103996276855e-02
1.480408757925033569e-02
1.487439870834350586e-02
1.445421390235424042e-02
1.450800150632858276e-02
1.373378280550241470e-02
1.400658860802650452e-02
1.497422717511653900e-02
1.476567424833774567e-02
1.428335066884756088e-02
1.384321879595518112e-02
1.415736973285675049e-02
1.447726972401142120e-02
1.434532646089792252e-02
1.549780555069446564e-02
1.462687458842992783e-02
1.412944868206977844e-02
1.404927577823400497e-02
1.442964840680360794e-02
1.478077750653028488e-02
1.431610435247421265e-02
1.462316978722810745e-02
1.446349639445543289e-02
1.462905481457710266e-02
1.436413358896970749e-02
1.429390348494052887e-02
1.463634893298149109e-02
1.517689228057861328e-02
1.448122691363096237e-02
1.425321958959102631e-02
1.423751190304756165e-02
1.425348594784736633e-02
1.424904260784387589e-02
1.480806618928909302e-02
1.454924792051315308e-02
1.418281160295009613e-02
1.412760280072689056e-02
1.442724466323852539e-02
1.417796034365892410e-02
1.417907141149044037e-02
1.432275865226984024e-02
1.604625023901462555e-02
1.436211355030536652e-02
1.488902978599071503e-02
1.458779070526361465e-02
1.390314102172851562e-02
1.415912620723247528e-02
1.486378163099288940e-02
1.402480993419885635e-02
1.473285909742116928e-02
1.409898698329925537e-02
1.457052584737539291e-02
1.503648236393928528e-02
1.424401067197322845e-02
1.422689855098724365e-02
1.495155319571495056e-02
1.463545579463243484e-02
1.416456606239080429e-02
1.396963745355606079e-02
1.443732902407646179e-02
1.486731879413127899e-02
1.419633906334638596e-02
1.462302170693874359e-02
1.441479846835136414e-02
1.423220429569482803e-02
1.425659097731113434e-02
1.451547443866729736e-02
1.438148505985736847e-02
1.498518325388431549e-02
1.462819613516330719e-02
1.490754168480634689e-02
1.413519680500030518e-02
1.433537341654300690e-02
1.603526808321475983e-02
1.412063278257846832e-02
1.521958038210868835e-02
1.433763932436704636e-02
1.461943425238132477e-02
1.442086696624755859e-02
1.468981616199016571e-02
1.404589321464300156e-02
1.428138371556997299e-02
1.564399525523185730e-02
1.452571526169776917e-02
1.461880840361118317e-02
1.443785987794399261e-02
1.457158848643302917e-02
1.349204033613204956e-02
1.449972391128540039e-02
1.568070426583290100e-02
1.429131813347339630e-02
1.488158665597438812e-02
1.409602165222167969e-02
1.505506504327058792e-02
1.381750684231519699e-02
1.551616378128528595e-02
1.440470479428768158e-02
1.463233307003974915e-02
1.434551551938056946e-02
1.435687765479087830e-02
1.453391090035438538e-02
1.454527582973241806e-02
1.419551484286785126e-02
1.431731600314378738e-02
1.486717909574508667e-02
1.466958224773406982e-02
1.450408902019262314e-02
1.436061598360538483e-02
1.414849050343036652e-02
1.456315442919731140e-02
1.461517997086048126e-02
1.438081637024879456e-02
1.395787298679351807e-02
1.479558553546667099e-02
1.394942030310630798e-02
1.384765096008777618e-02
1.509204879403114319e-02
1.535181980580091476e-02
1.462962292134761810e-02
