<system>Protocol: Active. Attitude: Sassy.</system>
6.017829291522502899e-03
5.522644612938165665e-03
4.331856034696102142e-03
4.549225326627492905e-03
6.253998726606369019e-03
2.928788075223565102e-03
4.419859033077955246e-03
4.761058837175369263e-03
4.029146861284971237e-03
4.780463874340057373e-03
4.387297667562961578e-03
5.845056846737861633e-03
2.650525420904159546e-03
5.029029212892055511e-03
5.184220150113105774e-03
3.679648507386445999e-03
6.204927805811166763e-03
6.623511202633380890e-03
5.767573602497577667e-03
3.599325194954872131e-03
3.924829885363578796e-03
4.906211979687213898e-03
7.792796939611434937e-03
7.313335780054330826e-03
4.905343987047672272e-03
6.139563396573066711e-03
5.801397375762462616e-03
5.154449492692947388e-03
5.727371200919151306e-03
5.279385484755039215e-03
5.659962072968482971e-03
5.453887395560741425e-03
5.847048014402389526e-03
5.135162733495235443e-03
5.768478382378816605e-03
5.965465679764747620e-03
4.357045516371726990e-03
4.745838697999715805e-03
4.686316475272178650e-03
4.037818405777215958e-03
3.875310765579342842e-03
3.416835796087980270e-03
5.149899981915950775e-03
2.285617170855402946e-03
5.724045448005199432e-03
2.362877130508422852e-03
3.000437282025814056e-03
4.304621368646621704e-03
3.390975762158632278e-03
3.393877530470490456e-03
3.976219333708286285e-03
6.627121940255165100e-03
5.623524077236652374e-03
4.579341039061546326e-03
6.689764559268951416e-03
5.948071833699941635e-03
7.084485143423080444e-03
4.668259061872959137e-03
4.918863065540790558e-03
5.768847651779651642e-03
5.283603444695472717e-03
5.696076434105634689e-03
5.422870628535747528e-03
5.632880143821239471e-03
8.842393755912780762e-03
8.229995146393775940e-03
6.749819032847881317e-03
5.523555912077426910e-03
7.324294187128543854e-03
2.997658681124448776e-03
4.966225009411573410e-03
6.425412371754646301e-03
4.895932506769895554e-03
5.334044340997934341e-03
3.193395212292671204e-03
3.357778768986463547e-03
1.590925501659512520e-03
3.387428354471921921e-03
6.283255293965339661e-03
3.446405520662665367e-03
5.745252128690481186e-03
6.319420877844095230e-03
5.923722870647907257e-03
1.843406469561159611e-03
4.386652261018753052e-03
1.762159517966210842e-03
3.858155338093638420e-03
7.894283160567283630e-03
5.597729235887527466e-03
6.837308406829833984e-03
6.410366389900445938e-03
5.610233172774314880e-03
6.295195780694484711e-03
5.669774487614631653e-03
6.196605041623115540e-03
5.911297164857387543e-03
9.928358718752861023e-03
7.170717697590589523e-03
7.763347122818231583e-03
7.628128863871097565e-03
4.305069334805011749e-03
6.608189549297094345e-03
6.391120143234729767e-03
5.108907818794250488e-03
5.313756875693798065e-03
4.410903435200452805e-03
5.237957462668418884e-03
2.386780921369791031e-03
4.316654987633228302e-03
3.516158787533640862e-03
3.425259375944733620e-03
5.201335996389389038e-03
3.442156128585338593e-03
3.697926178574562073e-03
3.798313904553651810e-03
3.782183863222599030e-03
6.612188182771205902e-03
2.717209979891777039e-03
4.650183022022247314e-03
6.242710165679454803e-03
7.798247039318084717e-03
5.231998860836029053e-03
5.408619064837694168e-03
6.357420235872268677e-03
5.729500204324722290e-03
6.244357675313949585e-03
5.879880394786596298e-03
6.155211478471755981e-03
7.204794790595769882e-03
4.576505161821842194e-03
4.590190015733242035e-03
3.715278813615441322e-03
3.832418471574783325e-03
2.421807264909148216e-03
3.042467404156923294e-03
3.156246151775121689e-03
2.833412960171699524e-03
3.178644459694623947e-03
2.145608887076377869e-03
2.414153423160314560e-03
1.726440503261983395e-03
2.078796271234750748e-03
3.997890278697013855e-03
2.268769778311252594e-03
4.224799107760190964e-03
4.718047566711902618e-03
4.449564032256603241e-03
1.654761726967990398e-03
4.197389353066682816e-03
2.048797905445098877e-03
2.571288961917161942e-03
6.824269890785217285e-03
6.312750745564699173e-03
6.639016792178153992e-03
6.311019882559776306e-03
6.408567540347576141e-03
6.413860246539115906e-03
6.319698411971330643e-03
6.455841474235057831e-03
6.471266504377126694e-03
5.744290538132190704e-03
5.300700664520263672e-03
4.530420061200857162e-03
4.325298592448234558e-03
3.085475414991378784e-03
3.182623302564024925e-03
3.026272868737578392e-03
3.098145592957735062e-03
2.670379588380455971e-03
2.404105383902788162e-03
3.272606292739510536e-03
2.000025007873773575e-03
2.920397557318210602e-03
2.388165332376956940e-03
2.780697308480739594e-03
3.780311439186334610e-03
2.621669322252273560e-03
3.019268624484539032e-03
3.226691856980323792e-03
2.843576483428478241e-03
5.611809436231851578e-03
2.537674736231565475e-03
2.652214840054512024e-03
6.062315776944160461e-03
7.337529212236404419e-03
6.248157471418380737e-03
6.269063800573348999e-03
6.376157514750957489e-03
6.449101958423852921e-03
6.460188888013362885e-03
6.482419557869434357e-03
6.459602154791355133e-03
4.033443517982959747e-03
2.708487911149859428e-03
1.153695955872535706e-02
9.397849440574645996e-03
4.221244715154170990e-03
6.862866692245006561e-03
6.527321413159370422e-03
8.201804012060165405e-03
8.471226319670677185e-03
7.611173670738935471e-03
4.098637960851192474e-03
6.459641736000776291e-03
4.997297190129756927e-03
6.693222559988498688e-03
3.945863805711269379e-03
4.915420431643724442e-03
4.657270386815071106e-03
5.363760516047477722e-03
5.270099267363548279e-03
9.402403607964515686e-03
5.127905867993831635e-03
5.684968084096908569e-03
1.617483422160148621e-02
7.063808850944042206e-03
6.948315538465976715e-03
5.700463429093360901e-03
5.407978780567646027e-03
4.993915557861328125e-03
5.390378646552562714e-03
5.005598068237304688e-03
5.338544491678476334e-03
5.182381719350814819e-03
3.874868387356400490e-03
6.752794142812490463e-03
4.307536408305168152e-03
8.086150512099266052e-03
9.960206225514411926e-03
5.639438517391681671e-03
9.220175445079803467e-03
8.284565061330795288e-03
3.519779071211814880e-03
1.744112349115312099e-03
5.586965009570121765e-03
2.721469383686780930e-03
5.449951626360416412e-03
2.066872315481305122e-03
4.655024502426385880e-03
3.387734293937683105e-03
6.027281284332275391e-03
7.556614000350236893e-03
7.625785656273365021e-03
4.832712002098560333e-03
4.850264638662338257e-03
4.703030921518802643e-03
7.372420281171798706e-03
1.278411038219928741e-02
6.558402907103300095e-03
4.709512460976839066e-03
4.818686749786138535e-03
5.396715365350246429e-03
5.070624407380819321e-03
5.370917730033397675e-03
5.163274705410003662e-03
5.326071754097938538e-03
6.272585596889257431e-03
5.583100020885467529e-03
4.480401054024696350e-03
3.614725079387426376e-03
5.019125062972307205e-03
2.782673574984073639e-03
3.146444447338581085e-03
4.414165392518043518e-03
3.007083665579557419e-03
3.572526853531599045e-03
2.846492454409599304e-03
2.912096446380019188e-03
2.438998082652688026e-03
1.979429041966795921e-03
3.854123409837484360e-03
3.056577872484922409e-03
3.764907363802194595e-03
4.296266008168458939e-03
4.030737560242414474e-03
2.364358631893992424e-03
5.333494860678911209e-03
2.354785567149519920e-03
2.945963991805911064e-03
5.720461253076791763e-03
6.244443356990814209e-03
5.473060533404350281e-03
5.143078975379467010e-03
5.357792600989341736e-03
5.205328576266765594e-03
5.090421065688133240e-03
5.215520970523357391e-03
5.255803465843200684e-03
6.371246185153722763e-03
5.121708381921052933e-03
5.379059351980686188e-03
5.170420743525028229e-03
3.010297194123268127e-03
4.525900352746248245e-03
4.359149374067783356e-03
3.519393969327211380e-03
3.837345400825142860e-03
3.503581741824746132e-03
3.607333172112703323e-03
2.687694039195775986e-03
3.484845161437988281e-03
3.492671297863125801e-03
3.188937902450561523e-03
3.726715222001075745e-03
2.405717736110091209e-03
2.994902431964874268e-03
3.281408920884132385e-03
2.771551487967371941e-03
4.990642890334129333e-03
1.544610131531953812e-03
1.885217963717877865e-03
6.153809837996959686e-03
6.156714633107185364e-03
5.428219214081764221e-03
5.386251024901866913e-03
5.187504459172487259e-03
5.323303397744894028e-03
5.225485190749168396e-03
5.276284646242856979e-03
5.221209954470396042e-03
9.335812181234359741e-03
7.093586027622222900e-03
7.321940269321203232e-03
6.109538488090038300e-03
4.286224953830242157e-03
3.255537478253245354e-03
4.163288976997137070e-03
3.833626396954059601e-03
3.712281119078397751e-03
3.967662341892719269e-03
2.248143777251243591e-03
2.649898640811443329e-03
1.522335689514875412e-03
1.994747202843427658e-03
4.843924660235643387e-03
2.244238508865237236e-03
4.955291748046875000e-03
5.522881634533405304e-03
5.452639423310756683e-03
3.310773056000471115e-03
4.008115269243717194e-03
2.322238869965076447e-03
1.788616180419921875e-03
6.859766319394111633e-03
5.681130569428205490e-03
6.325576920062303543e-03
5.965201184153556824e-03
5.729959346354007721e-03
5.959616042673587799e-03
5.768215283751487732e-03
5.951930768787860870e-03
5.880407057702541351e-03
1.414435636252164841e-02
7.758109364658594131e-03
5.048879422247409821e-03
4.617232829332351685e-03
4.539583809673786163e-03
3.976880572736263275e-03
3.633852582424879074e-03
4.088055808097124100e-03
3.172654192894697189e-03
2.737189643085002899e-03
4.133120644837617874e-03
2.296079881489276886e-03
3.574065398424863815e-03
3.029953688383102417e-03
1.950957113876938820e-03
4.405284300446510315e-03
2.666026819497346878e-03
2.993224654346704483e-03
2.388261724263429642e-03
3.284626640379428864e-03
6.339709274470806122e-03
3.852060995995998383e-03
4.822210408747196198e-03
5.505676381289958954e-03
7.079108618199825287e-03
5.562895908951759338e-03
5.558091215789318085e-03
5.968296434730291367e-03
5.797480233013629913e-03
5.962681956589221954e-03
5.865501705557107925e-03
5.950483493506908417e-03
2.302812784910202026e-02
3.419452579692006111e-03
1.080396212637424469e-02
8.725984953343868256e-03
5.249712616205215454e-03
4.516936838626861572e-03
4.040192812681198120e-03
2.673740265890955925e-03
3.695959225296974182e-03
2.907371846958994865e-03
3.903110045939683914e-03
2.188662998378276825e-03
7.364308461546897888e-03
4.139471333473920822e-03
3.538407152518630028e-03
3.980509005486965179e-03
2.685212995857000351e-03
3.194837365299463272e-03
3.279053606092929840e-03
9.197242558002471924e-03
3.899796167388558388e-03
6.227389909327030182e-03
1.382694859057664871e-02
5.043113604187965393e-03
8.398630656301975250e-03
5.095369182527065277e-03
4.809830803424119949e-03
5.419943016022443771e-03
4.952976480126380920e-03
5.079366266727447510e-03
5.007186904549598694e-03
5.185134708881378174e-03
4.600829444825649261e-03
1.370263844728469849e-02
4.690652713179588318e-03
5.485353060066699982e-03
4.696820396929979324e-03
3.646581433713436127e-03
2.608823822811245918e-03
3.684340743348002434e-03
3.278179094195365906e-03
2.460975665599107742e-03
2.297652885317802429e-03
5.150179378688335419e-03
2.212936989963054657e-03
3.752860007807612419e-03
5.706858355551958084e-03
2.811258425936102867e-03
6.063526030629873276e-03
6.572183221578598022e-03
5.731351673603057861e-03
2.495718421414494514e-03
4.337163642048835754e-03
3.426753450185060501e-03
4.367461893707513809e-03
1.116397045552730560e-02
5.721742287278175354e-03
5.772191565483808517e-03
5.505646578967571259e-03
4.887986928224563599e-03
5.349978804588317871e-03
5.009557586163282394e-03
5.226479377597570419e-03
5.028235726058483124e-03
5.006966646760702133e-03
4.178586415946483612e-03
4.505509044975042343e-03
4.227832425385713577e-03
4.949938505887985229e-03
3.227664157748222351e-03
3.478393889963626862e-03
4.477786831557750702e-03
3.651308361440896988e-03
3.860285505652427673e-03
3.585078986361622810e-03
2.666259882971644402e-03
3.243652870878577232e-03
2.216027583926916122e-03
5.305409431457519531e-03
2.881777472794055939e-03
5.985981784760951996e-03
6.753899622708559036e-03
5.732402671128511429e-03
3.305120859295129776e-03
6.355444900691509247e-03
3.816127311438322067e-03
3.600742435082793236e-03
9.239546023309230804e-03
8.412631228566169739e-03
8.839909918606281281e-03
8.549526333808898926e-03
8.891277015209197998e-03
8.773390203714370728e-03
9.003737941384315491e-03
8.887832053005695343e-03
9.019954130053520203e-03
5.557046737521886826e-03
4.508689977228641510e-03
4.406657069921493530e-03
4.590060561895370483e-03
3.523987252265214920e-03
4.194648005068302155e-03
4.564072005450725555e-03
4.017606377601623535e-03
4.382230341434478760e-03
4.037630744278430939e-03
3.598127514123916626e-03
2.926668617874383926e-03
3.255137708038091660e-03
3.387786448001861572e-03
3.671596758067607880e-03
4.917716607451438904e-03
3.572038840502500534e-03
4.088045097887516022e-03
4.206907469779253006e-03
5.950265564024448395e-03
6.499459501355886459e-03
3.507652785629034042e-03
6.106320302933454514e-03
7.908702827990055084e-03
9.734500199556350708e-03
8.836888708174228668e-03
8.591517806053161621e-03
8.685376495122909546e-03
8.979899808764457703e-03
8.877148851752281189e-03
9.033613838255405426e-03
8.910942822694778442e-03
3.201135434210300446e-03
2.919984981417655945e-03
2.274484839290380478e-03
3.232619957998394966e-03
2.809972036629915237e-03
3.250844310969114304e-03
3.308765590190887451e-03
7.070471998304128647e-03
4.665486980229616165e-03
4.312845412641763687e-03
5.038260482251644135e-03
4.598388448357582092e-03
3.630233462899923325e-03
4.499390721321105957e-03
3.542065620422363281e-03
4.085444845259189606e-03
6.277677137404680252e-03
6.616032216697931290e-03
6.098363082855939865e-03
5.068399943411350250e-03
4.962400533258914948e-03
5.872846115380525589e-03
1.236625947058200836e-02
7.890792563557624817e-03
6.983561441302299500e-03
7.847132161259651184e-03
8.246654644608497620e-03
7.409855723381042480e-03
7.362950593233108521e-03
7.366460748016834259e-03
8.290187455713748932e-03
7.676249369978904724e-03
3.641647752374410629e-03
3.332260064780712128e-03
3.348336089402437210e-03
3.140763379633426666e-03
3.076226217672228813e-03
3.266163868829607964e-03
4.367373418062925339e-03
3.813066985458135605e-03
7.240460254251956940e-03
6.676779594272375107e-03
4.721139557659626007e-03
5.559299606829881668e-03
7.011726498603820801e-03
6.383751519024372101e-03
5.866664461791515350e-03
6.625655107200145721e-03
4.792994819581508636e-03
4.330222960561513901e-03
7.343987002968788147e-03
6.809372454881668091e-03
8.097321726381778717e-03
9.915690869092941284e-03
8.454562164843082428e-03
1.101875118911266327e-02
6.867632269859313965e-03
7.480713538825511932e-03
9.101461619138717651e-03
8.194351568818092346e-03
8.277106098830699921e-03
8.254031650722026825e-03
7.389363832771778107e-03
8.368108421564102173e-03
5.309275351464748383e-03
5.540890619158744812e-03
4.537159577012062073e-03
6.140075158327817917e-03
4.720592871308326721e-03
5.704622715711593628e-03
5.638300441205501556e-03
4.440559074282646179e-03
5.896607413887977600e-03
5.850465968251228333e-03
5.206292495131492615e-03
4.672590643167495728e-03
5.511979572474956512e-03
4.274443723261356354e-03
5.532920360565185547e-03
6.401611492037773132e-03
4.088959656655788422e-03
4.950019996613264084e-03
6.799254100769758224e-03
5.736891180276870728e-03
5.433477461338043213e-03
7.355009671300649643e-03
7.115987129509449005e-03
9.912841953337192535e-03
8.817486464977264404e-03
9.662259370088577271e-03
9.929964318871498108e-03
9.894265793263912201e-03
9.985692799091339111e-03
9.935392066836357117e-03
1.043701637536287308e-02
1.024887152016162872e-02
5.555056035518646240e-03
5.694481078535318375e-03
5.715619772672653198e-03
5.930691026151180267e-03
5.075234454125165939e-03
4.663208499550819397e-03
3.822616767138242722e-03
5.903392098844051361e-03
3.637004178017377853e-03
4.353616386651992798e-03
4.569774027913808823e-03
5.430538672953844070e-03
3.613483160734176636e-03
5.154351238161325455e-03
6.113264709711074829e-03
4.428332205861806870e-03
6.238284986466169357e-03
6.622349377721548080e-03
4.660616163164377213e-03
4.131203517317771912e-03
4.590877331793308258e-03
6.139599718153476715e-03
8.638733997941017151e-03
8.657300844788551331e-03
8.939597755670547485e-03
1.215894799679517746e-02
9.382800199091434479e-03
1.011840533465147018e-02
1.016734540462493896e-02
9.896976873278617859e-03
1.023350469768047333e-02
1.036692131310701370e-02
5.765469744801521301e-03
5.454244092106819153e-03
5.026490427553653717e-03
5.993353668600320816e-03
5.186667200177907944e-03
5.315608344972133636e-03
6.036928389221429825e-03
4.667044617235660553e-03
6.401865277439355850e-03
6.269568111747503281e-03
5.568118300288915634e-03
5.240082740783691406e-03
5.977540742605924606e-03
4.679266829043626785e-03
5.567030981183052063e-03
6.196423433721065521e-03
4.369618371129035950e-03
4.942797124385833740e-03
6.788429804146289825e-03
5.891486071050167084e-03
5.203813314437866211e-03
7.085771765559911728e-03
7.795789279043674469e-03
1.036690920591354370e-02
9.244065731763839722e-03
8.700586855411529541e-03
1.057919207960367203e-02
1.122798770666122437e-02
1.119363494217395782e-02
1.113188359886407852e-02
1.166583504527807236e-02
1.148198731243610382e-02
5.584131926298141479e-03
5.794274620711803436e-03
5.618671886622905731e-03
5.739991087466478348e-03
5.893839988857507706e-03
5.280517507344484329e-03
4.193025641143321991e-03
6.310136057436466217e-03
4.302538931369781494e-03
4.597549326717853546e-03
5.006712861359119415e-03
5.684251431375741959e-03
3.892608685418963432e-03
4.990024026483297348e-03
6.354338489472866058e-03
4.663050174713134766e-03
6.033604964613914490e-03
6.363996304571628571e-03
4.870735108852386475e-03
4.294939339160919189e-03
4.548748955130577087e-03
6.668070796877145767e-03
8.278667926788330078e-03
1.016373280435800552e-02
9.959198534488677979e-03
1.097339205443859100e-02
1.087243109941482544e-02
1.105794310569763184e-02
1.120746508240699768e-02
1.083430461585521698e-02
1.127985771745443344e-02
1.156994607299566269e-02
4.471171181648969650e-03
3.822360886260867119e-03
3.507968038320541382e-03
4.214962013065814972e-03
3.774832002818584442e-03
4.304833244532346725e-03
3.874168964102864265e-03
3.871464403346180916e-03
4.335620440542697906e-03
4.540340043604373932e-03
4.349052906036376953e-03
4.026044160127639771e-03
4.394667223095893860e-03
3.185322973877191544e-03
4.618529230356216431e-03
5.085722543299198151e-03
3.649344202131032944e-03
4.387418739497661591e-03
5.500938743352890015e-03
4.517152905464172363e-03
3.893438261002302170e-03
6.088798865675926208e-03
6.013448815792798996e-03
8.041284978389739990e-03
7.287603337317705154e-03
6.546783261001110077e-03
8.117266930639743805e-03
8.215470239520072937e-03
8.198780938982963562e-03
8.143896237015724182e-03
8.652168326079845428e-03
8.394624106585979462e-03
4.646383225917816162e-03
4.513356834650039673e-03
3.996051847934722900e-03
4.197063855826854706e-03
3.538141958415508270e-03
3.032014705240726471e-03
3.604223951697349548e-03
4.203934688121080399e-03
3.892339766025543213e-03
4.084006883203983307e-03
3.675268730148673058e-03
4.268110729753971100e-03
3.723101457580924034e-03
4.457209259271621704e-03
5.284790880978107452e-03
3.548041451722383499e-03
4.975542891770601273e-03
5.501265171915292740e-03
3.943751566112041473e-03
3.540685866028070450e-03
3.357314504683017731e-03
5.219747312366962433e-03
6.661381106823682785e-03
7.707925979048013687e-03
7.350354921072721481e-03
8.690117858350276947e-03
8.421199396252632141e-03
8.408023975789546967e-03
8.494237437844276428e-03
8.334860205650329590e-03
8.255863562226295471e-03
8.644599467515945435e-03
5.252073518931865692e-03
5.233344621956348419e-03
3.738945815712213516e-03
5.018401890993118286e-03
3.868454601615667343e-03
4.237766377627849579e-03
4.735648166388273239e-03
3.971453756093978882e-03
5.247657187283039093e-03
4.929394461214542389e-03
4.305530339479446411e-03
4.435686394572257996e-03
4.536689724773168564e-03
4.184060730040073395e-03
4.151940345764160156e-03
5.334794986993074417e-03
3.361019538715481758e-03
4.029712639749050140e-03
5.560471676290035248e-03
4.351409617811441422e-03
3.822236554697155952e-03
6.603760179132223129e-03
6.736647803336381912e-03
8.411171846091747284e-03
7.368758320808410645e-03
6.670448463410139084e-03
8.457165211439132690e-03
8.945668116211891174e-03
8.900242857635021210e-03
8.789649233222007751e-03
9.267903864383697510e-03
9.074150584638118744e-03
4.252947866916656494e-03
4.312932491302490234e-03
5.012582987546920776e-03
4.482454620301723480e-03
3.980782348662614822e-03
3.882906166836619377e-03
3.231812734156847000e-03
5.316322669386863708e-03
4.189373925328254700e-03
4.734579939395189285e-03
4.786820150911808014e-03
4.191825166344642639e-03
3.479859791696071625e-03
4.098903387784957886e-03
5.450791679322719574e-03
3.736255457624793053e-03
5.207275040447711945e-03
5.409455858170986176e-03
4.414610564708709717e-03
3.531572408974170685e-03
4.177445545792579651e-03
4.940652288496494293e-03
6.398556753993034363e-03
7.807675749063491821e-03
8.089873939752578735e-03
9.738993830978870392e-03
8.794061839580535889e-03
8.848768658936023712e-03
8.980747312307357788e-03
8.747449144721031189e-03
8.961545303463935852e-03
9.239935316145420074e-03
4.978740587830543518e-03
5.098392255604267120e-03
4.102764651179313660e-03
5.780270323157310486e-03
5.045528523623943329e-03
5.793882068246603012e-03
5.422378890216350555e-03
4.774047993123531342e-03
5.705880001187324524e-03
5.909362807869911194e-03
5.284657701849937439e-03
5.841453094035387039e-03
6.076452322304248810e-03
4.694695584475994110e-03
5.967899225652217865e-03
7.094052154570817947e-03
4.164184443652629852e-03
4.665057174861431122e-03
8.150408975780010223e-03
6.457660812884569168e-03
6.652066018432378769e-03
8.040292188525199890e-03
8.703030645847320557e-03
1.109054870903491974e-02
9.539181366562843323e-03
1.086636539548635483e-02
1.105187460780143738e-02
1.180785614997148514e-02
1.195960398763418198e-02
1.179614104330539703e-02
1.196322962641716003e-02
1.213790103793144226e-02
5.676479078829288483e-03
5.752190016210079193e-03
5.725543014705181122e-03
6.013428792357444763e-03
5.190848838537931442e-03
4.682146012783050537e-03
4.113337025046348572e-03
5.637921392917633057e-03
4.290509037673473358e-03
5.297261290252208710e-03
5.546431522816419601e-03
5.559995770454406738e-03
4.802361596375703812e-03
6.017394363880157471e-03
7.585060782730579376e-03
4.907974041998386383e-03
7.164584472775459290e-03
7.418193854391574860e-03
4.921930376440286636e-03
4.526250064373016357e-03
4.866417963057756424e-03
6.727497093379497528e-03
9.800001978874206543e-03
1.014905888587236404e-02
1.048918627202510834e-02
1.430705189704895020e-02
1.093213818967342377e-02
1.127224788069725037e-02
1.141084823757410049e-02
1.108208857476711273e-02
1.225716806948184967e-02
1.181095652282238007e-02
4.989917390048503876e-03
4.591885488480329514e-03
3.714431310072541237e-03
4.689927678555250168e-03
4.382897168397903442e-03
4.396717064082622528e-03
4.125957842916250229e-03
3.351274412125349045e-03
4.808259662240743637e-03
4.954482428729534149e-03
4.455146845430135727e-03
4.822075366973876953e-03
4.920652136206626892e-03
3.615018445998430252e-03
5.111633799970149994e-03
5.802587606012821198e-03
3.313803579658269882e-03
3.964735195040702820e-03
5.847516469657421112e-03
4.684899002313613892e-03
4.186702892184257507e-03
5.829904228448867798e-03
5.436378065496683121e-03
7.845594547688961029e-03
6.764485500752925873e-03
6.288577802479267120e-03
7.502134423702955246e-03
8.000399917364120483e-03
7.961469702422618866e-03
7.867883890867233276e-03
8.219266310334205627e-03
8.090088143944740295e-03
3.955193329602479935e-03
4.246649332344532013e-03
4.561109934002161026e-03
4.558442160487174988e-03
3.828453365713357925e-03
3.376865293830633163e-03
3.856561612337827682e-03
4.623552784323692322e-03
3.501628059893846512e-03
4.209625534713268280e-03
4.636576864868402481e-03
4.717709496617317200e-03
3.222063649445772171e-03
4.488395527005195618e-03
5.675254389643669128e-03
3.469798248261213303e-03
5.420384928584098816e-03
6.095235701650381088e-03
4.120649769902229309e-03
4.077480174601078033e-03
3.616240341216325760e-03
5.266237538307905197e-03
6.556761451065540314e-03
7.325145881623029709e-03
7.446844130754470825e-03
8.216088637709617615e-03
7.693420164287090302e-03
7.851748727262020111e-03
7.930437102913856506e-03
7.665433455258607864e-03
8.015444502234458923e-03
8.146448060870170593e-03
5.355562083423137665e-03
4.617090336978435516e-03
4.406094551086425781e-03
5.144363269209861755e-03
4.556463100016117096e-03
4.976373631507158279e-03
4.851067438721656799e-03
4.542725160717964172e-03
4.927368834614753723e-03
5.078689195215702057e-03
4.765450954437255859e-03
4.711372777819633484e-03
4.654191434383392334e-03
3.819688688963651657e-03
4.965978674590587616e-03
6.132637150585651398e-03
3.833282506093382835e-03
4.639787599444389343e-03
6.415739655494689941e-03
4.904724191874265671e-03
4.364838823676109314e-03
6.529268808662891388e-03
5.871179979294538498e-03
8.402598090469837189e-03
7.727187592536211014e-03
7.349475286900997162e-03
8.652333170175552368e-03
8.457757532596588135e-03
8.416080847382545471e-03
8.395990356802940369e-03
9.010406211018562317e-03
8.673509582877159119e-03
5.679924041032791138e-03
5.909303203225135803e-03
5.310131702572107315e-03
5.437724757939577103e-03
4.688768647611141205e-03
4.118294455111026764e-03
4.014212638139724731e-03
4.912097472697496414e-03
3.949918784201145172e-03
4.655543714761734009e-03
4.207207821309566498e-03
4.618816543370485306e-03
3.530397545546293259e-03
5.362384021282196045e-03
5.852835252881050110e-03
4.048713017255067825e-03
5.935725755989551544e-03
6.329684518277645111e-03
4.317120183259248734e-03
3.701961366459727287e-03
3.314894158393144608e-03
5.667752586305141449e-03
6.849564611911773682e-03
8.060969412326812744e-03
7.621177472174167633e-03
8.834683336317539215e-03
8.780870586633682251e-03
8.813694119453430176e-03
8.884515613317489624e-03
8.767010644078254700e-03
8.477057330310344696e-03
9.016672149300575256e-03
1.569629833102226257e-02
1.767609640955924988e-02
1.856025867164134979e-02
1.404720358550548553e-02
1.767349988222122192e-02
1.503160782158374786e-02
1.552660297602415085e-02
1.798876747488975525e-02
1.156647689640522003e-02
1.648737862706184387e-02
1.718140020966529846e-02
1.588169857859611511e-02
1.390772033482789993e-02
1.338753476738929749e-02
1.320740021765232086e-02
1.091354619711637497e-02
1.222020015120506287e-02
1.170835085213184357e-02
1.610139012336730957e-02
1.617205888032913208e-02
1.555335987359285355e-02
1.441338378936052322e-02
1.593843847513198853e-02
1.585925742983818054e-02
1.671136170625686646e-02
1.323587261140346527e-02
1.724424213171005249e-02
1.698281615972518921e-02
1.353123784065246582e-02
1.462269295006990433e-02
1.278891600668430328e-02
1.744689233601093292e-02
1.771801523864269257e-02
1.536313258111476898e-02
1.420810725539922714e-02
1.805850863456726074e-02
1.625429466366767883e-02
2.064303308725357056e-02
1.790215075016021729e-02
1.676731556653976440e-02
1.376135461032390594e-02
1.360456459224224091e-02
1.365487836301326752e-02
1.200996711850166321e-02
1.284876652061939240e-02
1.335018873214721680e-02
1.322067715227603912e-02
1.283863745629787445e-02
1.355244405567646027e-02
1.327984035015106201e-02
1.541468873620033264e-02
1.186896301805973053e-02
1.574397087097167969e-02
1.364795304834842682e-02
1.556561700999736786e-02
2.140803076326847076e-02
1.565229147672653198e-02
1.743452064692974091e-02
1.735080406069755554e-02
1.782786287367343903e-02
1.606905460357666016e-02
1.651001349091529846e-02
1.452251244336366653e-02
1.241993345320224762e-02
2.109646052122116089e-02
1.940532401204109192e-02
1.903750188648700714e-02
1.647783815860748291e-02
2.406965754926204681e-02
1.552884373813867569e-02
2.393181808292865753e-02
1.606915332376956940e-02
1.778774522244930267e-02
1.759586483240127563e-02
1.825005374848842621e-02
1.739392802119255066e-02
1.757424697279930115e-02
1.679802685976028442e-02
1.631496474146842957e-02
1.511950977146625519e-02
1.585903391242027283e-02
1.347928680479526520e-02
1.431605312973260880e-02
1.785006746649742126e-02
1.459330786019563675e-02
1.468774676322937012e-02
1.600962132215499878e-02
1.596141420304775238e-02
1.821587979793548584e-02
1.400931365787982941e-02
1.544126868247985840e-02
1.709040626883506775e-02
1.402755826711654663e-02
1.505991816520690918e-02
1.338922325521707535e-02
1.594315096735954285e-02
2.179581858217716217e-02
1.758572086691856384e-02
2.073908783495426178e-02
1.852678693830966949e-02
1.943458244204521179e-02
1.926245167851448059e-02
1.991668716073036194e-02
1.692710816860198975e-02
2.050654776394367218e-02
2.015593647956848145e-02
1.550898142158985138e-02
1.722873002290725708e-02
1.549566537141799927e-02
1.476673409342765808e-02
1.658723317086696625e-02
1.588800735771656036e-02
1.595985703170299530e-02
1.751337945461273193e-02
1.391907222568988800e-02
1.227441616356372833e-02
1.825477927923202515e-02
1.569990999996662140e-02
1.480377838015556335e-02
2.435545809566974640e-02
1.676547154784202576e-02
1.600695028901100159e-02
1.423479989171028137e-02
1.674170978367328644e-02
1.384623255580663681e-02
1.655315235257148743e-02
1.518542878329753876e-02
1.303900592029094696e-02
1.040265895426273346e-02
1.035592705011367798e-02
9.554636664688587189e-03
1.104614138603210449e-02
9.254850447177886963e-03
8.792754262685775757e-03
8.627530187368392944e-03
8.814150467514991760e-03
9.608326479792594910e-03
8.615527302026748657e-03
1.268647518008947372e-02
7.240958046168088913e-03
1.034291181713342667e-02
1.027929782867431641e-02
1.037288829684257507e-02
8.641593158245086670e-03
9.019283577799797058e-03
1.107270643115043640e-02
1.481259148567914963e-02
1.086964458227157593e-02
1.154120545834302902e-02
1.303073856979608536e-02
1.215786486864089966e-02
1.569355092942714691e-02
1.487121544778347015e-02
1.088766567409038544e-02
1.768480613827705383e-02
1.639172062277793884e-02
1.200942043215036392e-02
1.112321577966213226e-02
1.145954802632331848e-02
1.691372506320476532e-02
1.240886002779006958e-02
1.120660547167062759e-02
1.009371690452098846e-02
9.251806885004043579e-03
7.743211463093757629e-03
9.353559464216232300e-03
8.043210022151470184e-03
8.083662018179893494e-03
7.855325937271118164e-03
8.345108479261398315e-03
8.482770994305610657e-03
1.001488510519266129e-02
7.735079620033502579e-03
9.341354481875896454e-03
8.212036453187465668e-03
9.987864643335342407e-03
9.374542161822319031e-03
1.075725071132183075e-02
9.835129603743553162e-03
1.228629052639007568e-02
9.873948991298675537e-03
9.998926892876625061e-03
1.564938575029373169e-02
1.894411072134971619e-02
1.350726932287216187e-02
1.699563488364219666e-02
1.691469922661781311e-02
1.552224345505237579e-02
1.536726299673318863e-02
1.461474224925041199e-02
1.087233610451221466e-02
1.007487718015909195e-02
9.160997346043586731e-03
5.945828743278980255e-03
7.610485889017581940e-03
9.570420719683170319e-03
6.844616495072841644e-03
9.811062365770339966e-03
6.068724207580089569e-03
8.356954902410507202e-03
7.450257427990436554e-03
8.654147386550903320e-03
1.114382036030292511e-02
1.186584122478961945e-02
9.857088327407836914e-03
1.067466661334037781e-02
1.255122199654579163e-02
8.125364780426025391e-03
8.631221018731594086e-03
1.104698702692985535e-02
1.303163822740316391e-02
1.585341058671474457e-02
1.412422396242618561e-02
1.647134125232696533e-02
1.806872710585594177e-02
1.650733500719070435e-02
1.896956935524940491e-02
1.256965287029743195e-02
1.512638479471206665e-02
1.302437484264373779e-02
1.261516474187374115e-02
1.559692993760108948e-02
1.344061363488435745e-02
1.410829555243253708e-02
8.849726989865303040e-03
1.047708466649055481e-02
8.222024887800216675e-03
8.274577558040618896e-03
9.217921644449234009e-03
7.937261834740638733e-03
8.207777515053749084e-03
8.473489433526992798e-03
7.346371188759803772e-03
1.278296578675508499e-02
7.903260178864002228e-03
9.625693783164024353e-03
8.311530575156211853e-03
1.044301409274339676e-02
1.201188098639249802e-02
9.312754496932029724e-03
9.706629440188407898e-03
1.135253161191940308e-02
1.463032700121402740e-02
1.166786532849073410e-02
1.562766730785369873e-02
1.091876346617937088e-02
1.337461173534393311e-02
1.997756585478782654e-02
1.656893268227577209e-02
1.313084736466407776e-02
1.503663975745439529e-02
1.674380898475646973e-02
1.404292974621057510e-02
1.572267711162567139e-02
1.489729620516300201e-02
1.337313745170831680e-02
3.148496523499488831e-02
1.764505729079246521e-02
1.841933652758598328e-02
1.621373929083347321e-02
1.792179979383945465e-02
1.583790592849254608e-02
1.943364366888999939e-02
1.455065794289112091e-02
1.623266562819480896e-02
1.379163190722465515e-02
1.794423535466194153e-02
1.607628166675567627e-02
1.509917806833982468e-02
1.814765483140945435e-02
1.784236729145050049e-02
1.394028589129447937e-02
1.599587872624397278e-02
1.173598133027553558e-02
1.623276248574256897e-02
2.008859626948833466e-02
1.946199871599674225e-02
1.986307464540004730e-02
1.644393056631088257e-02
1.505541428923606873e-02
2.360179647803306580e-02
1.408260315656661987e-02
1.800466328859329224e-02
1.920734345912933350e-02
1.980091258883476257e-02
1.473797298967838287e-02
1.695778593420982361e-02
2.141708880662918091e-02
2.148342691361904144e-02
2.225447818636894226e-02
1.764656603336334229e-02
1.904397271573543549e-02
2.010418474674224854e-02
1.491553895175457001e-02
1.795039512217044830e-02
1.760966330766677856e-02
1.589766144752502441e-02
1.765206828713417053e-02
1.578332111239433289e-02
1.501567754894495010e-02
1.331744436174631119e-02
1.324225403368473053e-02
2.751122228801250458e-02
1.320189982652664185e-02
1.309437397867441177e-02
1.770831085741519928e-02
1.694689318537712097e-02
1.302843634039163589e-02
2.177198790013790131e-02
1.736482605338096619e-02
1.664693281054496765e-02
2.924523875117301941e-02
1.672188565135002136e-02
1.793504133820533752e-02
2.148611471056938171e-02
2.007641829550266266e-02
2.005949243903160095e-02
1.827139221131801605e-02
1.464252546429634094e-02
1.564574614167213440e-02
1.035706326365470886e-02
1.057500578463077545e-02
1.041855663061141968e-02
1.354318019002676010e-02
9.790619835257530212e-03
1.215318683534860611e-02
1.147415861487388611e-02
1.178940013051033020e-02
1.302753016352653503e-02
1.187354512512683868e-02
1.448890194296836853e-02
1.079415529966354370e-02
1.472385693341493607e-02
1.255156472325325012e-02
1.469747349619865417e-02
1.136788446456193924e-02
9.846523404121398926e-03
1.286315079778432846e-02
1.688547059893608093e-02
1.439367327839136124e-02
1.583477482199668884e-02
1.577356830239295959e-02
1.420771237462759018e-02
1.577291637659072876e-02
1.560222357511520386e-02
1.785316504538059235e-02
1.931679621338844299e-02
1.990788802504539490e-02
1.764521934092044830e-02
1.555727701634168625e-02
1.621818169951438904e-02
2.021425962448120117e-02
1.109552104026079178e-02
1.286550238728523254e-02
1.082091033458709717e-02
9.721711277961730957e-03
1.158860512077808380e-02
1.270862203091382980e-02
1.274263113737106323e-02
1.152066327631473541e-02
9.446626529097557068e-03
1.295395474880933762e-02
1.363457925617694855e-02
1.345181651413440704e-02
1.030190102756023407e-02
1.259661745280027390e-02
1.460819691419601440e-02
1.201312057673931122e-02
1.248288713395595551e-02
1.227323710918426514e-02
1.712328568100929260e-02
1.184210740029811859e-02
1.521334238350391388e-02
1.557752862572669983e-02
1.591180451214313507e-02
1.725805364549160004e-02
1.506674941629171371e-02
1.936629787087440491e-02
1.879889890551567078e-02
1.570625416934490204e-02
1.965253800153732300e-02
1.471029408276081085e-02
1.550997328013181686e-02
1.522616948932409286e-02
2.500475570559501648e-02
2.495088800787925720e-02
2.207724004983901978e-02
2.084276080131530762e-02
2.268127351999282837e-02
1.858405955135822296e-02
2.157661691308021545e-02
2.197857201099395752e-02
2.434629015624523163e-02
1.930740475654602051e-02
1.834607496857643127e-02
1.917197741568088531e-02
2.221933752298355103e-02
1.973597332835197449e-02
2.678170055150985718e-02
2.210197784006595612e-02
2.072986960411071777e-02
2.149498090147972107e-02
2.587660774588584900e-02
2.413071133196353912e-02
2.651533484458923340e-02
3.109245188534259796e-02
2.195513620972633362e-02
2.914851345121860504e-02
2.689309045672416687e-02
1.987839862704277039e-02
2.194026671350002289e-02
2.345523238182067871e-02
2.212642505764961243e-02
2.077455446124076843e-02
2.186375856399536133e-02
2.275527268648147583e-02
3.042362071573734283e-02
2.343366295099258423e-02
2.311469055712223053e-02
2.205828577280044556e-02
2.031043358147144318e-02
2.139433100819587708e-02
1.969839073717594147e-02
1.860944367945194244e-02
1.922083273530006409e-02
2.201071381568908691e-02
2.188296616077423096e-02
2.484834566712379456e-02
2.039173059165477753e-02
2.406575530767440796e-02
2.285199239850044250e-02
2.039819583296775818e-02
2.030101232230663300e-02
2.291128039360046387e-02
3.353048488497734070e-02
2.128774113953113556e-02
2.243652008473873138e-02
1.920809596776962280e-02
2.663857117295265198e-02
3.207736462354660034e-02
2.567733824253082275e-02
2.320889383554458618e-02
2.232597023248672485e-02
2.845825068652629852e-02
2.129534445703029633e-02
2.756398171186447144e-02
2.015174552798271179e-02
2.082972601056098938e-02
3.303027525544166565e-02
2.129479683935642242e-02
1.986018568277359009e-02
1.820355094969272614e-02
1.897013373672962189e-02
1.572913676500320435e-02
2.186715602874755859e-02
1.517744082957506180e-02
1.973729208111763000e-02
1.510951016098260880e-02
1.655989512801170349e-02
1.276098843663930893e-02
1.801494136452674866e-02
1.687851175665855408e-02
1.687457039952278137e-02
1.563740521669387817e-02
1.532077975571155548e-02
1.297000329941511154e-02
1.642637327313423157e-02
1.665790937840938568e-02
1.530093885958194733e-02
1.741685345768928528e-02
1.472275238484144211e-02
1.688286289572715759e-02
2.145528234541416168e-02
1.394641026854515076e-02
1.603118330240249634e-02
1.536001171916723251e-02
1.521389558911323547e-02
1.534022018313407898e-02
1.501964870840311050e-02
1.726339012384414673e-02
2.160922437906265259e-02
2.373490482568740845e-02
1.756865158677101135e-02
1.671322621405124664e-02
2.066795900464057922e-02
1.985710114240646362e-02
1.781040802597999573e-02
1.394210290163755417e-02
1.522191055119037628e-02
1.825781911611557007e-02
1.377279125154018402e-02
1.797831244766712189e-02
1.599189080297946930e-02
1.449526660144329071e-02
1.538219209760427475e-02
1.343020610511302948e-02
1.305194012820720673e-02
1.913029327988624573e-02
1.440282817929983139e-02
1.378292497247457504e-02
2.071052789688110352e-02
1.579627394676208496e-02
1.604802906513214111e-02
2.989621460437774658e-02
1.756073161959648132e-02
1.454574614763259888e-02
1.611436530947685242e-02
1.630836538970470428e-02
1.620480418205261230e-02
1.632368564605712891e-02
1.482465490698814392e-02
1.428578980267047882e-02
7.870234549045562744e-03
8.290975354611873627e-03
8.957795798778533936e-03
9.966785088181495667e-03
6.770796608179807663e-03
1.020527817308902740e-02
7.849968969821929932e-03
1.013647019863128662e-02
7.560255937278270721e-03
1.023201644420623779e-02
7.291730027645826340e-03
7.110666483640670776e-03
9.496300481259822845e-03
9.382398799061775208e-03
8.492760360240936279e-03
6.653469055891036987e-03
8.049348369240760803e-03
6.540588103234767914e-03
7.252758368849754333e-03
9.780310094356536865e-03
8.516894653439521790e-03
8.581588976085186005e-03
9.364802390336990356e-03
9.380787611007690430e-03
1.072363182902336121e-02
1.045800000429153442e-02
9.951045736670494080e-03
1.002071611583232880e-02
9.947944432497024536e-03
1.006995886564254761e-02
9.899022057652473450e-03
9.904985316097736359e-03
8.474470116198062897e-03
7.760068401694297791e-03
7.388743106275796890e-03
6.831656210124492645e-03
1.061610784381628036e-02
7.007285021245479584e-03
1.113288849592208862e-02
7.288062945008277893e-03
1.064211037009954453e-02
7.531056180596351624e-03
9.759176522493362427e-03
9.544847533106803894e-03
6.349548231810331345e-03
7.190539967268705368e-03
6.372060161083936691e-03
6.795899942517280579e-03
6.632335484027862549e-03
9.088472463190555573e-03
6.331420969218015671e-03
7.213946897536516190e-03
7.123121991753578186e-03
7.995093241333961487e-03
8.389510214328765869e-03
1.066014729440212250e-02
9.672997519373893738e-03
9.831718169152736664e-03
1.022201590240001678e-02
1.004676334559917450e-02
1.005813106894493103e-02
9.908727370202541351e-03
1.007246598601341248e-02
1.007068343460559845e-02
9.254215285181999207e-03
8.203542791306972504e-03
8.612006902694702148e-03
9.224927052855491638e-03
6.120879203081130981e-03
9.455151855945587158e-03
6.421685218811035156e-03
9.488686919212341309e-03
6.237197201699018478e-03
9.116785600781440735e-03
5.741425789892673492e-03
5.726028233766555786e-03
8.243931457400321960e-03
8.816657587885856628e-03
7.574168499559164047e-03
5.775072146207094193e-03
7.458150852471590042e-03
6.608629599213600159e-03
6.684385705739259720e-03
9.627570398151874542e-03
8.624287322163581848e-03
7.474528625607490540e-03
1.030113827437162399e-02
1.106058619916439056e-02
1.323435176163911819e-02
1.317958720028400421e-02
1.268000155687332153e-02
1.284047868102788925e-02
1.283634267747402191e-02
1.296264864504337311e-02
1.279046945273876190e-02
1.279370114207267761e-02
8.265114389359951019e-03
7.794076576828956604e-03
6.905366666615009308e-03
6.375870667397975922e-03
9.482098743319511414e-03
6.444054655730724335e-03
9.728198871016502380e-03
6.258548237383365631e-03
9.427160024642944336e-03
6.203644908964633942e-03
8.592767640948295593e-03
8.738754317164421082e-03
5.521547049283981323e-03
5.496183410286903381e-03
5.604766774922609329e-03
5.641642026603221893e-03
7.060292176902294159e-03
8.625591173768043518e-03
6.491617299616336823e-03
7.641258649528026581e-03
8.678394369781017303e-03
8.157603442668914795e-03
9.377444162964820862e-03
1.270122639834880829e-02
1.192626543343067169e-02
1.238315459340810776e-02
1.303539518266916275e-02
1.291081309318542480e-02
1.292445510625839233e-02
1.280400902032852173e-02
1.295724976807832718e-02
1.296165212988853455e-02
7.067386992275714874e-03
6.719199940562248230e-03
7.194401696324348450e-03
7.611991371959447861e-03
5.808770656585693359e-03
7.875953800976276398e-03
5.700280889868736267e-03
8.446224965155124664e-03
5.912692286074161530e-03
8.797064423561096191e-03
6.118761841207742691e-03
6.237523630261421204e-03
7.986873388290405273e-03
8.647935464978218079e-03
7.721387781202793121e-03
5.650670267641544342e-03
7.531260140240192413e-03
6.437942385673522949e-03
8.295753970742225647e-03
9.841363877058029175e-03
7.241769693791866302e-03
7.254466414451599121e-03
8.643866516649723053e-03
8.893228136003017426e-03
1.018249150365591049e-02
9.792425669729709625e-03
9.012764319777488708e-03
9.044413454830646515e-03
8.957083337008953094e-03
9.044984355568885803e-03
8.827155455946922302e-03
8.819929324090480804e-03
7.137545384466648102e-03
6.471284199506044388e-03
6.136799231171607971e-03
5.849923007190227509e-03
7.805499248206615448e-03
6.036703474819660187e-03
8.055230602622032166e-03
5.707341711968183517e-03
8.764906786382198334e-03
6.073398049920797348e-03
8.206505328416824341e-03
8.591985329985618591e-03
5.949485115706920624e-03
5.671053659170866013e-03
6.050975061953067780e-03
4.857645370066165924e-03
7.068609818816184998e-03
9.120559319853782654e-03
5.758954212069511414e-03
7.445082999765872955e-03
5.692544393241405487e-03
6.185405887663364410e-03
8.417949080467224121e-03
1.017203554511070251e-02
8.927382528781890869e-03
8.958292193710803986e-03
9.425522759556770325e-03
9.136544540524482727e-03
9.053783491253852844e-03
8.869002573192119598e-03
9.029677137732505798e-03
9.015090763568878174e-03
7.395607884973287582e-03
8.347006514668464661e-03
8.628865703940391541e-03
8.781379088759422302e-03
7.221715059131383896e-03
9.122680872678756714e-03
7.399008609354496002e-03
9.437989443540573120e-03
7.274956442415714264e-03
9.502266533672809601e-03
7.098914124071598053e-03
7.320982404053211212e-03
8.560791611671447754e-03
9.250253438949584961e-03
8.314218372106552124e-03
6.989044602960348129e-03
7.836112752556800842e-03
7.332267705351114273e-03
7.732808589935302734e-03
1.073068752884864807e-02
9.218072518706321716e-03
8.505878970026969910e-03
8.666599169373512268e-03
9.780656546354293823e-03
1.001887302845716476e-02
9.820577688515186310e-03
9.933969937264919281e-03
9.927120059728622437e-03
9.450286626815795898e-03
9.891051799058914185e-03
9.470669552683830261e-03
9.504123590886592865e-03
9.244572371244430542e-03
7.520683109760284424e-03
7.379699498414993286e-03
7.159938570111989975e-03
8.954511955380439758e-03
7.172829937189817429e-03
9.384692646563053131e-03
7.057115435600280762e-03
9.536881931126117706e-03
7.100134156644344330e-03
9.029351174831390381e-03
9.094819426536560059e-03
6.909060291945934296e-03
7.052426226437091827e-03
6.687917746603488922e-03
6.342965178191661835e-03
7.324263453483581543e-03
8.918028324842453003e-03
7.150097750127315521e-03
7.438397966325283051e-03
8.358560502529144287e-03
9.014507755637168884e-03
8.984608575701713562e-03
9.894352406263351440e-03
9.917993098497390747e-03
9.929683059453964233e-03
9.637080132961273193e-03
9.506786242127418518e-03
9.911706671118736267e-03
9.452167898416519165e-03
9.860102087259292603e-03
9.837722405791282654e-03
8.827365934848785400e-03
8.915488608181476593e-03
9.300136007368564606e-03
9.709878824651241302e-03
8.288892917335033417e-03
1.063713803887367249e-02
8.286881260573863983e-03
1.109350845217704773e-02
8.114959113299846649e-03
1.133210025727748871e-02
7.781194522976875305e-03
8.049149997532367706e-03
1.032431889325380325e-02
1.065263524651527405e-02
9.858404286205768585e-03
7.395508233457803726e-03
9.264924563467502594e-03
7.111436687409877777e-03
9.148281067609786987e-03
1.061460934579372406e-02
8.963602595031261444e-03
9.470807388424873352e-03
8.667211979627609253e-03
9.047063067555427551e-03
1.000522449612617493e-02
9.671017527580261230e-03
9.139223024249076843e-03
9.193420410156250000e-03
9.033111855387687683e-03
9.255310520529747009e-03
8.986052125692367554e-03
8.999815210700035095e-03
1.049812324345111847e-02
7.907679304480552673e-03
8.573215454816818237e-03
8.577829226851463318e-03
1.046940311789512634e-02
8.393638767302036285e-03
1.126258261501789093e-02
8.534918539226055145e-03
1.154033467173576355e-02
8.280679583549499512e-03
1.071886159479618073e-02
1.091204769909381866e-02
7.398889400064945221e-03
8.281094953417778015e-03
7.334403693675994873e-03
7.092008367180824280e-03
8.013531565666198730e-03
1.017921697348356247e-02
7.020598743110895157e-03
7.710396312177181244e-03
7.341533899307250977e-03
8.211233653128147125e-03
8.508601225912570953e-03
9.947298094630241394e-03
9.077925235033035278e-03
9.084864519536495209e-03
9.357096627354621887e-03
9.149708785116672516e-03
9.228223003447055817e-03
8.990909904241561890e-03
9.242054075002670288e-03
9.234646335244178772e-03
9.433710016310214996e-03
9.467002004384994507e-03
9.992519393563270569e-03
1.028228923678398132e-02
8.947623893618583679e-03
1.076823100447654724e-02
8.682946674525737762e-03
1.076985709369182587e-02
8.109466172754764557e-03
1.022122427821159363e-02
7.366589270532131195e-03
7.982458919286727905e-03
8.762244135141372681e-03
9.066364727914333344e-03
8.275794796645641327e-03
6.350884679704904556e-03
7.570813409984111786e-03
7.295087911188602448e-03
7.611273322254419327e-03
9.663555771112442017e-03
8.902106434106826782e-03
9.947349317371845245e-03
8.457496762275695801e-03
9.436484426259994507e-03
9.644024074077606201e-03
9.419357404112815857e-03
9.504022076725959778e-03
9.497791528701782227e-03
9.062005206942558289e-03
9.462656453251838684e-03
9.070068597793579102e-03
9.100183844566345215e-03
9.759240783751010895e-03
8.851028978824615479e-03
8.463609963655471802e-03
8.694918826222419739e-03
1.057677436619997025e-02
8.455852046608924866e-03
1.096649840474128723e-02
8.196901530027389526e-03
1.074486598372459412e-02
8.025055751204490662e-03
9.432528167963027954e-03
9.245579130947589874e-03
7.192880846560001373e-03
7.582342252135276794e-03
6.975905038416385651e-03
6.919217761605978012e-03
7.120884023606777191e-03
8.739476092159748077e-03
6.958341691642999649e-03
6.938855163753032684e-03
8.207179605960845947e-03
9.745540097355842590e-03
8.759610354900360107e-03
9.567080065608024597e-03
9.510742500424385071e-03
9.494973346590995789e-03
9.235240519046783447e-03
9.118029847741127014e-03
9.483509697020053864e-03
9.055546484887599945e-03
9.421048685908317566e-03
9.395692497491836548e-03
7.513755466789007187e-03
7.465188857167959213e-03
7.477591745555400848e-03
7.899316027760505676e-03
6.195538677275180817e-03
8.356453850865364075e-03
6.580485496670007706e-03
8.801998570561408997e-03
6.022379733622074127e-03
8.362150751054286957e-03
6.012856494635343552e-03
5.205512978136539459e-03
7.724445313215255737e-03
8.718499913811683655e-03
7.289401721209287643e-03
5.633622407913208008e-03
8.101508021354675293e-03
6.915857549756765366e-03
6.702056154608726501e-03
9.884603321552276611e-03
7.606324739754199982e-03
7.334885653108358383e-03
1.013298332691192627e-02
1.042990945279598236e-02
1.266874279826879501e-02
1.257354300469160080e-02
1.204363070428371429e-02
1.224383898079395294e-02
1.217476185411214828e-02
1.241299882531166077e-02
1.214932464063167572e-02
1.216673944145441055e-02
7.726722862571477890e-03
7.312387693673372269e-03
6.703376770019531250e-03
6.042824126780033112e-03
7.995503954589366913e-03
6.444425322115421295e-03
8.262643590569496155e-03
6.532549858093261719e-03
8.349785581231117249e-03
6.188216619193553925e-03
8.108675479888916016e-03
8.551164530217647552e-03
5.249836482107639313e-03
5.079795140773057938e-03
5.706230644136667252e-03
5.522121675312519073e-03
6.366139277815818787e-03
8.667370304465293884e-03
6.047030445188283920e-03
8.253559470176696777e-03
6.888410076498985291e-03
6.524931639432907104e-03
8.771093562245368958e-03
1.225201226770877838e-02
1.127365417778491974e-02
1.173384115099906921e-02
1.241355948150157928e-02
1.226889435201883316e-02
1.235505100339651108e-02
1.214812975376844406e-02
1.241825520992279053e-02
1.243040431290864944e-02
8.842500858008861542e-03
8.523982018232345581e-03
8.846677839756011963e-03
8.900674059987068176e-03
7.450422737747430801e-03
8.422544226050376892e-03
7.266782224178314209e-03
8.367691189050674438e-03
6.837738677859306335e-03
8.848476223647594452e-03
6.579385139048099518e-03
6.677061319351196289e-03
8.296742103993892670e-03
8.697398006916046143e-03
7.666571531444787979e-03
6.434857845306396484e-03
6.926463916897773743e-03
7.751396857202053070e-03
8.363369852304458618e-03
1.205583009868860245e-02
9.358073584735393524e-03
7.393695414066314697e-03
1.040661055594682693e-02
1.059527508914470673e-02
1.189622096717357635e-02
1.160102523863315582e-02
1.125516183674335480e-02
1.135317329317331314e-02
1.106997765600681305e-02
1.145039033144712448e-02
1.105676591396331787e-02
1.108221616595983505e-02
9.704846888780593872e-03
7.551069371402263641e-03
7.218374405056238174e-03
7.080846000462770462e-03
8.615368045866489410e-03
7.284292485564947128e-03
8.566594682633876801e-03
7.027963642030954361e-03
8.880160748958587646e-03
6.837735883891582489e-03
8.338078856468200684e-03
8.515637367963790894e-03
6.660343147814273834e-03
6.472573615610599518e-03
6.953924894332885742e-03
5.778640042990446091e-03
8.073512464761734009e-03
9.872967377305030823e-03
7.737481500953435898e-03
7.282795850187540054e-03
7.434943690896034241e-03
7.034316658973693848e-03
9.618937969207763672e-03
1.180248614400625229e-02
1.092178374528884888e-02
1.109897810965776443e-02
1.133615337312221527e-02
1.116373576223850250e-02
1.141849905252456665e-02
1.104722172021865845e-02
1.144127920269966125e-02
1.143386401236057281e-02
