<system>Protocol: Active. Attitude: Sassy.</system>
1.198265701532363892e-02
1.191173773258924484e-02
1.215413585305213928e-02
1.186915766447782516e-02
1.237608119845390320e-02
1.223300397396087646e-02
1.193509995937347412e-02
1.179223507642745972e-02
1.187128201127052307e-02
1.243657153099775314e-02
1.241144910454750061e-02
1.302429940551519394e-02
1.126613188534975052e-02
1.211674511432647705e-02
1.257058139890432358e-02
1.241008657962083817e-02
1.158353872597217560e-02
1.296413689851760864e-02
1.235054899007081985e-02
1.208009943366050720e-02
1.279821246862411499e-02
1.274974644184112549e-02
1.215838454663753510e-02
1.320966333150863647e-02
1.180508919060230255e-02
1.226887293159961700e-02
1.321975141763687134e-02
1.258463598787784576e-02
1.256213150918483734e-02
1.289672218263149261e-02
1.250501722097396851e-02
1.304847002029418945e-02
1.200942788273096085e-02
1.279307622462511063e-02
1.307715754956007004e-02
8.853157982230186462e-03
1.246740017086267471e-02
1.309285592287778854e-02
1.199455186724662781e-02
1.262167003005743027e-02
1.205852907150983810e-02
1.282762829214334488e-02
1.197716314345598221e-02
1.245214138180017471e-02
1.269874814897775650e-02
1.311768218874931335e-02
1.229513436555862427e-02
1.040876936167478561e-02
1.156970672309398651e-02
1.289830822497606277e-02
1.220105774700641632e-02
1.276167389005422592e-02
1.250854320824146271e-02
1.199442334473133087e-02
1.321756187826395035e-02
1.262603979557752609e-02
1.235445868223905563e-02
1.259619090706110001e-02
1.374666951596736908e-02
1.195059902966022491e-02
1.310128532350063324e-02
1.181421149522066116e-02
1.202493347227573395e-02
1.268668379634618759e-02
1.212231628596782684e-02
1.314767077565193176e-02
1.234910637140274048e-02
1.212078332901000977e-02
1.212882436811923981e-02
1.288291905075311661e-02
1.231758296489715576e-02
9.862150996923446655e-03
1.203840970993041992e-02
1.304439920932054520e-02
1.220115274190902710e-02
1.248783525079488754e-02
1.189928501844406128e-02
1.274946890771389008e-02
1.253354921936988831e-02
9.261433035135269165e-03
1.255942601710557938e-02
1.347138825803995132e-02
1.290221698582172394e-02
1.230945531278848648e-02
1.289644278585910797e-02
1.265636272728443146e-02
1.214992534369230270e-02
1.296620443463325500e-02
1.432483084499835968e-02
1.151997409760951996e-02
1.212917268276214600e-02
1.279493793845176697e-02
1.256777159869670868e-02
1.227924600243568420e-02
1.319402083754539490e-02
1.246224064379930496e-02
1.251840498298406601e-02
1.201197504997253418e-02
1.442009862512350082e-02
1.196800731122493744e-02
1.278405264019966125e-02
1.202642638236284256e-02
1.274776365607976913e-02
1.204401068389415741e-02
1.231520436704158783e-02
1.242861896753311157e-02
1.225412543863058090e-02
1.220397278666496277e-02
1.317884773015975952e-02
1.326506771147251129e-02
1.206164248287677765e-02
1.226900331676006317e-02
1.253200415521860123e-02
1.294136140495538712e-02
1.240092515945434570e-02
1.182464603334665298e-02
1.257499400526285172e-02
1.333309710025787354e-02
1.202478725463151932e-02
1.166884414851665497e-02
1.188978739082813263e-02
1.176158245652914047e-02
1.263041608035564423e-02
1.276720874011516571e-02
1.264570746570825577e-02
1.174298673868179321e-02
1.246023178100585938e-02
1.226086448878049850e-02
1.200631633400917053e-02
1.215179823338985443e-02
1.347502693533897400e-02
1.301909051835536957e-02
1.272910833358764648e-02
1.248323451727628708e-02
1.262315735220909119e-02
1.269064284861087799e-02
1.205548085272312164e-02
1.215154025703668594e-02
1.198846101760864258e-02
1.315746456384658813e-02
1.265650056302547455e-02
1.231806352734565735e-02
1.215632446110248566e-02
1.237558946013450623e-02
1.234173774719238281e-02
1.343442127108573914e-02
1.194705441594123840e-02
1.205806061625480652e-02
1.280510146170854568e-02
1.240122597664594650e-02
1.204263512045145035e-02
1.448185276240110397e-02
1.155211962759494781e-02
1.240220293402671814e-02
1.219816878437995911e-02
1.185727491974830627e-02
1.298215612769126892e-02
1.264527812600135803e-02
1.295423321425914764e-02
1.205732580274343491e-02
1.245436072349548340e-02
1.267297100275754929e-02
1.257764268666505814e-02
1.230964809656143188e-02
1.230064965784549713e-02
1.289169676601886749e-02
1.910140737891197205e-02
1.148747745901346207e-02
1.159643754363059998e-02
1.267679966986179352e-02
1.272456534206867218e-02
1.155702676624059677e-02
1.326020434498786926e-02
1.300930324941873550e-02
1.202047523111104965e-02
1.232845149934291840e-02
1.203665137290954590e-02
1.293304935097694397e-02
1.174871250987052917e-02
1.349149830639362335e-02
1.293077133595943451e-02
1.280232891440391541e-02
1.314595993608236313e-02
1.272342447191476822e-02
1.251633930951356888e-02
1.293938606977462769e-02
1.272501237690448761e-02
1.231792010366916656e-02
1.199690159410238266e-02
1.182322297245264053e-02
1.255286484956741333e-02
1.214822009205818176e-02
1.224467717111110687e-02
1.378361135721206665e-02
1.369445398449897766e-02
1.286782138049602509e-02
1.260115392506122589e-02
1.161970477551221848e-02
1.146083511412143707e-02
1.260491181164979935e-02
1.237346231937408447e-02
1.311478484421968460e-02
1.219872757792472839e-02
1.314917951822280884e-02
1.249928120523691177e-02
1.225896924734115601e-02
1.246122363954782486e-02
1.233831699937582016e-02
1.216325908899307251e-02
1.263472437858581543e-02
1.243281643837690353e-02
1.163308881223201752e-02
1.187858264893293381e-02
1.329177431762218475e-02
1.324697863310575485e-02
1.268359180539846420e-02
1.194399036467075348e-02
1.273802947252988815e-02
1.274254638701677322e-02
1.104858238250017166e-02
1.041647046804428101e-02
1.334251090884208679e-02
1.230274327099323273e-02
9.680522605776786804e-03
1.260711532086133957e-02
1.321456953883171082e-02
1.216978207230567932e-02
1.342156715691089630e-02
1.241322048008441925e-02
1.305123046040534973e-02
1.233916636556386948e-02
1.267091929912567139e-02
1.230482757091522217e-02
1.245119422674179077e-02
1.284544914960861206e-02
1.273868791759014130e-02
1.206824835389852524e-02
1.259831618517637253e-02
1.159623172134160995e-02
1.174184121191501617e-02
1.211639400571584702e-02
1.233941596001386642e-02
1.285922154784202576e-02
1.207353733479976654e-02
1.266924664378166199e-02
1.238176133483648300e-02
1.289679948240518570e-02
1.264561899006366730e-02
1.206125598400831223e-02
1.296450570225715637e-02
1.226718723773956299e-02
1.206686254590749741e-02
1.178419683128595352e-02
1.327049732208251953e-02
1.241633668541908264e-02
1.199536956846714020e-02
1.194854546338319778e-02
1.257534231990575790e-02
1.248411647975444794e-02
1.270251348614692688e-02
1.285368017852306366e-02
1.224806159734725952e-02
1.244936324656009674e-02
1.260931789875030518e-02
1.239229552447795868e-02
1.276982761919498444e-02
1.242714561522006989e-02
1.221796497702598572e-02
1.270134001970291138e-02
1.235571876168251038e-02
1.172596588730812073e-02
1.352806389331817627e-02
1.225611194968223572e-02
1.244792528450489044e-02
1.247957907617092133e-02
9.933175519108772278e-03
1.189121045172214508e-02
1.294565014541149139e-02
1.223273202776908875e-02
1.273328252136707306e-02
1.222469471395015717e-02
1.339952275156974792e-02
1.341693755239248276e-02
1.250412687659263611e-02
1.250046771019697189e-02
1.312651205807924271e-02
1.196664758026599884e-02
1.179817318916320801e-02
1.249953918159008026e-02
1.203074678778648376e-02
1.286002248525619507e-02
1.302396133542060852e-02
1.309166662395000458e-02
1.333395205438137054e-02
1.295058988034725189e-02
1.205438934266567230e-02
1.293163653463125229e-02
1.195949874818325043e-02
1.239753328263759613e-02
1.211690902709960938e-02
1.252739224582910538e-02
1.269419491291046143e-02
1.263168454170227051e-02
1.266916282474994659e-02
1.321995258331298828e-02
1.158718019723892212e-02
1.205813512206077576e-02
1.292756013572216034e-02
1.218701992183923721e-02
1.241396926343441010e-02
1.295997761189937592e-02
1.221659593284130096e-02
1.208431832492351532e-02
1.199488900601863861e-02
1.264005247503519058e-02
1.235729921609163284e-02
1.182252541184425354e-02
1.285866182297468185e-02
1.204144209623336792e-02
1.233363710343837738e-02
1.264288369566202164e-02
1.232503168284893036e-02
1.237536128610372543e-02
1.145607233047485352e-02
1.230865716934204102e-02
1.231064926832914352e-02
1.269654463976621628e-02
1.186889596283435822e-02
1.207509543746709824e-02
1.233744248747825623e-02
1.237879320979118347e-02
1.250003930181264877e-02
1.283127255737781525e-02
1.198462583124637604e-02
1.234687492251396179e-02
1.225493103265762329e-02
1.167282462120056152e-02
1.204838044941425323e-02
1.286488771438598633e-02
1.326449960470199585e-02
1.255842205137014389e-02
1.202282309532165527e-02
1.234025042504072189e-02
1.225104369223117828e-02
1.414882391691207886e-02
1.289923489093780518e-02
1.251854654401540756e-02
1.214881613850593567e-02
1.211586035788059235e-02
1.241570524871349335e-02
1.274326629936695099e-02
1.341790799051523209e-02
1.291339471936225891e-02
1.182788424193859100e-02
1.270256750285625458e-02
1.322224736213684082e-02
1.269070990383625031e-02
1.223692111670970917e-02
1.193084940314292908e-02
1.207291241735219955e-02
1.201591361314058304e-02
1.188386697322130203e-02
1.252947561442852020e-02
1.169617846608161926e-02
1.175845880061388016e-02
1.211229711771011353e-02
1.287621073424816132e-02
1.206489652395248413e-02
1.225021481513977051e-02
1.199746504426002502e-02
1.185017358511686325e-02
1.358779054135084152e-02
1.213874388486146927e-02
1.297513861209154129e-02
1.282061263918876648e-02
1.220125705003738403e-02
1.219158247113227844e-02
1.359133422374725342e-02
1.313857734203338623e-02
1.280142553150653839e-02
1.044118776917457581e-02
1.266198419034481049e-02
1.266279723495244980e-02
1.203716918826103210e-02
1.265075244009494781e-02
1.195941772311925888e-02
1.252109929919242859e-02
1.045144349336624146e-02
1.269235834479331970e-02
1.224956102669239044e-02
1.264740340411663055e-02
1.232050731778144836e-02
1.186511665582656860e-02
1.215457729995250702e-02
1.273997128009796143e-02
1.168973185122013092e-02
1.266631111502647400e-02
1.305910944938659668e-02
1.200178451836109161e-02
1.221794076263904572e-02
1.203180663287639618e-02
1.209464482963085175e-02
1.246547140181064606e-02
1.319506578147411346e-02
1.244891621172428131e-02
1.196915470063686371e-02
1.270214840769767761e-02
1.265944261103868484e-02
1.176093891263008118e-02
1.209845673292875290e-02
1.200823765248060226e-02
3.210870921611785889e-02
1.184553932398557663e-02
1.039783470332622528e-02
1.240612473338842392e-02
1.195306703448295593e-02
1.173563487827777863e-02
1.233117654919624329e-02
1.228937879204750061e-02
1.152018085122108459e-02
1.297220401465892792e-02
1.259208377450704575e-02
1.254059094935655594e-02
1.285966672003269196e-02
1.155256666243076324e-02
1.284124795347452164e-02
9.434815496206283569e-03
1.355965435504913330e-02
1.192451734095811844e-02
1.315220072865486145e-02
1.188000012189149857e-02
1.245515048503875732e-02
1.188027113676071167e-02
1.243385300040245056e-02
1.342866197228431702e-02
1.254487037658691406e-02
1.180105470120906830e-02
1.306355837732553482e-02
1.104780379682779312e-02
1.258346345275640488e-02
1.247955486178398132e-02
1.212980411946773529e-02
1.327194273471832275e-02
1.257263310253620148e-02
1.056093070656061172e-02
8.357685059309005737e-03
1.243374682962894440e-02
1.161275804042816162e-02
1.269098930060863495e-02
1.183631643652915955e-02
1.284409873187541962e-02
1.239700615406036377e-02
1.260810531675815582e-02
1.198915392160415649e-02
1.227824576199054718e-02
1.215228810906410217e-02
1.182464789599180222e-02
1.387599669396877289e-02
1.254433393478393555e-02
1.227756589651107788e-02
1.293923612684011459e-02
1.270552352070808411e-02
1.131872739642858505e-02
8.678884245455265045e-03
1.203226856887340546e-02
1.215487997978925705e-02
1.023161783814430237e-02
1.211554463952779770e-02
1.303053461015224457e-02
1.053897291421890259e-02
1.235596928745508194e-02
1.229479163885116577e-02
1.210374757647514343e-02
1.190463453531265259e-02
1.220411993563175201e-02
1.195318996906280518e-02
1.195464283227920532e-02
8.930871263146400452e-03
1.292734779417514801e-02
1.246733404695987701e-02
1.290597021579742432e-02
1.162962242960929871e-02
1.235801633447408676e-02
1.281953789293766022e-02
1.223170757293701172e-02
1.273894309997558594e-02
1.183973159641027451e-02
1.243120059370994568e-02
1.175787299871444702e-02
1.290898118168115616e-02
1.307551562786102295e-02
1.211517956107854843e-02
1.218315772712230682e-02
1.200055237859487534e-02
1.335338689386844635e-02
1.238923892378807068e-02
1.251410320401191711e-02
1.175200194120407104e-02
1.278226636350154877e-02
1.247781328856945038e-02
1.202545501291751862e-02
8.129410445690155029e-03
1.221696287393569946e-02
1.259994693100452423e-02
1.194427162408828735e-02
1.280644722282886505e-02
1.194952987134456635e-02
1.166713424026966095e-02
1.330406777560710907e-02
1.243337802588939667e-02
1.217840053141117096e-02
1.296496856957674026e-02
8.276218548417091370e-03
1.148647814989089966e-02
1.210864260792732239e-02
1.273171417415142059e-02
1.324466988444328308e-02
1.261879503726959229e-02
1.253168471157550812e-02
1.261362060904502869e-02
1.233285851776599884e-02
1.193799823522567749e-02
1.322247087955474854e-02
1.253256015479564667e-02
1.203384809195995331e-02
1.000336837023496628e-02
1.249734032899141312e-02
1.242692209780216217e-02
1.213752478361129761e-02
1.182742044329643250e-02
1.199555210769176483e-02
1.256053429096937180e-02
1.295647211372852325e-02
1.270437240600585938e-02
1.292815897613763809e-02
1.288015395402908325e-02
1.219737064093351364e-02
1.288192067295312881e-02
1.223430130630731583e-02
1.353263761848211288e-02
1.276856474578380585e-02
1.205857377499341965e-02
1.193954702466726303e-02
1.270740851759910583e-02
1.212036795914173126e-02
1.276413723826408386e-02
1.193154230713844299e-02
1.240174844861030579e-02
1.254112552851438522e-02
1.224274933338165283e-02
1.218567322939634323e-02
1.242228318005800247e-02
1.280922722071409225e-02
1.235226169228553772e-02
1.227481476962566376e-02
1.211015973240137100e-02
1.191473379731178284e-02
1.259933318942785263e-02
1.255933381617069244e-02
1.194444578140974045e-02
1.419671438634395599e-02
1.226737350225448608e-02
1.197044737637042999e-02
1.259660162031650543e-02
1.203976850956678391e-02
1.256680116057395935e-02
1.365670189261436462e-02
1.222118362784385681e-02
1.221582759171724319e-02
1.315030455589294434e-02
1.198025420308113098e-02
1.236899010837078094e-02
1.284862309694290161e-02
1.234845817089080811e-02
1.210266165435314178e-02
1.257685478776693344e-02
1.272400189191102982e-02
1.241184864193201065e-02
1.303333044052124023e-02
1.173694990575313568e-02
1.265940628945827484e-02
1.222991012036800385e-02
1.210658438503742218e-02
1.227883994579315186e-02
1.274357642978429794e-02
1.233312860131263733e-02
1.213613990694284439e-02
1.233256328850984573e-02
1.241531036794185638e-02
1.226218231022357941e-02
1.207323186099529266e-02
1.217220351099967957e-02
1.214609108865261078e-02
1.255986839532852173e-02
1.216443534940481186e-02
1.181101147085428238e-02
1.231630332767963409e-02
1.211827062070369720e-02
1.185406558215618134e-02
1.265061460435390472e-02
1.239854097366333008e-02
1.208819076418876648e-02
1.197375915944576263e-02
1.244829501956701279e-02
1.277046930044889450e-02
1.190752442926168442e-02
1.268246397376060486e-02
1.230315119028091431e-02
1.299147494137287140e-02
1.266861800104379654e-02
1.162517350167036057e-02
1.285580359399318695e-02
1.240723766386508942e-02
1.202928647398948669e-02
1.197957340627908707e-02
1.251803524792194366e-02
1.206423342227935791e-02
1.233821175992488861e-02
1.177973113954067230e-02
1.264087855815887451e-02
1.152096129953861237e-02
1.356815826147794724e-02
1.224578917026519775e-02
1.277164183557033539e-02
1.224837265908718109e-02
1.241227705031633377e-02
1.180834416300058365e-02
1.222401857376098633e-02
1.216704025864601135e-02
1.206219196319580078e-02
1.258981879800558090e-02
1.170647609978914261e-02
1.274911407381296158e-02
1.213759928941726685e-02
1.244987174868583679e-02
1.296573318541049957e-02
1.229016296565532684e-02
1.246751844882965088e-02
1.229918375611305237e-02
1.224074326455593109e-02
1.253589428961277008e-02
1.152561325579881668e-02
1.250610034912824631e-02
1.199196465313434601e-02
1.245735678821802139e-02
1.132686063647270203e-02
1.173521298915147781e-02
1.197074539959430695e-02
1.231907866895198822e-02
1.192890293896198273e-02
1.227146573364734650e-02
1.125339791178703308e-02
1.339440885931253433e-02
1.277749054133892059e-02
1.233776193112134933e-02
1.289356965571641922e-02
1.203439012169837952e-02
1.252873614430427551e-02
1.222102623432874680e-02
1.192386820912361145e-02
1.183336693793535233e-02
9.378863498568534851e-03
1.201792433857917786e-02
1.049717329442501068e-02
1.239861827343702316e-02
1.256216689944267273e-02
1.191140897572040558e-02
1.258721668273210526e-02
1.064214762300252914e-02
1.231811568140983582e-02
1.225353870540857315e-02
1.209929678589105606e-02
1.204521860927343369e-02
1.185940857976675034e-02
1.251977682113647461e-02
1.224311813712120056e-02
1.294871978461742401e-02
1.202520728111267090e-02
1.300921477377414703e-02
1.230191625654697418e-02
1.208823267370462418e-02
1.206088252365589142e-02
1.174776256084442139e-02
1.219414267688989639e-02
1.233211159706115723e-02
1.276917848736047745e-02
1.231184788048267365e-02
1.078351587057113647e-02
1.261111535131931305e-02
1.293729897588491440e-02
1.247397065162658691e-02
1.249467302113771439e-02
1.289753336459398270e-02
1.292452588677406311e-02
1.265693828463554382e-02
1.231910288333892822e-02
1.247634645551443100e-02
1.183021813631057739e-02
1.227691117674112320e-02
1.273478195071220398e-02
1.236686483025550842e-02
1.216470357030630112e-02
1.285479776561260223e-02
1.217218488454818726e-02
1.229863893240690231e-02
1.194380875676870346e-02
1.207428239285945892e-02
1.218357309699058533e-02
1.089539937674999237e-02
8.205121383070945740e-03
1.317786518484354019e-02
1.238416973501443863e-02
1.263953559100627899e-02
1.213076524436473846e-02
1.290762517601251602e-02
1.239946857094764709e-02
1.296352222561836243e-02
1.186258811503648758e-02
1.211802661418914795e-02
1.235500536859035492e-02
1.243513543158769608e-02
1.208021771162748337e-02
1.269367802888154984e-02
1.259538903832435608e-02
1.183765754103660583e-02
1.267383527010679245e-02
1.229353062808513641e-02
1.263346336781978607e-02
1.227169297635555267e-02
1.158084720373153687e-02
1.264097541570663452e-02
1.265897415578365326e-02
1.169642899185419083e-02
1.241984404623508453e-02
1.281510666012763977e-02
8.361028507351875305e-03
1.271239761263132095e-02
1.355901826173067093e-02
7.956534624099731445e-03
1.227053813636302948e-02
1.301848329603672028e-02
1.223383564502000809e-02
1.219818554818630219e-02
1.290323212742805481e-02
1.013298146426677704e-02
1.331975031644105911e-02
1.181761361658573151e-02
1.277100946754217148e-02
1.295047905296087265e-02
1.127348281443119049e-02
1.246018148958683014e-02
1.299174223095178604e-02
1.250432524830102921e-02
1.244564354419708252e-02
1.197529770433902740e-02
1.279145479202270508e-02
1.027180068194866180e-02
1.265383977442979813e-02
1.259373128414154053e-02
1.229807641357183456e-02
1.183460466563701630e-02
1.240929216146469116e-02
1.232590246945619583e-02
1.233273092657327652e-02
1.103929616510868073e-02
1.300163939595222473e-02
1.190904155373573303e-02
1.226706616580486298e-02
1.240095961838960648e-02
1.213541254401206970e-02
1.231017336249351501e-02
1.245427317917346954e-02
1.226009707897901535e-02
1.196019817143678665e-02
9.020807221531867981e-03
1.278648711740970612e-02
1.224008016288280487e-02
1.216632593423128128e-02
1.173529773950576782e-02
1.214456185698509216e-02
1.256107166409492493e-02
1.192059367895126343e-02
1.247632503509521484e-02
1.221900433301925659e-02
1.269522123038768768e-02
1.225559227168560028e-02
1.190769765526056290e-02
1.220678258687257767e-02
1.238142326474189758e-02
1.158671267330646515e-02
1.230713911354541779e-02
1.304979342967271805e-02
1.240935921669006348e-02
1.256626751273870468e-02
1.358094438910484314e-02
1.205133832991123199e-02
1.225624047219753265e-02
1.364265196025371552e-02
1.296659465879201889e-02
1.194434240460395813e-02
1.233608182519674301e-02
1.276265829801559448e-02
1.326492056250572205e-02
1.233283616602420807e-02
1.192348077893257141e-02
1.271258480846881866e-02
1.159128174185752869e-02
1.260813698172569275e-02
1.195596996694803238e-02
1.205993816256523132e-02
1.295808982104063034e-02
1.359060220420360565e-02
1.266233436763286591e-02
1.246934011578559875e-02
1.300303731113672256e-02
1.248163357377052307e-02
1.246676966547966003e-02
1.323772408068180084e-02
1.206618826836347580e-02
1.213384978473186493e-02
1.183925569057464600e-02
9.523699060082435608e-03
1.187376119196414948e-02
1.243813335895538330e-02
1.271811500191688538e-02
1.245102286338806152e-02
1.259279809892177582e-02
1.333992555737495422e-02
1.319380290806293488e-02
1.239765062928199768e-02
1.214955374598503113e-02
1.229499094188213348e-02
1.164931338280439377e-02
1.170179247856140137e-02
6.441561505198478699e-03
1.274660043418407440e-02
1.273427251726388931e-02
1.188546605408191681e-02
1.188043970614671707e-02
1.244287937879562378e-02
1.143195852637290955e-02
1.284124143421649933e-02
1.228231750428676605e-02
1.194166764616966248e-02
1.222044415771961212e-02
1.638450473546981812e-02
1.260241679847240448e-02
1.162238139659166336e-02
1.197773497551679611e-02
1.196250133216381073e-02
1.276740804314613342e-02
1.211044285446405411e-02
1.258807070553302765e-02
1.230653747916221619e-02
1.272035017609596252e-02
1.201763376593589783e-02
1.279905252158641815e-02
1.240084599703550339e-02
1.223261840641498566e-02
1.301864068955183029e-02
1.132874004542827606e-02
1.160130649805068970e-02
1.215882319957017899e-02
1.290714927017688751e-02
1.118425093591213226e-02
1.237523369491100311e-02
1.167540811002254486e-02
1.384190376847982407e-02
1.223716884851455688e-02
1.237011514604091644e-02
1.260555535554885864e-02
1.253787148743867874e-02
1.218956802040338516e-02
1.229361630976200104e-02
1.278385985642671585e-02
1.143744587898254395e-02
1.278911903500556946e-02
1.209184341132640839e-02
1.205608528107404709e-02
1.174964476376771927e-02
1.187642291188240051e-02
1.219160296022891998e-02
1.381539460271596909e-02
1.263640448451042175e-02
1.138235628604888916e-02
1.246630959212779999e-02
1.218463107943534851e-02
1.227507181465625763e-02
1.180295087397098541e-02
1.205490995198488235e-02
1.057809311896562576e-02
1.252023596316576004e-02
1.277088653296232224e-02
1.222447305917739868e-02
1.251333393156528473e-02
1.260909345000982285e-02
1.226551737636327744e-02
1.157942786812782288e-02
1.248173415660858154e-02
1.224762946367263794e-02
1.258735451847314835e-02
1.293931808322668076e-02
1.173461135476827621e-02
1.259308308362960815e-02
1.496832165867090225e-02
1.272900961339473724e-02
1.205625757575035095e-02
1.204780302941799164e-02
1.093827467411756516e-02
1.259486563503742218e-02
1.276827137917280197e-02
1.234336756169795990e-02
1.259360648691654205e-02
1.220749691128730774e-02
1.240381225943565369e-02
1.209378987550735474e-02
1.190473977476358414e-02
1.255067531019449234e-02
1.128592342138290405e-02
1.255282200872898102e-02
1.187506318092346191e-02
1.226604823023080826e-02
1.197328977286815643e-02
1.277991756796836853e-02
1.277536712586879730e-02
1.204979326575994492e-02
1.224976405501365662e-02
1.239346712827682495e-02
9.125991724431514740e-03
1.228593476116657257e-02
1.245333254337310791e-02
1.189636252820491791e-02
1.199735887348651886e-02
1.199718378484249115e-02
1.195931434631347656e-02
1.306525431573390961e-02
1.241893693804740906e-02
1.227179914712905884e-02
1.174349337816238403e-02
1.309791952371597290e-02
1.301174424588680267e-02
1.219732128083705902e-02
9.047992527484893799e-03
1.480759680271148682e-02
1.311990153044462204e-02
1.285774726420640945e-02
1.179836690425872803e-02
9.552355855703353882e-03
1.217320561408996582e-02
1.196677237749099731e-02
1.238027960062026978e-02
1.191795431077480316e-02
1.233285665512084961e-02
1.076522469520568848e-02
1.232708059251308441e-02
1.109564118087291718e-02
1.192313991487026215e-02
1.228257734328508377e-02
1.293755322694778442e-02
1.211348641663789749e-02
1.235325448215007782e-02
1.229241397231817245e-02
1.206709258258342743e-02
1.230624131858348846e-02
1.233637705445289612e-02
1.255895849317312241e-02
1.268047839403152466e-02
1.159905456006526947e-02
1.280102692544460297e-02
1.224680244922637939e-02
1.174057554453611374e-02
1.228793431073427200e-02
1.195647846907377243e-02
1.221569161862134933e-02
1.268814597278833389e-02
1.239497773349285126e-02
1.256842631846666336e-02
1.230293326079845428e-02
1.233815774321556091e-02
1.191867887973785400e-02
1.201776973903179169e-02
1.188141945749521255e-02
1.241013221442699432e-02
1.327155344188213348e-02
1.269605942070484161e-02
1.247419789433479309e-02
1.264425925910472870e-02
1.187709346413612366e-02
1.246603392064571381e-02
1.231191307306289673e-02
1.246952917426824570e-02
1.380965113639831543e-02
1.232434716075658798e-02
1.270043291151523590e-02
1.159400865435600281e-02
1.232947036623954773e-02
1.221542619168758392e-02
1.253829523921012878e-02
1.276737730950117111e-02
1.237225066870450974e-02
1.266557723283767700e-02
1.225736364722251892e-02
1.208505872637033463e-02
1.291940733790397644e-02
1.189925707876682281e-02
1.391109451651573181e-02
1.227026898413896561e-02
1.220373716205358505e-02
1.311853248625993729e-02
1.306381169706583023e-02
1.285812444984912872e-02
1.221109740436077118e-02
1.208659075200557709e-02
1.184044592082500458e-02
1.211391016840934753e-02
1.307231094688177109e-02
1.240640133619308472e-02
1.268130633980035782e-02
1.277546212077140808e-02
1.241981610655784607e-02
1.204037014394998550e-02
1.211188826709985733e-02
1.233821082860231400e-02
1.105572842061519623e-02
1.224710792303085327e-02
1.204357668757438660e-02
1.228683255612850189e-02
1.222918741405010223e-02
1.228777598589658737e-02
1.219871453940868378e-02
1.417735777795314789e-02
1.296125631779432297e-02
1.286306232213973999e-02
1.241661515086889267e-02
1.304660644382238388e-02
1.261368766427040100e-02
1.255674846470355988e-02
1.231230422854423523e-02
1.184956450015306473e-02
1.241071335971355438e-02
1.216546073555946350e-02
1.246372330933809280e-02
1.238804031163454056e-02
1.259441487491130829e-02
1.083374954760074615e-02
1.121866144239902496e-02
1.247163768857717514e-02
1.232444215565919876e-02
1.215080171823501587e-02
1.188118010759353638e-02
1.274598576128482819e-02
1.222388446331024170e-02
1.332664024084806442e-02
8.872308768332004547e-03
1.266479864716529846e-02
1.214376278221607208e-02
1.279305294156074524e-02
1.235046423971652985e-02
1.221203245222568512e-02
1.243289001286029816e-02
1.181845553219318390e-02
1.235484890639781952e-02
1.278716605156660080e-02
8.357316255569458008e-03
1.200649701058864594e-02
1.262926682829856873e-02
1.316399127244949341e-02
1.261166017502546310e-02
1.144116651266813278e-02
1.221734751015901566e-02
1.186418533325195312e-02
1.230724435299634933e-02
9.737548418343067169e-03
1.182788703590631485e-02
1.302488427609205246e-02
1.223612017929553986e-02
1.227601710706949234e-02
1.179799996316432953e-02
1.255553867667913437e-02
1.231050491333007812e-02
1.257262658327817917e-02
1.270335540175437927e-02
1.237680204212665558e-02
1.292796712368726730e-02
1.271277479827404022e-02
1.350108999758958817e-02
1.218251883983612061e-02
1.176310796290636063e-02
1.195631735026836395e-02
1.189713180065155029e-02
1.300217956304550171e-02
1.200710143893957138e-02
1.189625915139913559e-02
1.251460053026676178e-02
1.280134636908769608e-02
1.260155905038118362e-02
1.337714865803718567e-02
1.241070963442325592e-02
1.242555305361747742e-02
1.245102286338806152e-02
1.293138228356838226e-02
1.220973208546638489e-02
1.140626706182956696e-02
1.183815952390432358e-02
1.221229322254657745e-02
1.281738001853227615e-02
1.255050301551818848e-02
1.228072494268417358e-02
1.201936323195695877e-02
1.300204358994960785e-02
1.454346626996994019e-02
1.296851690858602524e-02
1.238053012639284134e-02
1.303795911371707916e-02
1.258356031030416489e-02
1.281878910958766937e-02
1.290236227214336395e-02
1.183907315135002136e-02
1.264054514467716217e-02
1.238841563463211060e-02
1.256813853979110718e-02
1.344147231429815292e-02
1.261965837329626083e-02
1.183284819126129150e-02
1.141015067696571350e-02
1.245029270648956299e-02
1.195346284657716751e-02
1.210896391421556473e-02
1.225579902529716492e-02
1.245461218059062958e-02
1.289570983499288559e-02
1.223464775830507278e-02
1.235325075685977936e-02
1.078214123845100403e-02
1.249471958726644516e-02
1.204737275838851929e-02
1.190883666276931763e-02
1.199731230735778809e-02
1.240409910678863525e-02
1.279729232192039490e-02
1.216066628694534302e-02
1.328146457672119141e-02
1.420870609581470490e-02
1.271494198590517044e-02
1.281140185892581940e-02
1.170616131275892258e-02
1.162581704556941986e-02
1.221562828868627548e-02
1.219842676073312759e-02
1.235822215676307678e-02
1.239448040723800659e-02
1.219671778380870819e-02
1.217412017285823822e-02
1.252450700849294662e-02
1.232216693460941315e-02
1.263392250984907150e-02
1.242338307201862335e-02
1.323799043893814087e-02
1.218357495963573456e-02
1.288103777915239334e-02
1.222465652972459793e-02
1.284645497798919678e-02
1.208939217031002045e-02
1.209267321974039078e-02
1.226457580924034119e-02
1.242573279887437820e-02
1.054321322590112686e-02
1.356077753007411957e-02
1.280734781175851822e-02
1.266626082360744476e-02
1.239255443215370178e-02
1.232249476015567780e-02
1.299409009516239166e-02
1.250815484672784805e-02
1.241103559732437134e-02
1.178663410246372223e-02
1.263445988297462463e-02
1.146913040429353714e-02
1.287077739834785461e-02
1.172561664134263992e-02
1.237936876714229584e-02
1.189530454576015472e-02
1.293982751667499542e-02
1.288110204041004181e-02
1.447061169892549515e-02
1.224029622972011566e-02
1.214384287595748901e-02
1.269305497407913208e-02
1.248947251588106155e-02
1.229780912399291992e-02
1.206942833960056305e-02
1.199074462056159973e-02
1.279630139470100403e-02
1.257193367928266525e-02
1.312359981238842010e-02
1.258126273751258850e-02
1.261486113071441650e-02
1.213886402547359467e-02
1.196043659001588821e-02
1.508775912225246429e-02
1.255316287279129028e-02
1.283790264278650284e-02
1.248574443161487579e-02
1.339509524405002594e-02
1.244618557393550873e-02
1.245237793773412704e-02
1.226785313338041306e-02
1.232708990573883057e-02
1.230556145310401917e-02
1.256451103836297989e-02
1.208627223968505859e-02
1.290747150778770447e-02
1.222675759345293045e-02
1.187626551836729050e-02
1.272479444742202759e-02
1.204837486147880554e-02
1.269628666341304779e-02
1.214810647070407867e-02
1.280342414975166321e-02
1.109232753515243530e-02
1.218623202294111252e-02
1.223376952111721039e-02
1.207965705543756485e-02
1.222032494843006134e-02
1.235796138644218445e-02
1.299656089395284653e-02
1.247870363295078278e-02
1.268885843455791473e-02
1.191174052655696869e-02
1.184428296983242035e-02
1.239465177059173584e-02
1.213900931179523468e-02
1.264859549701213837e-02
1.223082281649112701e-02
1.228471286594867706e-02
1.269830483943223953e-02
1.223635673522949219e-02
1.369789056479930878e-02
1.259813643991947174e-02
1.266141887754201889e-02
1.215560175478458405e-02
1.290038228034973145e-02
1.225435081869363785e-02
1.311967708170413971e-02
1.205904968082904816e-02
1.196849066764116287e-02
1.223004795610904694e-02
1.232638489454984665e-02
1.244032010436058044e-02
1.381232962012290955e-02
1.259274967014789581e-02
1.218254864215850830e-02
1.291750743985176086e-02
1.205671206116676331e-02
9.440138936042785645e-03
1.213342323899269104e-02
1.209480129182338715e-02
1.156285312026739120e-02
1.314441300928592682e-02
1.205331273376941681e-02
1.216724794358015060e-02
1.209770794957876205e-02
1.311831362545490265e-02
1.188409700989723206e-02
1.170944795012474060e-02
1.265324465930461884e-02
1.207182463258504868e-02
1.180574111640453339e-02
1.217017788439989090e-02
1.232742704451084137e-02
1.170126441866159439e-02
1.243693195283412933e-02
1.175509765744209290e-02
1.227158121764659882e-02
1.179575920104980469e-02
1.068102940917015076e-02
1.250614505261182785e-02
1.329969149082899094e-02
1.457604207098484039e-02
1.224613375961780548e-02
1.299040578305721283e-02
1.244434155523777008e-02
1.287423819303512573e-02
1.305077131837606430e-02
1.217467244714498520e-02
1.188725419342517853e-02
1.318903081119060516e-02
1.261515729129314423e-02
1.317038014531135559e-02
1.197877340018749237e-02
1.190365292131900787e-02
1.236511114984750748e-02
1.211167499423027039e-02
1.274217106401920319e-02
1.194141432642936707e-02
1.218211185187101364e-02
1.258188672363758087e-02
1.219935528934001923e-02
1.230675913393497467e-02
1.305182278156280518e-02
1.232575066387653351e-02
1.268272288143634796e-02
1.194061525166034698e-02
1.153243333101272583e-02
8.347198367118835449e-03
1.250133570283651352e-02
1.223614066839218140e-02
1.259903702884912491e-02
1.058929413557052612e-02
1.178540103137493134e-02
1.275358255952596664e-02
1.218514516949653625e-02
1.199059933423995972e-02
1.171269174665212631e-02
1.258635520935058594e-02
1.269316859543323517e-02
1.236971281468868256e-02
1.176547259092330933e-02
1.206655986607074738e-02
1.261160708963871002e-02
1.192748360335826874e-02
1.293171755969524384e-02
1.198550593107938766e-02
1.241286098957061768e-02
1.333056204020977020e-02
1.241928152740001678e-02
1.165933441370725632e-02
1.149237342178821564e-02
1.200148649513721466e-02
8.586930111050605774e-03
1.208538189530372620e-02
1.271511707454919815e-02
1.238909363746643066e-02
1.208103075623512268e-02
1.265899650752544403e-02
1.342877373099327087e-02
1.212766207754611969e-02
1.393184717744588852e-02
1.231392845511436462e-02
1.170274615287780762e-02
1.159764360636472702e-02
1.245214883238077164e-02
1.224696077406406403e-02
1.218601875007152557e-02
1.228706352412700653e-02
1.238108146935701370e-02
7.798995822668075562e-03
1.257654745131731033e-02
1.201441697776317596e-02
1.160074956715106964e-02
1.203604135662317276e-02
1.232184842228889465e-02
1.183994114398956299e-02
1.326345652341842651e-02
1.212428510189056396e-02
1.276536285877227783e-02
1.308363117277622223e-02
1.229721121490001678e-02
1.231327373534440994e-02
1.236437074840068817e-02
1.225321460515260696e-02
1.195063255727291107e-02
1.191859226673841476e-02
1.173346024006605148e-02
1.169688440859317780e-02
1.287471689283847809e-02
1.185729168355464935e-02
1.188760530203580856e-02
1.154598593711853027e-02
1.207377016544342041e-02
1.210807077586650848e-02
1.165462844073772430e-02
1.185784209519624710e-02
1.119291968643665314e-02
1.221611816436052322e-02
1.241447404026985168e-02
1.208417303860187531e-02
1.292691379785537720e-02
1.319691445678472519e-02
1.228293590247631073e-02
1.319309696555137634e-02
1.289453729987144470e-02
1.200561970472335815e-02
1.223738584667444229e-02
1.179081015288829803e-02
1.298863627016544342e-02
1.214909367263317108e-02
1.212421059608459473e-02
1.196549367159605026e-02
1.263462193310260773e-02
1.202010735869407654e-02
1.224048621952533722e-02
1.227682363241910934e-02
1.224546879529953003e-02
1.160537824034690857e-02
1.268860511481761932e-02
1.219502929598093033e-02
1.266035530716180801e-02
1.235105469822883606e-02
1.257070340216159821e-02
1.272619329392910004e-02
1.191077567636966705e-02
1.210682839155197144e-02
1.280241273343563080e-02
1.297262962907552719e-02
1.238827407360076904e-02
1.257631741464138031e-02
1.302077341824769974e-02
1.274810731410980225e-02
1.231527235358953476e-02
1.252655871212482452e-02
1.275223307311534882e-02
1.188129745423793793e-02
1.221082825213670731e-02
1.201898790895938873e-02
1.371625810861587524e-02
1.225530542433261871e-02
1.245964597910642624e-02
1.283514313399791718e-02
1.224518567323684692e-02
1.337718963623046875e-02
1.224397402256727219e-02
1.204246655106544495e-02
1.225375197827816010e-02
1.206798199564218521e-02
1.223670318722724915e-02
1.227102614939212799e-02
1.246467791497707367e-02
1.228245720267295837e-02
1.189097017049789429e-02
1.247096434235572815e-02
1.281337253749370575e-02
1.379185076802968979e-02
1.289178617298603058e-02
1.201609428972005844e-02
1.083627343177795410e-02
1.351389661431312561e-02
1.179729029536247253e-02
1.344493683427572250e-02
1.353202853351831436e-02
1.296059601008892059e-02
1.253463141620159149e-02
1.157714612782001495e-02
1.196847669780254364e-02
1.274607144296169281e-02
1.312343776226043701e-02
1.290024816989898682e-02
1.289589330554008484e-02
1.269270014017820358e-02
1.229470036923885345e-02
1.294586341828107834e-02
1.200313959270715714e-02
1.314320228993892670e-02
1.215111836791038513e-02
1.093630865216255188e-02
1.288250647485256195e-02
1.065960247069597244e-02
1.300806738436222076e-02
1.262270100414752960e-02
1.255153678357601166e-02
1.262320205569267273e-02
1.272229850292205811e-02
1.259120553731918335e-02
1.238910388201475143e-02
1.290524005889892578e-02
1.183177717030048370e-02
8.188490755856037140e-03
1.286285184323787689e-02
1.076886989176273346e-02
1.254492811858654022e-02
1.261609978973865509e-02
1.193577703088521957e-02
1.263763569295406342e-02
1.159111876040697098e-02
9.325176477432250977e-03
1.275443285703659058e-02
1.287042163312435150e-02
1.337640080600976944e-02
1.209740526974201202e-02
1.287686824798583984e-02
1.256500650197267532e-02
1.272209454327821732e-02
1.030048541724681854e-02
1.218471676111221313e-02
1.266444195061922073e-02
1.202330365777015686e-02
1.236250810325145721e-02
1.210778299719095230e-02
1.581403240561485291e-02
1.209752820432186127e-02
1.252744998782873154e-02
1.206812635064125061e-02
1.212429068982601166e-02
1.200248301029205322e-02
1.255919784307479858e-02
1.492801029235124588e-02
1.643154770135879517e-02
1.171288453042507172e-02
1.240737736225128174e-02
1.253685913980007172e-02
1.229324005544185638e-02
1.160104759037494659e-02
1.285238470882177353e-02
1.196351461112499237e-02
1.231530867516994476e-02
1.215177215635776520e-02
1.195828430354595184e-02
1.308464352041482925e-02
8.776163682341575623e-03
1.254307664930820465e-02
1.283921115100383759e-02
1.198525354266166687e-02
1.189778838306665421e-02
1.218183152377605438e-02
1.159938238561153412e-02
1.204529590904712677e-02
1.230132766067981720e-02
1.292767096310853958e-02
1.283209398388862610e-02
1.236544828861951828e-02
1.254746690392494202e-02
1.215194072574377060e-02
1.221936382353305817e-02
1.306963153183460236e-02
1.456350274384021759e-02
1.154049020260572433e-02
1.208998262882232666e-02
1.179419178515672684e-02
1.194836571812629700e-02
1.201971247792243958e-02
1.270964555442333221e-02
1.264202408492565155e-02
1.181229948997497559e-02
1.241407357156276703e-02
1.203591842204332352e-02
1.257357746362686157e-02
1.220094785094261169e-02
1.218268740922212601e-02
1.217053085565567017e-02
1.264985837042331696e-02
1.119971275329589844e-02
1.255609560757875443e-02
1.226021256297826767e-02
1.264245063066482544e-02
1.255781017243862152e-02
1.236498169600963593e-02
1.230211555957794189e-02
1.189843658357858658e-02
1.276121754199266434e-02
1.246212422847747803e-02
1.262342836707830429e-02
1.211631763726472855e-02
1.383499428629875183e-02
1.221991423517465591e-02
1.288717053830623627e-02
1.299689058214426041e-02
1.232648361474275589e-02
1.192320231348276138e-02
1.267542503774166107e-02
1.214428246021270752e-02
1.250081788748502731e-02
1.201141998171806335e-02
1.309475675225257874e-02
1.224966533482074738e-02
1.127511169761419296e-02
1.227017678320407867e-02
1.230243220925331116e-02
1.238673925399780273e-02
1.174430642277002335e-02
1.307861506938934326e-02
1.183336600661277771e-02
1.259591057896614075e-02
1.215361617505550385e-02
1.260289642959833145e-02
1.268981397151947021e-02
1.358448062092065811e-02
1.223309151828289032e-02
1.103411242365837097e-02
1.339310221374034882e-02
1.217398140579462051e-02
1.309387013316154480e-02
1.233244035392999649e-02
1.204496063292026520e-02
1.128432340919971466e-02
1.237140595912933350e-02
1.224821899086236954e-02
1.233937870711088181e-02
1.303035020828247070e-02
1.207985170185565948e-02
1.200938597321510315e-02
1.210037339478731155e-02
1.268947869539260864e-02
1.225649379193782806e-02
1.214378327131271362e-02
8.703738451004028320e-03
1.116806454956531525e-02
1.246747374534606934e-02
1.243458874523639679e-02
1.215835846960544586e-02
1.209819316864013672e-02
1.264353469014167786e-02
1.170210726559162140e-02
1.180582214146852493e-02
1.202535070478916168e-02
1.206501387059688568e-02
1.234974712133407593e-02
1.260628737509250641e-02
1.206087693572044373e-02
1.308864541351795197e-02
1.231235265731811523e-02
1.181341893970966339e-02
1.242330763489007950e-02
9.903771802783012390e-03
1.256205141544342041e-02
1.204069610685110092e-02
1.160761713981628418e-02
1.166556961834430695e-02
1.238114573061466217e-02
1.175649184733629227e-02
1.214205473661422729e-02
1.225443184375762939e-02
1.194700971245765686e-02
1.246778294444084167e-02
1.071267388761043549e-02
1.294032111763954163e-02
1.196736190468072891e-02
1.214891672134399414e-02
1.170883979648351669e-02
1.256971620023250580e-02
1.195968221873044968e-02
1.245005056262016296e-02
1.345098484307527542e-02
1.354919187724590302e-02
1.271752268075942993e-02
1.334056816995143890e-02
1.217410527169704437e-02
1.273998431861400604e-02
1.235079485923051834e-02
1.231086067855358124e-02
1.273457705974578857e-02
1.263886690139770508e-02
1.293186470866203308e-02
1.232637837529182434e-02
1.338897645473480225e-02
1.248117256909608841e-02
1.259580999612808228e-02
1.147321425378322601e-02
1.195975020527839661e-02
1.250566914677619934e-02
1.170797832310199738e-02
1.254023611545562744e-02
1.207677088677883148e-02
1.275925803929567337e-02
1.252336986362934113e-02
1.150325126945972443e-02
1.275011245161294937e-02
1.218592002987861633e-02
1.152297668159008026e-02
1.223406009376049042e-02
1.393240876495838165e-02
1.232654694467782974e-02
1.253804285079240799e-02
1.233488507568836212e-02
1.216165255755186081e-02
1.217748504132032394e-02
1.217109337449073792e-02
1.226504705846309662e-02
1.226146705448627472e-02
1.222255732864141464e-02
1.206708047538995743e-02
1.198468357324600220e-02
1.179032493382692337e-02
1.247693505138158798e-02
1.279179751873016357e-02
1.254966109991073608e-02
1.206991635262966156e-02
1.269121654331684113e-02
1.258053816854953766e-02
1.260327361524105072e-02
1.202501542866230011e-02
1.213812362402677536e-02
1.221053674817085266e-02
1.229560747742652893e-02
1.222893595695495605e-02
1.189266052097082138e-02
1.200933568179607391e-02
1.193490345031023026e-02
1.237873453646898270e-02
1.182155497372150421e-02
1.245786063373088837e-02
1.215258799493312836e-02
1.257334556430578232e-02
1.347636524587869644e-02
1.313201151788234711e-02
1.230354420840740204e-02
1.287690363824367523e-02
1.230502128601074219e-02
1.201356202363967896e-02
1.290956884622573853e-02
1.237518060952425003e-02
1.245860196650028229e-02
1.271534897387027740e-02
1.192791201174259186e-02
1.233586482703685760e-02
9.423657320439815521e-03
1.186439767479896545e-02
1.256488636136054993e-02
1.182168722152709961e-02
1.106941699981689453e-02
1.675373315811157227e-02
1.284678652882575989e-02
1.267600990831851959e-02
1.166134327650070190e-02
1.253249682486057281e-02
1.259303279221057892e-02
1.257307454943656921e-02
1.270706206560134888e-02
1.242315489798784256e-02
1.228025183081626892e-02
1.233129668980836868e-02
1.296827942132949829e-02
1.219263765960931778e-02
1.220884360373020172e-02
1.238812599331140518e-02
1.404220517724752426e-02
1.218136586248874664e-02
1.212720479816198349e-02
1.231486536562442780e-02
1.209410279989242554e-02
1.258937828242778778e-02
1.175378076732158661e-02
1.217108685523271561e-02
1.042943261563777924e-02
1.446796674281358719e-02
1.205468177795410156e-02
1.296579092741012573e-02
1.232982147485017776e-02
1.222407259047031403e-02
1.220012456178665161e-02
1.269007381051778793e-02
1.218247413635253906e-02
1.384265348315238953e-02
1.316549070179462433e-02
1.227804459631443024e-02
1.265589892864227295e-02
9.979011490941047668e-03
1.195312291383743286e-02
1.286303997039794922e-02
1.252430491149425507e-02
1.246867887675762177e-02
1.202267315238714218e-02
1.199491973966360092e-02
1.226280815899372101e-02
1.294414605945348740e-02
1.207156479358673096e-02
1.141642965376377106e-02
1.205485127866268158e-02
1.243410632014274597e-02
1.212887838482856750e-02
1.422048918902873993e-02
1.035274472087621689e-02
1.241756975650787354e-02
1.259151007980108261e-02
1.226619631052017212e-02
1.234047207981348038e-02
1.265231892466545105e-02
1.272417139261960983e-02
1.244700979441404343e-02
1.285902969539165497e-02
1.233156584203243256e-02
1.191021408885717392e-02
1.356065366417169571e-02
1.270860154181718826e-02
1.289450842887163162e-02
1.282389368861913681e-02
1.173267513513565063e-02
1.246850192546844482e-02
7.682173978537321091e-03
1.192749012261629105e-02
1.291950419545173645e-02
1.197895873337984085e-02
1.238385401666164398e-02
1.280703209340572357e-02
1.234152726829051971e-02
1.237682066857814789e-02
1.210195757448673248e-02
1.228733733296394348e-02
1.210238598287105560e-02
1.271037943661212921e-02
1.311401836574077606e-02
1.261647418141365051e-02
1.201591361314058304e-02
1.253712549805641174e-02
1.170547772198915482e-02
1.001850329339504242e-02
1.295261923223733902e-02
1.201227307319641113e-02
1.246163062751293182e-02
1.209558267146348953e-02
1.227020379155874252e-02
1.229779142886400223e-02
1.329870242625474930e-02
1.168453786522150040e-02
1.273111812770366669e-02
1.203767396509647369e-02
1.191398221999406815e-02
1.272128988057374954e-02
1.206321921199560165e-02
1.255034562200307846e-02
1.261310093104839325e-02
9.905581362545490265e-03
1.233089715242385864e-02
1.334380917251110077e-02
1.247850432991981506e-02
1.201971247792243958e-02
1.256311126053333282e-02
9.806538000702857971e-03
1.261067017912864685e-02
1.142644695937633514e-02
1.269689016044139862e-02
1.319655869156122208e-02
1.234058104455471039e-02
1.263649016618728638e-02
1.268188282847404480e-02
1.197621412575244904e-02
1.243828050792217255e-02
1.202914118766784668e-02
1.219296455383300781e-02
1.322249509394168854e-02
1.285975333303213120e-02
1.289538200944662094e-02
1.176048535853624344e-02
8.647240698337554932e-03
1.225232891738414764e-02
1.197819784283638000e-02
1.237900741398334503e-02
1.240548025816679001e-02
1.276690326631069183e-02
1.250605285167694092e-02
1.200122293084859848e-02
1.233607716858386993e-02
1.275976747274398804e-02
1.244609709829092026e-02
1.234131213277578354e-02
1.298345066606998444e-02
1.225259155035018921e-02
1.213427167385816574e-02
1.182579062879085541e-02
1.314312592148780823e-02
1.236394699662923813e-02
1.192397251725196838e-02
1.275839470326900482e-02
1.213770546019077301e-02
1.260055974125862122e-02
1.238545961678028107e-02
1.216973923146724701e-02
1.168290898203849792e-02
1.176160201430320740e-02
1.326645631343126297e-02
1.205449923872947693e-02
1.245247200131416321e-02
1.233909092843532562e-02
1.208065636456012726e-02
1.180772855877876282e-02
1.232243515551090240e-02
1.224662177264690399e-02
1.221100427210330963e-02
1.299816370010375977e-02
1.251321658492088318e-02
1.157512422651052475e-02
1.305471826344728470e-02
1.261080987751483917e-02
1.283694244921207428e-02
1.248381100594997406e-02
1.320942118763923645e-02
1.195398438721895218e-02
1.181816123425960541e-02
1.261394843459129333e-02
1.252932567149400711e-02
1.239772513508796692e-02
1.261837407946586609e-02
1.127058174461126328e-02
1.266255043447017670e-02
1.152932271361351013e-02
1.250141113996505737e-02
1.186947338283061981e-02
9.905365295708179474e-03
1.320717297494411469e-02
1.338909938931465149e-02
1.264774985611438751e-02
1.277187187224626541e-02
1.303349621593952179e-02
1.221100799739360809e-02
1.204156782478094101e-02
1.223748549818992615e-02
1.263939682394266129e-02
1.289381645619869232e-02
1.254330016672611237e-02
1.268357038497924805e-02
1.257718075066804886e-02
1.255078241229057312e-02
1.259340904653072357e-02
1.283965539187192917e-02
1.266743429005146027e-02
1.377052254974842072e-02
1.281161326915025711e-02
1.209800131618976593e-02
1.024447195231914520e-02
1.187862362712621689e-02
1.222187932580709457e-02
1.240562461316585541e-02
1.208929903805255890e-02
1.195065863430500031e-02
1.219939067959785461e-02
1.258509699255228043e-02
1.204845029860734940e-02
1.218551024794578552e-02
1.048747636377811432e-02
1.250609476119279861e-02
1.185302622616291046e-02
1.217174716293811798e-02
1.224978454411029816e-02
1.212275959551334381e-02
1.278620492666959763e-02
1.249915361404418945e-02
1.256147492676973343e-02
1.255353260785341263e-02
1.283425651490688324e-02
1.190615352243185043e-02
1.198927871882915497e-02
1.241929270327091217e-02
1.253596879541873932e-02
1.301416195929050446e-02
1.375410892069339752e-02
1.223803311586380005e-02
1.196929067373275757e-02
1.278443261981010437e-02
1.221545599400997162e-02
1.329975575208663940e-02
1.273274607956409454e-02
1.225398574024438858e-02
1.275107450783252716e-02
1.178070995956659317e-02
1.218989863991737366e-02
1.272672414779663086e-02
1.350331306457519531e-02
1.180130988359451294e-02
1.179326139390468597e-02
1.223909482359886169e-02
1.290097367018461227e-02
1.310569979250431061e-02
1.223015785217285156e-02
1.361280679702758789e-02
1.255859341472387314e-02
1.265821885317564011e-02
1.184160728007555008e-02
1.207307726144790649e-02
1.199191715568304062e-02
1.232515461742877960e-02
1.170417480170726776e-02
1.227427087724208832e-02
1.262956392019987106e-02
1.216351520270109177e-02
1.301855593919754028e-02
1.237391866743564606e-02
1.218686625361442566e-02
1.206303201615810394e-02
1.221236586570739746e-02
1.162101142108440399e-02
1.177437976002693176e-02
1.259362976998090744e-02
1.216927450150251389e-02
1.189363654702901840e-02
1.269365753978490829e-02
1.319849863648414612e-02
1.289516501128673553e-02
1.235355529934167862e-02
1.171086262911558151e-02
8.802249096333980560e-03
1.224594563245773315e-02
1.285245828330516815e-02
1.245005428791046143e-02
1.222834829241037369e-02
1.246863976120948792e-02
1.173070166260004044e-02
1.250957138836383820e-02
1.115072891116142273e-02
1.230903342366218567e-02
1.288270391523838043e-02
1.252269931137561798e-02
1.275563426315784454e-02
1.183570176362991333e-02
1.286042109131813049e-02
1.199756283313035965e-02
1.175757870078086853e-02
1.178039237856864929e-02
1.235567405819892883e-02
1.139435917139053345e-02
1.254309527575969696e-02
1.249234564602375031e-02
1.268016546964645386e-02
1.219537667930126190e-02
1.253261603415012360e-02
1.235056575387716293e-02
1.102720480412244797e-02
1.244786940515041351e-02
1.294033415615558624e-02
1.213759649544954300e-02
1.276240590959787369e-02
1.259971037507057190e-02
1.241813879460096359e-02
1.213928591459989548e-02
1.219692733138799667e-02
1.234088465571403503e-02
1.206146832555532455e-02
1.304123271256685257e-02
1.282072253525257111e-02
1.214953977614641190e-02
1.554880104959011078e-02
1.195209845900535583e-02
1.234900578856468201e-02
1.120684482157230377e-02
1.316474378108978271e-02
1.239377446472644806e-02
1.167165953665971756e-02
1.345482654869556427e-02
1.188695710152387619e-02
1.290496625006198883e-02
1.224626787006855011e-02
1.198687031865119934e-02
1.218100637197494507e-02
1.243337802588939667e-02
1.229592226445674896e-02
1.255413610488176346e-02
1.325429044663906097e-02
1.292487699538469315e-02
1.214089244604110718e-02
1.219700090587139130e-02
1.291730068624019623e-02
1.248106546700000763e-02
1.241145748645067215e-02
1.241874508559703827e-02
1.184227410703897476e-02
1.290744915604591370e-02
1.098450645804405212e-02
1.415026187896728516e-02
1.192457228899002075e-02
1.162098348140716553e-02
