<system>Protocol: Active. Attitude: Sassy.</system>
2.647931501269340515e-02
2.106410451233386993e-02
2.278061583638191223e-02
2.372121252119541168e-02
2.073882892727851868e-02
2.917031198740005493e-02
2.218551933765411377e-02
2.764147520065307617e-02
2.346515655517578125e-02
3.724237903952598572e-02
2.436438016593456268e-02
3.043235279619693756e-02
3.010120615363121033e-02
3.557169437408447266e-02
3.683506697416305542e-02
4.593206942081451416e-02
4.037045687437057495e-02
4.729214310646057129e-02
4.161767661571502686e-02
4.054624959826469421e-02
2.681298553943634033e-02
4.114790260791778564e-02
4.896014928817749023e-02
5.155512318015098572e-02
5.791186168789863586e-02
5.099084228277206421e-02
4.359103366732597351e-02
4.625302925705909729e-02
4.274865984916687012e-02
5.267642438411712646e-02
3.619577735662460327e-02
4.837129265069961548e-02
2.132086455821990967e-02
2.434050478041172028e-02
2.302224747836589813e-02
2.127398177981376648e-02
2.272243984043598175e-02
3.160857036709785461e-02
2.179547771811485291e-02
2.932401001453399658e-02
2.424986287951469421e-02
3.176813572645187378e-02
2.620054781436920166e-02
3.645940497517585754e-02
2.876505069434642792e-02
4.027041047811508179e-02
3.028514236211776733e-02
3.868584334850311279e-02
4.417866840958595276e-02
2.206467650830745697e-02
3.939801454544067383e-02
4.796840250492095947e-02
4.515761137008666992e-02
5.344942212104797363e-02
5.455663055181503296e-02
5.109316855669021606e-02
1.384426280856132507e-02
5.675521865487098694e-02
5.741638690233230591e-02
5.092431232333183289e-02
2.503431588411331177e-02
4.396127909421920776e-02
4.045931994915008545e-02
4.370736330747604370e-02
2.392237819731235504e-02
2.307190001010894775e-02
2.130943536758422852e-02
1.864881813526153564e-02
1.855945214629173279e-02
1.953808590769767761e-02
2.269107103347778320e-02
2.697068825364112854e-02
2.583369612693786621e-02
2.536537125706672668e-02
2.606378495693206787e-02
3.240113332867622375e-02
2.976994216442108154e-02
2.538234740495681763e-02
3.519910573959350586e-02
3.725966438651084900e-02
3.796556964516639709e-02
3.530640155076980591e-02
3.880152851343154907e-02
2.979404851794242859e-02
2.613242715597152710e-02
3.817664831876754761e-02
4.145674407482147217e-02
3.987409174442291260e-02
5.070507526397705078e-02
4.137634485960006714e-02
3.803282231092453003e-02
4.493723809719085693e-02
4.394255951046943665e-02
4.288398846983909607e-02
3.715418279170989990e-02
3.482557460665702820e-02
2.240165323019027710e-02
1.817041262984275818e-02
1.860313862562179565e-02
1.863824948668479919e-02
2.945886552333831787e-02
2.340718172490596771e-02
3.118697181344032288e-02
1.865573227405548096e-02
2.889120206236839294e-02
1.980170980095863342e-02
2.747532539069652557e-02
3.398104012012481689e-02
2.591222152113914490e-02
2.936147712171077728e-02
3.451581299304962158e-02
3.546631708741188049e-02
3.848014771938323975e-02
1.994015276432037354e-02
4.211132973432540894e-02
3.989562764763832092e-02
4.121448099613189697e-02
4.543027281761169434e-02
4.236201941967010498e-02
3.743549063801765442e-02
1.404547505080699921e-02
3.660754859447479248e-02
4.632230103015899658e-02
4.043709486722946167e-02
3.907826542854309082e-02
4.258115589618682861e-02
3.006798401474952698e-02
3.950412571430206299e-02
2.695675380527973175e-02
1.926765590906143188e-02
3.156638145446777344e-02
3.014859557151794434e-02
2.298327349126338959e-02
4.011917859315872192e-02
3.244742006063461304e-02
3.724089637398719788e-02
3.202611953020095825e-02
4.165405035018920898e-02
3.316576033830642700e-02
4.249531775712966919e-02
4.263024032115936279e-02
3.360999375581741333e-02
4.128461331129074097e-02
4.057810455560684204e-02
4.434793442487716675e-02
4.641039669513702393e-02
4.461470991373062134e-02
1.983582042157649994e-02
4.496478289365768433e-02
4.534404724836349487e-02
4.437925666570663452e-02
4.542347043752670288e-02
4.825222864747047424e-02
4.491616040468215942e-02
4.641713947057723999e-02
4.510806873440742493e-02
4.588177055120468140e-02
4.719217494130134583e-02
3.888964653015136719e-02
4.422004520893096924e-02
2.815583348274230957e-02
2.797691896557807922e-02
1.932770200073719025e-02
2.455497160553932190e-02
2.320697158575057983e-02
3.203283250331878662e-02
2.461040206253528595e-02
3.404451534152030945e-02
2.511584013700485229e-02
4.082419723272323608e-02
2.766605652868747711e-02
3.999381512403488159e-02
3.903648257255554199e-02
3.077271580696105957e-02
4.491269588470458984e-02
4.321428388357162476e-02
4.562474787235260010e-02
3.602297604084014893e-02
4.530226066708564758e-02
4.843468964099884033e-02
4.610905423760414124e-02
4.566873610019683838e-02
4.571654647588729858e-02
4.312072694301605225e-02
1.247323583811521530e-02
4.597298800945281982e-02
4.543896019458770752e-02
4.678466916084289551e-02
4.521261155605316162e-02
4.660743102431297302e-02
4.689403995871543884e-02
4.654425755143165588e-02
2.929201535880565643e-02
2.795198932290077209e-02
3.049392253160476685e-02
3.350393474102020264e-02
2.904498204588890076e-02
3.079302795231342316e-02
3.763462230563163757e-02
2.674247696995735168e-02
3.211907669901847839e-02
3.712835535407066345e-02
2.980368025600910187e-02
4.077965021133422852e-02
3.463737666606903076e-02
4.864058643579483032e-02
4.379311949014663696e-02
4.501621052622795105e-02
4.875059425830841064e-02
3.437607735395431519e-02
5.035921186208724976e-02
2.216466888785362244e-02
5.092886835336685181e-02
4.705212637782096863e-02
5.040867254137992859e-02
1.067754067480564117e-02
5.694419890642166138e-02
4.314710572361946106e-02
5.126494169235229492e-02
5.056096240878105164e-02
5.397345870733261108e-02
2.207459323108196259e-02
2.385850623250007629e-02
3.810229152441024780e-02
3.045107796788215637e-02
2.661179751157760620e-02
2.164164371788501740e-02
2.684764564037322998e-02
2.531470358371734619e-02
2.251357398927211761e-02
3.525916114449501038e-02
2.904034778475761414e-02
2.492409944534301758e-02
3.943044692277908325e-02
2.976695448160171509e-02
4.379074275493621826e-02
3.480392694473266602e-02
4.368039965629577637e-02
4.081578552722930908e-02
2.459813281893730164e-02
4.211142286658287048e-02
4.687544330954551697e-02
4.952929168939590454e-02
5.553092807531356812e-02
5.150602757930755615e-02
5.220559984445571899e-02
4.544342681765556335e-02
5.786228924989700317e-02
5.172201991081237793e-02
5.299668014049530029e-02
5.233469605445861816e-02
5.473096668720245361e-02
5.377700179815292358e-02
5.282420665025711060e-02
5.335086584091186523e-02
5.182398483157157898e-02
