<system>Protocol: Active. Attitude: Sassy.</system>
1.982247643172740936e-02
1.792820543050765991e-02
1.732417568564414978e-02
1.626176759600639343e-02
1.705668680369853973e-02
1.927880756556987762e-02
2.046993002295494080e-02
2.426280453801155090e-02
2.544453367590904236e-02
2.235417440533638000e-02
2.626880630850791931e-02
2.290081791579723358e-02
2.966718003153800964e-02
2.319460362195968628e-02
3.352770209312438965e-02
2.978823892772197723e-02
3.131123259663581848e-02
3.463036939501762390e-02
3.743546456098556519e-02
2.184522897005081177e-02
3.332824259996414185e-02
4.597403109073638916e-02
2.271160483360290527e-02
3.924479708075523376e-02
4.607385396957397461e-02
4.288623481988906860e-02
4.970764368772506714e-02
4.657966643571853638e-02
4.340572655200958252e-02
3.881849348545074463e-02
3.232266381382942200e-02
2.752914279699325562e-02
1.870242133736610413e-02
1.492825243622064590e-02
1.596032269299030304e-02
1.886409521102905273e-02
1.676246896386146545e-02
2.290070429444313049e-02
2.057810313999652863e-02
1.979784853756427765e-02
2.387738414108753204e-02
2.502380684018135071e-02
2.569795772433280945e-02
2.501487918198108673e-02
2.908157929778099060e-02
2.128895372152328491e-02
3.289358690381050110e-02
3.214621543884277344e-02
3.659176826477050781e-02
2.505025453865528107e-02
3.351058065891265869e-02
3.380430117249488831e-02
4.228954017162322998e-02
4.359116777777671814e-02
4.382563754916191101e-02
4.417461529374122620e-02
4.972807690501213074e-02
4.547933116555213928e-02
4.847887903451919556e-02
4.709493741393089294e-02
4.124446213245391846e-02
4.117266088724136353e-02
4.740652441978454590e-02
4.364925622940063477e-02
1.120755169540643692e-02
1.022311858832836151e-02
1.089330296963453293e-02
9.769650176167488098e-03
1.045210473239421844e-02
1.307009905576705933e-02
1.149145513772964478e-02
1.603107899427413940e-02
1.604648493230342865e-02
1.731465756893157959e-02
2.558805234730243683e-02
2.577754668891429901e-02
3.148933127522468567e-02
3.459239378571510315e-02
4.061601310968399048e-02
4.338826239109039307e-02
4.330506920814514160e-02
4.234065860509872437e-02
4.147337749600410461e-02
5.042740702629089355e-02
4.187063127756118774e-02
5.184737220406532288e-02
5.294969677925109863e-02
5.245076492428779602e-02
5.138360708951950073e-02
5.119537562131881714e-02
5.334023758769035339e-02
4.942084476351737976e-02
5.178117752075195312e-02
4.191043227910995483e-02
4.745457321405410767e-02
3.620117157697677612e-02
1.191499270498752594e-02
9.433657862246036530e-03
1.004984136670827866e-02
9.932059794664382935e-03
1.014976855367422104e-02
1.264455355703830719e-02
1.195333059877157211e-02
1.467338949441909790e-02
1.560131832957267761e-02
1.840846613049507141e-02
2.119162864983081818e-02
2.980722859501838684e-02
3.163020312786102295e-02
3.714577481150627136e-02
4.084033146500587463e-02
4.231940209865570068e-02
4.394757002592086792e-02
4.320012405514717102e-02
4.679798707365989685e-02
4.980160295963287354e-02
4.811407625675201416e-02
5.143360421061515808e-02
5.209855735301971436e-02
5.283845216035842896e-02
5.361782386898994446e-02
5.388832837343215942e-02
5.135608464479446411e-02
5.271928012371063232e-02
5.140481144189834595e-02
5.152347683906555176e-02
3.696141764521598816e-02
5.252256244421005249e-02
2.051869407296180725e-02
1.982240378856658936e-02
1.964488625526428223e-02
2.022929489612579346e-02
1.926105655729770660e-02
2.039166167378425598e-02
1.976048573851585388e-02
2.856932021677494049e-02
2.771180868148803711e-02
2.615242451429367065e-02
3.504316508769989014e-02
3.085767105221748352e-02
3.827479481697082520e-02
4.306497424840927124e-02
3.757038712501525879e-02
4.589313268661499023e-02
4.473294317722320557e-02
4.524594917893409729e-02
4.654207453131675720e-02
4.818860441446304321e-02
4.617910087108612061e-02
4.968450963497161865e-02
4.742559045553207397e-02
5.714455991983413696e-02
4.698956012725830078e-02
4.750549793243408203e-02
4.926102608442306519e-02
4.039801284670829773e-02
4.330720007419586182e-02
4.560137167572975159e-02
4.650612547993659973e-02
4.577186703681945801e-02
3.430898860096931458e-02
2.037246897816658020e-02
1.589345373213291168e-02
2.098201215267181396e-02
1.680521294474601746e-02
2.291235327720642090e-02
2.172629907727241516e-02
2.756880223751068115e-02
2.714568749070167542e-02
2.828817814588546753e-02
3.615089505910873413e-02
3.161054104566574097e-02
3.812742605805397034e-02
4.034722223877906799e-02
3.310731053352355957e-02
4.263670742511749268e-02
4.490211606025695801e-02
3.661266714334487915e-02
4.778293520212173462e-02
4.414721578359603882e-02
4.873576760292053223e-02
4.602064937353134155e-02
4.849198088049888611e-02
1.536218542605638504e-02
5.059264972805976868e-02
4.620292037725448608e-02
3.004116192460060120e-02
4.924423992633819580e-02
4.838276281952857971e-02
4.790534824132919312e-02
4.437926039099693298e-02
3.064128383994102478e-02
2.544486895203590393e-02
2.571449987590312958e-02
2.762886509299278259e-02
2.661997452378273010e-02
2.915071323513984680e-02
3.179040551185607910e-02
2.613903395831584930e-02
3.151185438036918640e-02
2.712161839008331299e-02
2.993516810238361359e-02
3.196840360760688782e-02
2.904240041971206665e-02
3.086472675204277039e-02
2.399472147226333618e-02
3.127519413828849792e-02
3.169997036457061768e-02
3.427906334400177002e-02
3.349398821592330933e-02
3.490389138460159302e-02
3.683998808264732361e-02
3.451439365744590759e-02
3.352270275354385376e-02
3.513585776090621948e-02
4.714691638946533203e-02
3.355602920055389404e-02
3.392792493104934692e-02
3.415852040052413940e-02
3.291415050625801086e-02
3.524525836110115051e-02
2.875390835106372833e-02
2.961749024689197540e-02
3.477398306131362915e-02
2.389997988939285278e-02
2.580411173403263092e-02
2.909524738788604736e-02
2.701475843787193298e-02
2.921014279127120972e-02
2.915895357728004456e-02
2.566878870129585266e-02
2.989381179213523865e-02
2.634879387915134430e-02
2.975031547248363495e-02
2.842509001493453979e-02
2.537268400192260742e-02
3.197998180985450745e-02
2.944057807326316833e-02
3.361998870968818665e-02
3.289321810007095337e-02
3.382904827594757080e-02
3.342399746179580688e-02
3.367218375205993652e-02
1.799413375556468964e-02
3.291714936494827271e-02
3.451804444193840027e-02
3.396815434098243713e-02
1.131276227533817291e-02
3.411278873682022095e-02
3.359359502792358398e-02
3.269627317786216736e-02
2.675604447722434998e-02
2.993889525532722473e-02
3.308679163455963135e-02
2.464194223284721375e-02
3.387774527072906494e-02
