<system>Protocol: Active. Attitude: Sassy.</system>
7.981564849615097046e-03
1.107690762728452682e-02
1.497046090662479401e-02
1.583583652973175049e-02
7.328062783926725388e-03
1.605567708611488342e-02
1.513096317648887634e-02
6.424444727599620819e-03
1.577292755246162415e-02
1.281412225216627121e-02
1.464796438813209534e-02
9.165001101791858673e-03
1.116675231605768204e-02
1.297380216419696808e-02
7.199250161647796631e-03
6.503422278910875320e-03
1.072286535054445267e-02
1.540512964129447937e-02
1.585284620523452759e-02
1.324173901230096817e-02
9.167686104774475098e-03
6.294487044215202332e-03
7.395674008876085281e-03
7.719362154603004456e-03
6.723344791680574417e-03
1.576445065438747406e-02
1.520250644534826279e-02
1.198862306773662567e-02
1.546734943985939026e-02
1.070905663073062897e-02
6.533238571137189865e-03
8.498341776430606842e-03
1.524996757507324219e-02
7.128194440156221390e-03
1.043412461876869202e-02
1.618522591888904572e-02
7.538121659308671951e-03
6.072688847780227661e-03
1.516347005963325500e-02
1.618257351219654083e-02
1.577319763600826263e-02
6.649482529610395432e-03
6.515038665384054184e-03
1.592754200100898743e-02
6.995517760515213013e-03
9.099935181438922882e-03
1.566199027001857758e-02
1.527583412826061249e-02
8.883568458259105682e-03
7.163163274526596069e-03
9.892359375953674316e-03
8.221895433962345123e-03
7.546641398221254349e-03
7.354273926466703415e-03
1.563566923141479492e-02
8.516502566635608673e-03
1.539674401283264160e-02
1.593147218227386475e-02
1.564777642488479614e-02
6.095534656196832657e-03
1.492148265242576599e-02
6.089929025620222092e-03
6.914451718330383301e-03
1.564055494964122772e-02
