<system>Protocol: Active. Attitude: Sassy.</system>
1.704590581357479095e-02
1.635937392711639404e-02
1.692715287208557129e-02
1.429420709609985352e-02
1.649501733481884003e-02
1.691407524049282074e-02
1.693354360759258270e-02
1.710574515163898468e-02
1.566608436405658722e-02
1.690779253840446472e-02
1.735677756369113922e-02
1.663884520530700684e-02
1.662306860089302063e-02
1.580822467803955078e-02
1.707387715578079224e-02
1.628091745078563690e-02
1.611675322055816650e-02
1.162770017981529236e-02
1.693539135158061981e-02
1.643072068691253662e-02
1.429416611790657043e-02
1.691348850727081299e-02
1.564081013202667236e-02
1.753680594265460968e-02
1.703080907464027405e-02
1.661042496562004089e-02
1.673520728945732117e-02
1.466437615454196930e-02
1.619330048561096191e-02
1.684042066335678101e-02
1.604721695184707642e-02
1.670926995575428009e-02
1.677445322275161743e-02
1.637564599514007568e-02
1.717774197459220886e-02
1.724440604448318481e-02
1.689118333160877228e-02
1.693785190582275391e-02
1.547214202582836151e-02
1.607117429375648499e-02
1.709433831274509430e-02
1.698740944266319275e-02
1.673068106174468994e-02
1.707135699689388275e-02
1.709440723061561584e-02
1.729590445756912231e-02
1.530788652598857880e-02
1.415714249014854431e-02
1.707714423537254333e-02
1.675768196582794189e-02
1.618492975831031799e-02
1.665950939059257507e-02
1.623444817960262299e-02
1.728489995002746582e-02
1.717376336455345154e-02
1.627360656857490540e-02
1.751631498336791992e-02
1.598439551889896393e-02
1.683225110173225403e-02
1.725604757666587830e-02
1.492517068982124329e-02
1.727215014398097992e-02
1.654245518147945404e-02
1.454972289502620697e-02
2.444994822144508362e-02
2.251509949564933777e-02
2.447750046849250793e-02
2.247616276144981384e-02
2.241402119398117065e-02
2.452685311436653137e-02
2.208323217928409576e-02
2.505869418382644653e-02
2.430204302072525024e-02
2.463745325803756714e-02
2.400578558444976807e-02
2.492118254303932190e-02
2.437320351600646973e-02
2.460877411067485809e-02
2.490241080522537231e-02
2.317465841770172119e-02
2.423262596130371094e-02
2.380843088030815125e-02
2.525280602276325226e-02
2.510576508939266205e-02
2.496574446558952332e-02
2.504115179181098938e-02
2.315316535532474518e-02
2.390527725219726562e-02
2.519483491778373718e-02
2.351648733019828796e-02
1.416585966944694519e-02
1.374332420527935028e-02
2.538061328232288361e-02
2.388709038496017456e-02
2.541173249483108521e-02
2.406617254018783569e-02
2.500308863818645477e-02
2.378941699862480164e-02
2.375249937176704407e-02
2.509256824851036072e-02
2.428947389125823975e-02
2.448530495166778564e-02
2.401049807667732239e-02
2.333206683397293091e-02
2.491889148950576782e-02
2.482788823544979095e-02
2.459834516048431396e-02
2.457573637366294861e-02
2.361339330673217773e-02
2.301013842225074768e-02
2.447069250047206879e-02
2.312308549880981445e-02
2.568444237112998962e-02
2.408181317150592804e-02
2.378970757126808167e-02
2.474723756313323975e-02
2.465556003153324127e-02
2.448539808392524719e-02
2.503688447177410126e-02
2.404616586863994598e-02
2.497213520109653473e-02
2.411025390028953552e-02
2.428413741290569305e-02
2.518588118255138397e-02
2.395663782954216003e-02
2.546135894954204559e-02
2.531618811190128326e-02
2.499568089842796326e-02
1.446852553635835648e-02
1.731292530894279480e-02
1.727042533457279205e-02
1.661799289286136627e-02
1.746935769915580750e-02
1.689826510846614838e-02
1.711392216384410858e-02
1.728178374469280243e-02
1.708305254578590393e-02
1.721023395657539368e-02
1.711761392652988434e-02
1.749985292553901672e-02
1.674039848148822784e-02
1.702804490923881531e-02
1.547666359692811966e-02
1.655208133161067963e-02
1.701800338923931122e-02
1.770070753991603851e-02
1.714392751455307007e-02
1.743604242801666260e-02
1.699196547269821167e-02
1.632072031497955322e-02
1.642941869795322418e-02
1.660645380616188049e-02
1.726254634559154510e-02
1.725209131836891174e-02
1.690171472728252411e-02
1.733702421188354492e-02
1.755578443408012390e-02
1.582893170416355133e-02
1.715682260692119598e-02
1.673382520675659180e-02
1.721236295998096466e-02
1.700404100120067596e-02
1.689654961228370667e-02
1.698809489607810974e-02
1.826896704733371735e-02
1.629056781530380249e-02
1.616339199244976044e-02
1.732891984283924103e-02
1.728761568665504456e-02
1.650497876107692719e-02
1.705263741314411163e-02
1.700009405612945557e-02
1.728431880474090576e-02
1.752171106636524200e-02
1.725751720368862152e-02
1.675660535693168640e-02
1.735308766365051270e-02
1.718101650476455688e-02
1.318746246397495270e-02
1.639934442937374115e-02
1.693286001682281494e-02
1.722182147204875946e-02
1.734628342092037201e-02
1.640897989273071289e-02
1.767023280262947083e-02
1.741746254265308380e-02
1.718829944729804993e-02
1.733517274260520935e-02
1.706629432737827301e-02
1.743340305984020233e-02
1.673698052763938904e-02
1.779741048812866211e-02
1.261198706924915314e-02
1.291953772306442261e-02
1.100180111825466156e-02
1.314965914934873581e-02
1.325280871242284775e-02
1.305983774363994598e-02
1.307119615375995636e-02
1.368844974786043167e-02
1.325205713510513306e-02
1.227486412972211838e-02
1.319910865277051926e-02
1.315678656101226807e-02
1.195162348449230194e-02
1.232742704451084137e-02
1.327115483582019806e-02
1.269928645342588425e-02
1.274899579584598541e-02
1.327855512499809265e-02
1.230951119214296341e-02
1.266002003103494644e-02
1.252980157732963562e-02
1.340668089687824249e-02
1.304799504578113556e-02
1.270617358386516571e-02
1.304260455071926117e-02
1.298255939036607742e-02
1.331690885126590729e-02
1.319169253110885620e-02
1.221661455929279327e-02
1.310189440846443176e-02
1.222241483628749847e-02
1.202965341508388519e-02
1.315849088132381439e-02
1.263811346143484116e-02
1.308306120336055756e-02
1.296421792358160019e-02
1.330949924886226654e-02
1.289764605462551117e-02
1.135032810270786285e-02
1.328469626605510712e-02
1.294241659343242645e-02
1.302602980285882950e-02
1.297473628073930740e-02
1.272786874324083328e-02
1.353830285370349884e-02
1.333855371922254562e-02
1.256737485527992249e-02
1.331652142107486725e-02
1.310188695788383484e-02
1.294844597578048706e-02
1.315852534025907516e-02
1.369455270469188690e-02
1.298626512289047241e-02
9.332778863608837128e-03
1.263241097331047058e-02
1.357326470315456390e-02
1.295668631792068481e-02
1.361624710261821747e-02
1.363533642143011093e-02
1.314873900264501572e-02
1.313226297497749329e-02
1.234698109328746796e-02
1.253435667604207993e-02
1.315270364284515381e-02
