<system>Protocol: Active. Attitude: Sassy.</system>
1.253811363130807877e-02
1.272942218929529190e-02
1.377526484429836273e-02
1.278295554220676422e-02
1.283092424273490906e-02
1.333953533321619034e-02
1.266709528863430023e-02
1.305366121232509613e-02
1.255711913108825684e-02
1.250025536864995956e-02
1.292900647968053818e-02
1.262430939823389053e-02
1.277188863605260849e-02
1.271548029035329819e-02
1.260754466056823730e-02
1.252402085810899734e-02
1.375380996614694595e-02
1.250545307993888855e-02
1.306593324989080429e-02
1.278647501021623611e-02
1.280086394399404526e-02
1.293996535241603851e-02
1.270198263227939606e-02
1.290040090680122375e-02
1.278497651219367981e-02
1.289964839816093445e-02
1.264674030244350433e-02
1.309356372803449631e-02
1.250166352838277817e-02
1.249411143362522125e-02
1.282259915024042130e-02
1.294843759387731552e-02
1.296997070312500000e-02
1.267004013061523438e-02
1.301419362425804138e-02
1.699833385646343231e-02
1.295456569641828537e-02
1.252875570207834244e-02
1.270124595612287521e-02
1.316066458821296692e-02
1.264294981956481934e-02
1.301504112780094147e-02
1.439249888062477112e-02
1.293679233640432358e-02
1.323688123375177383e-02
1.500044856220483780e-02
1.270839851349592209e-02
1.617817208170890808e-02
1.245056092739105225e-02
1.241903938353061676e-02
1.292636431753635406e-02
1.286900322884321213e-02
1.277218386530876160e-02
1.267703808844089508e-02
1.283086743205785751e-02
1.266188267618417740e-02
1.299155876040458679e-02
1.296794321388006210e-02
1.248102448880672455e-02
1.301173213869333267e-02
1.265566609799861908e-02
1.263170782476663589e-02
1.258211117237806320e-02
1.274873409420251846e-02
1.259759068489074707e-02
1.269513368606567383e-02
1.277477387338876724e-02
1.307904161512851715e-02
1.274554803967475891e-02
1.314128655940294266e-02
1.554974354803562164e-02
1.541956700384616852e-02
1.263717655092477798e-02
1.290710829198360443e-02
1.271823886781930923e-02
1.250627078115940094e-02
1.278693042695522308e-02
1.256239973008632660e-02
1.292853988707065582e-02
1.677665114402770996e-02
1.277540251612663269e-02
1.298027392476797104e-02
1.270297169685363770e-02
1.268176361918449402e-02
1.256109401583671570e-02
1.397351548075675964e-02
1.263264939188957214e-02
1.283874548971652985e-02
1.256220974028110504e-02
1.320625282824039459e-02
1.298450306057929993e-02
1.275666151195764542e-02
1.258027460426092148e-02
1.257810648530721664e-02
1.250743027776479721e-02
1.366597320884466171e-02
1.258913055062294006e-02
1.279850583523511887e-02
1.255382690578699112e-02
1.371986325830221176e-02
1.311380043625831604e-02
1.270127203315496445e-02
1.262098271399736404e-02
1.273493748158216476e-02
1.338905934244394302e-02
1.274143159389495850e-02
1.284956373274326324e-02
1.261343900114297867e-02
1.265869662165641785e-02
1.283859927207231522e-02
1.331585645675659180e-02
1.305577438324689865e-02
1.317607238888740540e-02
1.410713698714971542e-02
1.298121269792318344e-02
1.276920456439256668e-02
1.289447303861379623e-02
1.279957592487335205e-02
1.304754707962274551e-02
1.271284744143486023e-02
1.330480258911848068e-02
1.274116709828376770e-02
1.255692448467016220e-02
1.268790103495121002e-02
1.289420761168003082e-02
1.306316908448934555e-02
1.283518970012664795e-02
1.314446050673723221e-02
1.274572685360908508e-02
1.348415948450565338e-02
1.271092053502798080e-02
1.274195872247219086e-02
1.299761608242988586e-02
1.294062379747629166e-02
1.299136783927679062e-02
1.288304571062326431e-02
1.295026205480098724e-02
1.265770569443702698e-02
1.286328956484794617e-02
1.259381137788295746e-02
1.284987293183803558e-02
1.300120726227760315e-02
1.321206707507371902e-02
1.262298226356506348e-02
1.268272008746862411e-02
1.272292807698249817e-02
1.337258424609899521e-02
1.390029862523078918e-02
1.282533071935176849e-02
1.260207034647464752e-02
1.432714797556400299e-02
1.268455944955348969e-02
1.279700919985771179e-02
1.273083686828613281e-02
1.340930443257093430e-02
1.320027653127908707e-02
1.316742971539497375e-02
1.273036282509565353e-02
1.274402160197496414e-02
1.306146662682294846e-02
1.273336075246334076e-02
1.301711145788431168e-02
1.283113565295934677e-02
1.276428904384374619e-02
1.267562806606292725e-02
1.248349156230688095e-02
1.275068242102861404e-02
1.289355196058750153e-02
1.281256042420864105e-02
1.280415710061788559e-02
1.279397029429674149e-02
1.309534907341003418e-02
1.257566176354885101e-02
1.284204516559839249e-02
1.252904441207647324e-02
1.299242768436670303e-02
1.336344517767429352e-02
1.291290298104286194e-02
1.284503657370805740e-02
1.300824806094169617e-02
1.302162930369377136e-02
1.281532365828752518e-02
1.267982739955186844e-02
1.304045598953962326e-02
1.257343217730522156e-02
1.288272533565759659e-02
1.299544330686330795e-02
1.264603342860937119e-02
1.296095922589302063e-02
1.379146054387092590e-02
1.280178036540746689e-02
1.300629414618015289e-02
1.299101207405328751e-02
1.302297413349151611e-02
1.274721696972846985e-02
1.309738401323556900e-02
1.314729731529951096e-02
1.313030067831277847e-02
1.319256518036127090e-02
1.282033044844865799e-02
1.291753072291612625e-02
1.252087671309709549e-02
1.379213295876979828e-02
1.306454185396432877e-02
1.273178122937679291e-02
1.277366839349269867e-02
1.306925993412733078e-02
1.266988553106784821e-02
1.292834337800741196e-02
1.283715292811393738e-02
1.284131128340959549e-02
1.283369306474924088e-02
1.375927031040191650e-02
1.242490205913782120e-02
1.313180103898048401e-02
1.314973272383213043e-02
1.289699040353298187e-02
1.299568172544240952e-02
1.290853042155504227e-02
1.353558897972106934e-02
1.389873307198286057e-02
1.267845090478658676e-02
1.312878727912902832e-02
2.053436450660228729e-02
1.250054314732551575e-02
1.277110259979963303e-02
1.267730910331010818e-02
1.299692783504724503e-02
1.287789549678564072e-02
1.265291776508092880e-02
1.270290650427341461e-02
1.406932808458805084e-02
1.304224785417318344e-02
1.269137021154165268e-02
1.301743462681770325e-02
1.283202972263097763e-02
1.272725779563188553e-02
1.317465305328369141e-02
1.344267092645168304e-02
1.295936107635498047e-02
1.249227300286293030e-02
1.281518861651420593e-02
1.274712290614843369e-02
1.271881815046072006e-02
1.322983298450708389e-02
1.359715498983860016e-02
1.269522588700056076e-02
1.345750968903303146e-02
1.265158411115407944e-02
1.261491142213344574e-02
1.278841216117143631e-02
1.303288433700799942e-02
1.311377063393592834e-02
1.293603144586086273e-02
1.291109062731266022e-02
1.301810983568429947e-02
1.292742229998111725e-02
1.298102736473083496e-02
1.242519915103912354e-02
1.278412062674760818e-02
1.302767731249332428e-02
1.282616611570119858e-02
1.277183089405298233e-02
1.276665087789297104e-02
1.271515432745218277e-02
1.286815200001001358e-02
1.267852727323770523e-02
1.334020588546991348e-02
1.279334072023630142e-02
1.243433076888322830e-02
1.282882038503885269e-02
1.257374975830316544e-02
1.331470534205436707e-02
1.311001274734735489e-02
1.308084093034267426e-02
1.371718384325504303e-02
1.264468673616647720e-02
1.266318559646606445e-02
1.279850024729967117e-02
1.289816200733184814e-02
1.285585481673479080e-02
1.263165567070245743e-02
1.326356735080480576e-02
1.273038703948259354e-02
1.278855837881565094e-02
1.284197811037302017e-02
1.305742654949426651e-02
1.273209415376186371e-02
1.250398159027099609e-02
1.259270589798688889e-02
1.355140563100576401e-02
1.283241435885429382e-02
1.282959897071123123e-02
1.255825813859701157e-02
1.521444041281938553e-02
1.286345999687910080e-02
1.298092212527990341e-02
1.447529438883066177e-02
1.282815355807542801e-02
1.327909901738166809e-02
1.281702797859907150e-02
1.285774353891611099e-02
1.251526456326246262e-02
1.264774426817893982e-02
1.301089301705360413e-02
1.311864610761404037e-02
1.286014541983604431e-02
1.297032181173563004e-02
1.292628329247236252e-02
1.285906136035919189e-02
1.270663458853960037e-02
1.360149960964918137e-02
1.264315284788608551e-02
1.283503975719213486e-02
1.275424752384424210e-02
1.279455702751874924e-02
1.294796541333198547e-02
1.257844641804695129e-02
1.310515496879816055e-02
1.286381855607032776e-02
1.256116945296525955e-02
1.265059784054756165e-02
1.292304787784814835e-02
1.345442328602075577e-02
1.258116029202938080e-02
1.289094332605600357e-02
1.319161336869001389e-02
1.288624480366706848e-02
1.270868815481662750e-02
1.288640219718217850e-02
1.277963910251855850e-02
1.256017293781042099e-02
1.262996997684240341e-02
1.300878450274467468e-02
1.252734102308750153e-02
1.273600198328495026e-02
1.300019584596157074e-02
1.298269536346197128e-02
1.295459270477294922e-02
1.295134704560041428e-02
1.307479385286569595e-02
1.355963107198476791e-02
1.257846597582101822e-02
1.238063536584377289e-02
1.410811487585306168e-02
1.268245372921228409e-02
1.264022383838891983e-02
1.310943439602851868e-02
1.261213421821594238e-02
1.270320359617471695e-02
1.322500314563512802e-02
1.305828988552093506e-02
1.269278489053249359e-02
1.282854285091161728e-02
1.329793874174356461e-02
1.263201516121625900e-02
1.277655921876430511e-02
1.268992666155099869e-02
1.262430753558874130e-02
1.294635143131017685e-02
1.251967158168554306e-02
1.267310418188571930e-02
1.251712813973426819e-02
1.296408567577600479e-02
1.294455211609601974e-02
1.349944714456796646e-02
1.258318684995174408e-02
1.270837802439928055e-02
1.282082404941320419e-02
1.302834972739219666e-02
1.283579692244529724e-02
1.343232393264770508e-02
1.299887802451848984e-02
1.265002414584159851e-02
1.295344438403844833e-02
1.263860426843166351e-02
1.286813989281654358e-02
1.286704838275909424e-02
1.350617688149213791e-02
1.320748310536146164e-02
1.691786013543605804e-02
1.285743713378906250e-02
1.266027055680751801e-02
1.286377012729644775e-02
1.258585415780544281e-02
1.294444408267736435e-02
1.294321939349174500e-02
1.598775386810302734e-02
1.274184510111808777e-02
1.371332723647356033e-02
1.234577223658561707e-02
1.225806772708892822e-02
1.289668027311563492e-02
1.261033490300178528e-02
1.287833135575056076e-02
1.408157590776681900e-02
1.254833303391933441e-02
1.292661670595407486e-02
1.279792468994855881e-02
1.367097254842519760e-02
1.269540470093488693e-02
1.275710389018058777e-02
1.278444565832614899e-02
1.271587610244750977e-02
1.277658902108669281e-02
1.304069440811872482e-02
1.260777190327644348e-02
1.291064359247684479e-02
1.301011070609092712e-02
1.292953733354806900e-02
1.316981948912143707e-02
3.638035058975219727e-02
1.294020656496286392e-02
1.469779573380947113e-02
1.287196949124336243e-02
1.262971758842468262e-02
1.300628855824470520e-02
1.289369072765111923e-02
1.265539322048425674e-02
1.374795660376548767e-02
1.316646579653024673e-02
1.268931850790977478e-02
1.327218767255544662e-02
1.325320918112993240e-02
1.243282482028007507e-02
1.281554717570543289e-02
1.529083307832479477e-02
1.286750659346580505e-02
1.239483337849378586e-02
1.397081650793552399e-02
1.313342712819576263e-02
1.292302086949348450e-02
1.298458967357873917e-02
1.294059492647647858e-02
1.288424432277679443e-02
1.263016462326049805e-02
1.289879996329545975e-02
1.282365899533033371e-02
1.509714405983686447e-02
1.269749924540519714e-02
1.265578251332044601e-02
1.277441624552011490e-02
1.265572942793369293e-02
1.266832742840051651e-02
1.688868366181850433e-02
1.673364825546741486e-02
1.293173804879188538e-02
1.305010914802551270e-02
1.296025421470403671e-02
1.330580469220876694e-02
1.284428033977746964e-02
1.259835623204708099e-02
1.265840139240026474e-02
1.283758785575628281e-02
1.291569788008928299e-02
1.308095455169677734e-02
1.354754529893398285e-02
1.429349463433027267e-02
1.274874433875083923e-02
1.279512420296669006e-02
1.289311330765485764e-02
1.284977700561285019e-02
1.337669696658849716e-02
1.544481515884399414e-02
1.245441194623708725e-02
1.238965056836605072e-02
1.357398834079504013e-02
1.377411745488643646e-02
1.287246029824018478e-02
1.538443006575107574e-02
1.264599617570638657e-02
1.281739119440317154e-02
1.284577604383230209e-02
1.325419545173645020e-02
1.344366092234849930e-02
1.295302715152502060e-02
1.268513873219490051e-02
1.562329009175300598e-02
1.252377871423959732e-02
1.271253265440464020e-02
1.264897827059030533e-02
1.312712766230106354e-02
1.299199834465980530e-02
1.321559026837348938e-02
1.272611413151025772e-02
1.400129869580268860e-02
1.603388972580432892e-02
1.282017864286899567e-02
1.312241796404123306e-02
1.309231016784906387e-02
1.282950025051832199e-02
1.282634772360324860e-02
1.265833619982004166e-02
1.290241442620754242e-02
1.293758116662502289e-02
1.287939213216304779e-02
1.526036486029624939e-02
1.369174383580684662e-02
1.243322156369686127e-02
1.273850817233324051e-02
1.278055831789970398e-02
1.651917397975921631e-02
1.294113323092460632e-02
1.289080455899238586e-02
1.309254206717014313e-02
1.260741148144006729e-02
1.296607311815023422e-02
1.297754142433404922e-02
1.272010803222656250e-02
1.245739404112100601e-02
1.261829212307929993e-02
1.272241678088903427e-02
1.574998348951339722e-02
1.333268079906702042e-02
1.252751704305410385e-02
1.240157801657915115e-02
1.296074315905570984e-02
1.330108009278774261e-02
1.268630102276802063e-02
1.297281309962272644e-02
1.261827349662780762e-02
1.331015210598707199e-02
1.352115347981452942e-02
1.249061524868011475e-02
1.279486343264579773e-02
1.649088971316814423e-02
1.258503831923007965e-02
1.275615021586418152e-02
1.312434114515781403e-02
1.305356342345476151e-02
1.299025025218725204e-02
1.256555598229169846e-02
1.265529636293649673e-02
1.257319375872612000e-02
1.279425621032714844e-02
1.268070936203002930e-02
1.291007921099662781e-02
1.268278900533914566e-02
1.308027841150760651e-02
1.254284940659999847e-02
1.285533886402845383e-02
1.365436706691980362e-02
1.297675725072622299e-02
1.270914077758789062e-02
1.335268281400203705e-02
1.246456708759069443e-02
1.298480946570634842e-02
1.333747711032629013e-02
1.269364356994628906e-02
1.287838164716959000e-02
1.279961783438920975e-02
1.274693943560123444e-02
1.317336875945329666e-02
1.290755067020654678e-02
1.265284977853298187e-02
1.299519557505846024e-02
1.264570001512765884e-02
1.288647949695587158e-02
1.243435498327016830e-02
1.274182274937629700e-02
1.304951217025518417e-02
1.307136099785566330e-02
1.266686525195837021e-02
1.249986048787832260e-02
1.289811823517084122e-02
1.266980171203613281e-02
1.234050001949071884e-02
1.255546789616346359e-02
1.251995004713535309e-02
1.266914978623390198e-02
1.296123303472995758e-02
1.311608310788869858e-02
1.428425870835781097e-02
1.303257700055837631e-02
1.272276602685451508e-02
1.283299550414085388e-02
1.271296665072441101e-02
1.299562491476535797e-02
1.275115367025136948e-02
1.312920730561017990e-02
1.352501474320888519e-02
1.322536729276180267e-02
1.283491030335426331e-02
1.257556676864624023e-02
1.292299106717109680e-02
1.263863686472177505e-02
1.261216681450605392e-02
1.314179506152868271e-02
1.297152414917945862e-02
1.281737722456455231e-02
1.284724846482276917e-02
1.295126695185899734e-02
1.346149388700723648e-02
1.288096047937870026e-02
1.279886439442634583e-02
1.289548631757497787e-02
1.257114484906196594e-02
1.290510501712560654e-02
1.266518328338861465e-02
1.313795801252126694e-02
1.488904282450675964e-02
1.274792943149805069e-02
1.292581763118505478e-02
1.254783477634191513e-02
1.351801957935094833e-02
1.277113799005746841e-02
1.276438590139150620e-02
1.249131560325622559e-02
1.245818659663200378e-02
1.291088480502367020e-02
1.308100298047065735e-02
1.255044993013143539e-02
1.280471403151750565e-02
1.284429337829351425e-02
1.262430194765329361e-02
1.281134691089391708e-02
1.313619315624237061e-02
1.284554973244667053e-02
1.365853194147348404e-02
1.290497742593288422e-02
1.279936637729406357e-02
1.342247333377599716e-02
1.259855553507804871e-02
1.284509897232055664e-02
1.674503274261951447e-02
1.259543374180793762e-02
1.296694669872522354e-02
1.373251713812351227e-02
1.298887189477682114e-02
1.314854342490434647e-02
1.300473138689994812e-02
1.302427332848310471e-02
1.348380371928215027e-02
1.261129882186651230e-02
1.273030415177345276e-02
1.300555467605590820e-02
1.275461353361606598e-02
1.355856377631425858e-02
1.288642361760139465e-02
1.267813052982091904e-02
1.290990132838487625e-02
1.291099283844232559e-02
1.259376481175422668e-02
1.389557123184204102e-02
1.360942795872688293e-02
1.431003771722316742e-02
1.293823122978210449e-02
1.298910658806562424e-02
1.266664266586303711e-02
1.331610605120658875e-02
1.379970833659172058e-02
1.433675922453403473e-02
1.282024290412664413e-02
1.273128297179937363e-02
1.274830102920532227e-02
1.279747486114501953e-02
1.275698188692331314e-02
1.286602299660444260e-02
1.301372330635786057e-02
1.274200621992349625e-02
1.308655738830566406e-02
1.557404920458793640e-02
1.306665502488613129e-02
1.596279069781303406e-02
1.311471499502658844e-02
1.270308997482061386e-02
1.276937406510114670e-02
1.286795362830162048e-02
1.787563040852546692e-02
1.307174656540155411e-02
1.340888813138008118e-02
1.313414331525564194e-02
1.278260443359613419e-02
1.315461378544569016e-02
1.293124258518218994e-02
1.274148467928171158e-02
1.306723058223724365e-02
1.294593606144189835e-02
1.280505023896694183e-02
1.296671945601701736e-02
1.287750061601400375e-02
1.286052074283361435e-02
1.281359791755676270e-02
1.334311161190271378e-02
1.271408516913652420e-02
1.275061443448066711e-02
1.290839072316884995e-02
1.873696036636829376e-02
1.279172860085964203e-02
1.259333733469247818e-02
1.305850129574537277e-02
1.255339104682207108e-02
1.270729210227727890e-02
1.275154668837785721e-02
1.252170279622077942e-02
1.288377679884433746e-02
1.285781059414148331e-02
1.265341695398092270e-02
1.269214693456888199e-02
1.242431718856096268e-02
1.313764136284589767e-02
1.259823795408010483e-02
1.283636130392551422e-02
1.328943390399217606e-02
1.283832825720310211e-02
1.291047129780054092e-02
1.272644009441137314e-02
1.306526362895965576e-02
2.044435590505599976e-02
1.640878990292549133e-02
1.268416084349155426e-02
1.284507196396589279e-02
1.279308553785085678e-02
1.271049119532108307e-02
1.315304078161716461e-02
1.309524849057197571e-02
1.351445820182561874e-02
1.266074553132057190e-02
1.257397327572107315e-02
1.260111946612596512e-02
1.301813684403896332e-02
1.297887507826089859e-02
1.245168969035148621e-02
1.319505367428064346e-02
1.284852251410484314e-02
1.273034419864416122e-02
1.277005672454833984e-02
1.274538971483707428e-02
1.297267898917198181e-02
1.346706785261631012e-02
1.286003552377223969e-02
1.273899711668491364e-02
1.501335855573415756e-02
1.282687578350305557e-02
1.320849452167749405e-02
1.667335256934165955e-02
1.303792372345924377e-02
1.299896277487277985e-02
1.641911827027797699e-02
1.261709351092576981e-02
1.281016692519187927e-02
1.294049620628356934e-02
1.295632682740688324e-02
1.259890757501125336e-02
1.486769318580627441e-02
1.295571681112051010e-02
1.306937541812658310e-02
1.275715790688991547e-02
1.283043064177036285e-02
1.434575952589511871e-02
1.256103720515966415e-02
1.266931090503931046e-02
1.313457172363996506e-02
1.525089703500270844e-02
1.295766513794660568e-02
1.260230597108602524e-02
1.489473599940538406e-02
1.284865755587816238e-02
1.476289425045251846e-02
1.259292289614677429e-02
1.344005391001701355e-02
1.280173659324645996e-02
1.275086775422096252e-02
1.289691310375928879e-02
1.427609845995903015e-02
1.387623231858015060e-02
1.303912326693534851e-02
1.255189813673496246e-02
1.306741219013929367e-02
1.385639887303113937e-02
1.308741234242916107e-02
1.352350041270256042e-02
1.389582082629203796e-02
1.265014056116342545e-02
1.508468948304653168e-02
1.284065283834934235e-02
1.295481901615858078e-02
1.311232242733240128e-02
1.394882239401340485e-02
1.398913469165563583e-02
1.279444154351949692e-02
1.275301259011030197e-02
1.334156002849340439e-02
1.287226751446723938e-02
1.282331440597772598e-02
1.263794675469398499e-02
1.267017982900142670e-02
1.269369199872016907e-02
1.259365398436784744e-02
1.393664255738258362e-02
1.252389885485172272e-02
1.266144122928380966e-02
1.339558139443397522e-02
1.262086629867553711e-02
1.300983224064111710e-02
1.277039851993322372e-02
1.347394380718469620e-02
1.265901420265436172e-02
1.263545826077461243e-02
1.295233145356178284e-02
1.284111198037862778e-02
1.302004419267177582e-02
1.313394401222467422e-02
1.276593282818794250e-02
1.290992461144924164e-02
1.272102538496255875e-02
1.334169786423444748e-02
1.287470664829015732e-02
1.324639841914176941e-02
1.282466948032379150e-02
1.301499363034963608e-02
1.329377572983503342e-02
1.248650345951318741e-02
1.256534736603498459e-02
1.297759730368852615e-02
1.266503054648637772e-02
1.248005311936140060e-02
1.283687073737382889e-02
1.288845576345920563e-02
1.264702714979648590e-02
1.299539767205715179e-02
1.389268413186073303e-02
1.281904615461826324e-02
1.285578403621912003e-02
1.306729577481746674e-02
1.288053672760725021e-02
1.245346944779157639e-02
1.322032511234283447e-02
1.300280727446079254e-02
1.295334100723266602e-02
1.285270694643259048e-02
1.295246556401252747e-02
1.322584412992000580e-02
1.371516659855842590e-02
1.252728421241044998e-02
1.290712039917707443e-02
1.316421665251255035e-02
1.313375867903232574e-02
1.286595687270164490e-02
1.291799265891313553e-02
1.284241676330566406e-02
1.281000580638647079e-02
1.311941072344779968e-02
1.302597019821405411e-02
1.296495832502841949e-02
1.274108793586492538e-02
1.262218691408634186e-02
1.355619356036186218e-02
1.278557814657688141e-02
1.346012949943542480e-02
1.290199998766183853e-02
1.277876459062099457e-02
1.263381447643041611e-02
1.279041729867458344e-02
1.287066843360662460e-02
1.276155933737754822e-02
1.276917662471532822e-02
1.252157706767320633e-02
1.260926481336355209e-02
1.248741429299116135e-02
1.283766608685255051e-02
1.304308511316776276e-02
1.271664816886186600e-02
1.278203632682561874e-02
1.351567264646291733e-02
1.376197021454572678e-02
1.347486767917871475e-02
1.253844704478979111e-02
1.307251676917076111e-02
1.489882543683052063e-02
1.337480172514915466e-02
1.289322134107351303e-02
1.289697363972663879e-02
1.270468439906835556e-02
1.272376812994480133e-02
1.340762060135602951e-02
1.282822154462337494e-02
1.251649297773838043e-02
1.256895996630191803e-02
1.274193916469812393e-02
1.302404329180717468e-02
1.269297301769256592e-02
1.293671131134033203e-02
1.314319577068090439e-02
1.731714047491550446e-02
1.298396289348602295e-02
1.262508984655141830e-02
1.265741046518087387e-02
1.295316312462091446e-02
1.280956063419580460e-02
1.445392612367868423e-02
1.265583932399749756e-02
1.278806012123823166e-02
1.314751710742712021e-02
1.300844643265008926e-02
1.273195538669824600e-02
1.269003190100193024e-02
1.320266071707010269e-02
1.299354713410139084e-02
1.302261278033256531e-02
1.248811092227697372e-02
1.239684224128723145e-02
1.270951982587575912e-02
1.283394731581211090e-02
1.259959302842617035e-02
1.326011959463357925e-02
1.285567227751016617e-02
1.283164229243993759e-02
1.385997142642736435e-02
1.305324677377939224e-02
1.265611127018928528e-02
1.281333807855844498e-02
1.254193857312202454e-02
1.276583317667245865e-02
1.260210201144218445e-02
1.267488673329353333e-02
1.469720061868429184e-02
1.288939174264669418e-02
1.790389604866504669e-02
1.254878006875514984e-02
1.264087483286857605e-02
1.311756670475006104e-02
1.286375615745782852e-02
1.277072075754404068e-02
1.312581263482570648e-02
1.286839507520198822e-02
1.309287175536155701e-02
1.282279472798109055e-02
1.684943959116935730e-02
1.313997246325016022e-02
1.296260394155979156e-02
1.275769434869289398e-02
1.284404750913381577e-02
1.327798049896955490e-02
1.266708318144083023e-02
1.281174737960100174e-02
1.265458390116691589e-02
1.267057657241821289e-02
1.270806882530450821e-02
1.274384465068578720e-02
1.298942044377326965e-02
1.303695049136877060e-02
1.638258062303066254e-02
1.273644808679819107e-02
1.255406811833381653e-02
1.282641012221574783e-02
1.328849233686923981e-02
1.653524674475193024e-02
1.283233519643545151e-02
1.277489587664604187e-02
1.738352142274379730e-02
1.365075632929801941e-02
1.300919149070978165e-02
1.333284378051757812e-02
1.267735566943883896e-02
1.417587324976921082e-02
1.261486019939184189e-02
1.278864778578281403e-02
1.274316664785146713e-02
1.266032457351684570e-02
1.274687051773071289e-02
1.258663740009069443e-02
1.271544396877288818e-02
1.296389102935791016e-02
1.300955377519130707e-02
1.253353338688611984e-02
1.292527560144662857e-02
1.332920230925083160e-02
1.289029046893119812e-02
1.298569235950708389e-02
1.256385166198015213e-02
1.299789827316999435e-02
1.284503936767578125e-02
1.283116359263658524e-02
1.349494978785514832e-02
1.291541103273630142e-02
1.271765585988759995e-02
1.269471552222967148e-02
1.272050384432077408e-02
1.280759926885366440e-02
1.270319893956184387e-02
1.280644536018371582e-02
1.278669759631156921e-02
1.325603388249874115e-02
1.269297581166028976e-02
1.288455817848443985e-02
1.289142575114965439e-02
1.273673679679632187e-02
1.364295743405818939e-02
1.358329411596059799e-02
1.274930033832788467e-02
1.285307016223669052e-02
1.335795316845178604e-02
1.301266532391309738e-02
1.341797504574060440e-02
1.302212756127119064e-02
1.236973796039819717e-02
1.286378782242536545e-02
1.262322347611188889e-02
1.276772562414407730e-02
1.262260880321264267e-02
1.310683134943246841e-02
1.406800653785467148e-02
1.266995910555124283e-02
1.263893488794565201e-02
1.272291038185358047e-02
1.353123784065246582e-02
1.376924756914377213e-02
1.254978869110345840e-02
1.271122694015502930e-02
1.271368190646171570e-02
1.305283326655626297e-02
1.289189420640468597e-02
1.273376867175102234e-02
1.269587967544794083e-02
1.252485159784555435e-02
1.281387265771627426e-02
1.258765999227762222e-02
1.308777928352355957e-02
1.264474447816610336e-02
1.309612393379211426e-02
1.255490537732839584e-02
1.278335414826869965e-02
1.516750454902648926e-02
1.284257229417562485e-02
1.286100223660469055e-02
1.267902553081512451e-02
1.381174847483634949e-02
1.293145027011632919e-02
1.303890347480773926e-02
1.278218720108270645e-02
1.271141692996025085e-02
1.282523199915885925e-02
1.263146754354238510e-02
1.286296173930168152e-02
1.280699763447046280e-02
1.246201433241367340e-02
1.309680938720703125e-02
1.282175537198781967e-02
1.274352706968784332e-02
1.270213443785905838e-02
1.281973719596862793e-02
1.318298187106847763e-02
1.256371941417455673e-02
1.507849898189306259e-02
1.440984848886728287e-02
1.297456026077270508e-02
1.307629421353340149e-02
1.278033293783664703e-02
1.368784345686435699e-02
1.286793127655982971e-02
1.271621976047754288e-02
1.271652616560459137e-02
1.607821322977542877e-02
1.278047170490026474e-02
1.308120507746934891e-02
1.278470735996961594e-02
1.291915867477655411e-02
1.272168476134538651e-02
1.274317596107721329e-02
1.300830766558647156e-02
1.272480748593807220e-02
1.272614207118749619e-02
1.622037962079048157e-02
1.325033232569694519e-02
1.270098052918910980e-02
1.233753189444541931e-02
1.275903545320034027e-02
1.374896243214607239e-02
1.280642114579677582e-02
1.376405917108058929e-02
1.309999544173479080e-02
1.782529801130294800e-02
1.278114318847656250e-02
1.295643486082553864e-02
1.308005489408969879e-02
1.260702963918447495e-02
1.253193058073520660e-02
1.302312221378087997e-02
1.305584609508514404e-02
1.299830339848995209e-02
1.298022828996181488e-02
1.263878587633371353e-02
1.284165587276220322e-02
1.269688084721565247e-02
1.261073444038629532e-02
1.530858315527439117e-02
1.300919894129037857e-02
1.262813247740268707e-02
1.273374166339635849e-02
1.258765161037445068e-02
1.468009036034345627e-02
1.517574768513441086e-02
1.278917118906974792e-02
1.281991321593523026e-02
1.282474957406520844e-02
1.274228934198617935e-02
1.279015932232141495e-02
1.272837258875370026e-02
1.336213108152151108e-02
1.286496128886938095e-02
1.280080713331699371e-02
1.345636602491140366e-02
1.300125475972890854e-02
1.279877126216888428e-02
1.325254514813423157e-02
1.257404591888189316e-02
1.337125059217214584e-02
1.272515300661325455e-02
1.291839405894279480e-02
1.351369824260473251e-02
1.287345495074987411e-02
1.261196378618478775e-02
1.269999425858259201e-02
1.255720853805541992e-02
1.314584258943796158e-02
1.260322332382202148e-02
1.565523445606231689e-02
1.280100550502538681e-02
1.328551117330789566e-02
1.271162088960409164e-02
1.258885301649570465e-02
1.283353008329868317e-02
1.270606741309165955e-02
1.321212016046047211e-02
1.269693300127983093e-02
1.261154375970363617e-02
1.298788189888000488e-02
1.288488227874040604e-02
1.292985677719116211e-02
1.263309922069311142e-02
1.288033649325370789e-02
1.293263677507638931e-02
1.361013855785131454e-02
1.255335006862878799e-02
1.261788886040449142e-02
1.362331863492727280e-02
1.306483149528503418e-02
1.316018775105476379e-02
1.292619947344064713e-02
1.286093238741159439e-02
1.261666137725114822e-02
1.282619033008813858e-02
1.292251143604516983e-02
1.305000856518745422e-02
1.289693079888820648e-02
1.408830936998128891e-02
1.279187202453613281e-02
1.267471071332693100e-02
1.259664259850978851e-02
1.392580475658178329e-02
1.276748441159725189e-02
1.288732048124074936e-02
1.302496157586574554e-02
1.308705843985080719e-02
1.286227349191904068e-02
1.277439203113317490e-02
1.274669170379638672e-02
1.294414978474378586e-02
1.267496123909950256e-02
1.263737678527832031e-02
1.292182598263025284e-02
1.275593414902687073e-02
1.252089720219373703e-02
1.291337888687849045e-02
1.250371895730495453e-02
1.497464813292026520e-02
1.320404186844825745e-02
1.296250615268945694e-02
1.276118960231542587e-02
1.309280656278133392e-02
1.285609509795904160e-02
1.280170120298862457e-02
1.284919306635856628e-02
1.301052235066890717e-02
1.352600846439599991e-02
1.268375199288129807e-02
1.340400800108909607e-02
1.251283660531044006e-02
1.282146014273166656e-02
1.308301743119955063e-02
1.276039518415927887e-02
1.252963300794363022e-02
1.272490900009870529e-02
1.272654160857200623e-02
1.414348278194665909e-02
1.266759913414716721e-02
1.304403226822614670e-02
1.305041555315256119e-02
1.295920368283987045e-02
1.302043441683053970e-02
1.335673034191131592e-02
1.300263404846191406e-02
1.315889973193407059e-02
1.271224301308393478e-02
1.311603188514709473e-02
1.282814424484968185e-02
1.289788167923688889e-02
1.263360399752855301e-02
1.295600831508636475e-02
1.240006927400827408e-02
1.266836281865835190e-02
1.273422222584486008e-02
1.261327788233757019e-02
1.315925456583499908e-02
1.260961033403873444e-02
1.292898692190647125e-02
1.270798686891794205e-02
1.297838613390922546e-02
1.299506146460771561e-02
1.270365715026855469e-02
1.313025038689374924e-02
1.273630931973457336e-02
1.270179357379674911e-02
1.245220657438039780e-02
1.270295772701501846e-02
1.250280532985925674e-02
1.291256584227085114e-02
1.309348549693822861e-02
1.653450168669223785e-02
1.291855052113533020e-02
1.263301353901624680e-02
1.280144136399030685e-02
1.272915303707122803e-02
1.307926140725612640e-02
1.302345469594001770e-02
1.325868442654609680e-02
1.318664476275444031e-02
1.251410320401191711e-02
1.247783564031124115e-02
1.256796158850193024e-02
1.286333519965410233e-02
1.275820657610893250e-02
1.287196204066276550e-02
1.263843476772308350e-02
1.268168166279792786e-02
1.282742246985435486e-02
1.252140756696462631e-02
1.260502263903617859e-02
1.286061014980077744e-02
1.234876830130815506e-02
1.271466072648763657e-02
1.232464239001274109e-02
1.341459527611732483e-02
1.304936967790126801e-02
1.317400019615888596e-02
1.324853207916021347e-02
1.345525681972503662e-02
1.314821466803550720e-02
1.272079721093177795e-02
1.267717685550451279e-02
1.276675704866647720e-02
1.318964641541242599e-02
1.285661105066537857e-02
1.458911318331956863e-02
1.285723410546779633e-02
1.309433579444885254e-02
1.426856312900781631e-02
1.298007927834987640e-02
1.279900409281253815e-02
1.266097370535135269e-02
1.296237949281930923e-02
1.270062662661075592e-02
1.303445640951395035e-02
1.279028691351413727e-02
1.277863420546054840e-02
1.286423299461603165e-02
1.247316692024469376e-02
1.322155073285102844e-02
1.262459438294172287e-02
1.264027599245309830e-02
1.316819805651903152e-02
1.319680735468864441e-02
1.276222243905067444e-02
1.306369807571172714e-02
1.418306864798069000e-02
1.330345030874013901e-02
1.334846578538417816e-02
1.306075416505336761e-02
1.270428020507097244e-02
1.270674075931310654e-02
1.317047234624624252e-02
1.264168694615364075e-02
1.272089686244726181e-02
1.344110164791345596e-02
1.284900587052106857e-02
1.270552352070808411e-02
1.256759092211723328e-02
1.237808261066675186e-02
1.294077001512050629e-02
1.364727970212697983e-02
1.263145264238119125e-02
1.261841040104627609e-02
1.288099959492683411e-02
1.270707882940769196e-02
1.295787654817104340e-02
1.326629519462585449e-02
1.340192835777997971e-02
1.264949794858694077e-02
1.279723085463047028e-02
1.292914152145385742e-02
1.311415061354637146e-02
1.286712568253278732e-02
1.276815216988325119e-02
1.499972026795148849e-02
1.291881594806909561e-02
1.293788012117147446e-02
1.258842647075653076e-02
1.419597491621971130e-02
1.325473748147487640e-02
1.314793247729539871e-02
1.306382659822702408e-02
1.265327073633670807e-02
1.262672897428274155e-02
1.288067921996116638e-02
1.280503626912832260e-02
1.292675640434026718e-02
1.250759605318307877e-02
1.258433144539594650e-02
1.306444033980369568e-02
1.257180608808994293e-02
1.281015202403068542e-02
1.264416053891181946e-02
1.308600697666406631e-02
1.269216462969779968e-02
1.285102311521768570e-02
1.394535042345523834e-02
1.285860780626535416e-02
1.248645409941673279e-02
1.672672852873802185e-02
1.281435880810022354e-02
1.267939899116754532e-02
1.277778390794992447e-02
1.303568761795759201e-02
1.315797585994005203e-02
1.270220801234245300e-02
1.260371599346399307e-02
1.274251844733953476e-02
1.271870825439691544e-02
1.282905414700508118e-02
1.329755224287509918e-02
1.287070289254188538e-02
1.301191374659538269e-02
1.288877706974744797e-02
1.341221854090690613e-02
1.291302684694528580e-02
1.662285253405570984e-02
1.290924474596977234e-02
1.300603710114955902e-02
1.302702631801366806e-02
1.268375013023614883e-02
1.272583566606044769e-02
1.260519307106733322e-02
1.298248209059238434e-02
1.288841571658849716e-02
1.301220059394836426e-02
1.361743733286857605e-02
1.265395898371934891e-02
1.319468114525079727e-02
1.256725564599037170e-02
1.309433672577142715e-02
1.317847333848476410e-02
1.355891209095716476e-02
1.362479291856288910e-02
1.258403714746236801e-02
1.297550555318593979e-02
1.254507619887590408e-02
1.249837037175893784e-02
1.291889883577823639e-02
1.277846097946166992e-02
1.324806455522775650e-02
1.266602799296379089e-02
1.248274464160203934e-02
1.318811532109975815e-02
1.297734025865793228e-02
1.256060879677534103e-02
1.265354827046394348e-02
1.285577937960624695e-02
1.375368889421224594e-02
1.262207701802253723e-02
1.252506673336029053e-02
1.267881039530038834e-02
1.395699009299278259e-02
1.284013316035270691e-02
1.314252894371747971e-02
1.275250222533941269e-02
1.279247086495161057e-02
1.302701793611049652e-02
1.264412980526685715e-02
1.291739102452993393e-02
1.299570407718420029e-02
1.278329547494649887e-02
1.281959377229213715e-02
1.245352346450090408e-02
1.327610295265913010e-02
1.289811450988054276e-02
1.264460757374763489e-02
1.271993480622768402e-02
1.291994098573923111e-02
1.270740106701850891e-02
1.269871275871992111e-02
1.269668433815240860e-02
1.269591972231864929e-02
1.273969933390617371e-02
1.288602035492658615e-02
1.278932113200426102e-02
1.520854514092206955e-02
1.271173730492591858e-02
1.277778949588537216e-02
1.299016829580068588e-02
1.262656692415475845e-02
1.279205735772848129e-02
1.279682572931051254e-02
1.305720210075378418e-02
1.264672074466943741e-02
1.288710441440343857e-02
1.263160910457372665e-02
1.251248084008693695e-02
1.277292612940073013e-02
1.294394116848707199e-02
1.278448943048715591e-02
1.252580247819423676e-02
1.252788025885820389e-02
1.285435911267995834e-02
1.317276339977979660e-02
1.254645548760890961e-02
1.288021542131900787e-02
1.244042534381151199e-02
1.280280668288469315e-02
1.262170635163784027e-02
1.271155383437871933e-02
1.271633431315422058e-02
1.267425343394279480e-02
1.264883950352668762e-02
1.245452836155891418e-02
1.324690505862236023e-02
1.285613141953945160e-02
1.308302488178014755e-02
1.247281394898891449e-02
1.296136435121297836e-02
1.264320965856313705e-02
1.268978323787450790e-02
1.322118286043405533e-02
1.266982872039079666e-02
1.289893314242362976e-02
1.299047097563743591e-02
1.300663594156503677e-02
1.507443748414516449e-02
1.373287383466959000e-02
1.259930990636348724e-02
1.272558607161045074e-02
1.259143743664026260e-02
1.269402448087930679e-02
1.288395747542381287e-02
2.841699309647083282e-02
1.280043367296457291e-02
1.387573871761560440e-02
1.283501647412776947e-02
1.285296399146318436e-02
1.310958806425333023e-02
1.308355014771223068e-02
1.299221534281969070e-02
1.306416466832160950e-02
1.273314282298088074e-02
1.466994825750589371e-02
1.319953426718711853e-02
1.625016145408153534e-02
1.298167183995246887e-02
1.438099052757024765e-02
1.294052042067050934e-02
1.280174776911735535e-02
1.257780194282531738e-02
1.240311656147241592e-02
1.285522803664207458e-02
1.678949594497680664e-02
1.256208214908838272e-02
1.279991958290338516e-02
1.296167355030775070e-02
1.293115224689245224e-02
1.293479558080434799e-02
1.310893055051565170e-02
1.288776192814111710e-02
1.703112758696079254e-02
1.314763724803924561e-02
1.261239964514970779e-02
1.298378501087427139e-02
1.307406928390264511e-02
1.253932155668735504e-02
1.275277975946664810e-02
1.287548243999481201e-02
1.291014906018972397e-02
1.298721134662628174e-02
1.276371534913778305e-02
1.279080752283334732e-02
1.301196776330471039e-02
1.243933755904436111e-02
1.277147792279720306e-02
1.316176075488328934e-02
1.356200780719518661e-02
1.282583456486463547e-02
1.264682412147521973e-02
1.317116059362888336e-02
1.252501085400581360e-02
1.321685593575239182e-02
1.267453189939260483e-02
1.269416138529777527e-02
1.328822132200002670e-02
1.261076051741838455e-02
1.896077208220958710e-02
1.306634861975908279e-02
1.285654027014970779e-02
1.390138827264308929e-02
1.320013776421546936e-02
1.302428916096687317e-02
1.340370997786521912e-02
1.304711773991584778e-02
1.300504803657531738e-02
1.321737561374902725e-02
1.315902732312679291e-02
1.285735704004764557e-02
1.280508656054735184e-02
1.309387944638729095e-02
1.256048027426004410e-02
1.387939136475324631e-02
1.307120360434055328e-02
1.321173552423715591e-02
1.296220719814300537e-02
1.276294514536857605e-02
1.309717074036598206e-02
1.276229694485664368e-02
1.286587119102478027e-02
1.259238645434379578e-02
1.244061812758445740e-02
1.285904645919799805e-02
1.272914465516805649e-02
1.268348004668951035e-02
1.277005951851606369e-02
1.265003718435764313e-02
1.289121899753808975e-02
1.284172479063272476e-02
1.634411700069904327e-02
1.266008708626031876e-02
1.270044408738613129e-02
1.295551098883152008e-02
1.284645404666662216e-02
1.263338048011064529e-02
1.264839526265859604e-02
1.260048151016235352e-02
1.317856274545192719e-02
1.497286837548017502e-02
1.278980355709791183e-02
1.320150773972272873e-02
1.280027255415916443e-02
1.267278566956520081e-02
1.251198910176753998e-02
1.283040642738342285e-02
1.280035730451345444e-02
1.274910010397434235e-02
1.269359514117240906e-02
1.288197562098503113e-02
1.263752952218055725e-02
1.305020973086357117e-02
1.263697817921638489e-02
1.294984575361013412e-02
1.452257577329874039e-02
1.287682447582483292e-02
1.245869044214487076e-02
1.296089962124824524e-02
1.329628471285104752e-02
1.252136286348104477e-02
1.406509801745414734e-02
1.347627304494380951e-02
1.278738025575876236e-02
1.385866198688745499e-02
1.286335196346044540e-02
1.277630962431430817e-02
1.275330688804388046e-02
1.704437658190727234e-02
1.249704603105783463e-02
1.302370801568031311e-02
1.272263005375862122e-02
1.273707672953605652e-02
1.265324000269174576e-02
1.302278414368629456e-02
1.275412365794181824e-02
1.283859647810459137e-02
1.282060518860816956e-02
1.285158377140760422e-02
1.274549867957830429e-02
1.312779262661933899e-02
1.275227591395378113e-02
1.265604421496391296e-02
1.283424813300371170e-02
1.929363049566745758e-02
1.490263734012842178e-02
1.449325401335954666e-02
1.286218129098415375e-02
1.272439397871494293e-02
1.283281762152910233e-02
1.321163214743137360e-02
1.269286591559648514e-02
1.308475527912378311e-02
1.366352196782827377e-02
1.263712998479604721e-02
1.318093296140432358e-02
1.269728224724531174e-02
1.288977265357971191e-02
1.312143448740243912e-02
1.264998316764831543e-02
1.280201133340597153e-02
1.300680357962846756e-02
1.254239026457071304e-02
1.585268229246139526e-02
1.320569869130849838e-02
1.270258333534002304e-02
1.294012647122144699e-02
1.256277039647102356e-02
1.356581132858991623e-02
1.301625650376081467e-02
1.287200767546892166e-02
1.282966416329145432e-02
1.299375854432582855e-02
1.270497683435678482e-02
1.603749766945838928e-02
1.276348624378442764e-02
1.268646400421857834e-02
1.281156297773122787e-02
1.346550509333610535e-02
1.286841277033090591e-02
1.296379044651985168e-02
1.286810915917158127e-02
1.262951269745826721e-02
1.280845422297716141e-02
1.312818005681037903e-02
1.417735498398542404e-02
1.320314779877662659e-02
1.270737685263156891e-02
1.317750569432973862e-02
1.279010251164436340e-02
1.300615165382623672e-02
1.282534841448068619e-02
1.278462912887334824e-02
1.292390469461679459e-02
1.271456759423017502e-02
1.282209251075983047e-02
1.257241051644086838e-02
1.342446450144052505e-02
1.340565364807844162e-02
1.356716547161340714e-02
1.298671308904886246e-02
1.290490850806236267e-02
1.300156768411397934e-02
1.235748734325170517e-02
1.269444543868303299e-02
1.335034426301717758e-02
1.295339781790971756e-02
1.264960691332817078e-02
1.316568534821271896e-02
1.256356481462717056e-02
1.294299680739641190e-02
1.274973992258310318e-02
1.594585366547107697e-02
1.281965896487236023e-02
1.292891893535852432e-02
1.278466079384088516e-02
1.282909512519836426e-02
1.279699150472879410e-02
1.312363706529140472e-02
1.272225100547075272e-02
1.277118921279907227e-02
1.340538263320922852e-02
1.257165335118770599e-02
1.297883130609989166e-02
1.343548297882080078e-02
1.279418542981147766e-02
1.266578119248151779e-02
1.281587406992912292e-02
1.353808119893074036e-02
1.262432336807250977e-02
1.316291932016611099e-02
1.269045751541852951e-02
1.282423734664916992e-02
1.291333790868520737e-02
1.296035293489694595e-02
1.306039653718471527e-02
1.289227697998285294e-02
1.267568115144968033e-02
1.259156502783298492e-02
1.295772194862365723e-02
1.270802412182092667e-02
1.275434717535972595e-02
1.231865957379341125e-02
1.288727764040231705e-02
1.280168537050485611e-02
1.283517479896545410e-02
1.289260387420654297e-02
1.306703127920627594e-02
1.307212747633457184e-02
1.270921435207128525e-02
1.275240536779165268e-02
1.336409710347652435e-02
1.281116995960474014e-02
1.294167619198560715e-02
1.257718261331319809e-02
1.817864924669265747e-02
1.271423045545816422e-02
1.267381012439727783e-02
1.291640382260084152e-02
1.503270864486694336e-02
1.783518493175506592e-02
1.282788254320621490e-02
1.268465444445610046e-02
1.296066958457231522e-02
1.335176825523376465e-02
1.260111667215824127e-02
1.402154564857482910e-02
1.273913402110338211e-02
1.256035920232534409e-02
1.277383323758840561e-02
1.276849769055843353e-02
1.280678156763315201e-02
1.292550284415483475e-02
1.273024361580610275e-02
1.288128457963466644e-02
1.287692412734031677e-02
1.280908659100532532e-02
1.287477370351552963e-02
1.291670557111501694e-02
1.271715201437473297e-02
1.294059120118618011e-02
1.408985164016485214e-02
1.343981549143791199e-02
1.364207826554775238e-02
1.279296353459358215e-02
1.314282137900590897e-02
1.271284185349941254e-02
1.281909737735986710e-02
1.275783777236938477e-02
1.295049581676721573e-02
1.268276572227478027e-02
1.280593592673540115e-02
1.289864815771579742e-02
1.266387663781642914e-02
1.290861610323190689e-02
1.296428777277469635e-02
1.616293005645275116e-02
1.272403262555599213e-02
1.276138797402381897e-02
1.255509629845619202e-02
1.258620247244834900e-02
1.378459576517343521e-02
1.273007411509752274e-02
1.325119100511074066e-02
1.324242074042558670e-02
1.278247032314538956e-02
1.382466033101081848e-02
1.291365269571542740e-02
1.325514353811740875e-02
1.276649907231330872e-02
1.296128425747156143e-02
1.808816008269786835e-02
1.279936637729406357e-02
1.262166816741228104e-02
1.276008412241935730e-02
1.303838100284337997e-02
1.288680080324411392e-02
1.256312802433967590e-02
1.309056300669908524e-02
1.283317711204290390e-02
1.312705222517251968e-02
1.303441449999809265e-02
1.259107887744903564e-02
1.271975878626108170e-02
1.513418834656476974e-02
1.287190522998571396e-02
1.314795576035976410e-02
1.314086280763149261e-02
1.652438752353191376e-02
1.329148747026920319e-02
1.273840945214033127e-02
1.332989335060119629e-02
1.331220287829637527e-02
1.307634636759757996e-02
1.281050685793161392e-02
1.274953875690698624e-02
1.297097001224756241e-02
1.330253202468156815e-02
1.300146244466304779e-02
1.267436705529689789e-02
1.283316407352685928e-02
1.274796482175588608e-02
1.240334566682577133e-02
1.378445420414209366e-02
1.327993813902139664e-02
1.516246516257524490e-02
1.299166679382324219e-02
1.287983730435371399e-02
1.299628987908363342e-02
1.319428347051143646e-02
1.317499671131372452e-02
1.274717133492231369e-02
1.301711518317461014e-02
1.306701544672250748e-02
1.284318603575229645e-02
1.295963488519191742e-02
1.261985674500465393e-02
1.309569273144006729e-02
1.319667976349592209e-02
1.258923206478357315e-02
1.282205246388912201e-02
1.792767085134983063e-02
1.306323148310184479e-02
1.259740348905324936e-02
1.269538141787052155e-02
1.306565478444099426e-02
1.335899438709020615e-02
1.659166812896728516e-02
1.286078151315450668e-02
1.328330580145120621e-02
1.264637615531682968e-02
1.338331308215856552e-02
1.277768332511186600e-02
1.278641819953918457e-02
1.297538820654153824e-02
1.282294001430273056e-02
1.267440989613533020e-02
1.286368444561958313e-02
1.303670648485422134e-02
1.277194824069738388e-02
1.292039547115564346e-02
1.268506608903408051e-02
1.270498242229223251e-02
1.617314852774143219e-02
1.295421645045280457e-02
1.283574663102626801e-02
1.281240023672580719e-02
1.266890484839677811e-02
1.287621539086103439e-02
1.278917212039232254e-02
1.296386774629354477e-02
1.256907545030117035e-02
1.320071518421173096e-02
1.299920585006475449e-02
1.291982736438512802e-02
1.257447898387908936e-02
1.259273570030927658e-02
1.266986411064863205e-02
1.300543826073408127e-02
1.272887270897626877e-02
1.277784630656242371e-02
1.290451921522617340e-02
1.256770454347133636e-02
1.305667962878942490e-02
1.294373534619808197e-02
1.286150887608528137e-02
1.276878640055656433e-02
1.278776023536920547e-02
1.373754721134901047e-02
1.312026660889387131e-02
1.330001559108495712e-02
1.270757988095283508e-02
1.331025920808315277e-02
1.277686562389135361e-02
1.254173275083303452e-02
1.303976774215698242e-02
1.266035996377468109e-02
1.250588241964578629e-02
1.248187106102705002e-02
1.274179480969905853e-02
1.250825729221105576e-02
1.282333210110664368e-02
1.279416959732770920e-02
1.280962862074375153e-02
1.257587037980556488e-02
1.289598736912012100e-02
1.286325231194496155e-02
1.303027197718620300e-02
1.368780806660652161e-02
1.278136111795902252e-02
1.284517720341682434e-02
1.276544108986854553e-02
1.341646909713745117e-02
1.263987738639116287e-02
1.258968189358711243e-02
1.329180598258972168e-02
1.293006818741559982e-02
1.563857868313789368e-02
1.314769964665174484e-02
1.300031784921884537e-02
1.277280971407890320e-02
1.278978027403354645e-02
1.272473577409982681e-02
1.272605732083320618e-02
1.250067632645368576e-02
1.300641521811485291e-02
1.285672560334205627e-02
1.248355861753225327e-02
1.259421743452548981e-02
1.324047986418008804e-02
1.332206651568412781e-02
1.273395027965307236e-02
1.229120232164859772e-02
1.242165174335241318e-02
1.262842770665884018e-02
1.289098244160413742e-02
1.297286711633205414e-02
1.243916805833578110e-02
1.715121045708656311e-02
1.299085374921560287e-02
1.262282766401767731e-02
1.295835897326469421e-02
1.265051960945129395e-02
1.314933598041534424e-02
1.286784745752811432e-02
1.265347842127084732e-02
1.471155975013971329e-02
1.314275339245796204e-02
1.428241189569234848e-02
1.296794973313808441e-02
1.229621469974517822e-02
1.248156093060970306e-02
1.316962763667106628e-02
1.323657296597957611e-02
1.276353839784860611e-02
1.262205280363559723e-02
1.282656472176313400e-02
1.420703530311584473e-02
1.295660715550184250e-02
1.265738625079393387e-02
1.263159234076738358e-02
1.295437477529048920e-02
1.292592287063598633e-02
1.282756961882114410e-02
1.264470163732767105e-02
1.253832969814538956e-02
1.264983695000410080e-02
1.279132999479770660e-02
1.281612832099199295e-02
1.279575470834970474e-02
1.295793708413839340e-02
1.338908355683088303e-02
1.383878663182258606e-02
1.352920848876237869e-02
1.284408848732709885e-02
1.265424396842718124e-02
1.289442833513021469e-02
1.269586756825447083e-02
1.346834376454353333e-02
1.251741684973239899e-02
1.271559670567512512e-02
1.257822755724191666e-02
1.248566899448633194e-02
1.292338315397500992e-02
1.263592764735221863e-02
1.303143147379159927e-02
1.311253663152456284e-02
1.251270156353712082e-02
1.270958781242370605e-02
1.291485223919153214e-02
1.306978799402713776e-02
1.293366029858589172e-02
1.251938287168741226e-02
1.343249343335628510e-02
1.277355197817087173e-02
1.294464990496635437e-02
1.289383135735988617e-02
1.289280969649553299e-02
1.316864695399999619e-02
1.332463230937719345e-02
1.276209391653537750e-02
1.267708931118249893e-02
1.277415547519922256e-02
1.327114086598157883e-02
1.292137894779443741e-02
1.306385081261396408e-02
1.336720492690801620e-02
1.276166364550590515e-02
1.282158214598894119e-02
1.720363087952136993e-02
1.283752638846635818e-02
1.278681401163339615e-02
1.281525101512670517e-02
1.333663705736398697e-02
1.323645096272230148e-02
1.259879861027002335e-02
1.274935342371463776e-02
1.460367068648338318e-02
1.233491022139787674e-02
1.280829682946205139e-02
1.257654465734958649e-02
1.280120294541120529e-02
1.281351689249277115e-02
1.276331581175327301e-02
1.254512928426265717e-02
1.353292446583509445e-02
1.309175416827201843e-02
1.695648953318595886e-02
1.344664767384529114e-02
1.250772085040807724e-02
1.279650721698999405e-02
1.253167353570461273e-02
1.282530464231967926e-02
1.279545668512582779e-02
1.268321555107831955e-02
1.434738561511039734e-02
1.281131803989410400e-02
1.305835042148828506e-02
1.239339448511600494e-02
1.315187476575374603e-02
1.266236230731010437e-02
1.264671422541141510e-02
1.369209308177232742e-02
1.295194029808044434e-02
1.314039621502161026e-02
2.258228883147239685e-02
1.282384432852268219e-02
1.292056497186422348e-02
1.299601513892412186e-02
1.260862313210964203e-02
1.282924134284257889e-02
1.267586927860975266e-02
1.484919711947441101e-02
1.301635149866342545e-02
1.331089530140161514e-02
1.348439697176218033e-02
1.282282173633575439e-02
1.274128165096044540e-02
1.244756486266851425e-02
1.281153503805398941e-02
1.298714801669120789e-02
1.310285553336143494e-02
1.264625415205955505e-02
1.330841705203056335e-02
1.240492798388004303e-02
1.345317997038364410e-02
1.315760333091020584e-02
1.279047690331935883e-02
1.270321942865848541e-02
1.270241104066371918e-02
1.279973052442073822e-02
1.257795374840497971e-02
1.244766451418399811e-02
1.290521118789911270e-02
1.282911375164985657e-02
1.447823643684387207e-02
1.254172064363956451e-02
1.269433554261922836e-02
1.326875016093254089e-02
