<system>Protocol: Active. Attitude: Sassy.</system>
7.856978774070739746e-01
8.421096801757812500e-01
7.455090284347534180e-01
9.201908707618713379e-01
8.294693827629089355e-01
7.303609848022460938e-01
8.186115622520446777e-01
7.421445250511169434e-01
7.991294264793395996e-01
8.713345527648925781e-01
8.394097089767456055e-01
8.162153959274291992e-01
7.364337444305419922e-01
8.273025155067443848e-01
8.761156797409057617e-01
7.486018538475036621e-01
8.160004615783691406e-01
7.855741381645202637e-01
8.306763768196105957e-01
7.836891412734985352e-01
7.743827104568481445e-01
8.850920796394348145e-01
8.285218477249145508e-01
7.476570606231689453e-01
8.307272195816040039e-01
8.481333255767822266e-01
7.656210660934448242e-01
7.866092324256896973e-01
9.040791988372802734e-01
7.694704532623291016e-01
9.004449844360351562e-01
8.359127044677734375e-01
9.169077873229980469e-01
8.515827655792236328e-01
7.969266176223754883e-01
7.368627786636352539e-01
8.435908555984497070e-01
7.848787307739257812e-01
8.789231777191162109e-01
8.271837234497070312e-01
8.854867219924926758e-01
7.669520378112792969e-01
8.489831089973449707e-01
7.449524402618408203e-01
8.650540113449096680e-01
7.280633449554443359e-01
8.098765611648559570e-01
8.541885614395141602e-01
7.451379895210266113e-01
7.751957774162292480e-01
7.328799366950988770e-01
8.203244209289550781e-01
7.618091106414794922e-01
8.020968437194824219e-01
8.004294633865356445e-01
8.185178637504577637e-01
7.624841928482055664e-01
8.191586732864379883e-01
8.464349508285522461e-01
7.394509315490722656e-01
8.113640546798706055e-01
7.374255657196044922e-01
8.973397016525268555e-01
7.871333360671997070e-01
