<system>Protocol: Active. Attitude: Sassy.</system>
5.748694017529487610e-02
6.245755776762962341e-02
6.260346621274948120e-02
6.112599372863769531e-02
5.769395828247070312e-02
6.788209825754165649e-02
6.390339136123657227e-02
6.229109689593315125e-02
7.725112885236740112e-02
6.553319096565246582e-02
6.453511863946914673e-02
6.115179508924484253e-02
6.810338795185089111e-02
6.674125045537948608e-02
6.224944815039634705e-02
4.860777780413627625e-02
5.356109142303466797e-02
6.892076879739761353e-02
5.819002911448478699e-02
5.986370518803596497e-02
6.373585760593414307e-02
6.396169960498809814e-02
5.813014507293701172e-02
6.175748258829116821e-02
5.324354395270347595e-02
6.273449212312698364e-02
6.872344017028808594e-02
6.183473020792007446e-02
7.485508173704147339e-02
4.845583438873291016e-02
6.181105971336364746e-02
6.136498600244522095e-02
7.106060534715652466e-02
6.387545913457870483e-02
7.251945883035659790e-02
6.083500757813453674e-02
6.958054751157760620e-02
6.052592396736145020e-02
7.074914127588272095e-02
5.803107470273971558e-02
6.841058284044265747e-02
6.365597993135452271e-02
6.989008188247680664e-02
7.056800276041030884e-02
7.351519912481307983e-02
6.589891016483306885e-02
6.217642128467559814e-02
6.168771162629127502e-02
6.991655379533767700e-02
6.033733114600181580e-02
6.219509243965148926e-02
6.647783517837524414e-02
5.862180516123771667e-02
6.464634090662002563e-02
5.757060274481773376e-02
5.198379606008529663e-02
6.038534268736839294e-02
5.824811011552810669e-02
5.419866740703582764e-02
5.993343889713287354e-02
6.698352843523025513e-02
5.501605570316314697e-02
7.183203101158142090e-02
6.844926625490188599e-02
6.666427850723266602e-02
5.782400816679000854e-02
5.211526155471801758e-02
5.082346126437187195e-02
7.083722203969955444e-02
6.135892868041992188e-02
5.659538507461547852e-02
6.084918603301048279e-02
5.199577286839485168e-02
6.889465451240539551e-02
5.999441072344779968e-02
7.151263207197189331e-02
5.635879188776016235e-02
4.976521059870719910e-02
5.729918181896209717e-02
5.448744446039199829e-02
6.808676570653915405e-02
5.763681605458259583e-02
6.136097759008407593e-02
6.798302382230758667e-02
6.711447983980178833e-02
6.918790191411972046e-02
4.945326969027519226e-02
6.275719404220581055e-02
6.325348466634750366e-02
5.387085676193237305e-02
5.707279220223426819e-02
7.069676369428634644e-02
4.466197267174720764e-02
7.015403360128402710e-02
7.137115299701690674e-02
7.020571827888488770e-02
7.424061000347137451e-02
5.718336626887321472e-02
6.319851428270339966e-02
6.432003527879714966e-02
6.095008552074432373e-02
5.735594779253005981e-02
6.231278926134109497e-02
5.168662592768669128e-02
7.553242892026901245e-02
6.193223968148231506e-02
5.486699193716049194e-02
6.175642088055610657e-02
6.038964539766311646e-02
7.218071818351745605e-02
5.488611757755279541e-02
5.735936015844345093e-02
5.992490425705909729e-02
6.644367426633834839e-02
5.997636914253234863e-02
6.927620619535446167e-02
7.161916047334671021e-02
7.044261693954467773e-02
6.182069703936576843e-02
6.782381981611251831e-02
6.590948253870010376e-02
6.513624638319015503e-02
6.438377499580383301e-02
6.805321574211120605e-02
6.434554606676101685e-02
6.506408005952835083e-02
5.540519580245018005e-02
5.692422389984130859e-02
5.665325000882148743e-02
6.711627542972564697e-02
6.071204319596290588e-02
5.892241746187210083e-02
5.898546054959297180e-02
7.238511741161346436e-02
6.530541181564331055e-02
5.602544918656349182e-02
5.378849804401397705e-02
5.505306273698806763e-02
6.585256010293960571e-02
5.672140419483184814e-02
6.402333080768585205e-02
6.054264307022094727e-02
5.210818722844123840e-02
5.866079032421112061e-02
5.704509466886520386e-02
5.988589674234390259e-02
5.986508727073669434e-02
5.797541141510009766e-02
6.697043776512145996e-02
6.988397240638732910e-02
6.159657612442970276e-02
6.672949343919754028e-02
6.640094518661499023e-02
6.507745385169982910e-02
5.926429852843284607e-02
6.830871850252151489e-02
6.452762335538864136e-02
5.090298876166343689e-02
5.893673375248908997e-02
5.682516843080520630e-02
6.525402516126632690e-02
5.331946164369583130e-02
5.413404107093811035e-02
6.469382345676422119e-02
5.810612812638282776e-02
6.857742369174957275e-02
6.238678842782974243e-02
6.846742331981658936e-02
7.047648727893829346e-02
5.901892110705375671e-02
6.281458586454391479e-02
6.539930403232574463e-02
6.399534642696380615e-02
6.849766522645950317e-02
5.873676389455795288e-02
6.399654597043991089e-02
6.510099768638610840e-02
6.408899277448654175e-02
5.847705900669097900e-02
6.320196390151977539e-02
5.878971889615058899e-02
6.268297880887985229e-02
5.030132085084915161e-02
6.366984546184539795e-02
6.956518441438674927e-02
6.184592470526695251e-02
5.738449469208717346e-02
5.770854651927947998e-02
7.236547023057937622e-02
6.224025785923004150e-02
5.365311726927757263e-02
6.843610852956771851e-02
5.735898390412330627e-02
6.073661893606185913e-02
6.912562251091003418e-02
6.342899054288864136e-02
6.521708518266677856e-02
6.364820152521133423e-02
7.055996358394622803e-02
6.883894652128219604e-02
4.995265975594520569e-02
7.666405290365219116e-02
5.667585134506225586e-02
6.730835139751434326e-02
6.448604166507720947e-02
6.832720339298248291e-02
5.612569302320480347e-02
6.484793126583099365e-02
6.892532855272293091e-02
5.846497043967247009e-02
6.118717789649963379e-02
5.480679497122764587e-02
5.859562754631042480e-02
5.493634566664695740e-02
6.675758957862854004e-02
5.740036815404891968e-02
6.992451846599578857e-02
5.871142819523811340e-02
5.624754726886749268e-02
5.467569828033447266e-02
6.666769087314605713e-02
5.562619119882583618e-02
6.783840805292129517e-02
6.306214630603790283e-02
5.032104998826980591e-02
5.904676765203475952e-02
6.709587574005126953e-02
6.763354688882827759e-02
6.713302433490753174e-02
6.671297550201416016e-02
6.939607113599777222e-02
5.782997235655784607e-02
5.701817572116851807e-02
6.025628373026847839e-02
6.408696621656417847e-02
5.885063111782073975e-02
6.678431481122970581e-02
6.499162316322326660e-02
6.438958644866943359e-02
5.317421257495880127e-02
7.017942517995834351e-02
6.118342280387878418e-02
6.350968033075332642e-02
5.734694004058837891e-02
5.833592265844345093e-02
5.927735567092895508e-02
5.748094245791435242e-02
6.853812932968139648e-02
5.602280423045158386e-02
6.007996201515197754e-02
6.106628105044364929e-02
6.544684618711471558e-02
6.092254444956779480e-02
6.091881170868873596e-02
6.186517328023910522e-02
6.417828053236007690e-02
7.310344278812408447e-02
6.583449244499206543e-02
5.888477712869644165e-02
6.762922555208206177e-02
5.802329257130622864e-02
6.301325559616088867e-02
6.150035187602043152e-02
6.238913536071777344e-02
6.158116087317466736e-02
5.884889140725135803e-02
6.175127997994422913e-02
5.700146406888961792e-02
6.450489163398742676e-02
6.432515382766723633e-02
6.037219613790512085e-02
5.905517563223838806e-02
5.348814651370048523e-02
5.973105505108833313e-02
5.085949972271919250e-02
6.344104558229446411e-02
5.005098506808280945e-02
6.772547215223312378e-02
5.641485750675201416e-02
6.844074279069900513e-02
5.904125049710273743e-02
6.868939101696014404e-02
6.380101293325424194e-02
5.726853758096694946e-02
6.751687079668045044e-02
5.739801749587059021e-02
6.357403844594955444e-02
6.097125634551048279e-02
5.380569025874137878e-02
5.405008047819137573e-02
7.302112132310867310e-02
6.855068355798721313e-02
5.107472836971282959e-02
7.082529366016387939e-02
6.868044286966323853e-02
5.445723235607147217e-02
6.312011182308197021e-02
6.341341137886047363e-02
6.131636723875999451e-02
6.398270279169082642e-02
6.888657063245773315e-02
6.019796058535575867e-02
5.729925632476806641e-02
5.896570160984992981e-02
5.687693133950233459e-02
6.591910123825073242e-02
4.959664493799209595e-02
6.713178008794784546e-02
5.862384289503097534e-02
6.508574634790420532e-02
7.386220246553421021e-02
6.300757080316543579e-02
6.365602463483810425e-02
6.031645461916923523e-02
5.541451647877693176e-02
6.762497127056121826e-02
6.329397112131118774e-02
6.163458153605461121e-02
6.392643600702285767e-02
6.824598461389541626e-02
6.669688969850540161e-02
5.465279147028923035e-02
6.669047474861145020e-02
5.932390317320823669e-02
5.705621838569641113e-02
5.480029061436653137e-02
6.717437505722045898e-02
6.119999289512634277e-02
6.452590227127075195e-02
5.942637845873832703e-02
5.760977789759635925e-02
6.849119067192077637e-02
5.928140878677368164e-02
5.592325702309608459e-02
6.243252009153366089e-02
5.288406461477279663e-02
6.635520607233047485e-02
6.593666225671768188e-02
6.150071322917938232e-02
6.414412707090377808e-02
5.541323497891426086e-02
6.636066734790802002e-02
6.613939255475997925e-02
6.574579328298568726e-02
6.386217474937438965e-02
6.781898438930511475e-02
6.548473238945007324e-02
5.714040994644165039e-02
7.306169718503952026e-02
7.591370493173599243e-02
5.853779986500740051e-02
5.823103711009025574e-02
6.270526349544525146e-02
6.950682401657104492e-02
7.008524984121322632e-02
5.940178781747817993e-02
5.661856010556221008e-02
6.698738783597946167e-02
6.299004703760147095e-02
5.053938925266265869e-02
5.907725170254707336e-02
5.778863653540611267e-02
6.003279611468315125e-02
5.732586979866027832e-02
5.822635069489479065e-02
7.154084742069244385e-02
6.829669326543807983e-02
5.656807124614715576e-02
6.712567806243896484e-02
6.495191901922225952e-02
6.507364660501480103e-02
7.160529494285583496e-02
5.467052385210990906e-02
7.152979820966720581e-02
6.927441060543060303e-02
5.985135585069656372e-02
7.010929286479949951e-02
4.890577122569084167e-02
6.242650002241134644e-02
6.159652769565582275e-02
6.005609408020973206e-02
5.941590666770935059e-02
6.706227362155914307e-02
5.378724634647369385e-02
5.706777796149253845e-02
6.772278249263763428e-02
5.631149560213088989e-02
6.231028959155082703e-02
5.738541111350059509e-02
7.133556902408599854e-02
6.683558225631713867e-02
5.872156471014022827e-02
5.616727471351623535e-02
6.295444816350936890e-02
6.962691247463226318e-02
5.742514505982398987e-02
5.638893693685531616e-02
6.125308945775032043e-02
6.254109740257263184e-02
7.187465578317642212e-02
5.813457444310188293e-02
6.785289198160171509e-02
6.678154319524765015e-02
6.696242094039916992e-02
5.992214009165763855e-02
5.176606401801109314e-02
6.915458291769027710e-02
6.118854880332946777e-02
6.184106692671775818e-02
6.841590255498886108e-02
6.973322480916976929e-02
6.569192558526992798e-02
6.016864627599716187e-02
6.479913741350173950e-02
5.592652782797813416e-02
4.573332518339157104e-02
6.808008253574371338e-02
6.681898981332778931e-02
6.646735966205596924e-02
5.732976645231246948e-02
6.013721972703933716e-02
4.964669793844223022e-02
5.739944428205490112e-02
8.053775876760482788e-02
5.888244882225990295e-02
7.028341293334960938e-02
5.460283532738685608e-02
5.987358465790748596e-02
6.752000749111175537e-02
5.975819379091262817e-02
6.442108750343322754e-02
6.009649857878684998e-02
6.035834178328514099e-02
6.691247224807739258e-02
6.402818113565444946e-02
6.271836906671524048e-02
6.881940364837646484e-02
6.186027824878692627e-02
7.402310520410537720e-02
5.805657431483268738e-02
5.977030098438262939e-02
6.743071228265762329e-02
6.263538450002670288e-02
6.247694045305252075e-02
6.108314916491508484e-02
6.371905654668807983e-02
5.295443534851074219e-02
5.863451212644577026e-02
5.845199152827262878e-02
6.273629516363143921e-02
5.311521142721176147e-02
6.751966476440429688e-02
6.153238937258720398e-02
6.756123900413513184e-02
6.027840077877044678e-02
7.148017734289169312e-02
6.509613245725631714e-02
5.545580014586448669e-02
5.716338753700256348e-02
6.637164205312728882e-02
7.104567438364028931e-02
6.612107157707214355e-02
6.533557921648025513e-02
5.729342997074127197e-02
6.405501812696456909e-02
5.061221495270729065e-02
4.696671664714813232e-02
6.554597616195678711e-02
6.339743733406066895e-02
6.301239877939224243e-02
5.787238851189613342e-02
6.604668498039245605e-02
6.074927374720573425e-02
5.782753601670265198e-02
6.407231092453002930e-02
6.560589373111724854e-02
6.152111664414405823e-02
6.377634406089782715e-02
6.494090706110000610e-02
6.630663573741912842e-02
7.009540498256683350e-02
5.520972982048988342e-02
6.341026723384857178e-02
6.494265049695968628e-02
6.407406181097030640e-02
6.017725169658660889e-02
7.137749344110488892e-02
6.749015301465988159e-02
6.134464219212532043e-02
7.263176143169403076e-02
6.477059423923492432e-02
6.882611662149429321e-02
6.191151961684226990e-02
5.440990626811981201e-02
6.053845584392547607e-02
7.197884470224380493e-02
5.870654061436653137e-02
5.842901021242141724e-02
6.459200382232666016e-02
4.978692531585693359e-02
6.138802692294120789e-02
6.591612100601196289e-02
5.711597949266433716e-02
5.200795084238052368e-02
7.385712116956710815e-02
6.114166229963302612e-02
5.993507802486419678e-02
6.858139485120773315e-02
6.036445870995521545e-02
5.855834111571311951e-02
6.351627409458160400e-02
7.171917706727981567e-02
6.896910816431045532e-02
6.702737510204315186e-02
6.936661154031753540e-02
5.259519442915916443e-02
6.795395910739898682e-02
5.872026458382606506e-02
5.669723451137542725e-02
6.788256764411926270e-02
5.743966624140739441e-02
5.730196461081504822e-02
6.022515520453453064e-02
5.283045768737792969e-02
5.156547576189041138e-02
6.397332251071929932e-02
7.036538422107696533e-02
5.723448097705841064e-02
4.665422067046165466e-02
5.550544708967208862e-02
7.091278582811355591e-02
5.607485026121139526e-02
6.684074550867080688e-02
6.063364818692207336e-02
7.050545513629913330e-02
5.774699524044990540e-02
6.393942981958389282e-02
6.849918514490127563e-02
5.341032147407531738e-02
6.012834236025810242e-02
7.004627585411071777e-02
6.143271178007125854e-02
6.462670862674713135e-02
5.207687616348266602e-02
6.591653078794479370e-02
6.406694650650024414e-02
5.514628812670707703e-02
5.202507600188255310e-02
5.756972357630729675e-02
5.488832294940948486e-02
6.166622787714004517e-02
4.787639528512954712e-02
6.541597098112106323e-02
7.068660855293273926e-02
6.120666489005088806e-02
6.990860402584075928e-02
6.026432663202285767e-02
5.716460570693016052e-02
6.940543651580810547e-02
6.927692890167236328e-02
7.123040407896041870e-02
6.727863848209381104e-02
6.367418915033340454e-02
6.063371896743774414e-02
6.276670098304748535e-02
5.606951564550399780e-02
6.333281844854354858e-02
5.418662726879119873e-02
6.431551277637481689e-02
5.828282237052917480e-02
5.639499425888061523e-02
6.482502818107604980e-02
5.677535384893417358e-02
5.878977850079536438e-02
6.537693738937377930e-02
6.376545876264572144e-02
5.680751800537109375e-02
7.292371243238449097e-02
6.219925731420516968e-02
7.081405073404312134e-02
6.124102324247360229e-02
5.246141925454139709e-02
6.229885667562484741e-02
6.192390993237495422e-02
5.647809430956840515e-02
7.361698150634765625e-02
4.919280856847763062e-02
6.670648604631423950e-02
6.378799676895141602e-02
5.594039335846900940e-02
6.324584782123565674e-02
6.662027537822723389e-02
5.927825346589088440e-02
5.747679620981216431e-02
6.176113337278366089e-02
5.876382067799568176e-02
5.705031752586364746e-02
6.896244734525680542e-02
6.564962863922119141e-02
6.691052019596099854e-02
5.720151588320732117e-02
5.931018292903900146e-02
7.064613699913024902e-02
5.488711595535278320e-02
6.012648716568946838e-02
5.657359957695007324e-02
5.757551267743110657e-02
6.659337133169174194e-02
5.859830230474472046e-02
6.754421442747116089e-02
5.894785001873970032e-02
7.022997736930847168e-02
6.147711724042892456e-02
6.765157729387283325e-02
5.711023882031440735e-02
6.442446261644363403e-02
6.485930830240249634e-02
7.752905786037445068e-02
5.191765725612640381e-02
5.984840542078018188e-02
6.166013330221176147e-02
5.875230953097343445e-02
6.565050780773162842e-02
6.011667475104331970e-02
5.712740868330001831e-02
6.543511897325515747e-02
6.265001744031906128e-02
6.168358400464057922e-02
5.889775976538658142e-02
6.567200273275375366e-02
5.976803973317146301e-02
6.601484119892120361e-02
5.988067761063575745e-02
6.007777154445648193e-02
6.097883358597755432e-02
6.553581357002258301e-02
6.792919337749481201e-02
7.149077951908111572e-02
5.841166898608207703e-02
6.253173202276229858e-02
6.555600464344024658e-02
5.699673667550086975e-02
5.315873771905899048e-02
5.843736976385116577e-02
6.526020914316177368e-02
7.331232726573944092e-02
6.028555333614349365e-02
5.790073424577713013e-02
5.809668451547622681e-02
5.038024112582206726e-02
5.482361838221549988e-02
7.144098728895187378e-02
6.154910847544670105e-02
6.109965965151786804e-02
6.282018870115280151e-02
5.165693908929824829e-02
6.311646103858947754e-02
6.269367039203643799e-02
5.961779877543449402e-02
6.649039685726165771e-02
5.160422623157501221e-02
5.581403896212577820e-02
6.480424106121063232e-02
7.152498513460159302e-02
5.306931212544441223e-02
6.693623960018157959e-02
5.682172253727912903e-02
5.917119234800338745e-02
6.366401165723800659e-02
5.931556969881057739e-02
6.033850461244583130e-02
6.189085915684700012e-02
6.227261200547218323e-02
5.658184364438056946e-02
6.467138230800628662e-02
6.864512711763381958e-02
6.075595319271087646e-02
7.392848283052444458e-02
7.187599688768386841e-02
5.485274642705917358e-02
5.445056781172752380e-02
6.310106813907623291e-02
5.838447809219360352e-02
5.997162312269210815e-02
7.350051403045654297e-02
5.634633079171180725e-02
6.963907182216644287e-02
6.213463842868804932e-02
6.134816631674766541e-02
5.519813299179077148e-02
5.541852861642837524e-02
6.447656452655792236e-02
5.718529224395751953e-02
6.009451299905776978e-02
6.898964941501617432e-02
4.832877963781356812e-02
6.052093207836151123e-02
5.593799054622650146e-02
6.525567173957824707e-02
6.070701032876968384e-02
6.319411844015121460e-02
6.989175081253051758e-02
5.996753275394439697e-02
6.298946589231491089e-02
5.681842938065528870e-02
6.469022482633590698e-02
7.127862423658370972e-02
5.245614051818847656e-02
6.237176060676574707e-02
5.628811195492744446e-02
6.359829753637313843e-02
6.252603977918624878e-02
7.139357179403305054e-02
5.592862144112586975e-02
6.455694884061813354e-02
6.940305233001708984e-02
5.884563922882080078e-02
6.326854228973388672e-02
7.282495498657226562e-02
6.270424276590347290e-02
5.973460152745246887e-02
5.740515142679214478e-02
6.542702764272689819e-02
6.796546280384063721e-02
6.968107074499130249e-02
6.281086802482604980e-02
6.868731230497360229e-02
6.476365029811859131e-02
6.275388598442077637e-02
6.750880181789398193e-02
6.340152770280838013e-02
6.055935844779014587e-02
6.623277068138122559e-02
5.891725420951843262e-02
6.877107918262481689e-02
6.151757016777992249e-02
6.214870885014533997e-02
6.470263749361038208e-02
6.689294427633285522e-02
6.409355252981185913e-02
6.698917597532272339e-02
5.938271060585975647e-02
6.269761919975280762e-02
6.682203710079193115e-02
5.821098014712333679e-02
6.515811383724212646e-02
5.278640985488891602e-02
5.682842060923576355e-02
6.113559380173683167e-02
5.842384696006774902e-02
6.950505822896957397e-02
5.967662483453750610e-02
6.143427640199661255e-02
6.472769379615783691e-02
6.122311949729919434e-02
6.708614528179168701e-02
7.151042670011520386e-02
6.083368882536888123e-02
6.745298951864242554e-02
6.900894641876220703e-02
6.646099686622619629e-02
6.661251187324523926e-02
5.788265541195869446e-02
6.253701448440551758e-02
6.337840110063552856e-02
5.218746513128280640e-02
6.864545494318008423e-02
5.605171620845794678e-02
4.901323094964027405e-02
7.265352457761764526e-02
6.675181537866592407e-02
6.141397356986999512e-02
6.409346312284469604e-02
6.614901870489120483e-02
7.075046747922897339e-02
6.401648372411727905e-02
6.028764694929122925e-02
5.800341814756393433e-02
6.026987358927726746e-02
6.905543059110641479e-02
6.083507835865020752e-02
6.195782124996185303e-02
5.362845584750175476e-02
5.579145252704620361e-02
6.858747452497482300e-02
6.798887252807617188e-02
6.196974962949752808e-02
5.978069826960563660e-02
5.588799715042114258e-02
6.027472764253616333e-02
5.655961856245994568e-02
7.048321515321731567e-02
6.124035641551017761e-02
6.695755571126937866e-02
5.697861686348915100e-02
6.646972894668579102e-02
6.347391009330749512e-02
6.445427983999252319e-02
5.918466672301292419e-02
5.560556799173355103e-02
7.421192526817321777e-02
5.986160039901733398e-02
6.255363672971725464e-02
5.745712667703628540e-02
5.511283501982688904e-02
5.693671107292175293e-02
5.211963504552841187e-02
6.140389665961265564e-02
6.409399956464767456e-02
6.662832200527191162e-02
5.191744118928909302e-02
6.863325089216232300e-02
5.787698179483413696e-02
6.453294306993484497e-02
6.323174387216567993e-02
5.508862435817718506e-02
6.401158124208450317e-02
5.528864264488220215e-02
5.742750689387321472e-02
6.242573261260986328e-02
6.549314409494400024e-02
5.650866404175758362e-02
6.298531591892242432e-02
5.658711120486259460e-02
6.593481451272964478e-02
6.026456505060195923e-02
6.152214482426643372e-02
5.997844040393829346e-02
6.090599671006202698e-02
6.667180359363555908e-02
5.838831141591072083e-02
6.461421400308609009e-02
6.892858445644378662e-02
5.525851622223854065e-02
5.966708436608314514e-02
7.046132534742355347e-02
7.483468949794769287e-02
6.966412067413330078e-02
5.395807698369026184e-02
6.351877003908157349e-02
7.178037613630294800e-02
6.767709553241729736e-02
6.266317516565322876e-02
6.684377044439315796e-02
6.869325041770935059e-02
5.724006146192550659e-02
6.178721785545349121e-02
5.567508935928344727e-02
5.203813314437866211e-02
5.512030050158500671e-02
6.348155438899993896e-02
6.072678416967391968e-02
5.742967128753662109e-02
6.467050313949584961e-02
6.650019437074661255e-02
6.328333914279937744e-02
7.125612348318099976e-02
6.905669718980789185e-02
6.718862056732177734e-02
5.800675228238105774e-02
6.666342169046401978e-02
6.695362180471420288e-02
6.261536478996276855e-02
6.480696052312850952e-02
6.717875599861145020e-02
6.197319552302360535e-02
6.322688609361648560e-02
7.388406246900558472e-02
5.881330743432044983e-02
5.550100281834602356e-02
6.472585350275039673e-02
5.843072384595870972e-02
6.490342319011688232e-02
6.752566248178482056e-02
5.276386439800262451e-02
6.707427650690078735e-02
6.115781888365745544e-02
5.157955735921859741e-02
5.985026061534881592e-02
6.550668925046920776e-02
5.706766247749328613e-02
5.493089556694030762e-02
7.069689780473709106e-02
7.178694009780883789e-02
5.971277877688407898e-02
7.066343724727630615e-02
6.226135045289993286e-02
6.863831728696823120e-02
5.680906027555465698e-02
7.162705063819885254e-02
5.821378529071807861e-02
7.152988761663436890e-02
6.561903655529022217e-02
6.134153157472610474e-02
6.573183834552764893e-02
6.975720077753067017e-02
5.319431424140930176e-02
5.693965777754783630e-02
5.823870748281478882e-02
6.877780705690383911e-02
5.965717136859893799e-02
6.397591531276702881e-02
6.170812994241714478e-02
5.602926015853881836e-02
5.755008384585380554e-02
5.132412537932395935e-02
5.972286313772201538e-02
6.826869398355484009e-02
6.204377487301826477e-02
5.131419375538825989e-02
6.473254412412643433e-02
6.301013380289077759e-02
6.311881542205810547e-02
5.840194597840309143e-02
6.021486967802047729e-02
7.057607918977737427e-02
6.080500409007072449e-02
5.340491980314254761e-02
5.497021600604057312e-02
5.291677266359329224e-02
6.787563860416412354e-02
6.118251755833625793e-02
6.971079111099243164e-02
5.664527788758277893e-02
5.229171365499496460e-02
5.885625258088111877e-02
5.429921299219131470e-02
6.851677596569061279e-02
5.639264732599258423e-02
5.767910182476043701e-02
7.419009506702423096e-02
6.676580011844635010e-02
6.982596218585968018e-02
5.245276167988777161e-02
5.315424501895904541e-02
6.305727362632751465e-02
6.889705359935760498e-02
6.415665149688720703e-02
6.511710584163665771e-02
7.468196749687194824e-02
5.297533422708511353e-02
6.916496157646179199e-02
6.760645657777786255e-02
6.205504760146141052e-02
6.459248065948486328e-02
6.162337213754653931e-02
6.465373188257217407e-02
6.845237314701080322e-02
6.662105023860931396e-02
6.585031747817993164e-02
7.473812252283096313e-02
6.070187687873840332e-02
6.348209828138351440e-02
6.362007558345794678e-02
6.630145013332366943e-02
6.350527703762054443e-02
5.529050901532173157e-02
6.702580302953720093e-02
6.492168456315994263e-02
6.124332919716835022e-02
6.087125837802886963e-02
6.916182488203048706e-02
5.974860489368438721e-02
6.415228545665740967e-02
6.665074080228805542e-02
5.202516168355941772e-02
6.115222722291946411e-02
6.248899549245834351e-02
6.335616111755371094e-02
5.929101631045341492e-02
6.350544095039367676e-02
5.407905206084251404e-02
5.418143793940544128e-02
5.711299180984497070e-02
5.776191130280494690e-02
5.778241530060768127e-02
5.513738095760345459e-02
5.640107020735740662e-02
5.093994364142417908e-02
5.759107321500778198e-02
7.312901318073272705e-02
6.096094101667404175e-02
6.706819683313369751e-02
5.981091409921646118e-02
5.154413357377052307e-02
6.699501723051071167e-02
6.474286317825317383e-02
6.396296620368957520e-02
6.181639805436134338e-02
6.664574891328811646e-02
6.198547780513763428e-02
5.316087976098060608e-02
6.513325870037078857e-02
6.844112277030944824e-02
6.512840092182159424e-02
5.790343508124351501e-02
7.032574713230133057e-02
6.220525875687599182e-02
6.609822809696197510e-02
6.259970366954803467e-02
6.576251238584518433e-02
5.789461359381675720e-02
6.436425447463989258e-02
7.023579627275466919e-02
7.128680497407913208e-02
6.296570599079132080e-02
5.995281785726547241e-02
5.170846730470657349e-02
6.133357062935829163e-02
6.596640497446060181e-02
6.592083722352981567e-02
5.619149282574653625e-02
7.380063831806182861e-02
4.896026104688644409e-02
6.587201356887817383e-02
6.702134758234024048e-02
7.533333450555801392e-02
6.878612190485000610e-02
6.808024644851684570e-02
6.319209188222885132e-02
5.287182331085205078e-02
7.320064306259155273e-02
5.968669801950454712e-02
4.954753071069717407e-02
6.282833963632583618e-02
6.077179312705993652e-02
5.332047119736671448e-02
4.818359017372131348e-02
5.868792161345481873e-02
6.337995082139968872e-02
6.639195233583450317e-02
6.428121775388717651e-02
6.227245554327964783e-02
6.463620066642761230e-02
5.176150426268577576e-02
5.927414819598197937e-02
6.021667644381523132e-02
5.459352210164070129e-02
6.597431004047393799e-02
6.163001060485839844e-02
6.935297697782516479e-02
5.845957994461059570e-02
7.000858336687088013e-02
6.546381115913391113e-02
6.260581314563751221e-02
6.276176124811172485e-02
5.555441975593566895e-02
6.772702187299728394e-02
6.495048850774765015e-02
5.708979815244674683e-02
6.927063316106796265e-02
5.908047407865524292e-02
5.844707414507865906e-02
5.988229438662528992e-02
5.346482992172241211e-02
5.469090864062309265e-02
7.016082853078842163e-02
6.696786731481552124e-02
6.373547017574310303e-02
6.093639135360717773e-02
5.796680971980094910e-02
6.606731563806533813e-02
7.318785786628723145e-02
5.867806077003479004e-02
5.296254530549049377e-02
6.472487002611160278e-02
5.546799674630165100e-02
6.824862957000732422e-02
6.461473554372787476e-02
6.302265077829360962e-02
6.848775595426559448e-02
6.515704095363616943e-02
5.925074964761734009e-02
6.212561950087547302e-02
5.917729437351226807e-02
6.490306556224822998e-02
6.716408580541610718e-02
6.519549340009689331e-02
5.977310985326766968e-02
6.316400319337844849e-02
6.041038036346435547e-02
5.732418224215507507e-02
5.808114260435104370e-02
6.732062250375747681e-02
6.123424693942070007e-02
5.926321446895599365e-02
7.143896073102951050e-02
5.771116167306900024e-02
5.843701213598251343e-02
7.474706321954727173e-02
6.080949679017066956e-02
6.986259669065475464e-02
6.825155764818191528e-02
4.920154064893722534e-02
5.539316311478614807e-02
6.023383140563964844e-02
5.960356071591377258e-02
6.456609070301055908e-02
6.068276241421699524e-02
6.237410381436347961e-02
5.588533729314804077e-02
6.647159159183502197e-02
7.544603198766708374e-02
5.744639784097671509e-02
6.134044751524925232e-02
7.336261868476867676e-02
5.572405457496643066e-02
5.519938841462135315e-02
6.495866924524307251e-02
5.542092397809028625e-02
5.696370825171470642e-02
6.676851212978363037e-02
6.137353926897048950e-02
6.851976364850997925e-02
5.458876118063926697e-02
5.765980854630470276e-02
6.046201288700103760e-02
5.344462394714355469e-02
6.221767514944076538e-02
6.908664107322692871e-02
6.337463855743408203e-02
6.803940236568450928e-02
5.321175232529640198e-02
7.294976711273193359e-02
5.987741798162460327e-02
7.536194473505020142e-02
5.484782531857490540e-02
6.849242001771926880e-02
7.392242550849914551e-02
5.013576522469520569e-02
7.441555708646774292e-02
5.831028148531913757e-02
5.880599096417427063e-02
5.801707878708839417e-02
5.010191351175308228e-02
5.670292675495147705e-02
7.340899109840393066e-02
6.433890759944915771e-02
6.647137552499771118e-02
5.603625252842903137e-02
6.376654654741287231e-02
5.241105332970619202e-02
5.830780416727066040e-02
6.168888136744499207e-02
6.207022815942764282e-02
6.752979010343551636e-02
6.505338102579116821e-02
6.733441352844238281e-02
6.009752303361892700e-02
5.285908281803131104e-02
6.889015436172485352e-02
6.500613689422607422e-02
7.421809434890747070e-02
6.506209820508956909e-02
7.139297574758529663e-02
7.028334587812423706e-02
5.806932225823402405e-02
5.805741995573043823e-02
6.728570163249969482e-02
7.478137314319610596e-02
6.792514026165008545e-02
6.150280311703681946e-02
7.293168455362319946e-02
6.949781626462936401e-02
5.958358570933341980e-02
6.035304442048072815e-02
6.354905664920806885e-02
6.334762275218963623e-02
7.054343819618225098e-02
6.399120390415191650e-02
5.993787571787834167e-02
6.797061115503311157e-02
6.200472265481948853e-02
5.682296678423881531e-02
6.624790281057357788e-02
5.955712497234344482e-02
6.845839321613311768e-02
6.252709031105041504e-02
5.347738042473793030e-02
6.678948551416397095e-02
6.524895876646041870e-02
5.904188007116317749e-02
6.388926506042480469e-02
6.166828051209449768e-02
6.258885562419891357e-02
5.966406315565109253e-02
5.362634733319282532e-02
5.995978787541389465e-02
6.722751259803771973e-02
5.162214860320091248e-02
6.794329732656478882e-02
6.021665781736373901e-02
6.165063008666038513e-02
6.181218475103378296e-02
6.385955214500427246e-02
5.824387818574905396e-02
6.030149757862091064e-02
6.083838269114494324e-02
6.602132320404052734e-02
5.869465693831443787e-02
6.197261437773704529e-02
5.793276801705360413e-02
5.920827016234397888e-02
6.530974805355072021e-02
5.378817021846771240e-02
5.418182164430618286e-02
6.262647360563278198e-02
6.257417052984237671e-02
6.189306452870368958e-02
5.884803086519241333e-02
6.133869662880897522e-02
5.523283779621124268e-02
5.859337002038955688e-02
6.729666143655776978e-02
6.033389642834663391e-02
6.158821284770965576e-02
5.672536417841911316e-02
6.509504467248916626e-02
7.154217362403869629e-02
6.904467940330505371e-02
6.784109026193618774e-02
7.308395206928253174e-02
5.871760472655296326e-02
7.291608303785324097e-02
5.526818707585334778e-02
6.851426512002944946e-02
6.033004075288772583e-02
6.709092855453491211e-02
4.980828985571861267e-02
5.078063160181045532e-02
4.539172723889350891e-02
6.097327917814254761e-02
5.926907807588577271e-02
5.340951681137084961e-02
6.978232413530349731e-02
6.786631047725677490e-02
6.274399906396865845e-02
6.454020738601684570e-02
5.905831232666969299e-02
6.935534626245498657e-02
5.359249562025070190e-02
6.352486461400985718e-02
6.519738584756851196e-02
5.464119464159011841e-02
6.489542126655578613e-02
5.957145988941192627e-02
5.554042384028434753e-02
6.755922734737396240e-02
5.062089487910270691e-02
6.473889946937561035e-02
5.461527407169342041e-02
5.979594215750694275e-02
7.866118103265762329e-02
6.380468606948852539e-02
6.335569173097610474e-02
6.296436488628387451e-02
5.153501406311988831e-02
6.707625091075897217e-02
5.581619963049888611e-02
5.421549454331398010e-02
6.224787607789039612e-02
5.270625650882720947e-02
6.900552660226821899e-02
5.344765633344650269e-02
5.336255580186843872e-02
5.756361782550811768e-02
7.493557035923004150e-02
5.999523028731346130e-02
6.847271323204040527e-02
5.575519427657127380e-02
6.636668741703033447e-02
6.762253493070602417e-02
7.389044016599655151e-02
6.253345310688018799e-02
6.671428680419921875e-02
6.882726401090621948e-02
6.882672756910324097e-02
6.423936784267425537e-02
5.973046645522117615e-02
5.804091691970825195e-02
6.342843919992446899e-02
7.305959612131118774e-02
6.636703014373779297e-02
6.496995687484741211e-02
6.000168249011039734e-02
6.586001813411712646e-02
8.131030946969985962e-02
7.268853485584259033e-02
5.936427786946296692e-02
6.728116422891616821e-02
6.867688149213790894e-02
5.681342631578445435e-02
6.040466576814651489e-02
5.896161869168281555e-02
5.509658530354499817e-02
6.536031514406204224e-02
6.631265580654144287e-02
6.229995936155319214e-02
5.514043942093849182e-02
6.228337809443473816e-02
7.108126580715179443e-02
6.419833749532699585e-02
5.926653742790222168e-02
6.685060262680053711e-02
6.524949520826339722e-02
7.088337093591690063e-02
6.679571419954299927e-02
6.246754527091979980e-02
5.737160146236419678e-02
5.855846405029296875e-02
6.823910027742385864e-02
6.006730347871780396e-02
5.611272528767585754e-02
5.612728372216224670e-02
6.029807776212692261e-02
6.295510381460189819e-02
6.940854340791702271e-02
7.185040414333343506e-02
6.029256060719490051e-02
7.345971465110778809e-02
5.990213155746459961e-02
5.610555037856101990e-02
6.799143552780151367e-02
7.011735439300537109e-02
7.594418525695800781e-02
5.962488800287246704e-02
6.262243539094924927e-02
6.944093108177185059e-02
5.666480958461761475e-02
6.176476180553436279e-02
6.655376404523849487e-02
6.649073958396911621e-02
5.451522767543792725e-02
6.919216364622116089e-02
6.685258448123931885e-02
6.492430716753005981e-02
6.408485770225524902e-02
6.354418396949768066e-02
6.913658231496810913e-02
6.554911285638809204e-02
5.544995516538619995e-02
5.119846761226654053e-02
5.915307626128196716e-02
5.226933583617210388e-02
7.140663266181945801e-02
7.141937315464019775e-02
5.876891687512397766e-02
5.316743999719619751e-02
5.240220576524734497e-02
6.051877140998840332e-02
5.967730283737182617e-02
5.532867088913917542e-02
5.704389140009880066e-02
7.455234974622726440e-02
5.388400331139564514e-02
5.942875146865844727e-02
6.958684325218200684e-02
5.721600353717803955e-02
7.122186571359634399e-02
7.304266095161437988e-02
5.645134672522544861e-02
6.845104694366455078e-02
6.708469241857528687e-02
6.006208807229995728e-02
6.008654460310935974e-02
6.775090098381042480e-02
6.183546036481857300e-02
5.295282602310180664e-02
6.102580204606056213e-02
6.402464210987091064e-02
6.979651004076004028e-02
6.356019526720046997e-02
5.624676123261451721e-02
6.521230936050415039e-02
6.398862600326538086e-02
6.132765114307403564e-02
6.321714073419570923e-02
7.202656567096710205e-02
5.708716064691543579e-02
6.829062849283218384e-02
7.166084647178649902e-02
5.503949522972106934e-02
5.768569558858871460e-02
5.552664771676063538e-02
6.788556277751922607e-02
6.346753984689712524e-02
7.271139323711395264e-02
6.024783849716186523e-02
6.415818631649017334e-02
7.090856879949569702e-02
6.310374289751052856e-02
6.047333404421806335e-02
6.471266597509384155e-02
5.618795379996299744e-02
5.911117792129516602e-02
6.956683844327926636e-02
6.450080126523971558e-02
6.094613671302795410e-02
7.202353328466415405e-02
6.531860679388046265e-02
5.708903819322586060e-02
6.179220229387283325e-02
5.564929917454719543e-02
6.304777413606643677e-02
5.784584954380989075e-02
7.331980019807815552e-02
5.264253169298171997e-02
5.844857171177864075e-02
6.477289646863937378e-02
5.121689289808273315e-02
6.435496360063552856e-02
6.110420450568199158e-02
6.293999403715133667e-02
6.053290888667106628e-02
6.071200594305992126e-02
6.713309139013290405e-02
6.101195514202117920e-02
6.462953984737396240e-02
5.973227322101593018e-02
6.176299601793289185e-02
4.703428596258163452e-02
6.490299850702285767e-02
5.610942468047142029e-02
7.055442780256271362e-02
5.600779131054878235e-02
5.716408044099807739e-02
7.349867373704910278e-02
7.009275257587432861e-02
6.198287010192871094e-02
5.816742777824401855e-02
6.780773401260375977e-02
5.949315428733825684e-02
7.020885497331619263e-02
6.576350331306457520e-02
6.868955492973327637e-02
6.162190064787864685e-02
5.834729224443435669e-02
6.812075525522232056e-02
6.306454539299011230e-02
7.140249758958816528e-02
6.058333069086074829e-02
5.774233117699623108e-02
6.647810339927673340e-02
5.288810655474662781e-02
4.952216520905494690e-02
6.955821812152862549e-02
6.158881261944770813e-02
6.754863262176513672e-02
7.003968954086303711e-02
7.055079936981201172e-02
6.947282701730728149e-02
6.095220148563385010e-02
6.129057332873344421e-02
5.245955288410186768e-02
5.815200507640838623e-02
6.096044927835464478e-02
5.443829670548439026e-02
5.845680832862854004e-02
5.850553885102272034e-02
6.205994263291358948e-02
6.690298765897750854e-02
6.463452428579330444e-02
6.293676048517227173e-02
6.918057799339294434e-02
6.698012351989746094e-02
6.397987157106399536e-02
6.560900807380676270e-02
5.682898685336112976e-02
6.413435190916061401e-02
6.977565586566925049e-02
5.713673308491706848e-02
5.204086005687713623e-02
6.590916216373443604e-02
5.801093950867652893e-02
5.819922685623168945e-02
7.438870519399642944e-02
7.059458643198013306e-02
6.504760682582855225e-02
6.244677305221557617e-02
6.098625063896179199e-02
5.677842721343040466e-02
5.939649417996406555e-02
6.982455402612686157e-02
6.179149076342582703e-02
5.371129885315895081e-02
6.017331033945083618e-02
6.682319194078445435e-02
6.196052581071853638e-02
5.442948266863822937e-02
7.001097500324249268e-02
6.653768569231033325e-02
6.890184432268142700e-02
6.029093265533447266e-02
6.036813184618949890e-02
5.663463845849037170e-02
6.532774865627288818e-02
7.629168033599853516e-02
5.391020327806472778e-02
6.224487721920013428e-02
7.157416641712188721e-02
6.786415725946426392e-02
6.435037404298782349e-02
5.729936063289642334e-02
6.311631947755813599e-02
5.612786486744880676e-02
6.038320437073707581e-02
6.152100488543510437e-02
5.845288559794425964e-02
5.838863924145698547e-02
6.609397381544113159e-02
6.661920994520187378e-02
6.917040795087814331e-02
5.863992869853973389e-02
5.818276107311248779e-02
6.416483223438262939e-02
6.024215370416641235e-02
5.745878815650939941e-02
5.265793204307556152e-02
5.777421221137046814e-02
7.363265752792358398e-02
6.379043310880661011e-02
5.757698044180870056e-02
7.065651565790176392e-02
5.989988520741462708e-02
6.907246261835098267e-02
5.871675536036491394e-02
6.391489505767822266e-02
5.813302099704742432e-02
6.520244479179382324e-02
7.096426934003829956e-02
5.482392013072967529e-02
5.168800801038742065e-02
5.992143973708152771e-02
6.583610922098159790e-02
6.549909710884094238e-02
6.208863854408264160e-02
6.073044985532760620e-02
6.128788366913795471e-02
7.295314967632293701e-02
6.035855785012245178e-02
5.682606622576713562e-02
6.700861454010009766e-02
5.946823954582214355e-02
7.058575749397277832e-02
6.502146273851394653e-02
5.547713860869407654e-02
6.495480239391326904e-02
6.144414469599723816e-02
5.775988101959228516e-02
6.737798452377319336e-02
6.185343489050865173e-02
5.832270160317420959e-02
6.482854485511779785e-02
7.036804407835006714e-02
5.091615393757820129e-02
6.869728118181228638e-02
5.759773403406143188e-02
5.534026399254798889e-02
6.398858129978179932e-02
6.968254595994949341e-02
4.987310245633125305e-02
5.684538930654525757e-02
6.095499172806739807e-02
6.894426792860031128e-02
6.411679089069366455e-02
5.173023790121078491e-02
6.146597489714622498e-02
6.772377341985702515e-02
5.761115252971649170e-02
6.203889101743698120e-02
6.466282159090042114e-02
6.080004945397377014e-02
6.521295011043548584e-02
6.719716638326644897e-02
5.939476937055587769e-02
6.060157343745231628e-02
7.116056978702545166e-02
6.095395609736442566e-02
6.712381541728973389e-02
5.869235470890998840e-02
6.168130040168762207e-02
7.003636658191680908e-02
6.384730339050292969e-02
6.840997189283370972e-02
5.709036439657211304e-02
5.294946208596229553e-02
7.544098049402236938e-02
5.497508868575096130e-02
6.518330425024032593e-02
5.423990637063980103e-02
6.281235069036483765e-02
6.004610285162925720e-02
6.036819145083427429e-02
7.142913341522216797e-02
6.143690645694732666e-02
6.952680647373199463e-02
5.825544893741607666e-02
6.637342274188995361e-02
6.919132173061370850e-02
6.048490479588508606e-02
6.382453441619873047e-02
6.391714513301849365e-02
5.761274695396423340e-02
6.040721759200096130e-02
6.084972620010375977e-02
5.878081545233726501e-02
5.654880031943321228e-02
5.793846398591995239e-02
5.800133198499679565e-02
6.285531073808670044e-02
6.837637722492218018e-02
5.038189888000488281e-02
5.943283811211585999e-02
7.231883704662322998e-02
5.561923980712890625e-02
6.572762876749038696e-02
6.275096535682678223e-02
5.912929773330688477e-02
5.170569941401481628e-02
5.989132076501846313e-02
5.628830939531326294e-02
6.100360304117202759e-02
6.553281098604202271e-02
6.566201150417327881e-02
6.428661942481994629e-02
6.838206946849822998e-02
6.288037449121475220e-02
6.823452562093734741e-02
5.521138012409210205e-02
5.742795765399932861e-02
6.436326354742050171e-02
6.060412153601646423e-02
6.627848744392395020e-02
6.082948297262191772e-02
7.560002803802490234e-02
6.061984226107597351e-02
5.360802635550498962e-02
7.651646435260772705e-02
6.110842898488044739e-02
6.853009760379791260e-02
6.666716188192367554e-02
7.326219975948333740e-02
6.591001152992248535e-02
7.024454325437545776e-02
6.209423393011093140e-02
6.660882383584976196e-02
5.759953707456588745e-02
6.256777793169021606e-02
7.001875340938568115e-02
5.998892709612846375e-02
5.333781242370605469e-02
6.971532851457595825e-02
6.262928992509841919e-02
5.646977201104164124e-02
5.640377849340438843e-02
5.995709076523780823e-02
5.689330399036407471e-02
6.377919018268585205e-02
6.989551335573196411e-02
7.074075192213058472e-02
6.308610737323760986e-02
7.140407711267471313e-02
6.077438220381736755e-02
5.903836712241172791e-02
5.670046433806419373e-02
6.913015991449356079e-02
6.652491539716720581e-02
6.134895235300064087e-02
6.903218477964401245e-02
6.109951809048652649e-02
6.264337152242660522e-02
6.977311521768569946e-02
7.163367420434951782e-02
5.242152512073516846e-02
6.425312906503677368e-02
5.784429609775543213e-02
5.761414021253585815e-02
5.915756151080131531e-02
7.011175900697708130e-02
5.849402025341987610e-02
5.362691357731819153e-02
6.277646124362945557e-02
6.284905970096588135e-02
6.408310681581497192e-02
6.257602572441101074e-02
5.970751866698265076e-02
6.561735272407531738e-02
6.151479110121726990e-02
6.477145850658416748e-02
6.677165627479553223e-02
6.960150599479675293e-02
7.149773091077804565e-02
6.090438738465309143e-02
5.908065289258956909e-02
6.734549999237060547e-02
5.901342257857322693e-02
6.861363351345062256e-02
6.186974421143531799e-02
6.472028791904449463e-02
5.804071947932243347e-02
6.788867712020874023e-02
5.665810778737068176e-02
6.096751987934112549e-02
5.854406580328941345e-02
5.273549631237983704e-02
6.705857813358306885e-02
7.340089231729507446e-02
5.626701191067695618e-02
5.939804762601852417e-02
7.094717770814895630e-02
6.110679358243942261e-02
6.779514998197555542e-02
5.056061968207359314e-02
5.659607425332069397e-02
6.187143921852111816e-02
6.545008718967437744e-02
5.969513207674026489e-02
6.200788542628288269e-02
7.310605794191360474e-02
6.270024180412292480e-02
5.444162338972091675e-02
6.434564292430877686e-02
5.507667735219001770e-02
5.821688845753669739e-02
5.859642103314399719e-02
6.760524213314056396e-02
5.896240100264549255e-02
5.976435542106628418e-02
6.983779370784759521e-02
6.774126738309860229e-02
5.862243846058845520e-02
6.815151870250701904e-02
6.649087369441986084e-02
5.513458698987960815e-02
5.727490410208702087e-02
7.400272786617279053e-02
6.772781908512115479e-02
6.944181770086288452e-02
6.440091878175735474e-02
6.210450083017349243e-02
6.148726493120193481e-02
6.455729901790618896e-02
6.249007582664489746e-02
6.760141253471374512e-02
6.181921064853668213e-02
6.363975256681442261e-02
6.588190048933029175e-02
7.128704339265823364e-02
4.782006889581680298e-02
5.223274603486061096e-02
5.767811462283134460e-02
6.894210726022720337e-02
5.220292508602142334e-02
6.574457138776779175e-02
5.867029353976249695e-02
7.086887955665588379e-02
6.377388536930084229e-02
5.543899908661842346e-02
5.907197296619415283e-02
6.056690216064453125e-02
7.408443093299865723e-02
6.084691733121871948e-02
6.538008153438568115e-02
6.574898213148117065e-02
6.832673400640487671e-02
5.859871953725814819e-02
5.866359919309616089e-02
5.633884295821189880e-02
7.037575542926788330e-02
5.683412030339241028e-02
5.683971568942070007e-02
7.322080433368682861e-02
5.246572569012641907e-02
6.291790306568145752e-02
6.547387689352035522e-02
6.726480275392532349e-02
5.564093217253684998e-02
6.957871466875076294e-02
5.959398299455642700e-02
6.631682813167572021e-02
6.850206851959228516e-02
6.146554276347160339e-02
6.158228218555450439e-02
7.071883231401443481e-02
6.422521173954010010e-02
6.198013946413993835e-02
6.477442383766174316e-02
6.156785413622856140e-02
7.316999882459640503e-02
6.887044012546539307e-02
6.497487425804138184e-02
6.317792832851409912e-02
6.166901066899299622e-02
6.250829249620437622e-02
7.296605408191680908e-02
6.515803933143615723e-02
5.443790927529335022e-02
5.724914371967315674e-02
6.347443908452987671e-02
6.661757826805114746e-02
5.331014096736907959e-02
5.518320202827453613e-02
5.622489750385284424e-02
5.628816410899162292e-02
6.407922506332397461e-02
5.744991824030876160e-02
5.897155776619911194e-02
6.790896505117416382e-02
6.031534448266029358e-02
6.096801906824111938e-02
7.032690197229385376e-02
5.773028731346130371e-02
5.509648472070693970e-02
5.749984458088874817e-02
5.803261324763298035e-02
6.390326470136642456e-02
6.754370033740997314e-02
6.169943511486053467e-02
5.659159645438194275e-02
6.211336329579353333e-02
6.332010030746459961e-02
6.618152558803558350e-02
6.990633159875869751e-02
6.621379405260086060e-02
6.842178851366043091e-02
6.615963578224182129e-02
6.614463031291961670e-02
5.829892680048942566e-02
5.758865922689437866e-02
6.745657324790954590e-02
6.744186580181121826e-02
7.284960150718688965e-02
6.346361339092254639e-02
5.938234925270080566e-02
6.001571565866470337e-02
5.696127563714981079e-02
5.858306586742401123e-02
6.676264852285385132e-02
6.458004564046859741e-02
6.321819871664047241e-02
6.432640552520751953e-02
5.785363912582397461e-02
6.990660727024078369e-02
5.733804032206535339e-02
6.612955778837203979e-02
6.714921444654464722e-02
6.144196540117263794e-02
6.766425818204879761e-02
6.409232318401336670e-02
6.176031753420829773e-02
6.564850360155105591e-02
5.707046389579772949e-02
5.995604023337364197e-02
6.287111341953277588e-02
5.976393818855285645e-02
6.300198286771774292e-02
7.587800174951553345e-02
5.744223669171333313e-02
6.449157744646072388e-02
7.512973248958587646e-02
5.664818733930587769e-02
6.354025751352310181e-02
6.568205356597900391e-02
6.146486476063728333e-02
6.763362884521484375e-02
5.778523907065391541e-02
7.606033980846405029e-02
4.941154271364212036e-02
6.089295446872711182e-02
5.226496979594230652e-02
6.560777127742767334e-02
5.957672744989395142e-02
5.832651257514953613e-02
6.464327126741409302e-02
6.468960642814636230e-02
5.667265877127647400e-02
6.295049190521240234e-02
5.434238538146018982e-02
6.432966887950897217e-02
6.850570440292358398e-02
6.231392174959182739e-02
7.170458883047103882e-02
6.986371427774429321e-02
6.529606878757476807e-02
6.675886362791061401e-02
6.241895258426666260e-02
6.328903883695602417e-02
6.032869964838027954e-02
6.042697653174400330e-02
6.223711371421813965e-02
4.905521497130393982e-02
6.200931593775749207e-02
6.622160226106643677e-02
5.398043245077133179e-02
5.626806989312171936e-02
5.948683992028236389e-02
6.025844439864158630e-02
6.238259375095367432e-02
6.605509668588638306e-02
5.553826317191123962e-02
7.082193344831466675e-02
6.515729427337646484e-02
7.450149208307266235e-02
5.963751301169395447e-02
5.840349569916725159e-02
5.587714165449142456e-02
7.110874354839324951e-02
6.916222721338272095e-02
6.543683260679244995e-02
7.239039987325668335e-02
6.432422995567321777e-02
6.938266009092330933e-02
7.234957069158554077e-02
6.912180781364440918e-02
4.860011115670204163e-02
5.386933311820030212e-02
6.996860355138778687e-02
7.006510347127914429e-02
6.650158762931823730e-02
6.775713711977005005e-02
6.854347139596939087e-02
7.046446949243545532e-02
6.542041897773742676e-02
5.327902734279632568e-02
6.345679610967636108e-02
6.484950333833694458e-02
6.913914531469345093e-02
6.436914205551147461e-02
6.041087955236434937e-02
6.389993429183959961e-02
5.401878803968429565e-02
5.700084939599037170e-02
6.614671647548675537e-02
7.227013260126113892e-02
6.082325056195259094e-02
6.392328441143035889e-02
6.006297096610069275e-02
5.168995633721351624e-02
6.183644384145736694e-02
5.696809664368629456e-02
5.735388770699501038e-02
5.352660268545150757e-02
6.977180391550064087e-02
6.600981205701828003e-02
6.830371171236038208e-02
5.911531671881675720e-02
6.435912847518920898e-02
5.191537737846374512e-02
5.613980814814567566e-02
6.049578264355659485e-02
6.091299280524253845e-02
5.269600078463554382e-02
5.375136807560920715e-02
6.020684167742729187e-02
5.458630248904228210e-02
6.921944022178649902e-02
6.887351721525192261e-02
5.961065366864204407e-02
5.600119009613990784e-02
5.446841567754745483e-02
7.191934436559677124e-02
7.093814015388488770e-02
7.361266762018203735e-02
6.584258377552032471e-02
5.811390280723571777e-02
6.416562199592590332e-02
5.406286194920539856e-02
5.649782344698905945e-02
6.422012299299240112e-02
6.528919935226440430e-02
6.081261858344078064e-02
6.562985479831695557e-02
4.970021918416023254e-02
6.774048507213592529e-02
6.506722420454025269e-02
6.171215698122978210e-02
6.605150550603866577e-02
6.133969873189926147e-02
6.211017817258834839e-02
4.939908534288406372e-02
7.073204964399337769e-02
6.536220014095306396e-02
6.686788052320480347e-02
6.739154458045959473e-02
5.707247927784919739e-02
6.194291636347770691e-02
6.461992114782333374e-02
5.787746608257293701e-02
6.094828993082046509e-02
6.445159763097763062e-02
6.388667225837707520e-02
6.446385383605957031e-02
6.156332418322563171e-02
6.359013915061950684e-02
5.638586357235908508e-02
6.780812889337539673e-02
7.685137540102005005e-02
6.760824471712112427e-02
5.548742786049842834e-02
5.573588237166404724e-02
7.095869630575180054e-02
6.757977604866027832e-02
6.020453199744224548e-02
4.774588719010353088e-02
6.307601928710937500e-02
6.547322124242782593e-02
6.754028052091598511e-02
6.939025968313217163e-02
7.105196267366409302e-02
5.911032482981681824e-02
5.817997828125953674e-02
6.030769646167755127e-02
6.471445411443710327e-02
5.634953454136848450e-02
7.006262242794036865e-02
5.793422833085060120e-02
6.131862848997116089e-02
6.387998908758163452e-02
5.992615967988967896e-02
7.658993452787399292e-02
5.945974960923194885e-02
5.742582678794860840e-02
5.893186107277870178e-02
6.670552492141723633e-02
6.430152058601379395e-02
7.046175003051757812e-02
7.130904495716094971e-02
6.230842322111129761e-02
5.218594148755073547e-02
7.079256325960159302e-02
6.502747535705566406e-02
5.688061192631721497e-02
6.665822118520736694e-02
6.327043473720550537e-02
5.908301845192909241e-02
6.229955703020095825e-02
5.292588844895362854e-02
6.211746856570243835e-02
5.851258337497711182e-02
6.766723096370697021e-02
6.008287891745567322e-02
5.618401989340782166e-02
5.314711853861808777e-02
7.412754744291305542e-02
6.081867963075637817e-02
6.053547933697700500e-02
6.178413704037666321e-02
5.053133517503738403e-02
