<system>Protocol: Active. Attitude: Sassy.</system>
1.033931039273738861e-02
1.006833091378211975e-02
1.067022234201431274e-02
1.523569971323013306e-02
1.168325729668140411e-02
1.229842752218246460e-02
1.020597480237483978e-02
1.057861372828483582e-02
1.035236194729804993e-02
1.152131427079439163e-02
1.005799043923616409e-02
1.080447807908058167e-02
1.070246566087007523e-02
1.009831391274929047e-02
1.007536053657531738e-02
1.087771728634834290e-02
1.043890509754419327e-02
1.093715522438287735e-02
1.036543026566505432e-02
1.040595024824142456e-02
1.003951951861381531e-02
1.039329916238784790e-02
1.088335365056991577e-02
1.065281406044960022e-02
1.075153052806854248e-02
1.086383033543825150e-02
1.058873906731605530e-02
1.261586137115955353e-02
1.062439195811748505e-02
1.057159528136253357e-02
1.054509356617927551e-02
1.041078753769397736e-02
1.041012257337570190e-02
1.117104291915893555e-02
1.049706526100635529e-02
1.004431769251823425e-02
1.027647685259580612e-02
1.051210612058639526e-02
1.066052913665771484e-02
1.033618953078985214e-02
1.094177272170782089e-02
1.029943116009235382e-02
1.210993900895118713e-02
1.102992706000804901e-02
9.485470131039619446e-03
1.198806799948215485e-02
1.114339381456375122e-02
9.814521297812461853e-03
1.093214284628629684e-02
1.061232574284076691e-02
1.047375425696372986e-02
1.026854291558265686e-02
1.059230882674455643e-02
1.071282289922237396e-02
1.127533428370952606e-02
1.040455047041177750e-02
1.079526916146278381e-02
1.039109285920858383e-02
1.047279685735702515e-02
1.049323379993438721e-02
1.026553567498922348e-02
1.059331838041543961e-02
1.130289398133754730e-02
1.008493639528751373e-02
1.069442182779312134e-02
1.045161392539739609e-02
1.061869598925113678e-02
1.097981631755828857e-02
1.052102167159318924e-02
9.879681281745433807e-03
1.247481256723403931e-02
9.469127282500267029e-03
1.033457927405834198e-02
1.005928590893745422e-02
9.972421452403068542e-03
1.069417968392372131e-02
1.019502244889736176e-02
1.068995613604784012e-02
1.040718238800764084e-02
1.009716652333736420e-02
1.008869335055351257e-02
1.095728483051061630e-02
1.040194369852542877e-02
1.205290760844945908e-02
1.022048573940992355e-02
1.244423538446426392e-02
1.074334233999252319e-02
1.035578455775976181e-02
1.083196699619293213e-02
1.010042056441307068e-02
1.052578445523977280e-02
1.080064289271831512e-02
1.023383997380733490e-02
1.072869915515184402e-02
1.023131050169467926e-02
1.383648999035358429e-02
1.054975390434265137e-02
1.046621706336736679e-02
1.139852590858936310e-02
1.031764037907123566e-02
1.034704688936471939e-02
1.040187571197748184e-02
1.088107563555240631e-02
1.096220128238201141e-02
1.140230149030685425e-02
1.047512702643871307e-02
9.763869456946849823e-03
1.106589753180742264e-02
1.046107988804578781e-02
1.029116008430719376e-02
1.049332134425640106e-02
1.004077680408954620e-02
1.040755677968263626e-02
9.936166927218437195e-03
1.000621169805526733e-02
1.059762760996818542e-02
1.015520654618740082e-02
1.075652986764907837e-02
1.044851820915937424e-02
1.078784279525279999e-02
1.022138446569442749e-02
1.076647732406854630e-02
1.005874108523130417e-02
1.090139709413051605e-02
1.058584451675415039e-02
1.060169190168380737e-02
1.047583669424057007e-02
1.036129333078861237e-02
1.045353338122367859e-02
1.041247323155403137e-02
1.062389090657234192e-02
1.093129813671112061e-02
1.043326966464519501e-02
1.033264957368373871e-02
1.076765358448028564e-02
1.060343161225318909e-02
1.069280505180358887e-02
1.063473615795373917e-02
1.038421876728534698e-02
1.054467447102069855e-02
1.084428094327449799e-02
1.085176784545183182e-02
1.058310363441705704e-02
1.059795450419187546e-02
1.064915675669908524e-02
1.088223326951265335e-02
9.947645477950572968e-03
9.453160688281059265e-03
1.058088894933462143e-02
1.022688206285238266e-02
9.963411837816238403e-03
1.035121455788612366e-02
1.049073785543441772e-02
1.014344953000545502e-02
9.654269553720951080e-03
1.026420947164297104e-02
1.001138612627983093e-02
1.089800521731376648e-02
1.042846217751502991e-02
1.031181216239929199e-02
1.063715666532516479e-02
1.076986081898212433e-02
1.038288883864879608e-02
1.033084467053413391e-02
1.066155917942523956e-02
1.090720854699611664e-02
1.059276238083839417e-02
1.025981642305850983e-02
1.057619042694568634e-02
1.078794151544570923e-02
1.066075731068849564e-02
1.055811252444982529e-02
1.112106535583734512e-02
1.093299314379692078e-02
1.084165461361408234e-02
1.068273745477199554e-02
1.019165944308042526e-02
1.039653178304433823e-02
1.004242710769176483e-02
1.082181185483932495e-02
1.120384782552719116e-02
1.059581246227025986e-02
1.092076208442449570e-02
1.072077918797731400e-02
1.073103584349155426e-02
1.078549027442932129e-02
1.021327357739210129e-02
1.070104539394378662e-02
1.005871966481208801e-02
9.724661707878112793e-03
1.084432099014520645e-02
1.036791689693927765e-02
9.950077161192893982e-03
1.039526984095573425e-02
1.080386247485876083e-02
1.011200249195098877e-02
1.086821779608726501e-02
9.753240272402763367e-03
1.025135815143585205e-02
1.046657189726829529e-02
1.119826361536979675e-02
1.069552637636661530e-02
9.741364046931266785e-03
1.054107956588268280e-02
1.089821197092533112e-02
1.077840570360422134e-02
1.017109863460063934e-02
1.013594865798950195e-02
1.110420376062393188e-02
1.060318201780319214e-02
1.064037624746561050e-02
1.007487252354621887e-02
1.011183299124240875e-02
1.048198342323303223e-02
1.104463823139667511e-02
1.130370236933231354e-02
1.018764916807413101e-02
1.017087139189243317e-02
1.032773219048976898e-02
9.204936213791370392e-03
1.080920733511447906e-02
1.093814056366682053e-02
1.076144352555274963e-02
1.442201063036918640e-02
1.089624408632516861e-02
9.991799481213092804e-03
1.074092276394367218e-02
1.044101081788539886e-02
1.050308160483837128e-02
1.091747544705867767e-02
1.021990180015563965e-02
1.021300628781318665e-02
1.037406176328659058e-02
1.058650948107242584e-02
1.032008510082960129e-02
1.100174058228731155e-02
1.029280200600624084e-02
1.138380542397499084e-02
1.019601337611675262e-02
9.811961092054843903e-03
1.049398258328437805e-02
1.054895482957363129e-02
1.031057536602020264e-02
1.067962311208248138e-02
1.026996783912181854e-02
9.036400355398654938e-03
1.011698599904775620e-02
1.051590591669082642e-02
1.120441779494285583e-02
1.071512326598167419e-02
1.059899572283029556e-02
1.048781163990497589e-02
1.039378903806209564e-02
1.045769266784191132e-02
1.012245938181877136e-02
1.037121377885341644e-02
1.080348901450634003e-02
9.890633635222911835e-03
1.035399176180362701e-02
1.093299314379692078e-02
1.002464629709720612e-02
1.050421409308910370e-02
1.010457612574100494e-02
1.091055385768413544e-02
1.055335067212581635e-02
1.084315776824951172e-02
1.066009700298309326e-02
1.454874221235513687e-02
1.040005125105381012e-02
1.095950324088335037e-02
9.828604757785797119e-03
1.091188192367553711e-02
1.028838194906711578e-02
1.011942327022552490e-02
1.042431034147739410e-02
1.031200960278511047e-02
1.106373593211174011e-02
1.055225171148777008e-02
1.049269549548625946e-02
1.053385622799396515e-02
1.069827005267143250e-02
1.072767563164234161e-02
1.015976350754499435e-02
1.052353531122207642e-02
1.050971820950508118e-02
1.093418244272470474e-02
1.001679897308349609e-02
1.098913885653018951e-02
1.068496238440275192e-02
1.019414886832237244e-02
9.885227307677268982e-03
1.029564812779426575e-02
1.042384095489978790e-02
1.086901500821113586e-02
1.095799356698989868e-02
1.032781787216663361e-02
1.068055815994739532e-02
1.599582657217979431e-02
1.046715863049030304e-02
9.608943015336990356e-03
1.038507185876369476e-02
1.060342043638229370e-02
1.045140996575355530e-02
1.078645605593919754e-02
1.124268211424350739e-02
9.620232507586479187e-03
1.095731370151042938e-02
1.040167454630136490e-02
1.048723980784416199e-02
9.925280697643756866e-03
1.059593260288238525e-02
1.122429035604000092e-02
1.022793911397457123e-02
1.035038381814956665e-02
1.028629206120967865e-02
1.086220610886812210e-02
1.059769839048385620e-02
1.087581831961870193e-02
1.029317174106836319e-02
1.042325235903263092e-02
1.099899224936962128e-02
1.076414994895458221e-02
1.046558283269405365e-02
1.069138385355472565e-02
1.043751835823059082e-02
1.040495000779628754e-02
1.058636698871850967e-02
1.102665625512599945e-02
1.059523969888687134e-02
1.069595664739608765e-02
1.033394597470760345e-02
1.060911640524864197e-02
1.028010901063680649e-02
1.003839168697595596e-02
1.077743899077177048e-02
1.122743822634220123e-02
1.021394040435552597e-02
1.025131531059741974e-02
1.116757467389106750e-02
1.107273250818252563e-02
1.056633144617080688e-02
9.604324586689472198e-03
1.073679234832525253e-02
1.109633315354585648e-02
9.749224409461021423e-03
1.122397556900978088e-02
1.049595791846513748e-02
1.045087911188602448e-02
1.047927793115377426e-02
1.042395085096359253e-02
1.023907680064439774e-02
1.041025947779417038e-02
1.071281358599662781e-02
9.791845455765724182e-03
9.926289319992065430e-03
1.042536459863185883e-02
1.041776873171329498e-02
1.073159836232662201e-02
1.008952967822551727e-02
1.039949338883161545e-02
1.089056208729743958e-02
1.054540649056434631e-02
1.065114792436361313e-02
1.031767763197422028e-02
1.025639101862907410e-02
1.131942309439182281e-02
1.045518554747104645e-02
1.041836012154817581e-02
1.083895657211542130e-02
9.578562341630458832e-03
1.038809213787317276e-02
1.048553176224231720e-02
1.046092621982097626e-02
1.092113554477691650e-02
1.031142845749855042e-02
1.034124381840229034e-02
1.027586590498685837e-02
1.006721612066030502e-02
1.031313836574554443e-02
1.041549164801836014e-02
1.454187557101249695e-02
1.022617146372795105e-02
1.050852052867412567e-02
1.059933099895715714e-02
1.071979664266109467e-02
1.018622890114784241e-02
1.078485790640115738e-02
1.168273948132991791e-02
1.041175983846187592e-02
1.031939499080181122e-02
1.083814539015293121e-02
1.094188541173934937e-02
1.029772963374853134e-02
1.116084121167659760e-02
1.010440289974212646e-02
1.155298389494419098e-02
1.079250872135162354e-02
1.044864580035209656e-02
1.011790335178375244e-02
1.238323468714952469e-02
1.079894416034221649e-02
1.016215886920690536e-02
1.105189975351095200e-02
1.063590683043003082e-02
1.081762090325355530e-02
1.022914238274097443e-02
1.032723020762205124e-02
9.895898401737213135e-03
9.938886389136314392e-03
1.007402595132589340e-02
9.521795436739921570e-03
2.928946539759635925e-02
1.019973959773778915e-02
9.461900219321250916e-03
1.078491471707820892e-02
1.104663033038377762e-02
1.087415497750043869e-02
1.069091632962226868e-02
1.121057663112878799e-02
9.557331912219524384e-03
1.092773303389549255e-02
1.038989610970020294e-02
1.012720912694931030e-02
1.100344862788915634e-02
1.176678203046321869e-02
1.042550243437290192e-02
8.659256622195243835e-03
1.035855337977409363e-02
1.021902449429035187e-02
1.047097146511077881e-02
1.024870760738849640e-02
1.072546467185020447e-02
1.024486031383275986e-02
1.034789253026247025e-02
1.069198735058307648e-02
9.798390790820121765e-03
1.062237098813056946e-02
1.083916984498500824e-02
9.047598578035831451e-03
1.127285789698362350e-02
1.056131161749362946e-02
1.038517709821462631e-02
1.118673104792833328e-02
1.043175254017114639e-02
1.315749716013669968e-02
9.982838295400142670e-03
1.047289930284023285e-02
1.059073582291603088e-02
1.037271879613399506e-02
1.036377809941768646e-02
1.091427076607942581e-02
1.025301404297351837e-02
1.005232892930507660e-02
1.128569990396499634e-02
1.019893586635589600e-02
1.095068268477916718e-02
9.851319715380668640e-03
1.154854521155357361e-02
1.067313645035028458e-02
1.065391488373279572e-02
1.034627947956323624e-02
9.910548105835914612e-03
1.052026264369487762e-02
8.265603333711624146e-03
1.056710071861743927e-02
1.085462234914302826e-02
9.529535658657550812e-03
9.391816332936286926e-03
1.043422520160675049e-02
9.210687130689620972e-03
1.037096045911312103e-02
1.040212623775005341e-02
1.019977033138275146e-02
9.817700833082199097e-03
1.021259836852550507e-02
1.022518333047628403e-02
1.072820834815502167e-02
1.005968451499938965e-02
1.055640168488025665e-02
1.005446352064609528e-02
1.028217095881700516e-02
1.036113221198320389e-02
1.084238570183515549e-02
1.048662047833204269e-02
1.110828667879104614e-02
1.691109314560890198e-02
1.845999807119369507e-02
1.024314016103744507e-02
9.975038468837738037e-03
1.141278818249702454e-02
1.034091133624315262e-02
1.037766970694065094e-02
1.047716476023197174e-02
1.083326712250709534e-02
1.050916966050863266e-02
1.053412538021802902e-02
1.600720733404159546e-02
1.166194491088390350e-02
1.106469519436359406e-02
1.079372409731149673e-02
1.038939226418733597e-02
1.025664061307907104e-02
1.049217395484447479e-02
1.048056781291961670e-02
1.019643153995275497e-02
1.091132313013076782e-02
1.055256556719541550e-02
1.035208255052566528e-02
1.074756309390068054e-02
1.093972846865653992e-02
1.064253412187099457e-02
1.074307225644588470e-02
1.739992015063762665e-02
1.003504544496536255e-02
1.052949205040931702e-02
1.048093382269144058e-02
1.070900261402130127e-02
1.056127622723579407e-02
1.073544193059206009e-02
1.017421483993530273e-02
1.088138855993747711e-02
1.101696863770484924e-02
1.057800836861133575e-02
1.047949120402336121e-02
1.062649302184581757e-02
9.682871401309967041e-03
1.103894598782062531e-02
1.039168052375316620e-02
1.113984361290931702e-02
1.031681150197982788e-02
1.042934041470289230e-02
1.107184123247861862e-02
1.089178584516048431e-02
1.012502051889896393e-02
1.072577387094497681e-02
1.067206449806690216e-02
1.049566548317670822e-02
1.061143167316913605e-02
1.035832241177558899e-02
1.056208461523056030e-02
1.059096585959196091e-02
1.071611978113651276e-02
1.047485508024692535e-02
1.047967001795768738e-02
1.016637124121189117e-02
1.081049442291259766e-02
1.072677969932556152e-02
1.041049137711524963e-02
1.027746498584747314e-02
1.022270042449235916e-02
1.070458628237247467e-02
1.108578126877546310e-02
1.056499406695365906e-02
1.012198254466056824e-02
1.045536622405052185e-02
1.065218634903430939e-02
1.081904675811529160e-02
1.041202899068593979e-02
1.030836813151836395e-02
1.101643964648246765e-02
9.751556441187858582e-03
1.017250027507543564e-02
1.059376075863838196e-02
1.044526603072881699e-02
1.032767537981271744e-02
1.057746075093746185e-02
1.091809943318367004e-02
1.031008549034595490e-02
1.111063547432422638e-02
1.036508660763502121e-02
1.022609230130910873e-02
1.051779091358184814e-02
9.142700582742691040e-03
1.040775235742330551e-02
1.025061588734388351e-02
1.058181002736091614e-02
1.051777135580778122e-02
1.040157303214073181e-02
1.040312089025974274e-02
9.464012458920478821e-03
1.018426939845085144e-02
1.076455228030681610e-02
1.053599640727043152e-02
1.034542359411716461e-02
1.106313243508338928e-02
1.003608759492635727e-02
1.044169068336486816e-02
1.056151464581489563e-02
1.041429955512285233e-02
1.041832752525806427e-02
1.050071232020854950e-02
9.978577494621276855e-03
1.060071587562561035e-02
1.077806204557418823e-02
1.033094432204961777e-02
1.020296290516853333e-02
1.038421131670475006e-02
1.061034202575683594e-02
1.042637601494789124e-02
9.883504360914230347e-03
1.084088254719972610e-02
1.045577507466077805e-02
1.092603057622909546e-02
1.075902208685874939e-02
1.233178097754716873e-02
1.042000949382781982e-02
1.088443584740161896e-02
1.099174655973911285e-02
1.073336321860551834e-02
1.052847877144813538e-02
1.033585518598556519e-02
1.045264862477779388e-02
1.070886757224798203e-02
1.131489127874374390e-02
1.001610793173313141e-02
1.053715683519840240e-02
1.128859259188175201e-02
1.048802211880683899e-02
9.908289648592472076e-03
1.081451028585433960e-02
1.012120954692363739e-02
9.873156435787677765e-03
1.046067755669355392e-02
1.051675062626600266e-02
1.636098697781562805e-02
1.023524161428213120e-02
9.238108061254024506e-03
1.035493798553943634e-02
1.041143946349620819e-02
1.068583037704229355e-02
1.019641943275928497e-02
9.856004267930984497e-03
1.072898320853710175e-02
1.041894033551216125e-02
1.087019592523574829e-02
9.998669847846031189e-03
1.071578916162252426e-02
9.815468452870845795e-03
1.092339307069778442e-02
1.104817166924476624e-02
1.173324696719646454e-02
1.028100214898586273e-02
1.063177920877933502e-02
1.015110127627849579e-02
1.145558431744575500e-02
9.481431916356086731e-03
1.039742492139339447e-02
9.971685707569122314e-03
1.097731292247772217e-02
9.533072821795940399e-03
1.014946866780519485e-02
9.079698473215103149e-03
1.133221387863159180e-02
1.102434657514095306e-02
1.026287674903869629e-02
1.054663769900798798e-02
1.031227409839630127e-02
1.056477148085832596e-02
1.005183905363082886e-02
1.022930815815925598e-02
1.028817519545555115e-02
8.861795999109745026e-03
1.043656840920448303e-02
1.096317078918218613e-02
1.034225896000862122e-02
1.060915552079677582e-02
1.094593293964862823e-02
1.033505704253911972e-02
1.978287287056446075e-02
1.059919409453868866e-02
1.002448797225952148e-02
1.083661988377571106e-02
1.071265898644924164e-02
1.038182340562343597e-02
1.075166463851928711e-02
1.057105138897895813e-02
1.075170096009969711e-02
1.034072320908308029e-02
1.061690226197242737e-02
1.053677313029766083e-02
1.057743839919567108e-02
1.073510572314262390e-02
1.102881506085395813e-02
9.882113896310329437e-03
1.040119584649801254e-02
9.950747713446617126e-03
1.019870117306709290e-02
1.606654562056064606e-02
9.924922138452529907e-03
1.071891747415065765e-02
9.543311782181262970e-03
1.107438094913959503e-02
1.024977490305900574e-02
1.070424169301986694e-02
1.053653471171855927e-02
9.919086471199989319e-03
1.049980800598859787e-02
1.014869101345539093e-02
1.072347909212112427e-02
1.101594232022762299e-02
1.030097436159849167e-02
1.028504502028226852e-02
1.095841266214847565e-02
1.037494931370019913e-02
1.063564047217369080e-02
9.756167419254779816e-03
1.036966778337955475e-02
1.080062612891197205e-02
1.192727498710155487e-02
9.718248620629310608e-03
1.033724471926689148e-02
1.072712242603302002e-02
1.000839378684759140e-02
1.031644549220800400e-02
1.018303073942661285e-02
1.069829799234867096e-02
1.001388486474752426e-02
1.067784707993268967e-02
1.092015951871871948e-02
1.031221449375152588e-02
1.024479512125253677e-02
1.030793506652116776e-02
1.062938384711742401e-02
1.095100771635770798e-02
1.109886821359395981e-02
1.051538251340389252e-02
1.087837386876344681e-02
1.091016083955764771e-02
9.858642704784870148e-03
1.038297265768051147e-02
1.078492309898138046e-02
1.080098561942577362e-02
1.241529174149036407e-02
1.034846156835556030e-02
9.967572055757045746e-03
9.039774537086486816e-03
9.882278740406036377e-03
1.029902976006269455e-02
9.179001674056053162e-03
1.053289510309696198e-02
1.033827662467956543e-02
1.022471394389867783e-02
1.037861965596675873e-02
1.101566664874553680e-02
9.662238880991935730e-03
1.017928496003150940e-02
1.017512381076812744e-02
1.048279553651809692e-02
1.000473834574222565e-02
1.120511628687381744e-02
1.044246554374694824e-02
1.042542327195405960e-02
1.082177646458148956e-02
1.243527978658676147e-02
1.119058858603239059e-02
1.078784838318824768e-02
9.399353526532649994e-03
1.079980004578828812e-02
1.355876028537750244e-02
1.089832000434398651e-02
9.878144599497318268e-03
1.036455854773521423e-02
1.030224561691284180e-02
1.029795780777931213e-02
9.454857558012008667e-03
1.046012155711650848e-02
1.041392609477043152e-02
1.051204465329647064e-02
1.060420367866754532e-02
1.073379069566726685e-02
1.010746322572231293e-02
1.065324433147907257e-02
9.504355490207672119e-03
1.054827589541673660e-02
8.736692368984222412e-03
1.079981960356235504e-02
1.050122454762458801e-02
1.080808974802494049e-02
9.627643972635269165e-03
1.031151600182056427e-02
1.016779802739620209e-02
1.012329012155532837e-02
1.015065703541040421e-02
9.994184598326683044e-03
1.107439678162336349e-02
1.134290359914302826e-02
1.034052670001983643e-02
1.009622588753700256e-02
1.069770194590091705e-02
9.775793179869651794e-03
1.057927869260311127e-02
1.072568260133266449e-02
9.960854426026344299e-03
1.033449266105890274e-02
1.057419180870056152e-02
1.069599576294422150e-02
1.002572663128376007e-02
1.090595871210098267e-02
1.007716171443462372e-02
1.062792167067527771e-02
1.060079038143157959e-02
9.999785572290420532e-03
1.358271390199661255e-02
1.098430156707763672e-02
1.060022879391908646e-02
1.054840348660945892e-02
9.358308278024196625e-03
1.048316992819309235e-02
9.720766916871070862e-03
1.053917407989501953e-02
1.021020952612161636e-02
1.079542934894561768e-02
1.083352603018283844e-02
1.043970696628093719e-02
1.050020102411508560e-02
1.040432043373584747e-02
1.122032012790441513e-02
1.027310825884342194e-02
1.065054163336753845e-02
1.059692539274692535e-02
1.034255605190992355e-02
9.253339841961860657e-03
1.040058024227619171e-02
1.071768440306186676e-02
9.910231456160545349e-03
1.086657494306564331e-02
1.037506293505430222e-02
1.071595400571823120e-02
1.049314998090267181e-02
1.074484549462795258e-02
1.042961329221725464e-02
1.018690317869186401e-02
1.015317533165216446e-02
9.420100599527359009e-03
1.471395138651132584e-02
1.050451397895812988e-02
1.011359971016645432e-02
1.068240962922573090e-02
1.043646782636642456e-02
1.070710737258195877e-02
1.089598797261714935e-02
1.000111736357212067e-02
1.075121201574802399e-02
1.105299778282642365e-02
1.046510227024555206e-02
1.102209836244583130e-02
1.084725093096494675e-02
9.941425174474716187e-03
1.077398657798767090e-02
1.131504401564598083e-02
9.950360283255577087e-03
1.026036404073238373e-02
1.031495817005634308e-02
1.076472178101539612e-02
1.068093813955783844e-02
1.084451470524072647e-02
1.032393705099821091e-02
1.065860502421855927e-02
1.032685488462448120e-02
1.039160974323749542e-02
1.052990369498729706e-02
1.036603190004825592e-02
1.058079954236745834e-02
1.065148320049047470e-02
9.584045037627220154e-03
9.498970583081245422e-03
9.451534599065780640e-03
1.013867743313312531e-02
1.005272567272186279e-02
1.235063374042510986e-02
1.067751552909612656e-02
1.057145185768604279e-02
1.047675497829914093e-02
1.043086871504783630e-02
1.088183559477329254e-02
1.035024877637624741e-02
1.044912077486515045e-02
1.054031867533922195e-02
1.059225760400295258e-02
9.900502860546112061e-03
9.617350995540618896e-03
1.019858382642269135e-02
1.026491541415452957e-02
1.021161954849958420e-02
1.430871058255434036e-02
1.091381348669528961e-02
1.028482150286436081e-02
1.047242805361747742e-02
1.035765931010246277e-02
1.068057678639888763e-02
9.986659511923789978e-03
1.051957160234451294e-02
1.064927130937576294e-02
9.976902976632118225e-03
1.068878266960382462e-02
1.051584444940090179e-02
1.048754714429378510e-02
1.029054820537567139e-02
1.103517226874828339e-02
1.034465804696083069e-02
1.077940128743648529e-02
1.092881523072719574e-02
1.056867279112339020e-02
1.056830212473869324e-02
1.076190732419490814e-02
1.055384892970323563e-02
1.033836510032415390e-02
1.026386022567749023e-02
9.753240272402763367e-03
1.087110117077827454e-02
1.048949174582958221e-02
1.063439436256885529e-02
1.026150025427341461e-02
1.009670272469520569e-02
1.086282916367053986e-02
1.068994402885437012e-02
1.187079958617687225e-02
1.059158891439437866e-02
1.421182602643966675e-02
1.046143192797899246e-02
1.115717366337776184e-02
9.426144883036613464e-03
1.097953505814075470e-02
1.140519045293331146e-02
1.018715649843215942e-02
1.001091953366994858e-02
1.025164220482110977e-02
1.077830418944358826e-02
9.646384976804256439e-03
1.052887551486492157e-02
1.050242315977811813e-02
1.079808175563812256e-02
1.060325466096401215e-02
1.010746881365776062e-02
1.077111437916755676e-02
1.072754897177219391e-02
1.066144183278083801e-02
1.057257503271102905e-02
1.061283890157938004e-02
1.068625785410404205e-02
1.067270152270793915e-02
1.047087647020816803e-02
9.656311012804508209e-03
1.077657006680965424e-02
1.037344709038734436e-02
1.030601188540458679e-02
1.000016555190086365e-02
1.060133241117000580e-02
1.090362016111612320e-02
1.038943603634834290e-02
1.483773905783891678e-02
9.322959929704666138e-03
1.052067335695028305e-02
1.065140031278133392e-02
1.063818018883466721e-02
1.010567601770162582e-02
1.093675941228866577e-02
1.053684018552303314e-02
1.063372474163770676e-02
1.104978285729885101e-02
1.076392550021409988e-02
1.052182167768478394e-02
1.068079844117164612e-02
1.009938307106494904e-02
1.009073294699192047e-02
1.057539973407983780e-02
1.025855634361505508e-02
1.016534771770238876e-02
1.066674850881099701e-02
1.026248745620250702e-02
1.062936522066593170e-02
1.072821021080017090e-02
1.049592252820730209e-02
1.032801624387502670e-02
1.012615766376256943e-02
1.038882136344909668e-02
9.996175765991210938e-03
1.091535575687885284e-02
1.051945611834526062e-02
1.112132053822278976e-02
1.032653544098138809e-02
1.051306631416082382e-02
1.106186397373676300e-02
1.034653559327125549e-02
1.055726129561662674e-02
1.019883342087268829e-02
1.068739406764507294e-02
1.080030016601085663e-02
1.132896170020103455e-02
1.029446534812450409e-02
1.065226271748542786e-02
1.088006049394607544e-02
1.010641362518072128e-02
1.081552449613809586e-02
9.504472836852073669e-03
1.011892408132553101e-02
1.024782098829746246e-02
1.121424883604049683e-02
1.031418517231941223e-02
1.091308705508708954e-02
1.090029906481504440e-02
1.008607726544141769e-02
1.227966975420713425e-02
1.027426868677139282e-02
1.079773344099521637e-02
1.069539971649646759e-02
1.039384678006172180e-02
1.072882022708654404e-02
1.080427877604961395e-02
1.049521565437316895e-02
1.021006796509027481e-02
1.034575235098600388e-02
1.033263280987739563e-02
1.028772443532943726e-02
1.065923646092414856e-02
1.024033781141042709e-02
1.023752987384796143e-02
1.050889864563941956e-02
1.005060784518718719e-02
1.022852119058370590e-02
1.040023937821388245e-02
1.097568403929471970e-02
1.053261198103427887e-02
9.255220182240009308e-03
1.056028530001640320e-02
1.070521213114261627e-02
1.107958704233169556e-02
1.023489516228437424e-02
1.041271258145570755e-02
1.087280362844467163e-02
1.050244644284248352e-02
1.022887602448463440e-02
1.136195845901966095e-02
1.096912007778882980e-02
1.037463173270225525e-02
1.045819744467735291e-02
1.048357784748077393e-02
1.015963032841682434e-02
9.962487965822219849e-03
1.081964373588562012e-02
1.113547850400209427e-02
9.973595850169658661e-03
1.001368183642625809e-02
1.091393735259771347e-02
1.508575864136219025e-02
9.775256738066673279e-03
1.046949066221714020e-02
1.110714022070169449e-02
1.056720409542322159e-02
1.024166680872440338e-02
1.093240547925233841e-02
1.083813793957233429e-02
1.064900867640972137e-02
9.975091554224491119e-03
1.058467850089073181e-02
9.887378662824630737e-03
1.080242916941642761e-02
1.032284647226333618e-02
1.015998516231775284e-02
1.038823276758193970e-02
1.050906348973512650e-02
1.065097562968730927e-02
1.085883751511573792e-02
9.944349527359008789e-03
9.821893647313117981e-03
1.098497677594423294e-02
1.137550547719001770e-02
1.086509227752685547e-02
1.001584343612194061e-02
1.071578636765480042e-02
1.065374538302421570e-02
1.022784039378166199e-02
1.722030341625213623e-02
1.029945164918899536e-02
9.975822642445564270e-03
1.000098139047622681e-02
1.081836968660354614e-02
1.080695725977420807e-02
1.058735139667987823e-02
1.055814884603023529e-02
1.014774665236473083e-02
1.015614345669746399e-02
1.058711111545562744e-02
1.038133352994918823e-02
9.972915984690189362e-03
1.079684495925903320e-02
1.142552029341459274e-02
1.039902865886688232e-02
1.080293953418731689e-02
1.071897894144058228e-02
1.108660921454429626e-02
1.059317961335182190e-02
1.126329600811004639e-02
1.038969308137893677e-02
1.045327074825763702e-02
1.012305822223424911e-02
1.049077324569225311e-02
1.072713173925876617e-02
1.067794486880302429e-02
1.050144061446189880e-02
1.061740517616271973e-02
1.046407595276832581e-02
1.038237567991018295e-02
1.032087020576000214e-02
1.039033755660057068e-02
1.032928563654422760e-02
1.043370738625526428e-02
1.040618121623992920e-02
1.034850906580686569e-02
1.089058443903923035e-02
1.409594248980283737e-02
1.070946175605058670e-02
1.079453341662883759e-02
1.060890685766935349e-02
1.069823186844587326e-02
1.046522893011569977e-02
1.057121343910694122e-02
1.406278461217880249e-02
1.033663842827081680e-02
1.109493523836135864e-02
1.099856570363044739e-02
1.084678526967763901e-02
1.052866876125335693e-02
1.014079991728067398e-02
1.024235785007476807e-02
1.119171082973480225e-02
1.068319939076900482e-02
1.058180816471576691e-02
1.044531725347042084e-02
1.060693617910146713e-02
1.073455996811389923e-02
1.068532746285200119e-02
1.089615002274513245e-02
9.833866730332374573e-03
1.146231405436992645e-02
1.056916546076536179e-02
9.943442419171333313e-03
1.046150177717208862e-02
1.034763082861900330e-02
1.033117435872554779e-02
1.057409495115280151e-02
1.108326576650142670e-02
1.000565569847822189e-02
1.099315844476222992e-02
1.062821596860885620e-02
1.022750325500965118e-02
9.718364104628562927e-03
1.025648321956396103e-02
1.086929254233837128e-02
1.140196062624454498e-02
1.150313019752502441e-02
1.001711096614599228e-02
1.060883793979883194e-02
1.054527889937162399e-02
1.054040528833866119e-02
9.989751502871513367e-03
1.116102561354637146e-02
1.081369165331125259e-02
1.048506237566471100e-02
1.068141870200634003e-02
1.068276818841695786e-02
1.003547757863998413e-02
1.043722033500671387e-02
1.089777052402496338e-02
1.054482068866491318e-02
1.043808646500110626e-02
9.588240645825862885e-03
1.098317839205265045e-02
1.068078912794589996e-02
1.053961366415023804e-02
1.011119969189167023e-02
1.032363343983888626e-02
1.046957820653915405e-02
1.043520681560039520e-02
1.024012640118598938e-02
1.014440134167671204e-02
1.058530341833829880e-02
1.009056251496076584e-02
1.013306528329849243e-02
1.065713725984096527e-02
1.062586437910795212e-02
1.012262329459190369e-02
1.038106717169284821e-02
1.036457158625125885e-02
1.015433203428983688e-02
9.942783974111080170e-03
1.119888573884963989e-02
1.000566035509109497e-02
1.015465520322322845e-02
1.056339405477046967e-02
1.100520417094230652e-02
1.103350333869457245e-02
1.061864662915468216e-02
1.031204871833324432e-02
1.037862896919250488e-02
1.053345575928688049e-02
1.018087752163410187e-02
1.037561520934104919e-02
1.034851372241973877e-02
1.053037773817777634e-02
1.201374083757400513e-02
1.092878915369510651e-02
1.027404144406318665e-02
1.092326641082763672e-02
1.032762601971626282e-02
1.077905949205160141e-02
1.093991659581661224e-02
1.007402315735816956e-02
1.118857786059379578e-02
1.038320548832416534e-02
1.049032993614673615e-02
1.000083703547716141e-02
1.082297600805759430e-02
1.069879066199064255e-02
1.060108095407485962e-02
1.010332629084587097e-02
1.059857103973627090e-02
1.030773483216762543e-02
1.084441877901554108e-02
1.564258709549903870e-02
1.112895365804433823e-02
1.049455162137746811e-02
1.022060215473175049e-02
1.058929786086082458e-02
1.023812778294086456e-02
9.961735457181930542e-03
1.009269431233406067e-02
1.067160069942474365e-02
1.038640737533569336e-02
1.054925471544265747e-02
1.033647079020738602e-02
1.034763175994157791e-02
1.018981449306011200e-02
1.045513711869716644e-02
1.028867438435554504e-02
1.082332246005535126e-02
1.076854020357131958e-02
1.018094271421432495e-02
1.052273809909820557e-02
1.009885780513286591e-02
1.053747814148664474e-02
1.031141914427280426e-02
1.085570082068443298e-02
1.089158840477466583e-02
1.019393652677536011e-02
1.002440229058265686e-02
1.044711284339427948e-02
9.779800660908222198e-03
1.001011021435260773e-02
1.003652345389127731e-02
1.050554960966110229e-02
1.049323752522468567e-02
1.008304394781589508e-02
1.083101518452167511e-02
9.517617523670196533e-03
1.027440652251243591e-02
1.028942037373781204e-02
9.871073067188262939e-03
1.040758937597274780e-02
1.026782020926475525e-02
1.082557626068592072e-02
1.015344634652137756e-02
1.118926610797643661e-02
9.852115064859390259e-03
1.131643913686275482e-02
1.098904106765985489e-02
1.062616147100925446e-02
1.043304428458213806e-02
1.013204175978899002e-02
1.053737476468086243e-02
1.095413975417613983e-02
1.037390157580375671e-02
1.054075732827186584e-02
1.130832359194755554e-02
9.752556681632995605e-03
1.334536634385585785e-02
9.765707887709140778e-03
1.011015009135007858e-02
1.210766565054655075e-02
1.073601469397544861e-02
1.068693213164806366e-02
1.053923834115266800e-02
1.094403211027383804e-02
1.050200778990983963e-02
1.041973009705543518e-02
1.062703877687454224e-02
1.058069244027137756e-02
1.078036334365606308e-02
1.050790771842002869e-02
1.062470395117998123e-02
8.968937210738658905e-03
1.075710076838731766e-02
1.045053824782371521e-02
1.057618297636508942e-02
1.030486356467008591e-02
1.042871549725532532e-02
1.072999183088541031e-02
1.023869030177593231e-02
1.045112870633602142e-02
1.025410927832126617e-02
1.049697026610374451e-02
1.086169760674238205e-02
9.779794141650199890e-03
1.038617454469203949e-02
8.977044373750686646e-03
1.035063713788986206e-02
1.042343676090240479e-02
1.045747380703687668e-02
1.583851873874664307e-02
1.012721471488475800e-02
1.022314373403787613e-02
1.034572720527648926e-02
1.059195306152105331e-02
1.079675275832414627e-02
1.011217478662729263e-02
1.116557046771049500e-02
1.047057844698429108e-02
1.086408365517854691e-02
1.015787106007337570e-02
1.125217508524656296e-02
1.080442871898412704e-02
1.047065667808055878e-02
1.140815392136573792e-02
1.017832383513450623e-02
1.099346019327640533e-02
1.057434827089309692e-02
1.067171338945627213e-02
1.044325157999992371e-02
1.086902990937232971e-02
9.323677979409694672e-03
1.072393450886011124e-02
1.078084111213684082e-02
1.020463928580284119e-02
1.062160544097423553e-02
1.111229322850704193e-02
1.136962603777647018e-02
1.075000595301389694e-02
1.031246036291122437e-02
1.032391004264354706e-02
1.037056930363178253e-02
1.037583872675895691e-02
1.042816229164600372e-02
1.011347211897373199e-02
1.059739012271165848e-02
1.034444756805896759e-02
1.005160622298717499e-02
9.254254400730133057e-03
1.059029065072536469e-02
1.052803359925746918e-02
1.043764408677816391e-02
1.076994277536869049e-02
1.058998610824346542e-02
1.045995205640792847e-02
1.036909222602844238e-02
1.035144925117492676e-02
1.083686202764511108e-02
1.078049652278423309e-02
1.045401766896247864e-02
1.129316538572311401e-02
1.077121123671531677e-02
1.013179868459701538e-02
1.040433254092931747e-02
9.412688203155994415e-03
1.112941838800907135e-02
1.119294203817844391e-02
1.079522166401147842e-02
1.094742678105831146e-02
1.127253286540508270e-02
1.059160009026527405e-02
1.021367777138948441e-02
9.935138747096061707e-03
1.056425459682941437e-02
9.939996525645256042e-03
1.037159375846385956e-02
1.048175990581512451e-02
1.059828326106071472e-02
1.049414835870265961e-02
1.032522134482860565e-02
9.748579934239387512e-03
1.071518193930387497e-02
1.053415797650814056e-02
1.048137620091438293e-02
9.821303188800811768e-03
1.077481545507907867e-02
9.838593192398548126e-03
1.074660941958427429e-02
1.022360660135746002e-02
1.015881821513175964e-02
1.082783844321966171e-02
1.012822985649108887e-02
1.044866163283586502e-02
1.039196550846099854e-02
1.037008035928010941e-02
1.050416380167007446e-02
1.003835722804069519e-02
1.106433756649494171e-02
1.049123331904411316e-02
1.044529210776090622e-02
1.048173196613788605e-02
1.017811149358749390e-02
1.029159780591726303e-02
1.057885400950908661e-02
1.038655266165733337e-02
1.038055308163166046e-02
1.040127966552972794e-02
1.002025324851274490e-02
1.244160812348127365e-02
1.061786338686943054e-02
1.059232372790575027e-02
1.064779795706272125e-02
1.069897226989269257e-02
1.063953433185815811e-02
1.089740730822086334e-02
9.747639298439025879e-03
1.138609740883111954e-02
1.035720482468605042e-02
1.059351116418838501e-02
1.063439622521400452e-02
1.109551172703504562e-02
1.022998988628387451e-02
1.003989018499851227e-02
1.155837252736091614e-02
1.030862797051668167e-02
1.010647322982549667e-02
9.998939931392669678e-03
1.078171469271183014e-02
1.069179363548755646e-02
1.065645739436149597e-02
1.073588803410530090e-02
1.040903292596340179e-02
1.060238480567932129e-02
1.078351307660341263e-02
1.052640192210674286e-02
1.068259403109550476e-02
1.078100875020027161e-02
9.588567540049552917e-03
1.052794884890317917e-02
1.037592161446809769e-02
1.041134446859359741e-02
1.031040214002132416e-02
1.038565021008253098e-02
1.111278310418128967e-02
9.733964689075946808e-03
1.048354618251323700e-02
1.015426777303218842e-02
1.029459387063980103e-02
1.112712174654006958e-02
1.577735319733619690e-02
9.740206412971019745e-03
1.010794844478368759e-02
1.093979831784963608e-02
1.023500971496105194e-02
1.064230315387248993e-02
1.031141914427280426e-02
2.555260434746742249e-02
1.032828539609909058e-02
9.034004062414169312e-03
1.033530849963426590e-02
1.063004322350025177e-02
1.058865711092948914e-02
1.033965684473514557e-02
1.109990570694208145e-02
1.053516566753387451e-02
1.053298264741897583e-02
1.135379262268543243e-02
1.013287901878356934e-02
9.678957052528858185e-03
1.064001210033893585e-02
1.064511854201555252e-02
1.175924390554428101e-02
1.027023233473300934e-02
1.052283868193626404e-02
1.044516637921333313e-02
1.054923608899116516e-02
8.869576267898082733e-03
1.046962291002273560e-02
1.088894624263048172e-02
1.040378864854574203e-02
1.014238595962524414e-02
1.020130328834056854e-02
1.111131720244884491e-02
1.079592108726501465e-02
1.461775507777929306e-02
1.011729240417480469e-02
1.032590121030807495e-02
1.057264488190412521e-02
1.109579391777515411e-02
1.021462865173816681e-02
1.113359164446592331e-02
1.014022342860698700e-02
1.055893488228321075e-02
1.020380761474370956e-02
1.043510809540748596e-02
1.035946793854236603e-02
1.022520940750837326e-02
1.102230697870254517e-02
1.043969579041004181e-02
1.052458770573139191e-02
1.007526367902755737e-02
1.031339727342128754e-02
1.025482639670372009e-02
1.015774533152580261e-02
1.059752702713012695e-02
1.092619448900222778e-02
1.036913506686687469e-02
1.066104602068662643e-02
9.754272177815437317e-03
1.060719788074493408e-02
1.070324890315532684e-02
1.051124557852745056e-02
1.036151126027107239e-02
1.173186674714088440e-02
1.001010928303003311e-02
1.037194952368736267e-02
1.024484168738126755e-02
1.056589186191558838e-02
1.036070473492145538e-02
1.115847192704677582e-02
1.040970813482999802e-02
1.021619513630867004e-02
1.101099513471126556e-02
1.031203847378492355e-02
1.063838694244623184e-02
1.189182791858911514e-02
1.107733417302370071e-02
1.014206372201442719e-02
1.003931462764739990e-02
1.056242734193801880e-02
1.016473770141601562e-02
1.065418310463428497e-02
1.001262478530406952e-02
9.997851215302944183e-03
1.085024792701005936e-02
1.050339639186859131e-02
1.037133112549781799e-02
1.066344603896141052e-02
1.041459105908870697e-02
1.042205095291137695e-02
1.098214369267225266e-02
1.051609031856060028e-02
1.216991711407899857e-02
1.078038476407527924e-02
1.024691015481948853e-02
1.050723996013402939e-02
1.071387529373168945e-02
1.101292390376329422e-02
1.102238520979881287e-02
1.063093356788158417e-02
1.000748388469219208e-02
1.037185173481702805e-02
1.078731101006269455e-02
1.069482881575822830e-02
1.051322557032108307e-02
1.065325923264026642e-02
1.053696218878030777e-02
1.036700885742902756e-02
1.050204783678054810e-02
1.083590462803840637e-02
1.069482602179050446e-02
1.058149989694356918e-02
1.042881049215793610e-02
1.032996457070112228e-02
1.128814928233623505e-02
1.029939390718936920e-02
9.734788909554481506e-03
1.025130692869424820e-02
1.049929857254028320e-02
1.080532930791378021e-02
9.825823828577995300e-03
1.201068796217441559e-02
9.529666043817996979e-03
1.160529069602489471e-02
1.050009112805128098e-02
1.155101135373115540e-02
1.021403446793556213e-02
1.087837573140859604e-02
1.086832396686077118e-02
1.412719488143920898e-02
1.062385924160480499e-02
1.023786235600709915e-02
1.082928851246833801e-02
1.054992340505123138e-02
1.084063015878200531e-02
1.043626666069030762e-02
1.146043278276920319e-02
1.036196760833263397e-02
1.058572251349687576e-02
1.064445078372955322e-02
1.069434639066457748e-02
9.590961970388889313e-03
1.054019667208194733e-02
1.091998256742954254e-02
1.044580154120922089e-02
1.678102836012840271e-02
1.601908914744853973e-02
1.203793194144964218e-02
1.043861359357833862e-02
1.017131190747022629e-02
1.031951420009136200e-02
9.998010471463203430e-03
1.049792580306529999e-02
1.046429015696048737e-02
8.832893334329128265e-03
1.100546866655349731e-02
9.984095580875873566e-03
1.063406933099031448e-02
1.043323520570993423e-02
1.020661182701587677e-02
1.085247285664081573e-02
1.049663685262203217e-02
1.074586529284715652e-02
1.057743094861507416e-02
8.915989659726619720e-03
1.109426841139793396e-02
1.028217002749443054e-02
1.084410306066274643e-02
9.928412735462188721e-03
1.053258217871189117e-02
1.019916869699954987e-02
1.091541908681392670e-02
1.020743791013956070e-02
1.118858717381954193e-02
1.036176085472106934e-02
9.552140720188617706e-03
1.034450065344572067e-02
1.046094018965959549e-02
1.150462962687015533e-02
1.132078655064105988e-02
1.044150441884994507e-02
1.057220995426177979e-02
1.050919853150844574e-02
1.081044133752584457e-02
1.064977515488862991e-02
1.070576347410678864e-02
1.021829620003700256e-02
1.114302873611450195e-02
1.048552431166172028e-02
1.064554136246442795e-02
1.013476774096488953e-02
1.038095355033874512e-02
1.058946829289197922e-02
1.045949477702379227e-02
9.896040894091129303e-03
1.186013594269752502e-02
1.068851910531520844e-02
1.076473202556371689e-02
1.025607716292142868e-02
9.197067469358444214e-03
9.887780994176864624e-03
1.042333524674177170e-02
1.038127392530441284e-02
9.974267333745956421e-03
1.076814625412225723e-02
1.075125858187675476e-02
9.479543194174766541e-03
1.036201417446136475e-02
1.020837388932704926e-02
1.053817197680473328e-02
1.063512358814477921e-02
1.077868416905403137e-02
1.099093444645404816e-02
1.484294515103101730e-02
1.055567897856235504e-02
1.041585672646760941e-02
1.036982610821723938e-02
1.024963892996311188e-02
1.043928042054176331e-02
1.029918715357780457e-02
1.076805219054222107e-02
1.041734591126441956e-02
1.051489543169736862e-02
1.032849773764610291e-02
1.025792956352233887e-02
1.068870909512042999e-02
1.113296300172805786e-02
1.049169059842824936e-02
1.040241587907075882e-02
1.034423895180225372e-02
1.099010370671749115e-02
1.024676114320755005e-02
1.107686851173639297e-02
1.010491885244846344e-02
1.042734272778034210e-02
1.020630635321140289e-02
1.013530883938074112e-02
1.040747016668319702e-02
1.014993153512477875e-02
1.067345961928367615e-02
1.009076647460460663e-02
1.063078362494707108e-02
1.090942043811082840e-02
1.081897038966417313e-02
1.018778234720230103e-02
1.020550914108753204e-02
1.053270418196916580e-02
1.076791994273662567e-02
1.024053804576396942e-02
1.078894175589084625e-02
1.079146191477775574e-02
1.070156507194042206e-02
1.156087778508663177e-02
1.021016202867031097e-02
9.769479744136333466e-03
1.051868312060832977e-02
1.063533872365951538e-02
1.070922054350376129e-02
1.065401174128055573e-02
1.051714643836021423e-02
9.234701283276081085e-03
1.712714880704879761e-02
1.048149541020393372e-02
1.081747654825448990e-02
1.018648780882358551e-02
1.060602907091379166e-02
1.045949198305606842e-02
9.758245199918746948e-03
1.073952019214630127e-02
1.142295822501182556e-02
1.067526265978813171e-02
9.841615334153175354e-03
1.024066936224699020e-02
1.064400561153888702e-02
9.947674348950386047e-03
1.041120104491710663e-02
1.240585744380950928e-02
1.042305491864681244e-02
1.056855730712413788e-02
1.023028045892715454e-02
1.105791330337524414e-02
1.095111388713121414e-02
9.736573323607444763e-03
1.085616927593946457e-02
8.990351110696792603e-03
1.094497460871934891e-02
1.076946314424276352e-02
1.030377112329006195e-02
9.957218542695045471e-03
1.069768797606229782e-02
9.987846948206424713e-03
1.045457832515239716e-02
1.072194613516330719e-02
1.065157912671566010e-02
1.063013263046741486e-02
1.033729966729879379e-02
1.077540591359138489e-02
9.832540526986122131e-03
1.075768377631902695e-02
1.052751019597053528e-02
1.081285253167152405e-02
1.070694439113140106e-02
1.059601176530122757e-02
1.078960020095109940e-02
9.431160055100917816e-03
1.043696887791156769e-02
1.016832888126373291e-02
1.049870625138282776e-02
1.020754687488079071e-02
1.029976271092891693e-02
1.038130745291709900e-02
1.039358321577310562e-02
1.216731406748294830e-02
1.083600707352161407e-02
1.008667144924402237e-02
1.037354581058025360e-02
1.036007422953844070e-02
9.981786832213401794e-03
1.079357322305440903e-02
1.046480052173137665e-02
1.048199459910392761e-02
1.031993329524993896e-02
1.022656634449958801e-02
1.051931828260421753e-02
1.078044623136520386e-02
1.061731949448585510e-02
1.013356726616621017e-02
1.051661651581525803e-02
9.992380626499652863e-03
9.414154104888439178e-03
1.025899965316057205e-02
1.096306741237640381e-02
1.004630513489246368e-02
9.797095321118831635e-03
1.046020351350307465e-02
1.033475995063781738e-02
1.062531583011150360e-02
1.097304560244083405e-02
9.495020844042301178e-03
1.010963320732116699e-02
1.069489680230617523e-02
1.023875642567873001e-02
1.029704138636589050e-02
1.046925969421863556e-02
1.078168023377656937e-02
1.029490679502487183e-02
9.313213638961315155e-03
1.139969192445278168e-02
1.057687215507030487e-02
1.097689289599657059e-02
1.037289295345544815e-02
1.064062491059303284e-02
1.035214774310588837e-02
1.126478612422943115e-02
1.044918317347764969e-02
1.089133415371179581e-02
1.019899453967809677e-02
1.023676991462707520e-02
1.096124015748500824e-02
1.010550186038017273e-02
1.081652194261550903e-02
1.052439119666814804e-02
1.340234652161598206e-02
1.066989358514547348e-02
1.094357483088970184e-02
1.100852247327566147e-02
1.019666343927383423e-02
1.097455061972141266e-02
1.191223785281181335e-02
1.011346373707056046e-02
9.797228500247001648e-03
1.090145297348499298e-02
1.038443483412265778e-02
1.035553496330976486e-02
1.005603745579719543e-02
1.107134856283664703e-02
1.014535035938024521e-02
1.048020459711551666e-02
1.041653752326965332e-02
1.010078284889459610e-02
1.068212743848562241e-02
9.785877540707588196e-03
1.066966727375984192e-02
1.051615737378597260e-02
1.080382429063320160e-02
1.021747477352619171e-02
1.034497097134590149e-02
1.060445420444011688e-02
1.062310487031936646e-02
1.029848493635654449e-02
1.048543956130743027e-02
1.055366173386573792e-02
1.065862365067005157e-02
1.014234963804483414e-02
1.041332166641950607e-02
1.067832671105861664e-02
1.074485108256340027e-02
1.070746593177318573e-02
1.022645644843578339e-02
9.837742894887924194e-03
1.039816066622734070e-02
1.059697754681110382e-02
1.002434734255075455e-02
1.077593304216861725e-02
1.016084477305412292e-02
1.051700394600629807e-02
1.022410951554775238e-02
1.047053933143615723e-02
1.048968266695737839e-02
9.828720241785049438e-03
1.072753220796585083e-02
1.008330844342708588e-02
1.050206460058689117e-02
1.092476863414049149e-02
1.036539860069751740e-02
1.019254885613918304e-02
1.058471482247114182e-02
1.090504974126815796e-02
1.041787862777709961e-02
1.058981195092201233e-02
1.070880517363548279e-02
1.076598651707172394e-02
1.115324813872575760e-02
1.041946746408939362e-02
1.024477370083332062e-02
1.069820858538150787e-02
1.069865189492702484e-02
1.005151681602001190e-02
1.028390415012836456e-02
1.050813868641853333e-02
1.024095714092254639e-02
1.048682723194360733e-02
1.015749946236610413e-02
1.003212481737136841e-02
1.085678394883871078e-02
1.023287326097488403e-02
9.899067692458629608e-03
1.059309951961040497e-02
9.235344827175140381e-03
1.045530848205089569e-02
1.129405386745929718e-02
1.106903329491615295e-02
1.039083302021026611e-02
1.049647759646177292e-02
1.025132276117801666e-02
1.073651015758514404e-02
1.036162488162517548e-02
1.016461290419101715e-02
1.059515774250030518e-02
1.036311686038970947e-02
9.724527597427368164e-03
1.063823699951171875e-02
1.025199890136718750e-02
1.065908558666706085e-02
1.097983401268720627e-02
1.077636145055294037e-02
1.061532646417617798e-02
1.040978450328111649e-02
1.091758441179990768e-02
1.051953341811895370e-02
1.062995847314596176e-02
1.037813909351825714e-02
1.056531630456447601e-02
1.027138903737068176e-02
1.073555368930101395e-02
1.089821290224790573e-02
1.085098646581172943e-02
1.171951740980148315e-02
1.089041121304035187e-02
9.744105860590934753e-03
1.053699292242527008e-02
1.136364415287971497e-02
1.037349645048379898e-02
9.867075830698013306e-03
9.666658937931060791e-03
1.082220859825611115e-02
1.026165485382080078e-02
1.056336052715778351e-02
1.235524099320173264e-02
1.077633257955312729e-02
1.138654723763465881e-02
1.113450247794389725e-02
1.042851526290178299e-02
1.038112491369247437e-02
1.036093384027481079e-02
1.022829581052064896e-02
1.053265575319528580e-02
1.060774922370910645e-02
1.042951829731464386e-02
1.078197360038757324e-02
1.002742536365985870e-02
1.058808621019124985e-02
9.994346648454666138e-03
9.771668352186679840e-03
9.845977649092674255e-03
1.000036112964153290e-02
1.048219762742519379e-02
1.066522300243377686e-02
1.074320357292890549e-02
9.657302871346473694e-03
1.084661483764648438e-02
1.054831501096487045e-02
1.105794589966535568e-02
1.028508786112070084e-02
1.024613995105028152e-02
1.064036414027214050e-02
1.022489927709102631e-02
1.026967633515596390e-02
1.079334504902362823e-02
1.025294046849012375e-02
1.076699979603290558e-02
1.062570512294769287e-02
1.051844004541635513e-02
1.063966192305088043e-02
9.829498827457427979e-03
1.061631925404071808e-02
1.017559878528118134e-02
1.040929276496171951e-02
1.125665567815303802e-02
1.091168820858001709e-02
9.757034480571746826e-03
1.087814010679721832e-02
1.053610816597938538e-02
1.064688246697187424e-02
9.858195669949054718e-03
1.053059846162796021e-02
1.011368725448846817e-02
1.019581221044063568e-02
1.073731482028961182e-02
1.059996429830789566e-02
9.659985080361366272e-03
9.988674893975257874e-03
1.029485091567039490e-02
1.037789322435855865e-02
9.849405847489833832e-03
1.063988544046878815e-02
1.028376445174217224e-02
1.062488369643688202e-02
9.106034412980079651e-03
1.054618321359157562e-02
1.089088153094053268e-02
1.106001436710357666e-02
1.053898595273494720e-02
1.028419099748134613e-02
1.056355331093072891e-02
1.048057153820991516e-02
1.036179810762405396e-02
1.052317023277282715e-02
1.245188992470502853e-02
9.866393171250820160e-03
1.044548302888870239e-02
1.077174954116344452e-02
1.070395857095718384e-02
1.024062372744083405e-02
1.079607941210269928e-02
1.077163591980934143e-02
9.182611480355262756e-03
1.071765460073947906e-02
1.409749872982501984e-02
1.168604660779237747e-02
1.032033748924732208e-02
1.039551757276058197e-02
1.052339747548103333e-02
1.079806592315435410e-02
1.018028147518634796e-02
1.065140403807163239e-02
1.292342040687799454e-02
1.072920951992273331e-02
1.058254856616258621e-02
1.050462014973163605e-02
1.078243181109428406e-02
1.049717236310243607e-02
1.065270230174064636e-02
9.916407987475395203e-03
1.078920904546976089e-02
9.384901262819766998e-03
1.082433946430683136e-02
1.078555360436439514e-02
1.075427699834108353e-02
1.102577336132526398e-02
1.060805562883615494e-02
1.022808440029621124e-02
1.045909896492958069e-02
1.059404574334621429e-02
9.801435284316539764e-03
1.011734921485185623e-02
9.636677801609039307e-03
1.028418261557817459e-02
1.064651925116777420e-02
1.031183078885078430e-02
1.052850857377052307e-02
1.095522008836269379e-02
1.035588048398494720e-02
1.062017865478992462e-02
1.040573231875896454e-02
1.054874155670404434e-02
9.709095582365989685e-03
1.067427452653646469e-02
1.038486324250698090e-02
1.039093825966119766e-02
