<system>Protocol: Active. Attitude: Sassy.</system>
5.860219895839691162e-02
6.731779128313064575e-02
5.964890867471694946e-02
7.167911529541015625e-02
5.897613614797592163e-02
5.664769187569618225e-02
5.603434517979621887e-02
6.289095431566238403e-02
6.425705552101135254e-02
6.278462707996368408e-02
6.465142220258712769e-02
6.222594529390335083e-02
6.387303024530410767e-02
6.184065341949462891e-02
6.277149915695190430e-02
5.284759402275085449e-02
6.814884394407272339e-02
6.262469291687011719e-02
6.652469187974929810e-02
6.592661142349243164e-02
5.934030562639236450e-02
5.935376510024070740e-02
5.947589129209518433e-02
6.010671705007553101e-02
6.247349455952644348e-02
7.082758843898773193e-02
5.660376697778701782e-02
5.579364299774169922e-02
6.112355738878250122e-02
6.744487583637237549e-02
6.248787790536880493e-02
7.132337242364883423e-02
6.329619884490966797e-02
6.232327967882156372e-02
6.892364472150802612e-02
5.932913348078727722e-02
7.028748095035552979e-02
6.288889050483703613e-02
5.610036849975585938e-02
6.235690042376518250e-02
6.058231741189956665e-02
6.479225307703018188e-02
6.486228108406066895e-02
5.762066692113876343e-02
6.045563519001007080e-02
5.668009072542190552e-02
6.645905971527099609e-02
6.252420693635940552e-02
6.228422746062278748e-02
6.616158783435821533e-02
5.426080897450447083e-02
6.560085713863372803e-02
6.384620070457458496e-02
5.888590961694717407e-02
5.928998440504074097e-02
7.117575407028198242e-02
6.251221895217895508e-02
5.796583741903305054e-02
6.289535760879516602e-02
6.795363873243331909e-02
6.395473331212997437e-02
6.238895282149314880e-02
6.898817420005798340e-02
6.731340289115905762e-02
