<system>Protocol: Active. Attitude: Sassy.</system>
1.403144933283329010e-02
1.372666005045175552e-02
1.334537565708160400e-02
1.364169921725988388e-02
1.368629932403564453e-02
1.394821144640445709e-02
1.363052520900964737e-02
1.266755443066358566e-02
1.376937981694936752e-02
1.327372994273900986e-02
1.354149263352155685e-02
1.345827057957649231e-02
1.325089950114488602e-02
1.370369829237461090e-02
1.377534214407205582e-02
1.357069052755832672e-02
1.175799872726202011e-02
1.391437649726867676e-02
1.325614657253026962e-02
1.364854630082845688e-02
1.350214984267950058e-02
1.343321707099676132e-02
1.371919550001621246e-02
1.354622282087802887e-02
1.345542632043361664e-02
1.376493182033300400e-02
1.365595124661922455e-02
1.357392314821481705e-02
1.343578100204467773e-02
1.374692097306251526e-02
1.246947329491376877e-02
1.336232386529445648e-02
1.329509913921356201e-02
1.356651261448860168e-02
1.357264537364244461e-02
6.377573590725660324e-03
1.353133004158735275e-02
1.347771659493446350e-02
1.365011371672153473e-02
1.333981379866600037e-02
1.368810888379812241e-02
1.327464822679758072e-02
1.368259545415639877e-02
1.368039194494485855e-02
1.293013431131839752e-02
1.325676403939723969e-02
1.360935252159833908e-02
7.970485836267471313e-03
1.360561512410640717e-02
1.339775044471025467e-02
1.341720763593912125e-02
1.347284112125635147e-02
1.362028717994689941e-02
1.349672116339206696e-02
1.324992161244153976e-02
1.364642009139060974e-02
1.341026742011308670e-02
1.338072400540113449e-02
1.361243333667516708e-02
1.332067046314477921e-02
1.389793958514928818e-02
1.364870090037584305e-02
1.358058676123619080e-02
1.350940112024545670e-02
1.358663383871316910e-02
1.376852393150329590e-02
1.355409063398838043e-02
1.362975314259529114e-02
1.343527436256408691e-02
1.326052471995353699e-02
1.395638845860958099e-02
1.009717676788568497e-02
1.327160000801086426e-02
1.362877152860164642e-02
1.340969838201999664e-02
1.363039854913949966e-02
1.300465408712625504e-02
1.385614648461341858e-02
1.333651319146156311e-02
6.794072687625885010e-03
1.360340137034654617e-02
1.337009668350219727e-02
1.354836020618677139e-02
1.339317578822374344e-02
1.369276363402605057e-02
1.367065869271755219e-02
1.377506926655769348e-02
1.366124954074621201e-02
1.354613620787858963e-02
1.331401709467172623e-02
1.354387495666742325e-02
1.349788997322320938e-02
1.340350881218910217e-02
1.378088630735874176e-02
1.364958565682172775e-02
1.375988405197858810e-02
1.380330324172973633e-02
1.339932437986135483e-02
1.329484488815069199e-02
1.252759899944067001e-02
1.337039470672607422e-02
1.369059458374977112e-02
1.346653141081333160e-02
1.350479479879140854e-02
1.389867067337036133e-02
1.366645377129316330e-02
1.339899841696023941e-02
1.338013634085655212e-02
1.340091507881879807e-02
1.356587372720241547e-02
1.340231858193874359e-02
1.320916973054409027e-02
1.325184945017099380e-02
1.297938171774148941e-02
1.332162693142890930e-02
1.395159400999546051e-02
1.390369608998298645e-02
1.290470641106367111e-02
1.338098850101232529e-02
1.389256399124860764e-02
1.364997308701276779e-02
1.384555082768201828e-02
1.369215641170740128e-02
1.362806279212236404e-02
1.331045385450124741e-02
1.350961718708276749e-02
1.415450777858495712e-02
1.341239269822835922e-02
1.372060272842645645e-02
1.287592016160488129e-02
1.358556747436523438e-02
1.345867197960615158e-02
1.350153330713510513e-02
1.354936882853507996e-02
1.331791561096906662e-02
1.337333954870700836e-02
1.330364029854536057e-02
1.392408553510904312e-02
1.349030807614326477e-02
1.360065583139657974e-02
1.342289056628942490e-02
1.337145827710628510e-02
1.317602116614580154e-02
1.364608388394117355e-02
1.328556146472692490e-02
1.360070146620273590e-02
1.314527075737714767e-02
1.258617546409368515e-02
1.367605570703744888e-02
1.327935419976711273e-02
1.169993542134761810e-02
1.332034543156623840e-02
1.364233251661062241e-02
1.341258082538843155e-02
1.317725703120231628e-02
1.351005677133798599e-02
1.312756258994340897e-02
1.351417694240808487e-02
1.319858990609645844e-02
1.312407478690147400e-02
1.354658883064985275e-02
1.358058210462331772e-02
1.357020717114210129e-02
1.337548531591892242e-02
1.346348598599433899e-02
1.340685691684484482e-02
1.326962467283010483e-02
1.338005904108285904e-02
1.348814927041530609e-02
1.359508838504552841e-02
1.367583591490983963e-02
1.335300412029027939e-02
1.375077012926340103e-02
1.344364881515502930e-02
1.354291755706071854e-02
1.358153298497200012e-02
1.282011251896619797e-02
1.357988640666007996e-02
1.375342532992362976e-02
1.304340455681085587e-02
1.377574168145656586e-02
1.349851489067077637e-02
1.343794539570808411e-02
1.349664945155382156e-02
1.232028100639581680e-02
1.362537965178489685e-02
1.361396349966526031e-02
1.370060164481401443e-02
1.347952801734209061e-02
1.278453972190618515e-02
1.347805839031934738e-02
1.309664454311132431e-02
1.310422737151384354e-02
1.304839923977851868e-02
1.323063112795352936e-02
1.328635122627019882e-02
1.234902720898389816e-02
1.329359970986843109e-02
1.308158598840236664e-02
1.365255936980247498e-02
1.325176004320383072e-02
1.348823308944702148e-02
1.282019261270761490e-02
1.360223256051540375e-02
1.376596651971340179e-02
1.347167138010263443e-02
1.348358951508998871e-02
1.343831699341535568e-02
1.326868776232004166e-02
1.328515168279409409e-02
1.332297641783952713e-02
1.328559312969446182e-02
1.276498101651668549e-02
1.355846319347620010e-02
1.299824751913547516e-02
1.370841916650533676e-02
1.366362534463405609e-02
1.355244312435388565e-02
1.344240270555019379e-02
1.258559525012969971e-02
1.169369742274284363e-02
1.279021520167589188e-02
1.332836691290140152e-02
9.089715778827667236e-03
1.378216128796339035e-02
1.357398647814989090e-02
1.362343132495880127e-02
1.358663197606801987e-02
1.340005733072757721e-02
1.330383028835058212e-02
1.382740214467048645e-02
1.192852016538381577e-02
1.370147708803415298e-02
1.351117528975009918e-02
1.340018119663000107e-02
1.356258429586887360e-02
1.365948934108018875e-02
1.355564221739768982e-02
1.313899550586938858e-02
1.294998265802860260e-02
1.354525331407785416e-02
1.340949255973100662e-02
1.361507456749677658e-02
1.323339901864528656e-02
1.291825436055660248e-02
1.303708273917436600e-02
1.349951419979333878e-02
1.323460135608911514e-02
1.394241489470005035e-02
1.380355563014745712e-02
1.357180718332529068e-02
1.306478306651115417e-02
1.356312353163957596e-02
1.337583269923925400e-02
1.342735812067985535e-02
1.332469936460256577e-02
1.358248572796583176e-02
1.347777526825666428e-02
1.345228590071201324e-02
1.350023224949836731e-02
1.336308941245079041e-02
1.370365917682647705e-02
1.345917582511901855e-02
1.367934979498386383e-02
1.353359781205654144e-02
1.364989671856164932e-02
1.364478841423988342e-02
1.360892411321401596e-02
1.382578536868095398e-02
1.354845520108938217e-02
1.347754988819360733e-02
1.361411716789007187e-02
1.319008506834506989e-02
1.328567788004875183e-02
1.358940824866294861e-02
7.269014604389667511e-03
1.344737038016319275e-02
1.373462937772274017e-02
1.353473309427499771e-02
1.336137577891349792e-02
1.359784230589866638e-02
1.378883328288793564e-02
1.314769126474857330e-02
1.374564133584499359e-02
1.354946102946996689e-02
1.319718081504106522e-02
1.344761811196804047e-02
1.350467279553413391e-02
1.364220771938562393e-02
1.321539562195539474e-02
1.248804572969675064e-02
1.340289507061243057e-02
1.327168941497802734e-02
1.364571414887905121e-02
1.030368171632289886e-02
1.376192830502986908e-02
1.335920486599206924e-02
1.268255803734064102e-02
1.354342605918645859e-02
1.309713348746299744e-02
1.342574600130319595e-02
1.360221114009618759e-02
1.377928815782070160e-02
1.331996265798807144e-02
1.346631441265344620e-02
1.325397565960884094e-02
1.351257786154747009e-02
1.336599607020616531e-02
1.362725812941789627e-02
1.327831204980611801e-02
1.349063310772180557e-02
1.137865427881479263e-02
1.349251065403223038e-02
1.345232129096984863e-02
1.348531804978847504e-02
1.374431606382131577e-02
1.315753255039453506e-02
1.358531787991523743e-02
1.349521614611148834e-02
1.361374184489250183e-02
1.404248550534248352e-02
1.346831861883401871e-02
1.335160341113805771e-02
1.314369682222604752e-02
1.372480671852827072e-02
1.378451194614171982e-02
1.317902468144893646e-02
1.379261817783117294e-02
1.364743430167436600e-02
1.364715676754713058e-02
1.352038700133562088e-02
1.346395071595907211e-02
1.359388232231140137e-02
1.331518869847059250e-02
1.351440045982599258e-02
1.343943551182746887e-02
1.272120513021945953e-02
1.368212979286909103e-02
1.335749868303537369e-02
1.330047287046909332e-02
1.333939936012029648e-02
1.252407487481832504e-02
1.372693106532096863e-02
1.346896216273307800e-02
1.217576023191213608e-02
1.347405835986137390e-02
1.360658369958400726e-02
1.302094478160142899e-02
1.360094547271728516e-02
1.355706807225942612e-02
1.317215338349342346e-02
1.347848214209079742e-02
1.353356242179870605e-02
1.321736257523298264e-02
1.340763177722692490e-02
1.350543741136789322e-02
1.329018827527761459e-02
1.381848100572824478e-02
1.350619178265333176e-02
1.366111915558576584e-02
1.365041825920343399e-02
1.348486822098493576e-02
1.335571799427270889e-02
1.366098597645759583e-02
1.324297860264778137e-02
1.258655730634927750e-02
1.364813838154077530e-02
1.347252726554870605e-02
1.361181214451789856e-02
1.283256337046623230e-02
1.361125428229570389e-02
1.330416556447744370e-02
1.344215031713247299e-02
1.338443718850612640e-02
1.348423678427934647e-02
1.384863257408142090e-02
1.339272782206535339e-02
1.354418415576219559e-02
1.184831187129020691e-02
1.358747761696577072e-02
9.113401174545288086e-03
1.352772768586874008e-02
1.359226647764444351e-02
1.351741608232259750e-02
1.349441334605216980e-02
1.327351666986942291e-02
1.377755030989646912e-02
1.046153344213962555e-02
1.353468094021081924e-02
1.327544171363115311e-02
1.346877589821815491e-02
1.372940465807914734e-02
1.348499301820993423e-02
1.356895826756954193e-02
1.352693699300289154e-02
1.383605878800153732e-02
1.354269590228796005e-02
1.328112091869115829e-02
1.342590805143117905e-02
1.354120764881372452e-02
1.350235659629106522e-02
1.371735241264104843e-02
1.354862097650766373e-02
1.350673194974660873e-02
1.348623633384704590e-02
1.333202421665191650e-02
1.372256875038146973e-02
1.356437522917985916e-02
1.345214899629354477e-02
1.318524871021509171e-02
1.283298339694738388e-02
3.062975965440273285e-02
1.364641543477773666e-02
1.085999049246311188e-02
1.356774847954511642e-02
1.341315545141696930e-02
1.328094676136970520e-02
1.352135930210351944e-02
1.372973248362541199e-02
1.235425751656293869e-02
1.329406537115573883e-02
1.363069750368595123e-02
1.298421062529087067e-02
1.359328068792819977e-02
1.108423247933387756e-02
1.335775014013051987e-02
1.040057837963104248e-02
1.355893816798925400e-02
1.355650369077920914e-02
1.142552495002746582e-02
1.340872980654239655e-02
1.356220245361328125e-02
1.361692789942026138e-02
1.323536690324544907e-02
1.344666536897420883e-02
1.362344902008771896e-02
1.347078941762447357e-02
1.378662977367639542e-02
1.097385492175817490e-02
1.346801593899726868e-02
1.357890758663415909e-02
1.365527790039777756e-02
1.353070139884948730e-02
1.369968615472316742e-02
9.024012833833694458e-03
6.087708286941051483e-03
1.322985347360372543e-02
1.364212576299905777e-02
1.325140241533517838e-02
1.302793901413679123e-02
1.367014646530151367e-02
1.339931134134531021e-02
1.332148909568786621e-02
1.356460060924291611e-02
1.348205283284187317e-02
1.288672164082527161e-02
1.289463695138692856e-02
1.312464848160743713e-02
1.347670797258615494e-02
1.331908348947763443e-02
1.313011907041072845e-02
1.347329095005989075e-02
1.281278952956199646e-02
9.971648454666137695e-03
1.373717747628688812e-02
1.370374485850334167e-02
1.159934140741825104e-02
1.276208460330963135e-02
1.320280786603689194e-02
1.063357479870319366e-02
1.330842357128858566e-02
1.356751564890146255e-02
1.305104792118072510e-02
1.337289437651634216e-02
1.326790545135736465e-02
1.369909290224313736e-02
1.382623240351676941e-02
8.498637005686759949e-03
1.361960172653198242e-02
1.356754824519157410e-02
1.356220152229070663e-02
1.333920285105705261e-02
1.342255715280771255e-02
1.357958372682332993e-02
1.355354581028223038e-02
1.389902550727128983e-02
8.966692723333835602e-03
1.324867643415927887e-02
1.373550016433000565e-02
1.175038516521453857e-02
1.353456359356641769e-02
1.391739211976528168e-02
1.357701979577541351e-02
1.358823105692863464e-02
1.363242790102958679e-02
1.361266616731882095e-02
1.417252700775861740e-02
1.099439337849617004e-02
1.368637289851903915e-02
1.342831179499626160e-02
1.352957449853420258e-02
7.141740527004003525e-03
1.360178925096988678e-02
1.371047738939523697e-02
1.322252117097377777e-02
1.376539561897516251e-02
1.329827867448329926e-02
1.365144643932580948e-02
1.353244855999946594e-02
1.382760610431432724e-02
1.371417846530675888e-02
1.357652340084314346e-02
7.720416411757469177e-03
1.236150320619344711e-02
1.355423126369714737e-02
1.395807228982448578e-02
1.366451755166053772e-02
1.281463541090488434e-02
1.353903766721487045e-02
1.307980809360742569e-02
1.367549505084753036e-02
1.261943578720092773e-02
1.355733536183834076e-02
1.329455617815256119e-02
1.371042337268590927e-02
8.261439390480518341e-03
1.359123829752206802e-02
1.377792283892631531e-02
1.339873112738132477e-02
1.329385023564100266e-02
1.360146142542362213e-02
1.338674779981374741e-02
1.362068019807338715e-02
1.357851549983024597e-02
1.313170790672302246e-02
1.364435628056526184e-02
1.351669151335954666e-02
1.358085498213768005e-02
1.366066373884677887e-02
1.361623127013444901e-02
1.353610772639513016e-02
1.026341319084167480e-02
1.376322284340858459e-02
1.350275520235300064e-02
1.301019452512264252e-02
1.367165427654981613e-02
1.338130142539739609e-02
1.320830825716257095e-02
1.376524288207292557e-02
1.390475127846002579e-02
1.361530087888240814e-02
1.340264640748500824e-02
1.342979632318019867e-02
1.334048807621002197e-02
1.387768983840942383e-02
1.345484331250190735e-02
1.337809581309556961e-02
1.349319890141487122e-02
1.371455471962690353e-02
1.363424398005008698e-02
1.300764642655849457e-02
1.329814456403255463e-02
1.355761568993330002e-02
1.370623707771301270e-02
1.380771119147539139e-02
1.343785133212804794e-02
1.324637886136770248e-02
1.366443652659654617e-02
1.376479584723711014e-02
1.385490316897630692e-02
1.354001089930534363e-02
1.370380725711584091e-02
1.239730510860681534e-02
1.343039516359567642e-02
1.356293912976980209e-02
1.343224570155143738e-02
1.370357256382703781e-02
1.352639589458703995e-02
1.385334972292184830e-02
1.303983014076948166e-02
1.300085149705410004e-02
1.321556046605110168e-02
1.365195866674184799e-02
1.368825696408748627e-02
1.317683979868888855e-02
1.348410826176404953e-02
1.358416676521301270e-02
1.320250239223241806e-02
1.374392304569482803e-02
1.359280105680227280e-02
1.364050898700952530e-02
1.362592354416847229e-02
1.189773157238960266e-02
1.387788727879524231e-02
1.368804182857275009e-02
1.338098384439945221e-02
1.366749126464128494e-02
1.333213131874799728e-02
1.351157110184431076e-02
1.330105680972337723e-02
1.323598623275756836e-02
1.346671674400568008e-02
1.353866420686244965e-02
1.354376692324876785e-02
1.360149122774600983e-02
1.350385230034589767e-02
1.368287485092878342e-02
1.363224629312753677e-02
1.372598204761743546e-02
1.365714333951473236e-02
1.334112044423818588e-02
1.337448880076408386e-02
1.357618626207113266e-02
1.360268332064151764e-02
1.382375601679086685e-02
1.366486027836799622e-02
1.392415538430213928e-02
1.353162527084350586e-02
1.292127370834350586e-02
1.317616179585456848e-02
1.364668644964694977e-02
1.288776937872171402e-02
1.365345343947410583e-02
1.317611057311296463e-02
1.242992840707302094e-02
1.365215983241796494e-02
1.311238948255777359e-02
1.310568209737539291e-02
1.357904169708490372e-02
1.292735897004604340e-02
1.322345342487096786e-02
1.339183468371629715e-02
1.380324363708496094e-02
1.351978443562984467e-02
1.346248667687177658e-02
1.332603488117456436e-02
1.389486808329820633e-02
1.322584506124258041e-02
1.294721662998199463e-02
1.369737181812524796e-02
1.369488798081874847e-02
1.351014897227287292e-02
1.329366955906152725e-02
1.215212140232324600e-02
1.243288721889257431e-02
1.193154789507389069e-02
1.335780415683984756e-02
1.354156062006950378e-02
1.342570502310991287e-02
1.313842460513114929e-02
1.334854401648044586e-02
1.189369615167379379e-02
1.366511546075344086e-02
1.347448024898767471e-02
1.354365143924951553e-02
1.322836335748434067e-02
1.357084233313798904e-02
1.359341759234666824e-02
1.341597177088260651e-02
1.363829616457223892e-02
1.308781001716852188e-02
9.734936058521270752e-03
1.357373036444187164e-02
8.874733000993728638e-03
1.352420728653669357e-02
1.343375444412231445e-02
1.361682359129190445e-02
1.355239190161228180e-02
7.580912206321954727e-03
1.180601213127374649e-02
1.312406454235315323e-02
1.345936860889196396e-02
1.344876643270254135e-02
1.328356657177209854e-02
1.360928174108266830e-02
1.331786718219518661e-02
1.361349318176507950e-02
1.359200105071067810e-02
1.368016377091407776e-02
1.366465911269187927e-02
1.335890684276819229e-02
1.357310172170400620e-02
1.338682509958744049e-02
1.293597184121608734e-02
1.356572192162275314e-02
1.349085010588169098e-02
1.322399359196424484e-02
8.485862985253334045e-03
1.332796178758144379e-02
1.387010794132947922e-02
1.339188218116760254e-02
1.349471788853406906e-02
1.361192110925912857e-02
1.334586180746555328e-02
1.354762632399797440e-02
1.315872371196746826e-02
1.359048485755920410e-02
1.358373090624809265e-02
1.322553213685750961e-02
1.383091136813163757e-02
1.348946616053581238e-02
1.358253601938486099e-02
1.258806511759757996e-02
1.244452036917209625e-02
1.352263335138559341e-02
1.323830801993608475e-02
1.355150714516639709e-02
1.350923161953687668e-02
9.116029366850852966e-03
6.288378033787012100e-03
1.338515896350145340e-02
1.357001345604658127e-02
1.328808069229125977e-02
1.327894348651170731e-02
1.339565310627222061e-02
1.353584602475166321e-02
1.291917916387319565e-02
1.373867969959974289e-02
1.367183960974216461e-02
1.360106468200683594e-02
1.361981872469186783e-02
1.323873177170753479e-02
1.385265495628118515e-02
1.287114061415195465e-02
1.334048900753259659e-02
1.310506463050842285e-02
1.353128347545862198e-02
1.368342898786067963e-02
1.343544200062751770e-02
1.297296490520238876e-02
1.397593319416046143e-02
1.341769937425851822e-02
1.346267480403184891e-02
1.375024020671844482e-02
1.290848199278116226e-02
7.640337571501731873e-03
1.352201309055089951e-02
1.316797453910112381e-02
5.904555786401033401e-03
1.373040676116943359e-02
1.354353502392768860e-02
1.406513433903455734e-02
1.386354211717844009e-02
1.366897299885749817e-02
9.455304592847824097e-03
1.341253891587257385e-02
1.308548729866743088e-02
1.343125477433204651e-02
1.316471304744482040e-02
1.168650388717651367e-02
1.352082565426826477e-02
1.366091426461935043e-02
1.301178429275751114e-02
1.260696630924940109e-02
1.329849753528833389e-02
1.392109040170907974e-02
1.089240238070487976e-02
1.356052234768867493e-02
1.222079433500766754e-02
1.373969949781894684e-02
1.276427786797285080e-02
1.312412321567535400e-02
1.380115468055009842e-02
1.354251429438591003e-02
1.256205234676599503e-02
1.231837272644042969e-02
1.336719747632741928e-02
1.362126227468252182e-02
1.346086896955966949e-02
1.335912942886352539e-02
1.326343789696693420e-02
1.354004815220832825e-02
1.271024905145168304e-02
1.349300425499677658e-02
1.047118101269006729e-02
1.342953648418188095e-02
1.369157433509826660e-02
1.335110701620578766e-02
1.251806691288948059e-02
1.125210616737604141e-02
1.358968298882246017e-02
1.350303832441568375e-02
1.357355713844299316e-02
1.329201180487871170e-02
1.388222258538007736e-02
1.384274382144212723e-02
1.352091506123542786e-02
1.335757598280906677e-02
1.361000537872314453e-02
1.236534677445888519e-02
1.367549505084753036e-02
1.339873019605875015e-02
1.310889422893524170e-02
1.359205599874258041e-02
1.348148379474878311e-02
1.369176898151636124e-02
1.171656884253025055e-02
1.336471643298864365e-02
1.368377450853586197e-02
1.359851285815238953e-02
1.355362031608819962e-02
1.308567170053720474e-02
1.349778193980455399e-02
1.349975541234016418e-02
1.368499081581830978e-02
1.376979891210794449e-02
1.313857082277536392e-02
1.340428646653890610e-02
1.376275345683097839e-02
1.349209342151880264e-02
1.299537625163793564e-02
1.353787817060947418e-02
1.369734480977058411e-02
1.362507604062557220e-02
1.361839845776557922e-02
1.338221505284309387e-02
1.365772727876901627e-02
1.340126432478427887e-02
1.365559455007314682e-02
1.377094909548759460e-02
1.304345205426216125e-02
1.054130960255861282e-02
1.362057309597730637e-02
1.335715968161821365e-02
1.328852120786905289e-02
1.368015073239803314e-02
1.367646176367998123e-02
1.334970071911811829e-02
1.368492282927036285e-02
1.311998162418603897e-02
1.375147979706525803e-02
1.357392873615026474e-02
1.313156727701425552e-02
1.247355621308088303e-02
7.345520425587892532e-03
1.351929362863302231e-02
1.314453873783349991e-02
1.326760742813348770e-02
1.372801139950752258e-02
1.326622627675533295e-02
1.360397972166538239e-02
1.338409166783094406e-02
1.350050233304500580e-02
1.155608054250478745e-02
1.344890519976615906e-02
1.306427083909511566e-02
1.356556918472051620e-02
1.303874235600233078e-02
1.358055695891380310e-02
1.346023473888635635e-02
1.308498345315456390e-02
1.346908602863550186e-02
1.361991558223962784e-02
1.334148924797773361e-02
1.372808311134576797e-02
1.367532555013895035e-02
1.315161027014255524e-02
1.379033364355564117e-02
1.355484500527381897e-02
1.353277172893285751e-02
1.363187935203313828e-02
1.328501477837562561e-02
1.353157963603734970e-02
1.345753669738769531e-02
1.283525023609399796e-02
1.261693239212036133e-02
1.322175189852714539e-02
1.382180489599704742e-02
1.319086272269487381e-02
1.317120250314474106e-02
1.297824177891016006e-02
1.345731224864721298e-02
1.360836345702409744e-02
1.351851876825094223e-02
1.339782401919364929e-02
1.312701404094696045e-02
1.395392697304487228e-02
1.368692610412836075e-02
1.359098590910434723e-02
1.352164801210165024e-02
1.330997329205274582e-02
1.335705723613500595e-02
1.353862043470144272e-02
1.357178483158349991e-02
9.715106338262557983e-03
1.342090126127004623e-02
1.344746630638837814e-02
1.338187139481306076e-02
1.350740808993577957e-02
1.351526100188493729e-02
1.098051387816667557e-02
1.365448441356420517e-02
1.355754770338535309e-02
1.353421248495578766e-02
1.340213418006896973e-02
1.363034173846244812e-02
1.366024930030107498e-02
1.334138214588165283e-02
1.358382683247327805e-02
1.355793140828609467e-02
1.331214234232902527e-02
1.375079061836004257e-02
1.347554940730333328e-02
1.353894453495740891e-02
1.323942188173532486e-02
1.352009456604719162e-02
1.341832801699638367e-02
1.332859601825475693e-02
1.196549925953149796e-02
1.339015085250139236e-02
1.368673797696828842e-02
1.367396116256713867e-02
1.386826671659946442e-02
1.350622158497571945e-02
1.355637609958648682e-02
1.329728960990905762e-02
1.331149972975254059e-02
1.334036234766244888e-02
8.890285156667232513e-03
1.349171157926321030e-02
1.336197182536125183e-02
1.303212717175483704e-02
1.355733815580606461e-02
1.353072840720415115e-02
1.353765185922384262e-02
1.353118941187858582e-02
1.331141311675310135e-02
1.316779293119907379e-02
7.601380348205566406e-03
1.354231033474206924e-02
1.351939048618078232e-02
1.361781638115644455e-02
1.366565749049186707e-02
1.324295438826084137e-02
1.348748896270990372e-02
1.340748649090528488e-02
1.343171019107103348e-02
1.372575480490922928e-02
1.371663250029087067e-02
1.385843381285667419e-02
1.362140756100416183e-02
1.337790768593549728e-02
7.859542965888977051e-03
1.306014135479927063e-02
1.351235806941986084e-02
1.380069646984338760e-02
1.343222893774509430e-02
7.549202535301446915e-03
1.344150211662054062e-02
1.339785847812891006e-02
1.341260597109794617e-02
1.270989514887332916e-02
1.371999457478523254e-02
1.163830794394016266e-02
1.355950813740491867e-02
1.179505232721567154e-02
1.351609826087951660e-02
1.347336731851100922e-02
1.345391944050788879e-02
1.368107274174690247e-02
1.346637587994337082e-02
1.369609870016574860e-02
1.373367942869663239e-02
1.350410562008619308e-02
1.338383276015520096e-02
1.359259150922298431e-02
1.351583003997802734e-02
1.319862529635429382e-02
1.309374906122684479e-02
1.345589850097894669e-02
1.366797648370265961e-02
1.328952237963676453e-02
1.378534361720085144e-02
1.360068563371896744e-02
1.302645448595285416e-02
1.366075873374938965e-02
1.367859821766614914e-02
1.359947398304939270e-02
1.346608996391296387e-02
1.366266608238220215e-02
1.331408321857452393e-02
1.334592979401350021e-02
1.364480517804622650e-02
1.286185905337333679e-02
1.362407766282558441e-02
1.352714933454990387e-02
1.389567553997039795e-02
1.347293891012668610e-02
1.373021863400936127e-02
1.324497256428003311e-02
1.351439859718084335e-02
1.331879571080207825e-02
1.285229995846748352e-02
1.362422946840524673e-02
1.267253234982490540e-02
1.334352418780326843e-02
1.343619730323553085e-02
1.369895599782466888e-02
1.386604923754930496e-02
1.365708187222480774e-02
1.367560680955648422e-02
1.352402847260236740e-02
1.135864667594432831e-02
1.356218382716178894e-02
1.370023842900991440e-02
1.341838762164115906e-02
1.360762957483530045e-02
1.100190542638301849e-02
1.365467999130487442e-02
1.352346315979957581e-02
1.392409484833478928e-02
1.329833827912807465e-02
1.355407480150461197e-02
1.361858006566762924e-02
1.370482984930276871e-02
1.313871052116155624e-02
1.346158701926469803e-02
1.371302921324968338e-02
1.351347006857395172e-02
1.354290172457695007e-02
1.349929906427860260e-02
1.372966263443231583e-02
1.351194456219673157e-02
9.985116310417652130e-03
1.342721935361623764e-02
1.356428302824497223e-02
1.357282698154449463e-02
1.288158539682626724e-02
1.337066572159528732e-02
1.350544020533561707e-02
1.349206641316413879e-02
1.334264967590570450e-02
1.338208001106977463e-02
1.350926235318183899e-02
1.365419663488864899e-02
1.356231607496738434e-02
1.349840499460697174e-02
1.347080152481794357e-02
1.318444404751062393e-02
1.336971204727888107e-02
1.356929447501897812e-02
1.333358604460954666e-02
1.295825932174921036e-02
1.375218387693166733e-02
7.973013445734977722e-03
1.008409168571233749e-02
1.324854139238595963e-02
1.385297160595655441e-02
1.358638331294059753e-02
1.176668703556060791e-02
1.361021306365728378e-02
1.341704092919826508e-02
1.363102253526449203e-02
7.971194572746753693e-03
1.366594154387712479e-02
1.323580741882324219e-02
1.340511161834001541e-02
1.338602229952812195e-02
1.359859108924865723e-02
1.387056056410074234e-02
1.341930404305458069e-02
1.349711697548627853e-02
1.357109937816858292e-02
8.348606526851654053e-03
1.311306003481149673e-02
1.367043331265449524e-02
1.353755872696638107e-02
1.368072628974914551e-02
1.277209166437387466e-02
1.347024086862802505e-02
1.288000121712684631e-02
1.294847484678030014e-02
7.426750846207141876e-03
1.279489789158105850e-02
1.344473101198673248e-02
1.327265426516532898e-02
1.359404064714908600e-02
1.384775340557098389e-02
1.372056640684604645e-02
1.321286521852016449e-02
1.360303722321987152e-02
1.326905563473701477e-02
1.326776482164859772e-02
1.395232882350683212e-02
1.342464052140712738e-02
1.325365994125604630e-02
1.186771038919687271e-02
1.362049859017133713e-02
1.372742000967264175e-02
1.338663324713706970e-02
1.367880310863256454e-02
1.010707393288612366e-02
1.371867954730987549e-02
1.351260859519243240e-02
1.361800078302621841e-02
1.352061424404382706e-02
1.356899179518222809e-02
1.364703197032213211e-02
1.352249924093484879e-02
1.310229580849409103e-02
1.357611920684576035e-02
1.332910638302564621e-02
1.278517208993434906e-02
1.324311736971139908e-02
1.379085704684257507e-02
1.328655518591403961e-02
1.338260155171155930e-02
1.362330280244350433e-02
1.363770570605993271e-02
1.392502523958683014e-02
8.851589635014533997e-03
1.373621262609958649e-02
1.364577095955610275e-02
1.347939018160104752e-02
1.332112308591604233e-02
1.307144667953252792e-02
1.361075323075056076e-02
1.343407947570085526e-02
1.360606867820024490e-02
1.099750492721796036e-02
1.334386784583330154e-02
1.345956884324550629e-02
1.335805933922529221e-02
1.327311061322689056e-02
1.358638331294059753e-02
1.347519364207983017e-02
1.335452776402235031e-02
1.373009942471981049e-02
1.348442677408456802e-02
1.351599954068660736e-02
1.348382234573364258e-02
1.349733676761388779e-02
1.365411281585693359e-02
1.252700388431549072e-02
1.347856782376766205e-02
1.357489451766014099e-02
1.271561626344919205e-02
1.348392572253942490e-02
1.352895423769950867e-02
1.358721777796745300e-02
1.343756821006536484e-02
1.369694992899894714e-02
1.340350229293107986e-02
1.351368427276611328e-02
1.381890568882226944e-02
1.344191189855337143e-02
1.216097734868526459e-02
1.364469248801469803e-02
1.352998055517673492e-02
1.371452491730451584e-02
1.352043356746435165e-02
1.340012624859809875e-02
1.362886931747198105e-02
1.349606271833181381e-02
1.330876722931861877e-02
1.330003701150417328e-02
1.342905126512050629e-02
1.338927075266838074e-02
1.350129768252372742e-02
1.349930092692375183e-02
1.361619029194116592e-02
1.362435892224311829e-02
1.368212047964334488e-02
1.340053323656320572e-02
1.347562950104475021e-02
1.367678400129079819e-02
1.160117983818054199e-02
1.291802804917097092e-02
1.349248271435499191e-02
1.342491898685693741e-02
1.312546432018280029e-02
1.364113297313451767e-02
1.347056310623884201e-02
1.357191428542137146e-02
1.364820916205644608e-02
1.301726792007684708e-02
1.360276062041521072e-02
1.313123106956481934e-02
1.343013066798448563e-02
1.365252397954463959e-02
1.336604356765747070e-02
1.352286338806152344e-02
1.346452161669731140e-02
1.322543621063232422e-02
1.334116142243146896e-02
1.277199946343898773e-02
1.347101852297782898e-02
1.346984226256608963e-02
1.325871050357818604e-02
1.382032036781311035e-02
1.335454359650611877e-02
1.187479775398969650e-02
1.362642087042331696e-02
1.355389878153800964e-02
1.287416275590658188e-02
1.348544005304574966e-02
1.337801851332187653e-02
1.348925475031137466e-02
1.341234706342220306e-02
1.088625285774469376e-02
1.354371104389429092e-02
1.350046601146459579e-02
1.336113177239894867e-02
1.336171850562095642e-02
1.345584355294704437e-02
1.322101149708032608e-02
1.346739754080772400e-02
1.350474078208208084e-02
1.344334241002798080e-02
1.357774529606103897e-02
1.348988059908151627e-02
1.339681353420019150e-02
1.339701190590858459e-02
1.340190693736076355e-02
1.337484922260046005e-02
1.368723437190055847e-02
1.336722169071435928e-02
1.324127893894910812e-02
1.333104446530342102e-02
9.303537197411060333e-03
1.351328287273645401e-02
1.374880876392126083e-02
1.364040002226829529e-02
1.344682928174734116e-02
1.304580178111791611e-02
1.376988366246223450e-02
1.283602789044380188e-02
1.335623022168874741e-02
1.381313242018222809e-02
1.357694901525974274e-02
1.349425688385963440e-02
1.352757215499877930e-02
1.351689081639051437e-02
1.317810174077749252e-02
1.368351187556982040e-02
1.349952537566423416e-02
1.355919521301984787e-02
1.384540833532810211e-02
1.368748303502798080e-02
1.322409510612487793e-02
1.348630152642726898e-02
1.357544306665658951e-02
1.361764967441558838e-02
1.355828717350959778e-02
1.327138766646385193e-02
1.326269842684268951e-02
1.329186651855707169e-02
1.278808433562517166e-02
1.282714307308197021e-02
1.343702059239149094e-02
1.325777266174554825e-02
1.329568028450012207e-02
1.309817098081111908e-02
1.363208238035440445e-02
1.043788436800241470e-02
1.300813164561986923e-02
1.354954764246940613e-02
1.228449959307909012e-02
1.342850085347890854e-02
1.347243692725896835e-02
1.369358599185943604e-02
1.347397919744253159e-02
1.332798879593610764e-02
1.328926160931587219e-02
1.362180802971124649e-02
1.344008836895227432e-02
1.363131124526262283e-02
1.354537811130285263e-02
1.308385655283927917e-02
1.368518546223640442e-02
1.370408013463020325e-02
1.335012074559926987e-02
1.333092804998159409e-02
1.340426411479711533e-02
1.345598325133323669e-02
9.630208835005760193e-03
1.306618843227624893e-02
1.296535227447748184e-02
1.144904457032680511e-02
1.341888681054115295e-02
1.353974267840385437e-02
1.337345037609338760e-02
1.331953797489404678e-02
1.342088263481855392e-02
1.259676180779933929e-02
1.340777240693569183e-02
1.315838750451803207e-02
1.350676734000444412e-02
1.330374833196401596e-02
1.356807071715593338e-02
1.249031722545623779e-02
1.351872924715280533e-02
1.355959381908178329e-02
1.323346886783838272e-02
1.330836210399866104e-02
1.331707276403903961e-02
1.328836008906364441e-02
1.278692204505205154e-02
1.369414292275905609e-02
1.361407060176134109e-02
1.348952855914831161e-02
1.346750929951667786e-02
1.332522369921207428e-02
1.373191829770803452e-02
9.281152859330177307e-03
1.329092960804700851e-02
1.323127094656229019e-02
1.344096008688211441e-02
6.947940215468406677e-03
1.285417750477790833e-02
1.335528492927551270e-02
1.331518497318029404e-02
1.362295541912317276e-02
1.394393108785152435e-02
1.339853089302778244e-02
1.385348662734031677e-02
1.320871803909540176e-02
1.384317874908447266e-02
1.344204880297183990e-02
1.299576088786125183e-02
1.386998686939477921e-02
1.360385399311780930e-02
1.358677074313163757e-02
1.297833956778049469e-02
1.314298715442419052e-02
1.355080958455801010e-02
1.223473809659481049e-02
1.368930935859680176e-02
1.379857305437326431e-02
7.484979927539825439e-03
1.376575883477926254e-02
1.378101762384176254e-02
1.352735236287117004e-02
1.342607941478490829e-02
1.401617750525474548e-02
1.339076831936836243e-02
1.336998865008354187e-02
1.345373690128326416e-02
1.353086158633232117e-02
1.353399455547332764e-02
1.301136519759893417e-02
1.373512204736471176e-02
1.346055604517459869e-02
1.325220428407192230e-02
1.335282716900110245e-02
1.350955013185739517e-02
7.279807236045598984e-03
1.314968988299369812e-02
1.338491216301918030e-02
1.304623577743768692e-02
1.365716382861137390e-02
1.350182853639125824e-02
1.352026499807834625e-02
1.346545014530420303e-02
1.348906196653842926e-02
1.352300122380256653e-02
1.364438515156507492e-02
1.383992098271846771e-02
1.192375924438238144e-02
1.360388007014989853e-02
1.343467552214860916e-02
1.330260839313268661e-02
1.325104758143424988e-02
1.236911769956350327e-02
1.351979468017816544e-02
1.300181075930595398e-02
1.363287959247827530e-02
1.379777584224939346e-02
1.358818449079990387e-02
1.379625871777534485e-02
1.342015806585550308e-02
1.374068763107061386e-02
1.343255117535591125e-02
1.302547100931406021e-02
1.338397525250911713e-02
1.338599715381860733e-02
1.345830783247947693e-02
1.368775963783264160e-02
1.234952826052904129e-02
1.362157706171274185e-02
1.379514671862125397e-02
1.388056855648756027e-02
1.091530732810497284e-02
1.364094950258731842e-02
1.329771243035793304e-02
1.357030030339956284e-02
1.363755762577056885e-02
1.327764056622982025e-02
1.376502308994531631e-02
1.341493334621191025e-02
1.368402782827615738e-02
1.348571106791496277e-02
1.387734804302453995e-02
1.349519845098257065e-02
1.312004588544368744e-02
1.349550206214189529e-02
1.333002373576164246e-02
1.360718253999948502e-02
1.351622026413679123e-02
1.340467296540737152e-02
1.338715758174657822e-02
1.334092672914266586e-02
1.381996925920248032e-02
1.326865609735250473e-02
1.330129895359277725e-02
1.340638007968664169e-02
1.285235024988651276e-02
1.334886346012353897e-02
1.359223201870918274e-02
1.359466556459665298e-02
1.383811887353658676e-02
1.332940254360437393e-02
1.361973956227302551e-02
1.305234152823686600e-02
1.350373122841119766e-02
1.346632838249206543e-02
1.338927168399095535e-02
1.334099378436803818e-02
1.352972630411386490e-02
1.357582863420248032e-02
1.350614707916975021e-02
1.373396441340446472e-02
1.386072114109992981e-02
1.338491402566432953e-02
1.334027387201786041e-02
1.358539424836635590e-02
1.354199647903442383e-02
1.358535327017307281e-02
1.332623977214097977e-02
1.363315898925065994e-02
1.337409578263759613e-02
1.324092131108045578e-02
1.362855639308691025e-02
1.338243111968040466e-02
1.385328825563192368e-02
1.295398082584142685e-02
1.283924654126167297e-02
1.356718502938747406e-02
1.347824372351169586e-02
1.317587867379188538e-02
1.356869284063577652e-02
1.382160186767578125e-02
1.325052697211503983e-02
1.341591682285070419e-02
1.367481425404548645e-02
1.304065249860286713e-02
1.351441070437431335e-02
1.392829790711402893e-02
1.296211685985326767e-02
1.341430190950632095e-02
1.346419844776391983e-02
1.340268645435571671e-02
1.352526899427175522e-02
1.353536918759346008e-02
1.176666934043169022e-02
1.339018065482378006e-02
1.155856810510158539e-02
1.341599784791469574e-02
1.328470464795827866e-02
1.284087821841239929e-02
1.342704985290765762e-02
1.322377286851406097e-02
1.288574654608964920e-02
1.353198010474443436e-02
1.353455148637294769e-02
1.341973338276147842e-02
8.608561009168624878e-03
1.350623648613691330e-02
1.063195988535881042e-02
1.250096224248409271e-02
1.360770780593156815e-02
1.359945535659790039e-02
1.382598839700222015e-02
1.349243428558111191e-02
8.700480684638023376e-03
1.354932785034179688e-02
1.346002519130706787e-02
1.299655437469482422e-02
1.367105171084403992e-02
1.325897220522165298e-02
1.364257372915744781e-02
1.310100592672824860e-02
9.094825945794582367e-03
1.320324745029211044e-02
1.351951155811548233e-02
1.333532575517892838e-02
1.360817346721887589e-02
1.373206451535224915e-02
1.341690681874752045e-02
1.346656400710344315e-02
1.321490015834569931e-02
1.365094259381294250e-02
1.362964417785406113e-02
1.372177526354789734e-02
1.331206597387790680e-02
1.326581835746765137e-02
1.242546085268259048e-02
1.343265827745199203e-02
1.324871741235256195e-02
1.343110203742980957e-02
1.328262407332658768e-02
1.342150848358869553e-02
1.343385223299264908e-02
1.342965010553598404e-02
1.352859102189540863e-02
1.388387475162744522e-02
1.329870522022247314e-02
1.368145085871219635e-02
7.048352155834436417e-03
1.328990980982780457e-02
1.356238406151533127e-02
9.174686856567859650e-03
1.369015499949455261e-02
1.374924182891845703e-02
1.275782566517591476e-02
1.340199634432792664e-02
1.358309481292963028e-02
1.330635230988264084e-02
1.335276011377573013e-02
1.355732697993516922e-02
1.345891319215297699e-02
1.290175691246986389e-02
1.342597045004367828e-02
1.400894485414028168e-02
1.296381279826164246e-02
1.322257518768310547e-02
1.374030951410531998e-02
1.360151451081037521e-02
1.334063336253166199e-02
1.342794578522443771e-02
1.354685053229331970e-02
1.334346272051334381e-02
1.355934981256723404e-02
1.339421514421701431e-02
1.368165947496891022e-02
1.390647049993276596e-02
1.337033137679100037e-02
1.365294214338064194e-02
1.344604883342981339e-02
1.379016600549221039e-02
7.974638603627681732e-03
1.408158894628286362e-02
1.348078809678554535e-02
1.357386354357004166e-02
1.363720931112766266e-02
1.341551821678876877e-02
1.373022794723510742e-02
1.338325999677181244e-02
1.314692478626966476e-02
1.125690247863531113e-02
1.374889630824327469e-02
1.327280141413211823e-02
1.343267504125833511e-02
1.377268228679895401e-02
1.345228590071201324e-02
1.340838149189949036e-02
1.347816921770572662e-02
1.379560213536024094e-02
1.348181441426277161e-02
1.338308118283748627e-02
1.357202790677547455e-02
1.332143601030111313e-02
1.318314019590616226e-02
1.348800864070653915e-02
1.121151819825172424e-02
1.361509039998054504e-02
1.362217590212821960e-02
1.355263590812683105e-02
1.317016407847404480e-02
1.406802609562873840e-02
1.247256156057119370e-02
1.326045673340559006e-02
1.353789586573839188e-02
1.095088198781013489e-02
1.325900014489889145e-02
1.361599471420049667e-02
1.315368805080652237e-02
9.024307131767272949e-03
1.363478228449821472e-02
1.361423637717962265e-02
1.359191443771123886e-02
1.357809826731681824e-02
1.331773400306701660e-02
1.307130698114633560e-02
1.337720546871423721e-02
1.349174603819847107e-02
1.373743358999490738e-02
1.346490625292062759e-02
1.368872448801994324e-02
1.333036180585622787e-02
1.369621511548757553e-02
1.345968153327703476e-02
1.312517002224922180e-02
9.475016035139560699e-03
7.596484851092100143e-03
1.197985932230949402e-02
1.313827000558376312e-02
1.338990963995456696e-02
1.338260993361473083e-02
1.314079761505126953e-02
1.341137848794460297e-02
1.341704931110143661e-02
1.282464619725942612e-02
1.368061825633049011e-02
1.340970676392316818e-02
1.349267736077308655e-02
1.353212352842092514e-02
1.327448803931474686e-02
1.350360549986362457e-02
1.339243911206722260e-02
1.356596313416957855e-02
1.367785967886447906e-02
1.012474205344915390e-02
1.181099377572536469e-02
1.351537369191646576e-02
1.334782876074314117e-02
1.359299384057521820e-02
1.305537484586238861e-02
1.339247915893793106e-02
1.352337282150983810e-02
1.328701619058847427e-02
1.356135588139295578e-02
1.371411327272653580e-02
9.105785749852657318e-03
1.342260837554931641e-02
1.363818254321813583e-02
1.379724219441413879e-02
1.353802625089883804e-02
1.321477815508842468e-02
1.359081920236349106e-02
1.352455094456672668e-02
1.341623067855834961e-02
1.303369365632534027e-02
1.320370938628911972e-02
1.193640753626823425e-02
1.339971460402011871e-02
1.359460316598415375e-02
1.343960221856832504e-02
1.379968319088220596e-02
1.352775376290082932e-02
1.347491052001714706e-02
1.367039419710636139e-02
1.356266811490058899e-02
1.326174382120370865e-02
1.352152507752180099e-02
1.372924819588661194e-02
1.330762170255184174e-02
1.270700618624687195e-02
1.304315682500600815e-02
1.332976575940847397e-02
1.349592115730047226e-02
1.318219862878322601e-02
1.351539697498083115e-02
1.355801802128553391e-02
1.327376998960971832e-02
1.324036996811628342e-02
1.366757415235042572e-02
1.286432147026062012e-02
1.353404764086008072e-02
1.343488413840532303e-02
1.343057397753000259e-02
1.220221910625696182e-02
1.356633566319942474e-02
1.320718508213758469e-02
1.333753857761621475e-02
1.335046254098415375e-02
1.384064834564924240e-02
1.341325417160987854e-02
1.354540511965751648e-02
1.381429750472307205e-02
1.327908597886562347e-02
1.367054507136344910e-02
1.340163592249155045e-02
1.282370928674936295e-02
1.349518913775682449e-02
1.364492811262607574e-02
1.330862939357757568e-02
1.313258055597543716e-02
1.371800620108842850e-02
1.320317108184099197e-02
1.334071159362792969e-02
1.363891921937465668e-02
1.365529000759124756e-02
1.364058908075094223e-02
1.331501360982656479e-02
1.323326583951711655e-02
1.360575482249259949e-02
1.361428573727607727e-02
1.363927125930786133e-02
1.330769900232553482e-02
1.328259427100419998e-02
1.375353615731000900e-02
1.320358272641897202e-02
1.363317761570215225e-02
1.359554566442966461e-02
1.344742532819509506e-02
1.348935998976230621e-02
1.342841144651174545e-02
1.352516934275627136e-02
1.347532775253057480e-02
1.370978448539972305e-02
1.368428207933902740e-02
1.338339969515800476e-02
1.343122497200965881e-02
8.365069516003131866e-03
1.363762654364109039e-02
1.352875586599111557e-02
1.369852386415004730e-02
1.085598766803741455e-02
9.381142444908618927e-03
1.321180257946252823e-02
1.349870953708887100e-02
1.342672109603881836e-02
1.364308036863803864e-02
1.359960436820983887e-02
1.187809184193611145e-02
1.366274338215589523e-02
1.344056520611047745e-02
1.327499467879533768e-02
1.340542361140251160e-02
1.331914309412240982e-02
1.342264097183942795e-02
1.365096867084503174e-02
1.339569129049777985e-02
1.077723223716020584e-02
1.370670180767774582e-02
1.341139432042837143e-02
1.318838633596897125e-02
1.330904290080070496e-02
1.358281075954437256e-02
1.187995914369821548e-02
1.316173654049634933e-02
1.156038604676723480e-02
1.345042884349822998e-02
1.358408387750387192e-02
1.365577057003974915e-02
1.349482219666242599e-02
1.351872459053993225e-02
1.335723325610160828e-02
1.352231297641992569e-02
1.363690756261348724e-02
1.312744617462158203e-02
1.352828834205865860e-02
1.361172553151845932e-02
1.342187914997339249e-02
1.049448642879724503e-02
1.379576604813337326e-02
1.350071746855974197e-02
1.359173282980918884e-02
1.345033571124076843e-02
1.342715416103601456e-02
1.367689017206430435e-02
1.321309898048639297e-02
1.341278199106454849e-02
1.314267516136169434e-02
1.239479705691337585e-02
1.259239017963409424e-02
1.333269476890563965e-02
1.309159491211175919e-02
1.331287343055009842e-02
8.888447657227516174e-03
1.356745045632123947e-02
1.370282098650932312e-02
1.339373551309108734e-02
1.344851218163967133e-02
1.357728242874145508e-02
1.360351406037807465e-02
1.316794194281101227e-02
1.360768731683492661e-02
1.345091219991445541e-02
1.350458897650241852e-02
1.335005089640617371e-02
1.336367428302764893e-02
1.010005176067352295e-02
1.318430341780185699e-02
1.367036066949367523e-02
1.365824136883020401e-02
7.366214413195848465e-03
1.287332456558942795e-02
1.350987330079078674e-02
1.308016479015350342e-02
1.279240567237138748e-02
1.352487411350011826e-02
1.358506083488464355e-02
1.366790570318698883e-02
1.308184582740068436e-02
1.309770345687866211e-02
1.365743484348058701e-02
1.360614225268363953e-02
1.367912255227565765e-02
1.326377782970666885e-02
1.352756377309560776e-02
1.200540922582149506e-02
1.322838943451642990e-02
1.003510598093271255e-02
1.366467680782079697e-02
1.372120622545480728e-02
1.376077532768249512e-02
1.359151210635900497e-02
1.329556945711374283e-02
1.350881997495889664e-02
1.250149682164192200e-02
1.269544567912817001e-02
1.374424621462821960e-02
1.357354596257209778e-02
1.336613669991493225e-02
1.310919877141714096e-02
1.311958488076925278e-02
1.394737046211957932e-02
1.375569961965084076e-02
9.271409362554550171e-03
1.349482778459787369e-02
1.375599857419729233e-02
1.376665476709604263e-02
1.341472193598747253e-02
1.363048609346151352e-02
9.149549528956413269e-03
1.350564882159233093e-02
1.305050030350685120e-02
1.351430173963308334e-02
1.312917750328779221e-02
1.341527421027421951e-02
1.352702453732490540e-02
1.336263399571180344e-02
1.362759806215763092e-02
1.346233487129211426e-02
1.358576212078332901e-02
1.359159592539072037e-02
1.338024530559778214e-02
1.364584639668464661e-02
1.358492579311132431e-02
1.354843471199274063e-02
6.336450576782226562e-03
1.323668006807565689e-02
1.373538933694362640e-02
1.386772189289331436e-02
1.370167452841997147e-02
1.339414063841104507e-02
1.349186617881059647e-02
1.349417306482791901e-02
1.357301417738199234e-02
1.350888982415199280e-02
1.361495815217494965e-02
1.278901100158691406e-02
1.396671496331691742e-02
1.337707601487636566e-02
1.371208764612674713e-02
1.360944192856550217e-02
1.313387230038642883e-02
1.348078530281782150e-02
1.372855063527822495e-02
1.363388542085886002e-02
1.332088932394981384e-02
1.358039677143096924e-02
1.334878243505954742e-02
1.329131051898002625e-02
1.327826641499996185e-02
1.269312854856252670e-02
1.333364006131887436e-02
1.355639658868312836e-02
1.343882177025079727e-02
1.304616406559944153e-02
1.353847980499267578e-02
1.332246605306863785e-02
1.335158664733171463e-02
1.374044176191091537e-02
1.362403016537427902e-02
1.359610166400671005e-02
1.370673440396785736e-02
1.363890711218118668e-02
1.372073497623205185e-02
1.353911682963371277e-02
1.285523269325494766e-02
1.365618780255317688e-02
1.330164633691310883e-02
1.341658830642700195e-02
1.355076115578413010e-02
1.217596605420112610e-02
1.351928990334272385e-02
1.357905939221382141e-02
1.333712320774793625e-02
1.357328891754150391e-02
1.355057395994663239e-02
1.350542809814214706e-02
1.284170430153608322e-02
1.319904346019029617e-02
1.011063996702432632e-02
1.272754743695259094e-02
1.286911405622959137e-02
1.350610889494419098e-02
1.334122102707624435e-02
1.382997073233127594e-02
1.339428126811981201e-02
1.346156094223260880e-02
1.322717405855655670e-02
1.367573440074920654e-02
1.350970938801765442e-02
1.328599173575639725e-02
1.303038559854030609e-02
1.299400720745325089e-02
1.334963832050561905e-02
1.390146091580390930e-02
1.354861259460449219e-02
1.348789874464273453e-02
1.331972796469926834e-02
1.337719056755304337e-02
1.360157132148742676e-02
7.375165820121765137e-03
1.357685122638940811e-02
1.338572800159454346e-02
1.289026346057653427e-02
1.343717239797115326e-02
1.326109841465950012e-02
1.359907165169715881e-02
1.371259614825248718e-02
1.288397889584302902e-02
1.340092346072196960e-02
1.157135330140590668e-02
1.352130249142646790e-02
1.343317236751317978e-02
1.375473756343126297e-02
1.323692593723535538e-02
1.328558567911386490e-02
1.355119142681360245e-02
1.374906580895185471e-02
1.346081402152776718e-02
1.363393105566501617e-02
1.324534136801958084e-02
1.370086055248975754e-02
1.370970997959375381e-02
1.360629405826330185e-02
1.325055398046970367e-02
1.334729790687561035e-02
1.331333443522453308e-02
1.384364999830722809e-02
1.378978881984949112e-02
1.362237893044948578e-02
1.346691045910120010e-02
1.366221997886896133e-02
1.351692155003547668e-02
1.320871151983737946e-02
1.281744241714477539e-02
1.310460176318883896e-02
1.354231312870979309e-02
1.391615904867649078e-02
1.364962384104728699e-02
1.333829201757907867e-02
1.302267052233219147e-02
1.351036690175533295e-02
1.341884490102529526e-02
1.330867968499660492e-02
1.365414820611476898e-02
1.352096721529960632e-02
1.363690476864576340e-02
1.333897747099399567e-02
1.323768496513366699e-02
1.371824741363525391e-02
1.362896803766489029e-02
1.353779993951320648e-02
1.360893249511718750e-02
1.335443556308746338e-02
1.336511410772800446e-02
1.273966673761606216e-02
1.373639982193708420e-02
1.323270797729492188e-02
1.341307535767555237e-02
1.373412646353244781e-02
1.344647072255611420e-02
1.315191946923732758e-02
1.380061265081167221e-02
1.363565120846033096e-02
1.347563229501247406e-02
1.320063695311546326e-02
1.350440364331007004e-02
1.315444614738225937e-02
1.335050072520971298e-02
1.325711328536272049e-02
1.343645062297582626e-02
7.099945563822984695e-03
1.349776890128850937e-02
1.355423592031002045e-02
1.372872199863195419e-02
1.343665737658739090e-02
1.309443358331918716e-02
1.379173435270786285e-02
1.389612536877393723e-02
1.200633123517036438e-02
1.330530364066362381e-02
1.361009571701288223e-02
1.351168751716613770e-02
1.365491468459367752e-02
1.376131549477577209e-02
1.366399601101875305e-02
1.329914294183254242e-02
1.316138450056314468e-02
1.368732377886772156e-02
1.399782579392194748e-02
1.310770120471715927e-02
1.366543769836425781e-02
1.359113119542598724e-02
1.364833489060401917e-02
1.354040298610925674e-02
1.322677358984947205e-02
1.363284792751073837e-02
1.167833711951971054e-02
1.340624410659074783e-02
1.365300174802541733e-02
1.372032705694437027e-02
1.348199322819709778e-02
1.383971329778432846e-02
1.351627986878156662e-02
1.260345615446567535e-02
1.337610557675361633e-02
1.375787239521741867e-02
1.191589795053005219e-02
1.344449445605278015e-02
1.369261741638183594e-02
1.354365050792694092e-02
1.280052587389945984e-02
1.329380832612514496e-02
1.332709752023220062e-02
1.091014221310615540e-02
1.352430600672960281e-02
1.315598469227552414e-02
1.220714766532182693e-02
1.363395061343908310e-02
1.350292935967445374e-02
1.333172898739576340e-02
1.330456789582967758e-02
1.334671769291162491e-02
1.357580069452524185e-02
1.381270959973335266e-02
1.294909417629241943e-02
1.365681085735559464e-02
1.335267722606658936e-02
1.329282484948635101e-02
1.357637252658605576e-02
1.331683155149221420e-02
1.352439261972904205e-02
1.351138669997453690e-02
1.375250611454248428e-02
1.365496776998043060e-02
1.348702702671289444e-02
1.344711519777774811e-02
1.020326465368270874e-02
1.296881958842277527e-02
1.357402000576257706e-02
1.303138211369514465e-02
