<system>Protocol: Active. Attitude: Sassy.</system>
1.209126878529787064e-02
1.225788891315460205e-02
1.168195623904466629e-02
1.196009665727615356e-02
1.184613257646560669e-02
1.220692321658134460e-02
1.138830743730068207e-02
1.143885962665081024e-02
1.166891306638717651e-02
1.224179565906524658e-02
1.198631338775157928e-02
1.212170254439115524e-02
1.110297348350286484e-02
1.219690125435590744e-02
1.203486043959856033e-02
1.256955228745937347e-02
1.164196897298097610e-02
1.197777502238750458e-02
1.201297901570796967e-02
1.250548660755157471e-02
1.178790070116519928e-02
1.224364805966615677e-02
1.181203685700893402e-02
1.192728057503700256e-02
1.186384540051221848e-02
1.184304989874362946e-02
1.332694292068481445e-02
1.215772330760955811e-02
1.208320166915655136e-02
1.231775805354118347e-02
8.925312198698520660e-03
1.140648592263460159e-02
1.109670288860797882e-02
1.184098049998283386e-02
1.178280077874660492e-02
6.689227186143398285e-03
1.154438592493534088e-02
1.230558287352323532e-02
1.249325834214687347e-02
1.137058157473802567e-02
1.184091251343488693e-02
1.177724078297615051e-02
1.249860599637031555e-02
1.229198556393384933e-02
1.157749816775321960e-02
1.159354485571384430e-02
1.222740858793258667e-02
8.579332381486892700e-03
1.239356212317943573e-02
1.248506270349025726e-02
1.203962601721286774e-02
1.193256210535764694e-02
1.215247996151447296e-02
1.234477944672107697e-02
1.136888004839420319e-02
1.285079773515462875e-02
1.217243354767560959e-02
1.212640386074781418e-02
1.192881632596254349e-02
1.159390248358249664e-02
1.194624602794647217e-02
1.192604098469018936e-02
1.198561117053031921e-02
1.202427316457033157e-02
1.238177437335252762e-02
1.210022158920764923e-02
1.206144224852323532e-02
1.187486574053764343e-02
1.213706377893686295e-02
1.150636561214923859e-02
1.185936108231544495e-02
8.481761440634727478e-03
1.186696439981460571e-02
1.218399219214916229e-02
1.195141300559043884e-02
1.233438774943351746e-02
1.190500333905220032e-02
1.230158284306526184e-02
1.251584757119417191e-02
7.796740159392356873e-03
1.245481707155704498e-02
1.255715265870094299e-02
1.206495612859725952e-02
1.167218200862407684e-02
1.252242177724838257e-02
1.216216385364532471e-02
1.231685373932123184e-02
1.228028722107410431e-02
1.304536499083042145e-02
1.139276847243309021e-02
1.163227483630180359e-02
1.219488680362701416e-02
1.228643860667943954e-02
1.283247582614421844e-02
1.178823038935661316e-02
1.216142252087593079e-02
1.226434111595153809e-02
1.126123778522014618e-02
1.376703009009361267e-02
1.074228622019290924e-02
1.190045475959777832e-02
1.194993406534194946e-02
1.276197098195552826e-02
1.219841744750738144e-02
1.177171617746353149e-02
1.174408849328756332e-02
1.183916255831718445e-02
1.221438311040401459e-02
1.257011480629444122e-02
1.238374225795269012e-02
1.168466731905937195e-02
1.136227324604988098e-02
1.178263686597347260e-02
1.019817404448986053e-02
1.134894881397485733e-02
1.169509999454021454e-02
1.208155229687690735e-02
1.185456104576587677e-02
1.142519805580377579e-02
1.147408410906791687e-02
1.208085101097822189e-02
1.139410398900508881e-02
1.145392935723066330e-02
1.219263952225446701e-02
1.195811387151479721e-02
1.155042648315429688e-02
1.296912692487239838e-02
1.189543679356575012e-02
1.207793503999710083e-02
1.150400284677743912e-02
1.313254330307245255e-02
1.201692223548889160e-02
1.203692145645618439e-02
1.177539117634296417e-02
1.190487761050462723e-02
1.209630258381366730e-02
1.184578798711299896e-02
1.225627027451992035e-02
1.219272240996360779e-02
1.201052591204643250e-02
1.216683536767959595e-02
1.210572198033332825e-02
1.239951793104410172e-02
1.153206825256347656e-02
1.259224768728017807e-02
1.232798490673303604e-02
1.110534742474555969e-02
1.097212173044681549e-02
1.174303703010082245e-02
1.199472323060035706e-02
1.031311973929405212e-02
1.279692910611629486e-02
1.193310879170894623e-02
1.183768734335899353e-02
1.134184468537569046e-02
1.155088189989328384e-02
1.103186979889869690e-02
1.226396113634109497e-02
1.324633602052927017e-02
1.148379873484373093e-02
1.234562043100595474e-02
1.183783728629350662e-02
1.198963448405265808e-02
1.181290112435817719e-02
1.268548890948295593e-02
1.223974302411079407e-02
1.279395632445812225e-02
1.166616473346948624e-02
1.198600418865680695e-02
1.164569519460201263e-02
1.208191178739070892e-02
1.182154379785060883e-02
1.294047385454177856e-02
1.216262951493263245e-02
1.209315098822116852e-02
1.168532855808734894e-02
1.179429888725280762e-02
1.198506355285644531e-02
1.155255921185016632e-02
1.294009760022163391e-02
1.187274046242237091e-02
1.215734146535396576e-02
1.289917156100273132e-02
1.196749508380889893e-02
1.443912833929061890e-02
1.164196431636810303e-02
1.193450298160314560e-02
1.210383046418428421e-02
1.168225519359111786e-02
1.069551613181829453e-02
1.172305922955274582e-02
1.124463602900505066e-02
1.208406686782836914e-02
1.155952736735343933e-02
1.217349991202354431e-02
1.153837796300649643e-02
1.209458708763122559e-02
1.135021075606346130e-02
1.101858913898468018e-02
1.174951996654272079e-02
1.202394627034664154e-02
1.241277903318405151e-02
1.034504733979701996e-02
1.186062023043632507e-02
1.173619646579027176e-02
1.218379940837621689e-02
1.158729195594787598e-02
1.231506280601024628e-02
1.221570838242769241e-02
1.223163120448589325e-02
1.177910715341567993e-02
1.145513262599706650e-02
1.106567308306694031e-02
1.236779335886240005e-02
1.018810644745826721e-02
1.176531892269849777e-02
1.153367012739181519e-02
1.136772427707910538e-02
1.231371425092220306e-02
1.005079597234725952e-02
9.962228126823902130e-03
1.332076452672481537e-02
1.227200031280517578e-02
7.257099263370037079e-03
1.207487750798463821e-02
1.232997141778469086e-02
1.217347010970115662e-02
1.284066867083311081e-02
1.217029429972171783e-02
1.162606477737426758e-02
1.226701587438583374e-02
1.047077775001525879e-02
1.190971303731203079e-02
1.186602376401424408e-02
1.155855134129524231e-02
1.228875480592250824e-02
1.151414960622787476e-02
1.189498603343963623e-02
1.126778125762939453e-02
1.125737931579351425e-02
1.229048613458871841e-02
1.228631380945444107e-02
1.225010212510824203e-02
1.124984025955200195e-02
1.146024093031883240e-02
1.093454100191593170e-02
1.287786662578582764e-02
1.071119494736194611e-02
1.236176583915948868e-02
1.307804509997367859e-02
1.245005242526531219e-02
1.079249847680330276e-02
1.112323068082332611e-02
1.159201003611087799e-02
1.215204037725925446e-02
1.141237467527389526e-02
1.227420940995216370e-02
1.122418604791164398e-02
1.282382849603891373e-02
1.172273792326450348e-02
1.201492082327604294e-02
1.168959308415651321e-02
1.152691431343555450e-02
1.164061389863491058e-02
1.184928230941295624e-02
1.241200417280197144e-02
1.232968270778656006e-02
1.189041323959827423e-02
1.191128976643085480e-02
1.277937088161706924e-02
1.216839533299207687e-02
1.240210887044668198e-02
1.203638501465320587e-02
1.179209351539611816e-02
1.216245908290147781e-02
8.590847253799438477e-03
1.244837045669555664e-02
1.224156282842159271e-02
1.270826347172260284e-02
1.132067386060953140e-02
1.179076917469501495e-02
1.187332719564437866e-02
1.188760995864868164e-02
1.177147682756185532e-02
1.192704215645790100e-02
1.154065784066915512e-02
1.195534318685531616e-02
1.225832849740982056e-02
1.214764732867479324e-02
1.133271027356386185e-02
1.146958954632282257e-02
1.215681061148643494e-02
1.194096077233552933e-02
1.227846741676330566e-02
1.026532799005508423e-02
1.158007606863975525e-02
1.058609783649444580e-02
1.151610165834426880e-02
1.250440999865531921e-02
1.154818478971719742e-02
1.167949847877025604e-02
1.186869107186794281e-02
1.258744206279516220e-02
1.229893136769533157e-02
1.159417442977428436e-02
1.158719230443239212e-02
1.300861407071352005e-02
1.220562215894460678e-02
1.165938936173915863e-02
1.197033934295177460e-02
1.267082989215850830e-02
1.164241135120391846e-02
1.174391247332096100e-02
1.174375880509614944e-02
1.139076799154281616e-02
1.205758191645145416e-02
1.136902999132871628e-02
1.266236230731010437e-02
1.185123529285192490e-02
1.168497931212186813e-02
1.200381107628345490e-02
1.236395910382270813e-02
1.165952533483505249e-02
1.170649752020835876e-02
1.249891333281993866e-02
1.210286654531955719e-02
1.224500127136707306e-02
1.184777729213237762e-02
1.174008846282958984e-02
1.178986020386219025e-02
1.248363591730594635e-02
1.190690882503986359e-02
1.210221461951732635e-02
1.160468999296426773e-02
1.244920585304498672e-02
1.197310630232095718e-02
1.136320829391479492e-02
1.159528270363807678e-02
1.177219673991203308e-02
1.220225542783737183e-02
1.187479868531227112e-02
1.013262569904327393e-02
1.211878843605518341e-02
1.250932924449443817e-02
1.111587509512901306e-02
1.160012558102607727e-02
1.231850031763315201e-02
1.159415114670991898e-02
1.143697462975978851e-02
1.181223243474960327e-02
1.169673725962638855e-02
1.221697498112916946e-02
1.194915920495986938e-02
1.138271018862724304e-02
1.162223331630229950e-02
1.302047260105609894e-02
1.270796172320842743e-02
1.193826086819171906e-02
1.230220496654510498e-02
1.199978217482566833e-02
1.195974647998809814e-02
1.207590103149414062e-02
1.206119544804096222e-02
1.129650138318538666e-02
1.215432956814765930e-02
1.289463508874177933e-02
1.225153356790542603e-02
1.216646376997232437e-02
1.201422885060310364e-02
1.089772582054138184e-02
1.227104756981134415e-02
1.355751417577266693e-02
1.205494254827499390e-02
1.201582979410886765e-02
1.171934232115745544e-02
1.195444539189338684e-02
1.238202489912509918e-02
1.217301562428474426e-02
1.180316228419542313e-02
1.267241407185792923e-02
1.016162801533937454e-02
1.173794642090797424e-02
1.165252923965454102e-02
1.168501004576683044e-02
1.233763247728347778e-02
1.121849380433559418e-02
1.198985055088996887e-02
8.836744353175163269e-03
1.239374745637178421e-02
1.130419224500656128e-02
1.151877827942371368e-02
1.246208790689706802e-02
1.192997302860021591e-02
1.165386941283941269e-02
1.233083754777908325e-02
1.145097799599170685e-02
1.215868070721626282e-02
1.239400636404752731e-02
1.139316521584987640e-02
1.206781063228845596e-02
1.132294908165931702e-02
1.160002686083316803e-02
1.206949073821306229e-02
1.264321804046630859e-02
1.237259246408939362e-02
1.243101619184017181e-02
1.222210563719272614e-02
1.217933371663093567e-02
1.154706068336963654e-02
1.101976726204156876e-02
1.029719784855842590e-02
3.209766000509262085e-02
1.200217008590698242e-02
9.774003177881240845e-03
1.218008622527122498e-02
1.192711852490901947e-02
1.244118157774209976e-02
1.185064017772674561e-02
1.199909579008817673e-02
1.078642532229423523e-02
1.185102947056293488e-02
1.282251253724098206e-02
1.129834074527025223e-02
1.189721003174781799e-02
1.329029165208339691e-02
1.240317337214946747e-02
7.781937718391418457e-03
1.257471088320016861e-02
1.194578409194946289e-02
1.050695683807134628e-02
1.136026903986930847e-02
1.189498417079448700e-02
1.167905889451503754e-02
1.185008138418197632e-02
1.208979636430740356e-02
1.178377214819192886e-02
1.132948137819766998e-02
1.234124414622783661e-02
9.085491299629211426e-03
1.210648939013481140e-02
1.201416365802288055e-02
1.213044114410877228e-02
1.284671481698751450e-02
1.263457536697387695e-02
8.681640028953552246e-03
6.367508787661790848e-03
1.200903952121734619e-02
1.135470252484083176e-02
1.140289194881916046e-02
1.148698385804891586e-02
1.280620694160461426e-02
1.175546459853649139e-02
1.258418522775173187e-02
1.259456947445869446e-02
1.214928179979324341e-02
1.215556077659130096e-02
1.107672043144702911e-02
1.224850304424762726e-02
1.223042141646146774e-02
1.222736760973930359e-02
1.204352173954248428e-02
1.168940216302871704e-02
1.080032251775264740e-02
7.726938463747501373e-03
1.269691623747348785e-02
1.136362273246049881e-02
8.872945792973041534e-03
1.117694936692714691e-02
1.217415649443864822e-02
8.428895846009254456e-03
1.266727223992347717e-02
1.192951202392578125e-02
1.158453710377216339e-02
1.172176934778690338e-02
1.147169433534145355e-02
1.186789199709892273e-02
1.236756704747676849e-02
7.657951675355434418e-03
1.224132999777793884e-02
1.295921392738819122e-02
1.216903328895568848e-02
1.154211163520812988e-02
1.137292478233575821e-02
1.218524761497974396e-02
1.192463096231222153e-02
1.206646859645843506e-02
1.171228569000959396e-02
1.164011657238006592e-02
1.154084224253892899e-02
1.140201836824417114e-02
1.345351338386535645e-02
1.256856881082057953e-02
1.154158730059862137e-02
1.214984245598316193e-02
1.175435353070497513e-02
1.208399981260299683e-02
1.155920512974262238e-02
1.196127571165561676e-02
1.217576768249273300e-02
1.184247341006994247e-02
1.281239464879035950e-02
6.898237392306327820e-03
1.169036980718374252e-02
1.188436336815357208e-02
1.147444546222686768e-02
1.186769455671310425e-02
1.157748140394687653e-02
1.160722225904464722e-02
1.177273876965045929e-02
1.199027895927429199e-02
1.205970346927642822e-02
1.271500624716281891e-02
1.040321774780750275e-02
1.087218336760997772e-02
1.250250637531280518e-02
1.222835108637809753e-02
1.156520284712314606e-02
1.094022486358880997e-02
1.300837472081184387e-02
1.088072732090950012e-02
1.266104914247989655e-02
9.825210087001323700e-03
1.286444440484046936e-02
1.164585165679454803e-02
1.198538951575756073e-02
8.220727555453777313e-03
1.158385165035724640e-02
1.231998205184936523e-02
1.231268420815467834e-02
1.218941342085599899e-02
1.178620941936969757e-02
1.187320612370967865e-02
1.237152330577373505e-02
1.243813335895538330e-02
1.217283494770526886e-02
1.214616931974887848e-02
1.192689035087823868e-02
1.257274486124515533e-02
1.203895919024944305e-02
1.283574197441339493e-02
1.262865774333477020e-02
1.157182268798351288e-02
1.222406327724456787e-02
1.167193055152893066e-02
1.073865499347448349e-02
1.212324481457471848e-02
1.157653518021106720e-02
1.106778718531131744e-02
1.179390959441661835e-02
1.219011284410953522e-02
1.238012686371803284e-02
1.178130600601434708e-02
1.229464076459407806e-02
1.206249929964542389e-02
1.225232146680355072e-02
1.240391284227371216e-02
1.163402386009693146e-02
1.201804075390100479e-02
1.251200307160615921e-02
1.145624089986085892e-02
1.179247163236141205e-02
1.187783665955066681e-02
1.214171294122934341e-02
1.251417119055986404e-02
1.161557994782924652e-02
1.179669424891471863e-02
1.779153756797313690e-02
1.162143610417842865e-02
1.204312779009342194e-02
1.178465224802494049e-02
1.187370717525482178e-02
1.245153509080410004e-02
1.124072168022394180e-02
1.238308753818273544e-02
1.178210135549306870e-02
1.252742670476436615e-02
1.222174800932407379e-02
1.217036042362451553e-02
1.196282170712947845e-02
1.138194464147090912e-02
1.126754377037286758e-02
1.188263855874538422e-02
1.148053072392940521e-02
1.213384605944156647e-02
1.204481814056634903e-02
1.197091769427061081e-02
1.228799484670162201e-02
1.154735311865806580e-02
1.174987573176622391e-02
1.188948936760425568e-02
1.255193352699279785e-02
1.146041415631771088e-02
1.158341206610202789e-02
1.223222166299819946e-02
1.273797079920768738e-02
1.201503910124301910e-02
1.221153326332569122e-02
1.198002882301807404e-02
1.233103498816490173e-02
1.116981264203786850e-02
1.175870932638645172e-02
1.141588762402534485e-02
1.219635456800460815e-02
1.251333020627498627e-02
1.211844664067029953e-02
1.167985890060663223e-02
1.248532161116600037e-02
1.225822512060403824e-02
1.209201011806726456e-02
1.230690162628889084e-02
1.125068590044975281e-02
1.210338249802589417e-02
1.227535121142864227e-02
1.191817596554756165e-02
1.145744509994983673e-02
1.231587119400501251e-02
1.237174589186906815e-02
1.165420562028884888e-02
1.170059293508529663e-02
1.219264790415763855e-02
1.178757846355438232e-02
1.027862168848514557e-02
1.224144548177719116e-02
1.285428460687398911e-02
1.074365619570016861e-02
1.201842352747917175e-02
1.031114906072616577e-02
1.134104281663894653e-02
1.132981106638908386e-02
1.088621560484170914e-02
1.187911443412303925e-02
1.161121483892202377e-02
1.219605095684528351e-02
1.211999729275703430e-02
1.254455279558897018e-02
1.196125429123640060e-02
1.236736588180065155e-02
1.130347698926925659e-02
1.074544712901115417e-02
1.250194385647773743e-02
1.267229486256837845e-02
1.121159084141254425e-02
1.227656472474336624e-02
1.041264273226261139e-02
1.189949549734592438e-02
1.003682613372802734e-02
1.151147112250328064e-02
1.120967976748943329e-02
1.141111180186271667e-02
1.108993310481309891e-02
1.108590513467788696e-02
1.060397457331418991e-02
1.298545859754085541e-02
1.243381015956401825e-02
1.205502171069383621e-02
1.235468685626983643e-02
1.179017685353755951e-02
1.174677722156047821e-02
1.203472539782524109e-02
1.148920319974422455e-02
1.155707985162734985e-02
7.213657721877098083e-03
1.205778121948242188e-02
7.832145318388938904e-03
1.169046014547348022e-02
1.252177078276872635e-02
1.162062305957078934e-02
1.252688094973564148e-02
1.082437671720981598e-02
9.473400190472602844e-03
1.094259694218635559e-02
1.172656472772359848e-02
1.158566493541002274e-02
1.175435259938240051e-02
1.165510341525077820e-02
1.231217384338378906e-02
1.184582151472568512e-02
1.191072445362806320e-02
1.180409267544746399e-02
1.169250346720218658e-02
1.177773065865039825e-02
1.230287179350852966e-02
1.187709532678127289e-02
1.080698147416114807e-02
1.203132420778274536e-02
1.179089117795228958e-02
1.206362433731555939e-02
1.053439080715179443e-02
1.197217218577861786e-02
1.236728858202695847e-02
1.168855838477611542e-02
1.231254078447818756e-02
1.180390827357769012e-02
1.236921269446611404e-02
1.216296758502721786e-02
1.222914177924394608e-02
1.227680779993534088e-02
1.212270744144916534e-02
1.154416520148515701e-02
1.156269945204257965e-02
1.195158250629901886e-02
1.228701975196599960e-02
1.177449710667133331e-02
1.107773929834365845e-02
1.193113066256046295e-02
1.169334724545478821e-02
1.152600161731243134e-02
1.142518967390060425e-02
8.415201678872108459e-03
6.858963053673505783e-03
1.256563141942024231e-02
1.181922387331724167e-02
1.219856925308704376e-02
1.239567250013351440e-02
1.193562708795070648e-02
1.259772945195436478e-02
1.074039191007614136e-02
1.198529917746782303e-02
1.204576157033443451e-02
1.179016381502151489e-02
1.178378984332084656e-02
1.175777614116668701e-02
1.216887310147285461e-02
1.170803420245647430e-02
1.219746191054582596e-02
1.173486467450857162e-02
1.243862882256507874e-02
1.252565905451774597e-02
1.181322149932384491e-02
1.131088659167289734e-02
1.165404170751571655e-02
1.161246094852685928e-02
1.149660162627696991e-02
1.137429289519786835e-02
1.134611107409000397e-02
6.631493568420410156e-03
1.161978393793106079e-02
1.176105067133903503e-02
6.534981541335582733e-03
1.179111562669277191e-02
1.210154406726360321e-02
1.196585223078727722e-02
1.184664107859134674e-02
1.258887909352779388e-02
9.078154340386390686e-03
1.197279524058103561e-02
1.138071902096271515e-02
1.309085264801979065e-02
1.134139113128185272e-02
1.134089939296245575e-02
1.184073090553283691e-02
1.196644827723503113e-02
1.165670994669198990e-02
1.178412605077028275e-02
1.146161649376153946e-02
1.228767447173595428e-02
8.148773573338985443e-03
1.196387317031621933e-02
9.624633938074111938e-03
1.218427531421184540e-02
1.101147383451461792e-02
1.115314476191997528e-02
1.230752281844615936e-02
1.166135538369417191e-02
1.021968387067317963e-02
1.175654586404561996e-02
1.158724166452884674e-02
1.254086848348379135e-02
1.127136126160621643e-02
1.149320974946022034e-02
1.221370697021484375e-02
1.131358928978443146e-02
1.099656336009502411e-02
1.175287552177906036e-02
8.122257888317108154e-03
1.280299574136734009e-02
1.235056947916746140e-02
1.144556049257516861e-02
9.970864281058311462e-03
1.099462993443012238e-02
1.225659344345331192e-02
1.158606354147195816e-02
1.265788450837135315e-02
1.256719231605529785e-02
1.253616623580455780e-02
1.200183760374784470e-02
1.166583783924579620e-02
1.192348077893257141e-02
1.222891733050346375e-02
1.018374226987361908e-02
1.198616437613964081e-02
1.228192355483770370e-02
1.139129046350717545e-02
1.164079457521438599e-02
1.130752637982368469e-02
1.200328767299652100e-02
9.053136222064495087e-03
1.249592751264572144e-02
1.230349112302064896e-02
1.162761822342872620e-02
1.168856024742126465e-02
1.087352540343999863e-02
1.224050577729940414e-02
1.168983429670333862e-02
1.138375606387853622e-02
1.181729882955551147e-02
1.150572393089532852e-02
1.201119832694530487e-02
1.195680350065231323e-02
1.222924329340457916e-02
1.255216635763645172e-02
1.151650119572877884e-02
1.227570418268442154e-02
1.208131108433008194e-02
1.223022397607564926e-02
1.184743270277976990e-02
1.272520329803228378e-02
1.158643700182437897e-02
1.163530908524990082e-02
1.141008175909519196e-02
1.131383329629898071e-02
7.989689707756042480e-03
1.180827990174293518e-02
1.184642594307661057e-02
1.163265295326709747e-02
1.189469359815120697e-02
1.193726621568202972e-02
1.117217727005481720e-02
1.141467131674289703e-02
1.172858476638793945e-02
1.192065607756376266e-02
1.183183398097753525e-02
1.158592477440834045e-02
1.048141345381736755e-02
8.022101595997810364e-03
1.189110893756151199e-02
1.084727235138416290e-02
1.110244728624820709e-02
1.227289717644453049e-02
1.253773458302021027e-02
1.172947511076927185e-02
1.203237846493721008e-02
1.156625151634216309e-02
9.522851556539535522e-03
1.168164610862731934e-02
1.340408250689506531e-02
1.226853393018245697e-02
1.099737919867038727e-02
1.221167948096990585e-02
1.133344601839780807e-02
1.174123771488666534e-02
1.163850165903568268e-02
1.185419317334890366e-02
1.250480860471725464e-02
1.247092429548501968e-02
1.211830601096153259e-02
1.175358425825834274e-02
1.234452985227108002e-02
1.170729752629995346e-02
1.208532042801380157e-02
1.182736270129680634e-02
1.112404745072126389e-02
1.233589276671409607e-02
1.291016489267349243e-02
1.061037369072437286e-02
1.090201176702976227e-02
1.108251512050628662e-02
1.239889115095138550e-02
1.214358396828174591e-02
1.238186657428741455e-02
1.183992810547351837e-02
1.129840407520532608e-02
1.150942314416170120e-02
1.224392652511596680e-02
1.223761588335037231e-02
1.150287967175245285e-02
1.179072447121143341e-02
1.183156855404376984e-02
1.201098039746284485e-02
1.178884971886873245e-02
1.119796093553304672e-02
1.193780545145273209e-02
1.231833826750516891e-02
1.178522966802120209e-02
1.105556637048721313e-02
1.243637874722480774e-02
1.170494966208934784e-02
1.161302439868450165e-02
1.147779542952775955e-02
1.188230607658624649e-02
1.053478009998798370e-02
1.237922720611095428e-02
1.250741258263587952e-02
1.231941115111112595e-02
1.192330755293369293e-02
1.166126690804958344e-02
1.218862924724817276e-02
1.154480502009391785e-02
1.177080906927585602e-02
1.161122880876064301e-02
1.150688529014587402e-02
1.230722945183515549e-02
1.250300370156764984e-02
1.161834783852100372e-02
1.236565038561820984e-02
1.169640943408012390e-02
1.143972203135490417e-02
1.155753619968891144e-02
1.008956134319305420e-02
1.148132700473070145e-02
1.236393675208091736e-02
1.197117753326892853e-02
1.200046949088573456e-02
1.169875729829072952e-02
1.193295419216156006e-02
1.230428926646709442e-02
1.188648492097854614e-02
1.170231308788061142e-02
1.152824517339468002e-02
1.238330081105232239e-02
1.121943630278110504e-02
1.121940650045871735e-02
1.146718300879001617e-02
1.177813857793807983e-02
1.224451791495084763e-02
1.141530368477106094e-02
1.172359660267829895e-02
1.170686446130275726e-02
6.215342320501804352e-03
1.202321145683526993e-02
1.209682598710060120e-02
1.198481954634189606e-02
1.143488101661205292e-02
1.144333183765411377e-02
1.252301409840583801e-02
1.206210441887378693e-02
1.249567978084087372e-02
1.189881563186645508e-02
1.159838400781154633e-02
1.253922469913959503e-02
1.186500675976276398e-02
1.185321249067783356e-02
7.761155255138874054e-03
1.286306045949459076e-02
1.270577963441610336e-02
1.147892139852046967e-02
1.199841499328613281e-02
8.432918228209018707e-03
1.181730162352323532e-02
1.202089525759220123e-02
1.225029863417148590e-02
1.053466089069843292e-02
1.158214919269084930e-02
9.959103539586067200e-03
1.259794086217880249e-02
1.005536131560802460e-02
1.198920048773288727e-02
1.200812868773937225e-02
1.270377822220325470e-02
1.149888336658477783e-02
1.190893910825252533e-02
1.195443421602249146e-02
1.158238016068935394e-02
1.208748761564493179e-02
1.204627379775047302e-02
1.167814247310161591e-02
1.150671485811471939e-02
1.128573063760995865e-02
1.226233225315809250e-02
1.181397400796413422e-02
1.220933906733989716e-02
1.174214296042919159e-02
1.219528727233409882e-02
1.182778738439083099e-02
1.111010275781154633e-02
1.178647018969058990e-02
1.184695027768611908e-02
1.242463476955890656e-02
1.286493521183729172e-02
1.120294909924268723e-02
1.189250126481056213e-02
1.194797176867723465e-02
1.188639923930168152e-02
1.048798952251672745e-02
1.209112815558910370e-02
1.252481527626514435e-02
1.199367828667163849e-02
1.186619792133569717e-02
1.176112890243530273e-02
1.146032195538282394e-02
1.188895758241415024e-02
1.325205713510513306e-02
1.113545522093772888e-02
1.199931837618350983e-02
1.086478773504495621e-02
1.161273941397666931e-02
1.203704252839088440e-02
1.204840000718832016e-02
1.210400462150573730e-02
1.195571105927228928e-02
1.230653002858161926e-02
1.140784472227096558e-02
1.216096244752407074e-02
1.182344183325767517e-02
1.192902959883213043e-02
1.204499229788780212e-02
1.165322214365005493e-02
1.161452755331993103e-02
1.212116237729787827e-02
1.148733124136924744e-02
1.165212783962488174e-02
1.215928792953491211e-02
1.261338032782077789e-02
1.209260988980531693e-02
1.239903084933757782e-02
1.193725876510143280e-02
1.169565413147211075e-02
1.198476366698741913e-02
1.181525364518165588e-02
1.149012334644794464e-02
1.187284663319587708e-02
1.233761850744485855e-02
1.239095069468021393e-02
9.818224236369132996e-03
1.267937850207090378e-02
1.212937012314796448e-02
1.168783567845821381e-02
1.097820699214935303e-02
1.119366846978664398e-02
1.161962747573852539e-02
1.178537495434284210e-02
1.282688789069652557e-02
1.271268539130687714e-02
1.192826963961124420e-02
1.231705211102962494e-02
1.209929212927818298e-02
1.204378344118595123e-02
1.168467011302709579e-02
1.153458002954721451e-02
1.240174099802970886e-02
1.180253271013498306e-02
1.199513208121061325e-02
1.174033433198928833e-02
1.266626641154289246e-02
1.147031225264072418e-02
1.031048409640789032e-02
1.166033651679754257e-02
1.191514357924461365e-02
1.200979761779308319e-02
1.107505429536104202e-02
1.224939525127410889e-02
1.242352090775966644e-02
1.238586008548736572e-02
6.771371234208345413e-03
1.176700927317142487e-02
1.127724349498748779e-02
1.166579127311706543e-02
1.151502877473831177e-02
1.227225176990032196e-02
1.191748585551977158e-02
1.120593398809432983e-02
1.200764812529087067e-02
1.209774054586887360e-02
7.235492579638957977e-03
1.167661137878894806e-02
1.220018975436687469e-02
1.266030780971050262e-02
1.198554970324039459e-02
1.086570136249065399e-02
1.107057370245456696e-02
9.691111743450164795e-03
1.078874431550502777e-02
1.288908906280994415e-02
9.880585595965385437e-03
1.208736933767795563e-02
1.166880223900079727e-02
1.241307519376277924e-02
1.172228157520294189e-02
1.210315525531768799e-02
1.209917478263378143e-02
1.180719677358865738e-02
1.206100918352603912e-02
1.226064376533031464e-02
1.212817430496215820e-02
1.198164187371730804e-02
1.369244605302810669e-02
1.030469126999378204e-02
1.186135411262512207e-02
1.187569089233875275e-02
1.215384155511856079e-02
1.255195494741201401e-02
1.090013235807418823e-02
1.160837057977914810e-02
1.196887437254190445e-02
1.178157515823841095e-02
1.227957196533679962e-02
1.245009899139404297e-02
1.226977258920669556e-02
1.176283881068229675e-02
1.130553428083658218e-02
1.222544908523559570e-02
1.159659214317798615e-02
1.037846878170967102e-02
1.188031397759914398e-02
1.191123668104410172e-02
1.222540996968746185e-02
1.273749582469463348e-02
1.260954979807138443e-02
1.206052303314208984e-02
1.207323372364044189e-02
1.351453829556703568e-02
1.203235890716314316e-02
1.200740970671176910e-02
1.238243654370307922e-02
1.187423430383205414e-02
1.083445828408002853e-02
1.235104631632566452e-02
1.074381358921527863e-02
1.169637404382228851e-02
1.051270868629217148e-02
1.201493106782436371e-02
1.251829601824283600e-02
1.189718768000602722e-02
1.206869725137948990e-02
1.175338681787252426e-02
1.153611019253730774e-02
1.198966614902019501e-02
1.144247315824031830e-02
1.260759215801954269e-02
1.193571835756301880e-02
1.180410571396350861e-02
1.197937037795782089e-02
1.165017299354076385e-02
1.079134549945592880e-02
1.170346233993768692e-02
1.187435165047645569e-02
1.083110366016626358e-02
1.192041672766208649e-02
1.197125762701034546e-02
1.210997905582189560e-02
1.220695395022630692e-02
1.208025403320789337e-02
1.245301775634288788e-02
1.245531905442476273e-02
1.181987114250659943e-02
1.201958023011684418e-02
1.129705645143985748e-02
1.162142772227525711e-02
1.199015229940414429e-02
1.196542754769325256e-02
1.216092333197593689e-02
1.192261837422847748e-02
1.170065626502037048e-02
1.181535143405199051e-02
1.153045799583196640e-02
1.189843937754631042e-02
1.217169035226106644e-02
1.231095567345619202e-02
1.254745572805404663e-02
1.196004729717969894e-02
1.146705821156501770e-02
1.163623668253421783e-02
1.208268105983734131e-02
1.173333078622817993e-02
1.242414116859436035e-02
1.173856854438781738e-02
9.540726430714130402e-03
1.137216389179229736e-02
1.158056035637855530e-02
1.182544976472854614e-02
1.173712685704231262e-02
1.194902509450912476e-02
1.186451502144336700e-02
1.232247054576873779e-02
1.171085145324468613e-02
1.126854680478572845e-02
1.185376103967428207e-02
1.131598278880119324e-02
1.224161498248577118e-02
1.155785564333200455e-02
1.198256760835647583e-02
1.149660348892211914e-02
1.233196724206209183e-02
1.274083741009235382e-02
1.256105490028858185e-02
1.115396246314048767e-02
1.212913729250431061e-02
1.096463389694690704e-02
1.197465322911739349e-02
1.265318505465984344e-02
1.205557398498058319e-02
1.041468419134616852e-02
1.160165853798389435e-02
1.115002855658531189e-02
1.249738223850727081e-02
1.178344246000051498e-02
1.179462578147649765e-02
1.200611982494592667e-02
1.181001774966716766e-02
1.365546137094497681e-02
1.197227556258440018e-02
1.182832941412925720e-02
1.142636314034461975e-02
1.252076774835586548e-02
1.186718232929706573e-02
1.127775199711322784e-02
1.185537874698638916e-02
1.141442731022834778e-02
1.145039964467287064e-02
1.152649894356727600e-02
1.191080547869205475e-02
1.173426955938339233e-02
1.190214976668357849e-02
1.207623444497585297e-02
1.203664857894182205e-02
1.181166991591453552e-02
1.246970053762197495e-02
1.131058856844902039e-02
1.190937496721744537e-02
1.303356606513261795e-02
1.137481071054935455e-02
1.213344745337963104e-02
1.227136515080928802e-02
1.264069788157939911e-02
1.176065020263195038e-02
1.175940223038196564e-02
1.147673092782497406e-02
1.166869048029184341e-02
1.198093127459287643e-02
1.208555418998003006e-02
1.233161613345146179e-02
1.212043780833482742e-02
1.227057725191116333e-02
1.200181245803833008e-02
1.165839098393917084e-02
1.239878311753273010e-02
1.199703756719827652e-02
1.268917415291070938e-02
1.225280947983264923e-02
1.166336797177791595e-02
1.208720542490482330e-02
1.245519891381263733e-02
1.213171798735857010e-02
1.272316556423902512e-02
1.159290783107280731e-02
1.148697454482316971e-02
1.132178027182817459e-02
1.071008108556270599e-02
1.178738940507173538e-02
1.304690353572368622e-02
1.170717179775238037e-02
1.183046773076057434e-02
1.061842776834964752e-02
1.120557077229022980e-02
7.809561677277088165e-03
1.116219721734523773e-02
1.196910906583070755e-02
1.064785756170749664e-02
1.131145562976598740e-02
1.183293107897043228e-02
1.159138977527618408e-02
1.126122102141380310e-02
1.212010532617568970e-02
1.117668300867080688e-02
1.212179847061634064e-02
1.262479927390813828e-02
1.216595806181430817e-02
1.207949500530958176e-02
1.144028361886739731e-02
1.163511537015438080e-02
1.139231398701667786e-02
1.174660772085189819e-02
1.138521078974008560e-02
1.205758284777402878e-02
1.153185963630676270e-02
1.137760467827320099e-02
1.121149025857448578e-02
1.131696254014968872e-02
1.405691169202327728e-02
1.209148392081260681e-02
1.160153187811374664e-02
1.206230372190475464e-02
1.196900662034749985e-02
1.216372847557067871e-02
1.141771487891674042e-02
1.215226761996746063e-02
1.247571501880884171e-02
1.193923968821763992e-02
1.185258291661739349e-02
1.170254871249198914e-02
1.003061607480049133e-02
1.211999356746673584e-02
1.227683760225772858e-02
1.188671123236417770e-02
1.177109591662883759e-02
1.137711666524410248e-02
1.203098334372043610e-02
1.083179190754890442e-02
1.247701328247785568e-02
1.136722229421138763e-02
1.189233921468257904e-02
1.186553575098514557e-02
1.228771079331636429e-02
1.191887632012367249e-02
7.296986877918243408e-03
1.182239595800638199e-02
1.152474619448184967e-02
1.215362921357154846e-02
8.891452103853225708e-03
1.103489287197589874e-02
1.162233203649520874e-02
1.152791082859039307e-02
1.179978623986244202e-02
1.163736265152692795e-02
1.208975911140441895e-02
1.197152771055698395e-02
1.197077706456184387e-02
1.224703062325716019e-02
1.224195025861263275e-02
1.116868946701288223e-02
1.200653240084648132e-02
1.180982403457164764e-02
1.210931874811649323e-02
1.135867368429899216e-02
1.222096383571624756e-02
1.171613484621047974e-02
1.081434451043605804e-02
1.207153126597404480e-02
1.179667003452777863e-02
5.965046584606170654e-03
1.151632890105247498e-02
1.209939457476139069e-02
1.231280714273452759e-02
1.194324530661106110e-02
1.241445168852806091e-02
1.116605754941701889e-02
1.233552582561969757e-02
1.335433032363653183e-02
1.244718395173549652e-02
1.209920831024646759e-02
1.090075820684432983e-02
1.202928368002176285e-02
1.222436316311359406e-02
1.240334846079349518e-02
1.158969849348068237e-02
1.183437928557395935e-02
6.131676025688648224e-03
1.180236600339412689e-02
1.144185289740562439e-02
1.109443604946136475e-02
1.207584794610738754e-02
1.204637251794338226e-02
1.186422072350978851e-02
1.219492126256227493e-02
1.200889423489570618e-02
1.083814632147550583e-02
1.233326829969882965e-02
1.187325548380613327e-02
9.161349385976791382e-03
1.215560734272003174e-02
1.172787882387638092e-02
1.106787286698818207e-02
1.065827906131744385e-02
1.095461472868919373e-02
1.201817486435174942e-02
1.190274208784103394e-02
1.178511139005422592e-02
1.183052733540534973e-02
1.169770024716854095e-02
1.190059818327426910e-02
1.106400229036808014e-02
1.172768510878086090e-02
1.198294013738632202e-02
1.130606234073638916e-02
1.179302483797073364e-02
1.184847205877304077e-02
1.172638777643442154e-02
1.218627020716667175e-02
1.182036288082599640e-02
1.176570635288953781e-02
1.211723405867815018e-02
1.262194849550724030e-02
1.110631786286830902e-02
1.193050201982259750e-02
1.208050921559333801e-02
1.220986433327198029e-02
1.211365498602390289e-02
1.193030364811420441e-02
1.227329671382904053e-02
1.187359634786844254e-02
1.148726139217615128e-02
1.219512242823839188e-02
1.228296384215354919e-02
1.174048334360122681e-02
1.126163173466920853e-02
1.186751760542392731e-02
1.170423161238431931e-02
1.216899696737527847e-02
1.149194780737161636e-02
1.169131137430667877e-02
1.188200525939464569e-02
1.202550996094942093e-02
1.192959211766719818e-02
1.107327640056610107e-02
1.214563567191362381e-02
1.176253519952297211e-02
1.180619839578866959e-02
1.238693483173847198e-02
1.254798844456672668e-02
1.170431450009346008e-02
1.211639121174812317e-02
1.171458046883344650e-02
1.141963154077529907e-02
1.113603077828884125e-02
1.232905127108097076e-02
1.222344860434532166e-02
1.229148637503385544e-02
1.214703544974327087e-02
1.201030798256397247e-02
1.182227768003940582e-02
1.233500707894563675e-02
1.224813796579837799e-02
1.173951104283332825e-02
1.162273529917001724e-02
1.124054659157991409e-02
1.173666678369045258e-02
1.244076713919639587e-02
1.253450755029916763e-02
1.169042102992534637e-02
1.166675798594951630e-02
1.183778885751962662e-02
1.150993816554546356e-02
1.204700022935867310e-02
1.249180547893047333e-02
1.240903045982122421e-02
1.116919610649347305e-02
1.216597668826580048e-02
1.150382868945598602e-02
1.241450849920511246e-02
1.279740314930677414e-02
1.217144727706909180e-02
1.216321624815464020e-02
1.122409384697675705e-02
1.191371679306030273e-02
1.212953124195337296e-02
1.223270036280155182e-02
1.175834797322750092e-02
1.182525791227817535e-02
1.096446067094802856e-02
1.233794260770082474e-02
1.212043501436710358e-02
1.217014156281948090e-02
1.277635246515274048e-02
1.133882906287908554e-02
8.893274702131748199e-03
1.145054306834936142e-02
9.063985198736190796e-03
1.234537921845912933e-02
1.205495558679103851e-02
1.158772129565477371e-02
1.189069263637065887e-02
1.230384130030870438e-02
1.160665601491928101e-02
1.203391700983047485e-02
1.226089335978031158e-02
1.177941262722015381e-02
7.483362220227718353e-03
1.178951747715473175e-02
9.173218160867691040e-03
9.801346808671951294e-03
1.143902260810136795e-02
1.206680946052074432e-02
1.237045228481292725e-02
1.224530022591352463e-02
7.447122596204280853e-03
1.207100413739681244e-02
1.230607461184263229e-02
1.184267736971378326e-02
1.227586716413497925e-02
1.193262171000242233e-02
1.211073622107505798e-02
1.209735404700040817e-02
9.659731760621070862e-03
1.162295043468475342e-02
1.155472919344902039e-02
1.197903044521808624e-02
1.148888096213340759e-02
1.214151550084352493e-02
1.278152316808700562e-02
1.168648619204759598e-02
1.131501421332359314e-02
1.208991557359695435e-02
1.222444325685501099e-02
1.250176504254341125e-02
1.157075911760330200e-02
1.311455015093088150e-02
1.418336480855941772e-02
1.167265977710485458e-02
1.144890300929546356e-02
1.209679245948791504e-02
1.172727905213832855e-02
1.164366863667964935e-02
1.220173295587301254e-02
1.248590555042028427e-02
1.172746159136295319e-02
1.201863493770360947e-02
1.150403544306755066e-02
1.202875934541225433e-02
6.561267655342817307e-03
1.204584259539842606e-02
1.220416743308305740e-02
1.095346920192241669e-02
1.199910137802362442e-02
1.212858781218528748e-02
1.118860766291618347e-02
1.141896285116672516e-02
1.166184805333614349e-02
1.234999485313892365e-02
1.224530022591352463e-02
1.175695564597845078e-02
1.238803192973136902e-02
1.169320940971374512e-02
1.193217374384403229e-02
1.249353587627410889e-02
1.227474026381969452e-02
1.160532888025045395e-02
1.201372779905796051e-02
1.158524304628372192e-02
1.121981721371412277e-02
1.124267838895320892e-02
1.170653570443391800e-02
1.198892388492822647e-02
1.149188913404941559e-02
1.170175150036811829e-02
1.192267425358295441e-02
1.208307035267353058e-02
1.210855133831501007e-02
1.185785699635744095e-02
1.232744380831718445e-02
1.143592223525047302e-02
9.271953254938125610e-03
1.247186865657567978e-02
1.223831530660390854e-02
1.202496606856584549e-02
1.244814507663249969e-02
1.162987016141414642e-02
1.200441829860210419e-02
1.196557376533746719e-02
1.170502230525016785e-02
1.054718811064958572e-02
1.182172633707523346e-02
1.199990231543779373e-02
1.201822422444820404e-02
1.208413764834403992e-02
1.250550150871276855e-02
1.128610968589782715e-02
1.245046034455299377e-02
1.173484325408935547e-02
1.276757195591926575e-02
1.204118877649307251e-02
1.173711195588111877e-02
1.162395067512989044e-02
1.138105615973472595e-02
1.153964363038539886e-02
9.529687464237213135e-03
1.140964031219482422e-02
1.200718246400356293e-02
1.180176530033349991e-02
1.126573141664266586e-02
1.391984708607196808e-02
1.068843714892864227e-02
1.187194976955652237e-02
1.239415071904659271e-02
1.303052715957164764e-02
1.173517573624849319e-02
1.201544608920812607e-02
1.166605204343795776e-02
9.698817506432533264e-03
1.276732794940471649e-02
1.167199015617370605e-02
1.311062183231115341e-02
1.154062803834676743e-02
1.262754481285810471e-02
1.098437979817390442e-02
1.220190618187189102e-02
1.221614424139261246e-02
1.200007647275924683e-02
1.198544260114431381e-02
1.228578574955463409e-02
1.129777543246746063e-02
1.255652308464050293e-02
1.259303838014602661e-02
1.223433017730712891e-02
1.158337481319904327e-02
8.952150121331214905e-03
1.000613905489444733e-02
1.164723653346300125e-02
1.176539156585931778e-02
1.197222806513309479e-02
1.160417497158050537e-02
1.196873839944601059e-02
1.130952313542366028e-02
1.031547971069812775e-02
1.166501361876726151e-02
1.160224340856075287e-02
1.234917901456356049e-02
1.117908395826816559e-02
1.156863197684288025e-02
1.185996737331151962e-02
1.187489926815032959e-02
1.224325876682996750e-02
1.268112100660800934e-02
8.112907409667968750e-03
1.200919505208730698e-02
1.200016215443611145e-02
1.160755287855863571e-02
1.156125124543905258e-02
1.086616516113281250e-02
1.141013205051422119e-02
1.202706526964902878e-02
1.184936985373497009e-02
1.157581992447376251e-02
1.184452511370182037e-02
8.175087161362171173e-03
1.217757537961006165e-02
1.208161003887653351e-02
1.211805734783411026e-02
1.203101500868797302e-02
1.136774197220802307e-02
1.167311705648899078e-02
1.242002286016941071e-02
1.210715062916278839e-02
1.149730104953050613e-02
1.131744310259819031e-02
1.000625174492597580e-02
1.189199555665254593e-02
1.226443238556385040e-02
1.184803247451782227e-02
1.139339059591293335e-02
1.183209381997585297e-02
1.253334712237119675e-02
1.167985424399375916e-02
1.138011738657951355e-02
1.112510450184345245e-02
1.219382788985967636e-02
1.192238461226224899e-02
1.116368733346462250e-02
1.067713368684053421e-02
1.126981247216463089e-02
1.244434341788291931e-02
1.177508383989334106e-02
1.143746078014373779e-02
1.269304752349853516e-02
1.188941486179828644e-02
1.169170346111059189e-02
1.203131675720214844e-02
1.206603646278381348e-02
1.068160962313413620e-02
1.192130707204341888e-02
1.229744404554367065e-02
1.303387712687253952e-02
9.623773396015167236e-03
1.208913233131170273e-02
1.264696568250656128e-02
1.233795285224914551e-02
1.148929074406623840e-02
1.223300397396087646e-02
1.184406690299510956e-02
1.226375717669725418e-02
1.239453814923763275e-02
1.190933305770158768e-02
1.175241917371749878e-02
1.170026324689388275e-02
1.172229368239641190e-02
1.190681941807270050e-02
1.205368153750896454e-02
1.181547902524471283e-02
1.128125190734863281e-02
1.205107569694519043e-02
1.194239221513271332e-02
1.214360259473323822e-02
1.152193732559680939e-02
1.224274095147848129e-02
1.157683227211236954e-02
1.181980688124895096e-02
1.155368983745574951e-02
1.181523874402046204e-02
1.158288680016994476e-02
1.173101551830768585e-02
1.149444002658128738e-02
1.196953654289245605e-02
1.197577361017465591e-02
1.232164166867733002e-02
1.204485353082418442e-02
1.232312712818384171e-02
1.238390989601612091e-02
1.188248954713344574e-02
1.181124988943338394e-02
1.307621877640485764e-02
1.191555522382259369e-02
1.113560236990451813e-02
1.192062534391880035e-02
1.139378547668457031e-02
1.233583316206932068e-02
6.965728476643562317e-03
1.188510470092296600e-02
1.206610910594463348e-02
1.164601463824510574e-02
9.048562496900558472e-03
1.037027966231107712e-02
1.168201863765716553e-02
1.237846352159976959e-02
1.198008470237255096e-02
1.177194621413946152e-02
1.223756186664104462e-02
1.052176021039485931e-02
1.255780458450317383e-02
1.177959702908992767e-02
1.153116300702095032e-02
1.178241241723299026e-02
1.178854145109653473e-02
1.161461975425481796e-02
1.142473705112934113e-02
1.167025696486234665e-02
1.382651552557945251e-02
1.173489727079868317e-02
1.204324327409267426e-02
1.227767951786518097e-02
1.194918341934680939e-02
1.223226450383663177e-02
9.667139500379562378e-03
1.124805398285388947e-02
9.650709107518196106e-03
1.278276368975639343e-02
1.173573732376098633e-02
1.188887655735015869e-02
1.191769260913133621e-02
1.188543532043695450e-02
1.107967179268598557e-02
1.199017558246850967e-02
1.229924988001585007e-02
1.210238505154848099e-02
1.233655586838722229e-02
1.244207099080085754e-02
1.178256236016750336e-02
8.284440264105796814e-03
1.192545704543590546e-02
1.178894378244876862e-02
1.235436834394931793e-02
1.187918987125158310e-02
1.208963058888912201e-02
1.147985458374023438e-02
1.106032077223062515e-02
1.182460784912109375e-02
1.174490619450807571e-02
1.062730140984058380e-02
1.156173460185527802e-02
1.129421405494213104e-02
1.194925978779792786e-02
1.178837846964597702e-02
8.436466567218303680e-03
1.217711716890335083e-02
1.227360591292381287e-02
1.260145287960767746e-02
1.276943180710077286e-02
1.159071363508701324e-02
1.216081995517015457e-02
1.196803804486989975e-02
1.185101270675659180e-02
1.221139729022979736e-02
1.176356058567762375e-02
1.243780180811882019e-02
1.317532360553741455e-02
1.080083660781383514e-02
1.166073605418205261e-02
1.185267418622970581e-02
1.216500066220760345e-02
7.285942789167165756e-03
1.102314516901969910e-02
1.169821619987487793e-02
1.163403969258069992e-02
1.234960183501243591e-02
1.112180296331644058e-02
1.222232542932033539e-02
1.195010636001825333e-02
1.177043840289115906e-02
1.123969629406929016e-02
1.188626606017351151e-02
1.241391431540250778e-02
1.214738283306360245e-02
1.226983778178691864e-02
1.178148202598094940e-02
1.121488213539123535e-02
1.166016235947608948e-02
8.322186768054962158e-03
1.142221316695213318e-02
1.155839115381240845e-02
1.289146393537521362e-02
1.182172633707523346e-02
1.141329389065504074e-02
1.166592724621295929e-02
1.335645280778408051e-02
1.194825861603021622e-02
1.246545463800430298e-02
1.188190840184688568e-02
1.156368572264909744e-02
1.197891123592853546e-02
1.161437481641769409e-02
1.288772001862525940e-02
1.130298618227243423e-02
9.034654125571250916e-03
1.212021708488464355e-02
1.217353902757167816e-02
1.180540584027767181e-02
1.205818355083465576e-02
1.255462598055601120e-02
7.509861607104539871e-03
1.169067993760108948e-02
1.137997861951589584e-02
1.275842264294624329e-02
1.232434809207916260e-02
1.277431007474660873e-02
1.242663897573947906e-02
1.162531692534685135e-02
1.237470749765634537e-02
1.166654471307992935e-02
1.210541091859340668e-02
1.180323772132396698e-02
1.175144873559474945e-02
1.180921588093042374e-02
1.180744264274835587e-02
1.142954826354980469e-02
6.775031797587871552e-03
1.168700493872165680e-02
1.167410612106323242e-02
1.128166168928146362e-02
1.186757534742355347e-02
1.277942676097154617e-02
1.152983959764242172e-02
1.223777234554290771e-02
1.273572817444801331e-02
1.208123937249183655e-02
1.248316466808319092e-02
1.181506924331188202e-02
1.166293583810329437e-02
1.196843478828668594e-02
1.183230243623256683e-02
1.152336783707141876e-02
1.228486560285091400e-02
1.201071869581937790e-02
1.139293145388364792e-02
1.268460135906934738e-02
1.169511675834655762e-02
1.231129094958305359e-02
1.160935312509536743e-02
1.207885332405567169e-02
1.150544267147779465e-02
1.089859101921319962e-02
1.192811504006385803e-02
1.134138554334640503e-02
1.178662106394767761e-02
1.109687145799398422e-02
1.201412454247474670e-02
1.238674856722354889e-02
1.176084019243717194e-02
1.225599553436040878e-02
1.195422839373350143e-02
1.147860009223222733e-02
1.230257935822010040e-02
1.137366052716970444e-02
1.226518768817186356e-02
1.246514730155467987e-02
1.160261966288089752e-02
1.199430227279663086e-02
1.202944107353687286e-02
1.203731819987297058e-02
1.201076246798038483e-02
1.021401584148406982e-02
1.204958744347095490e-02
1.150244474411010742e-02
1.156433392316102982e-02
1.097049564123153687e-02
1.184823643416166306e-02
1.162505522370338440e-02
1.137581281363964081e-02
1.211879402399063110e-02
8.793485350906848907e-03
1.182316802442073822e-02
1.164536550641059875e-02
1.209663227200508118e-02
1.154933311045169830e-02
1.174317114055156708e-02
1.178997941315174103e-02
1.222031563520431519e-02
1.202382706105709076e-02
1.176480203866958618e-02
1.213494222611188889e-02
1.164990570396184921e-02
1.139624044299125671e-02
1.100482884794473648e-02
1.226988434791564941e-02
1.234127767384052277e-02
1.190061029046773911e-02
1.171306800097227097e-02
1.330115739256143570e-02
1.205013692378997803e-02
1.218710094690322876e-02
8.641041815280914307e-03
1.166053861379623413e-02
1.186921447515487671e-02
1.212067529559135437e-02
1.208326313644647598e-02
1.163433305919170380e-02
1.212770957499742508e-02
1.211020536720752716e-02
1.108676381409168243e-02
1.208142936229705811e-02
9.287241846323013306e-03
1.263651065528392792e-02
1.218701526522636414e-02
1.164603140205144882e-02
1.149107515811920166e-02
1.110258977860212326e-02
1.210880558937788010e-02
1.235217414796352386e-02
1.261524297297000885e-02
1.269868109375238419e-02
1.193644292652606964e-02
1.205338072031736374e-02
1.230858732014894485e-02
1.157598383724689484e-02
1.188202574849128723e-02
1.217982824891805649e-02
1.253941841423511505e-02
1.133400946855545044e-02
1.236542779952287674e-02
1.226553320884704590e-02
1.153213903307914734e-02
1.197907887399196625e-02
1.163192465901374817e-02
1.066908985376358032e-02
1.032339874655008316e-02
1.088705845177173615e-02
1.174249127507209778e-02
1.237705908715724945e-02
1.219225861132144928e-02
1.205740589648485184e-02
1.172025036066770554e-02
1.184864901006221771e-02
1.181062124669551849e-02
1.234662719070911407e-02
1.239424943923950195e-02
1.201540045440196991e-02
1.226454600691795349e-02
1.182593312114477158e-02
1.150653697550296783e-02
1.207527332007884979e-02
1.254764012992382050e-02
1.158938091248273849e-02
1.155499555170536041e-02
1.155891455709934235e-02
1.150824688374996185e-02
1.127627491950988770e-02
1.198085211217403412e-02
1.200729329138994217e-02
1.159307081252336502e-02
1.222335547208786011e-02
1.195689942687749863e-02
1.165338046848773956e-02
1.179223693907260895e-02
1.160197332501411438e-02
1.260682009160518646e-02
1.173531636595726013e-02
1.202553417533636093e-02
1.129063963890075684e-02
1.089885272085666656e-02
1.201478298753499985e-02
1.160224527120590210e-02
7.168123032897710800e-03
1.116362400352954865e-02
1.248039677739143372e-02
1.210769265890121460e-02
1.171127147972583771e-02
1.131221465766429901e-02
1.239065639674663544e-02
1.211061701178550720e-02
9.352721273899078369e-03
1.222884841263294220e-02
1.104396115988492966e-02
1.173660997301340103e-02
1.137669291347265244e-02
1.189702749252319336e-02
1.190309040248394012e-02
1.202282309532165527e-02
1.118587516248226166e-02
1.118629984557628632e-02
1.167474035173654556e-02
1.111542992293834686e-02
1.209289394319057465e-02
1.230141147971153259e-02
1.209324412047863007e-02
1.185688190162181854e-02
1.243917644023895264e-02
1.203416660428047180e-02
1.039231754839420319e-02
1.222723256796598434e-02
1.175887603312730789e-02
1.216838136315345764e-02
1.113172248005867004e-02
1.171753834933042526e-02
1.242454443126916885e-02
1.191104948520660400e-02
1.173697970807552338e-02
1.159013900905847549e-02
1.189694367349147797e-02
1.292048208415508270e-02
1.246074773371219635e-02
1.225689798593521118e-02
1.383018586784601212e-02
1.186932809650897980e-02
1.238804683089256287e-02
9.142177179455757141e-03
1.263982057571411133e-02
1.135113928467035294e-02
1.037389133125543594e-02
1.214440166950225830e-02
1.129827648401260376e-02
1.270375773310661316e-02
1.186328940093517303e-02
1.113343052566051483e-02
1.182522159069776535e-02
1.246253307908773422e-02
1.127360388636589050e-02
1.214658468961715698e-02
1.135128363966941833e-02
1.217241398990154266e-02
1.188018359243869781e-02
1.132368389517068863e-02
1.302414201200008392e-02
1.203800365328788757e-02
1.138593629002571106e-02
1.208992302417755127e-02
1.177619956433773041e-02
1.135862618684768677e-02
8.561115711927413940e-03
1.300229132175445557e-02
1.196259073913097382e-02
1.166553050279617310e-02
