<system>Protocol: Active. Attitude: Sassy.</system>
1.309734582901000977e-02
1.395248901098966599e-02
1.340013556182384491e-02
1.369705796241760254e-02
1.411758735775947571e-02
1.381483860313892365e-02
1.272004470229148865e-02
1.306321471929550171e-02
1.345542259514331818e-02
1.406337507069110870e-02
1.377507485449314117e-02
1.315885782241821289e-02
1.370096206665039062e-02
1.361624337732791901e-02
1.347282808274030685e-02
1.389199309051036835e-02
1.267638429999351501e-02
1.402385160326957703e-02
1.355853676795959473e-02
1.407929044216871262e-02
1.404350064694881439e-02
1.326625794172286987e-02
1.373808085918426514e-02
1.400115154683589935e-02
1.362835429608821869e-02
1.405651494860649109e-02
1.366701629012823105e-02
1.337002217769622803e-02
1.358378119766712189e-02
1.371762063354253769e-02
1.125895697623491287e-02
1.381873898208141327e-02
1.330897770822048187e-02
1.400345563888549805e-02
1.384587213397026062e-02
9.212885051965713501e-03
1.311025395989418030e-02
1.341575384140014648e-02
1.325610186904668808e-02
1.291385479271411896e-02
1.365742459893226624e-02
1.391757838428020477e-02
1.302871294319629669e-02
1.342556905001401901e-02
1.301215589046478271e-02
1.331188343465328217e-02
1.363412477076053619e-02
1.075232494622468948e-02
1.352668367326259613e-02
1.357748173177242279e-02
1.322925090789794922e-02
1.394696719944477081e-02
1.317261718213558197e-02
1.393721252679824829e-02
1.264519058167934418e-02
1.386899128556251526e-02
1.340961270034313202e-02
1.290170103311538696e-02
1.379413343966007233e-02
1.291847601532936096e-02
1.404550857841968536e-02
1.361027732491493225e-02
1.363450847566127777e-02
1.407204195857048035e-02
1.338035054504871368e-02
1.359337568283081055e-02
1.318368781358003616e-02
1.322793494910001755e-02
1.325414422899484634e-02
1.344702299684286118e-02
1.337629742920398712e-02
1.073537394404411316e-02
1.367313414812088013e-02
1.379873696714639664e-02
1.332501135766506195e-02
1.438552699983119965e-02
1.344918180257081985e-02
1.404782943427562714e-02
1.370651833713054657e-02
9.221490472555160522e-03
1.348170358687639236e-02
1.424326002597808838e-02
1.352110784500837326e-02
1.317822001874446869e-02
1.389490440487861633e-02
1.430162508040666580e-02
1.296345703303813934e-02
1.418338064104318619e-02
1.470454782247543335e-02
1.332783885300159454e-02
1.349107176065444946e-02
1.422419212758541107e-02
1.383063383400440216e-02
1.364485267549753189e-02
1.368944533169269562e-02
1.351850293576717377e-02
1.343801803886890411e-02
1.247810944914817810e-02
1.566852256655693054e-02
1.282229460775852203e-02
1.360645517706871033e-02
1.371805928647518158e-02
1.373150944709777832e-02
1.341518107801675797e-02
1.366834435611963272e-02
1.346558984369039536e-02
1.333999447524547577e-02
1.347329281270503998e-02
1.437482982873916626e-02
1.353142503648996353e-02
1.264861598610877991e-02
1.369627751410007477e-02
1.339268125593662262e-02
1.140168868005275726e-02
1.347497664391994476e-02
1.339392177760601044e-02
1.313440036028623581e-02
1.406036876142024994e-02
1.312584709376096725e-02
1.360881980508565903e-02
1.341973990201950073e-02
1.343877427279949188e-02
1.290797255933284760e-02
1.335733756422996521e-02
1.354816555976867676e-02
1.339292526245117188e-02
1.371617242693901062e-02
1.293177809566259384e-02
1.343600451946258545e-02
1.348766125738620758e-02
1.349805947393178940e-02
1.372867450118064880e-02
1.360146328806877136e-02
1.366602350026369095e-02
1.336768455803394318e-02
1.369499042630195618e-02
1.322617568075656891e-02
1.333565823733806610e-02
1.344101596623659134e-02
1.325408555567264557e-02
1.389169227331876755e-02
1.323483139276504517e-02
1.365890540182590485e-02
1.355927065014839172e-02
1.366266608238220215e-02
1.409952249377965927e-02
1.286212168633937836e-02
1.287519559264183044e-02
1.362205110490322113e-02
1.359488815069198608e-02
1.250595413148403168e-02
1.549273822456598282e-02
1.343174092471599579e-02
1.400264725089073181e-02
1.294834353029727936e-02
1.263529248535633087e-02
1.237720716744661331e-02
1.334795448929071426e-02
1.353957876563072205e-02
1.337511837482452393e-02
1.401969231665134430e-02
1.188854314386844635e-02
1.286995038390159607e-02
1.316232793033123016e-02
1.380675192922353745e-02
1.394363306462764740e-02
1.772207766771316528e-02
1.316950283944606781e-02
1.329590193927288055e-02
1.359293330460786819e-02
1.348105072975158691e-02
1.289517059922218323e-02
1.359750982373952866e-02
1.333527732640504837e-02
1.363548729568719864e-02
1.360171381384134293e-02
1.385950762778520584e-02
1.322777010500431061e-02
1.304285787045955658e-02
1.376637350767850876e-02
1.363687496632337570e-02
1.354530639946460724e-02
1.397411432117223740e-02
1.368359662592411041e-02
1.517069339752197266e-02
1.442089490592479706e-02
1.399777363985776901e-02
1.300129480659961700e-02
1.270701270550489426e-02
1.282388903200626373e-02
1.370862778276205063e-02
1.330392155796289444e-02
1.274997182190418243e-02
1.417922601103782654e-02
1.327405776828527451e-02
1.324149593710899353e-02
1.406221464276313782e-02
1.331405062228441238e-02
1.301573775708675385e-02
1.308061461895704269e-02
1.366054732352495193e-02
1.394261978566646576e-02
1.254930160939693451e-02
1.300367340445518494e-02
1.358315255492925644e-02
1.370379328727722168e-02
1.362224947661161423e-02
1.354283466935157776e-02
1.384322438389062881e-02
1.394094992429018021e-02
1.383326388895511627e-02
1.322548836469650269e-02
1.246810704469680786e-02
1.258425600826740265e-02
1.263441517949104309e-02
1.375693269073963165e-02
1.319307461380958557e-02
1.337980479001998901e-02
1.313481107354164124e-02
1.227918546646833420e-02
1.194865815341472626e-02
1.491580344736576080e-02
1.343959569931030273e-02
1.096531748771667480e-02
1.409661490470170975e-02
1.362173072993755341e-02
1.363660395145416260e-02
1.524050906300544739e-02
1.358695421367883682e-02
1.262102834880352020e-02
1.387676689773797989e-02
1.190329063683748245e-02
1.347769517451524734e-02
1.356810145080089569e-02
1.338739320635795593e-02
1.430274918675422668e-02
1.344707235693931580e-02
1.395199075341224670e-02
1.247683446854352951e-02
1.293727383017539978e-02
1.379010081291198730e-02
1.370524987578392029e-02
1.386903040111064911e-02
1.268763188272714615e-02
1.317019294947385788e-02
1.213375665247440338e-02
1.386494375765323639e-02
1.314476411789655685e-02
1.371664181351661682e-02
1.370043121278285980e-02
1.429842226207256317e-02
1.307944674044847488e-02
1.287472806870937347e-02
1.380935311317443848e-02
1.320840232074260712e-02
1.305479090660810471e-02
1.346789766103029251e-02
1.297345757484436035e-02
1.392156071960926056e-02
1.379611901938915253e-02
1.385105401277542114e-02
1.349535863846540451e-02
1.298798993229866028e-02
1.389942970126867294e-02
1.351919677108526230e-02
1.363092660903930664e-02
1.325722038745880127e-02
1.350438222289085388e-02
1.391259208321571350e-02
1.361861731857061386e-02
1.361704431474208832e-02
1.511607505381107330e-02
1.391005516052246094e-02
1.356922741979360580e-02
1.332230679690837860e-02
1.109956391155719757e-02
1.356105506420135498e-02
1.379353739321231842e-02
1.339970901608467102e-02
1.320603769272565842e-02
1.332115754485130310e-02
1.236623898148536682e-02
1.374186761677265167e-02
1.306626386940479279e-02
1.338345557451248169e-02
1.388817746192216873e-02
1.317657716572284698e-02
1.322008669376373291e-02
1.447729393839836121e-02
1.450899895280599594e-02
1.386883016675710678e-02
1.420290023088455200e-02
1.443399395793676376e-02
1.389932446181774139e-02
1.276800408959388733e-02
1.303891092538833618e-02
1.302683912217617035e-02
1.282843761146068573e-02
1.348031591624021530e-02
1.364444661885499954e-02
1.344124786555767059e-02
1.296252571046352386e-02
1.374572515487670898e-02
1.380919106304645538e-02
1.246108952909708023e-02
1.268393266946077347e-02
1.316554658114910126e-02
1.413688529282808304e-02
1.328756101429462433e-02
1.311277784407138824e-02
1.398418657481670380e-02
1.375181972980499268e-02
1.316660549491643906e-02
1.296992041170597076e-02
1.299267821013927460e-02
1.362479478120803833e-02
1.339304819703102112e-02
1.363040506839752197e-02
1.364222168922424316e-02
1.325281336903572083e-02
1.350282691419124603e-02
1.361020933836698532e-02
1.341700181365013123e-02
1.273665390908718109e-02
1.379298698157072067e-02
1.334793120622634888e-02
1.412569079548120499e-02
1.318598538637161255e-02
1.340870931744575500e-02
1.314493082463741302e-02
1.317366585135459900e-02
1.370168663561344147e-02
1.291144080460071564e-02
1.336773578077554703e-02
1.336656697094440460e-02
1.351897884160280228e-02
1.233416981995105743e-02
1.349668391048908234e-02
1.357043348252773285e-02
1.449596229940652847e-02
1.330005005002021790e-02
1.255766674876213074e-02
1.374423690140247345e-02
1.338254660367965698e-02
1.481466554105281830e-02
1.396372169256210327e-02
1.386654470115900040e-02
1.288638170808553696e-02
1.273824833333492279e-02
1.380568183958530426e-02
1.358256489038467407e-02
1.375330984592437744e-02
1.309157907962799072e-02
1.300738845020532608e-02
1.374841202050447464e-02
1.419652812182903290e-02
1.416444778442382812e-02
1.385504007339477539e-02
1.371361594647169113e-02
1.386816985905170441e-02
1.332095265388488770e-02
1.336098462343215942e-02
1.352307759225368500e-02
1.312416978180408478e-02
1.305995695292949677e-02
1.388526987284421921e-02
1.388251781463623047e-02
1.328895054757595062e-02
1.381618157029151917e-02
1.286631822586059570e-02
1.306591182947158813e-02
1.477401982992887497e-02
1.345566753298044205e-02
1.369008049368858337e-02
1.326591800898313522e-02
1.317545305937528610e-02
1.361324638128280640e-02
1.328639872372150421e-02
1.241569872945547104e-02
1.318208593875169754e-02
1.196905132383108139e-02
1.336759049445390701e-02
1.399391144514083862e-02
1.296523213386535645e-02
1.361028570681810379e-02
1.255840715020895004e-02
1.334185525774955750e-02
1.147674024105072021e-02
1.367487385869026184e-02
1.324625778943300247e-02
1.373184565454721451e-02
1.413027103990316391e-02
1.339789666235446930e-02
1.334197632968425751e-02
1.418957207351922989e-02
1.293350849300622940e-02
1.331164501607418060e-02
1.438347157090902328e-02
1.240857690572738647e-02
1.341964304447174072e-02
1.344130374491214752e-02
1.330647803843021393e-02
1.347743719816207886e-02
1.383524201810359955e-02
1.328326668590307236e-02
1.376329641789197922e-02
1.356873381882905960e-02
1.328918151557445526e-02
1.334503851830959320e-02
1.348253060132265091e-02
1.187240518629550934e-02
3.339678049087524414e-02
1.233882084488868713e-02
1.160033419728279114e-02
1.260222401469945908e-02
1.308250427246093750e-02
1.330720819532871246e-02
1.329215988516807556e-02
1.406188216060400009e-02
1.254335138946771622e-02
1.325361896306276321e-02
1.316727884113788605e-02
1.424858532845973969e-02
1.404891349375247955e-02
1.410750485956668854e-02
1.368449814617633820e-02
1.050836592912673950e-02
1.421526260673999786e-02
1.321098580956459045e-02
1.427108328789472580e-02
1.418183557689189911e-02
1.359497290104627609e-02
1.305206492543220520e-02
1.275798864662647247e-02
1.415578555315732956e-02
1.323369797319173813e-02
1.311276480555534363e-02
1.423044130206108093e-02
1.100572571158409119e-02
1.371060963720083237e-02
1.376182027161121368e-02
1.385455485433340073e-02
1.424765679985284805e-02
1.331150345504283905e-02
1.159011200070381165e-02
7.995529100298881531e-03
1.340867951512336731e-02
1.341385580599308014e-02
1.270679570734500885e-02
1.290923263877630234e-02
1.364342682063579559e-02
1.320481114089488983e-02
1.397342141717672348e-02
1.405982766300439835e-02
1.315961778163909912e-02
1.395294256508350372e-02
1.286466419696807861e-02
1.566655933856964111e-02
1.310276053845882416e-02
1.372519880533218384e-02
1.416706852614879608e-02
1.324304472655057907e-02
1.263321377336978912e-02
9.065065532922744751e-03
1.386333256959915161e-02
1.348336413502693176e-02
1.109780650585889816e-02
1.306679192930459976e-02
1.410895679146051407e-02
1.111992448568344116e-02
1.374371070414781570e-02
1.346289925277233124e-02
1.337439473718404770e-02
1.326951663941144943e-02
1.302997022867202759e-02
1.332790963351726532e-02
1.317751593887805939e-02
9.866297245025634766e-03
1.342310570180416107e-02
1.380191370844841003e-02
1.316830981522798538e-02
1.329850777983665466e-02
1.291686110198497772e-02
1.394544541835784912e-02
1.363798230886459351e-02
1.407439634203910828e-02
1.384024322032928467e-02
1.308960281312465668e-02
1.305772829800844193e-02
1.272829063236713409e-02
1.379090454429388046e-02
1.317764353007078171e-02
1.316390838474035263e-02
1.277405116707086563e-02
1.250362023711204529e-02
1.343591138720512390e-02
1.347984094172716141e-02
1.302620023488998413e-02
1.365387067198753357e-02
1.324810273945331573e-02
1.418961957097053528e-02
8.786549791693687439e-03
1.344001293182373047e-02
1.347832567989826202e-02
1.310048718005418777e-02
1.409343536943197250e-02
1.259678043425083160e-02
1.348161883652210236e-02
1.333918794989585876e-02
1.319968048483133316e-02
1.357506774365901947e-02
1.395466923713684082e-02
1.003343611955642700e-02
1.258241292089223862e-02
1.332937646657228470e-02
1.345989294350147247e-02
1.419694907963275909e-02
1.241464726626873016e-02
1.406512223184108734e-02
1.330677978694438934e-02
1.349070295691490173e-02
1.190679240971803665e-02
1.386910863220691681e-02
1.335453707724809647e-02
1.367387920618057251e-02
9.566859342157840729e-03
1.375514641404151917e-02
1.378424372524023056e-02
1.353439595550298691e-02
1.373007707297801971e-02
1.281132549047470093e-02
1.355011388659477234e-02
1.351102441549301147e-02
1.423151232302188873e-02
1.363593526184558868e-02
1.364173833280801773e-02
1.293307542800903320e-02
1.394156552851200104e-02
1.285077072679996490e-02
1.483919657766819000e-02
1.350735034793615341e-02
1.302541047334671021e-02
1.308682095259428024e-02
1.383446529507637024e-02
1.285442709922790527e-02
1.338323950767517090e-02
1.312850229442119598e-02
1.223288476467132568e-02
1.331387460231781006e-02
1.369584165513515472e-02
1.337357796728610992e-02
1.352920755743980408e-02
1.294487714767456055e-02
1.308595947921276093e-02
1.348496042191982269e-02
1.391058042645454407e-02
1.304312236607074738e-02
1.360125280916690826e-02
1.378553453832864761e-02
1.376502215862274170e-02
1.536111347377300262e-02
1.369182299822568893e-02
1.302271429449319839e-02
1.420484762638807297e-02
1.285775005817413330e-02
1.347257010638713837e-02
1.548888348042964935e-02
1.274838112294673920e-02
1.346011739224195480e-02
1.354550942778587341e-02
1.348459441214799881e-02
1.323356386274099350e-02
1.346462219953536987e-02
1.371592655777931213e-02
1.416039839386940002e-02
1.393166370689868927e-02
1.304267719388008118e-02
1.341840997338294983e-02
1.439203135669231415e-02
1.294959709048271179e-02
1.323209144175052643e-02
1.350721810013055801e-02
1.289356593042612076e-02
1.325875241309404373e-02
1.353370863944292068e-02
1.336626149713993073e-02
1.342218928039073944e-02
1.366495061665773392e-02
1.351301744580268860e-02
1.376297324895858765e-02
1.367852650582790375e-02
1.319413166493177414e-02
1.321273855865001678e-02
1.337318681180477142e-02
1.370497420430183411e-02
1.383174769580364227e-02
1.354006677865982056e-02
1.336205471307039261e-02
1.297114416956901550e-02
1.241180952638387680e-02
1.366247981786727905e-02
1.327472180128097534e-02
1.305909827351570129e-02
1.336108334362506866e-02
1.360581722110509872e-02
1.358990371227264404e-02
1.383911352604627609e-02
1.322768442332744598e-02
1.372938975691795349e-02
1.364399399608373642e-02
1.287160534411668777e-02
1.347708236426115036e-02
1.310483459383249283e-02
1.307048276066780090e-02
1.301837805658578873e-02
1.375697553157806396e-02
1.351414714008569717e-02
1.281023491173982620e-02
1.291671954095363617e-02
1.293170172721147537e-02
1.316245552152395248e-02
1.236893050372600555e-02
1.292003691196441650e-02
1.396504230797290802e-02
1.336442865431308746e-02
1.296183932572603226e-02
1.267301756888628006e-02
1.289376430213451385e-02
1.312346104532480240e-02
1.217548828572034836e-02
1.371662691235542297e-02
1.284391339868307114e-02
1.342681143432855606e-02
1.329131517559289932e-02
1.386150065809488297e-02
1.313137076795101166e-02
1.369772478938102722e-02
1.342570316046476364e-02
1.249300315976142883e-02
1.314457971602678299e-02
1.390629075467586517e-02
1.305583678185939789e-02
1.304614916443824768e-02
1.253156270831823349e-02
1.387292705476284027e-02
1.135571673512458801e-02
1.297845598310232162e-02
1.290630456060171127e-02
1.388053223490715027e-02
1.300057396292686462e-02
1.356160454452037811e-02
1.226458046585321426e-02
1.416938193142414093e-02
1.380602642893791199e-02
1.357983425259590149e-02
1.332073099911212921e-02
1.318619120866060257e-02
1.381343137472867966e-02
1.363057456910610199e-02
1.331734750419855118e-02
1.368157565593719482e-02
9.088456630706787109e-03
1.326976343989372253e-02
9.633819572627544403e-03
1.311845052987337112e-02
1.337508391588926315e-02
1.344039384275674820e-02
1.291419565677642822e-02
1.185193844139575958e-02
1.063956506550312042e-02
1.310663297772407532e-02
1.331262942403554916e-02
1.368609350174665451e-02
1.297037862241268158e-02
1.241459883749485016e-02
1.356764696538448334e-02
1.326886937022209167e-02
1.373814884573221207e-02
1.349647250026464462e-02
1.277466304600238800e-02
1.358721591532230377e-02
1.361153274774551392e-02
1.298276055604219437e-02
1.292974315583705902e-02
1.325874589383602142e-02
1.364827342331409454e-02
1.370957866311073303e-02
1.320175640285015106e-02
1.311700046062469482e-02
1.387520413845777512e-02
1.365043781697750092e-02
1.353204809129238129e-02
1.350534800440073013e-02
1.452030800282955170e-02
1.392217632383108139e-02
1.341839320957660675e-02
1.349885575473308563e-02
1.342853903770446777e-02
1.349610090255737305e-02
1.312307268381118774e-02
1.367752067744731903e-02
1.341801509261131287e-02
1.380412932485342026e-02
1.326091587543487549e-02
1.335365325212478638e-02
1.364444382488727570e-02
1.311432197690010071e-02
1.352866180241107941e-02
1.141143869608640671e-02
8.508101105690002441e-03
1.387751847505569458e-02
1.326173543930053711e-02
1.368499360978603363e-02
1.297588832676410675e-02
1.402456499636173248e-02
1.390503905713558197e-02
1.203051768243312836e-02
1.321990508586168289e-02
1.395675539970397949e-02
1.357056014239788055e-02
1.334029808640480042e-02
1.308156270533800125e-02
1.388472411781549454e-02
1.341117545962333679e-02
1.323796715587377548e-02
1.369695365428924561e-02
1.358621940016746521e-02
1.383487507700920105e-02
1.334233209490776062e-02
1.232836209237575531e-02
1.326146908104419708e-02
1.332265511155128479e-02
1.283405907452106476e-02
1.341779995709657669e-02
1.331509836018085480e-02
8.346272632479667664e-03
1.372073125094175339e-02
1.376896165311336517e-02
8.276859298348426819e-03
1.331008411943912506e-02
1.300555001944303513e-02
1.310030557215213776e-02
1.321776956319808960e-02
1.381502859294414520e-02
1.081140711903572083e-02
1.394128613173961639e-02
1.257059164345264435e-02
1.312220003455877304e-02
1.331456843763589859e-02
1.202652417123317719e-02
1.333573553711175919e-02
1.294125989079475403e-02
1.370637118816375732e-02
1.349496655166149139e-02
1.335202716290950775e-02
1.383345387876033783e-02
1.061488222330808640e-02
1.412950642406940460e-02
9.807819500565528870e-03
1.372989825904369354e-02
1.263200957328081131e-02
1.364400237798690796e-02
1.315095089375972748e-02
1.361832953989505768e-02
1.196390762925148010e-02
1.301281061023473740e-02
1.338371168822050095e-02
1.446610130369663239e-02
1.327677816152572632e-02
1.345639489591121674e-02
1.348661910742521286e-02
1.322780549526214600e-02
1.271246373653411865e-02
1.354255527257919312e-02
1.019409671425819397e-02
1.410622149705886841e-02
1.348427124321460724e-02
1.313293352723121643e-02
1.235132664442062378e-02
1.273692864924669266e-02
1.332533359527587891e-02
1.251841150224208832e-02
1.321792230010032654e-02
1.352294255048036575e-02
1.350836828351020813e-02
1.270143128931522369e-02
1.337482873350381851e-02
1.314714364707469940e-02
1.365670934319496155e-02
1.268546655774116516e-02
1.397154480218887329e-02
1.379928737878799438e-02
1.330580934882164001e-02
1.410716399550437927e-02
1.238097995519638062e-02
1.324376650154590607e-02
1.043295208364725113e-02
1.427183300256729126e-02
1.331833470612764359e-02
1.302515435963869095e-02
1.312838960438966751e-02
1.304648909717798233e-02
1.335928589105606079e-02
1.337559893727302551e-02
1.294937916100025177e-02
1.418127864599227905e-02
1.293288916349411011e-02
1.332745701074600220e-02
1.300006452947854996e-02
1.354593038558959961e-02
1.305005513131618500e-02
1.393335126340389252e-02
1.313367299735546112e-02
1.361945830285549164e-02
1.389143150299787521e-02
1.291779987514019012e-02
1.406816300004720688e-02
1.380744576454162598e-02
1.337562967091798782e-02
1.358287408947944641e-02
1.315983384847640991e-02
1.038519851863384247e-02
1.313488744199275970e-02
1.357983611524105072e-02
1.364030875265598297e-02
1.349171344190835953e-02
1.280854362994432449e-02
1.289209909737110138e-02
1.356324180960655212e-02
1.323735434561967850e-02
1.318349130451679230e-02
1.332186721265316010e-02
1.255738455802202225e-02
1.207872107625007629e-02
8.030336350202560425e-03
1.335847191512584686e-02
1.290106587111949921e-02
1.356254704296588898e-02
1.317451521754264832e-02
1.395416818559169769e-02
1.284605450928211212e-02
1.367750857025384903e-02
1.321189291775226593e-02
1.070106867700815201e-02
1.362970005720853806e-02
1.722271367907524109e-02
1.337358169257640839e-02
1.277702767401933670e-02
1.310686115175485611e-02
1.345436088740825653e-02
1.345357019454240799e-02
1.344642788171768188e-02
1.339880563318729401e-02
1.360612548887729645e-02
1.432197727262973785e-02
1.314997486770153046e-02
1.448742672801017761e-02
1.354373618960380554e-02
1.381767820566892624e-02
1.324452925473451614e-02
1.344659738242626190e-02
1.321552321314811707e-02
1.421061810106039047e-02
1.380238123238086700e-02
1.261098682880401611e-02
1.299678348004817963e-02
1.287456136196851730e-02
1.408066600561141968e-02
1.337094511836767197e-02
1.354143582284450531e-02
1.270653493702411652e-02
1.332096755504608154e-02
1.260928809642791748e-02
1.331014465540647507e-02
1.399777829647064209e-02
1.277353614568710327e-02
1.363742724061012268e-02
1.376279070973396301e-02
1.339490991085767746e-02
1.342847757041454315e-02
1.321831159293651581e-02
1.310591027140617371e-02
1.449489407241344452e-02
1.350277103483676910e-02
1.355371437966823578e-02
1.357932388782501221e-02
1.313091069459915161e-02
1.332286186516284943e-02
1.323798857629299164e-02
1.269405707716941833e-02
1.181452348828315735e-02
1.380716636776924133e-02
1.370604336261749268e-02
1.313327439129352570e-02
1.397326588630676270e-02
1.298107486218214035e-02
1.354501210153102875e-02
1.248450390994548798e-02
1.371882390230894089e-02
1.342433132231235504e-02
1.355068199336528778e-02
1.350055169314146042e-02
1.377559266984462738e-02
1.435009576380252838e-02
1.612195372581481934e-02
1.477075554430484772e-02
1.308284420520067215e-02
1.305223256349563599e-02
1.185888238251209259e-02
1.317345350980758667e-02
1.339612901210784912e-02
1.328150834888219833e-02
1.301061268895864487e-02
1.360139623284339905e-02
1.369409821927547455e-02
1.376890670508146286e-02
1.310864463448524475e-02
1.285747252404689789e-02
1.265286002308130264e-02
1.333595439791679382e-02
1.332545652985572815e-02
1.272641215473413467e-02
1.301378849893808365e-02
1.344515103846788406e-02
1.366894878447055817e-02
1.266628503799438477e-02
1.311518717557191849e-02
1.402609888464212418e-02
9.917568415403366089e-03
1.375838555395603180e-02
1.359783113002777100e-02
1.320825517177581787e-02
1.300934329628944397e-02
1.319684460759162903e-02
1.343546621501445770e-02
1.359383389353752136e-02
1.338917016983032227e-02
1.416834723204374313e-02
1.296773087233304977e-02
1.372968964278697968e-02
1.407025754451751709e-02
1.300670392811298370e-02
9.612051770091056824e-03
1.496625877916812897e-02
1.356127578765153885e-02
1.306435838341712952e-02
1.286753173917531967e-02
9.984144940972328186e-03
1.317839324474334717e-02
1.296291779726743698e-02
1.437634974718093872e-02
1.334863994270563126e-02
1.356776617467403412e-02
1.147947460412979126e-02
1.469922251999378204e-02
1.178944576531648636e-02
1.297835353761911392e-02
1.327340584248304367e-02
1.390692591667175293e-02
1.295235939323902130e-02
1.340883411467075348e-02
1.328428834676742554e-02
1.284778676927089691e-02
1.385685894638299942e-02
1.305770501494407654e-02
1.267995778471231461e-02
1.333266682922840118e-02
1.290332991629838943e-02
1.389408577233552933e-02
1.377032324671745300e-02
1.358261145651340485e-02
1.432159356772899628e-02
1.343812700361013412e-02
1.310473680496215820e-02
1.386107131838798523e-02
1.314881257712841034e-02
1.390023157000541687e-02
1.376814674586057663e-02
1.407539471983909607e-02
1.306625828146934509e-02
1.342374365776777267e-02
1.271086744964122772e-02
1.422446966171264648e-02
1.189154386520385742e-02
1.395302824676036835e-02
1.416871137917041779e-02
1.297785714268684387e-02
1.346525549888610840e-02
1.362393051385879517e-02
1.291900314390659332e-02
1.337612699717283249e-02
1.486514881253242493e-02
1.317219808697700500e-02
1.305961050093173981e-02
1.266832277178764343e-02
1.363904215395450592e-02
1.315411739051342010e-02
1.367681100964546204e-02
1.339150033891201019e-02
1.323608867824077606e-02
1.385099161416292191e-02
1.257848180830478668e-02
1.288129016757011414e-02
1.321393623948097229e-02
1.399841625243425369e-02
1.550754345953464508e-02
1.382730063050985336e-02
1.331021822988986969e-02
1.321961358189582825e-02
1.320681348443031311e-02
1.386465504765510559e-02
1.291365735232830048e-02
1.318141259253025055e-02
1.408639736473560333e-02
1.353644300252199173e-02
1.413111016154289246e-02
1.321903057396411896e-02
1.362630911171436310e-02
1.332974433898925781e-02
1.336619630455970764e-02
1.339220721274614334e-02
1.358140073716640472e-02
1.320864167064428329e-02
1.172951702028512955e-02
1.380428113043308258e-02
1.347074285149574280e-02
1.298612263053655624e-02
1.265329122543334961e-02
1.287963707000017166e-02
1.331164501607418060e-02
1.488397642970085144e-02
1.349268294870853424e-02
1.352379284799098969e-02
1.340973377227783203e-02
1.319836266338825226e-02
1.328891329467296600e-02
1.353278476744890213e-02
1.364179141819477081e-02
1.315659098327159882e-02
1.370345614850521088e-02
1.361236721277236938e-02
1.328527834266424179e-02
1.358298212289810181e-02
1.293422840535640717e-02
1.149189099669456482e-02
1.209825556725263596e-02
1.283723581582307816e-02
1.395796146243810654e-02
1.356003805994987488e-02
1.218358147889375687e-02
1.352837868034839630e-02
1.351470407098531723e-02
1.322383806109428406e-02
8.322391659021377563e-03
1.370343007147312164e-02
1.302873343229293823e-02
1.362639945000410080e-02
1.328013930469751358e-02
1.318546198308467865e-02
1.304566301405429840e-02
1.328552514314651489e-02
1.354578696191310883e-02
1.339736394584178925e-02
8.740151301026344299e-03
1.281484216451644897e-02
1.348910015076398849e-02
1.423963159322738647e-02
1.321986876428127289e-02
1.204889267683029175e-02
1.337620988488197327e-02
1.060787215828895569e-02
1.281530130654573441e-02
1.120186969637870789e-02
1.116731483489274979e-02
1.444102264940738678e-02
1.312392484396696091e-02
1.346697844564914703e-02
1.301274821162223816e-02
1.341192424297332764e-02
1.415553875267505646e-02
1.292079500854015350e-02
1.363841537386178970e-02
1.330566592514514923e-02
1.392059959471225739e-02
1.321980729699134827e-02
1.465282682329416275e-02
1.272502262145280838e-02
1.289598643779754639e-02
1.384584046900272369e-02
1.317025534808635712e-02
1.386645995080471039e-02
1.279656775295734406e-02
1.304907817393541336e-02
1.305765472352504730e-02
1.384909637272357941e-02
1.338607165962457657e-02
1.403476297855377197e-02
1.318234857171773911e-02
1.388139743357896805e-02
1.278550270944833755e-02
1.349501218646764755e-02
1.366863120347261429e-02
1.207550242543220520e-02
1.324103213846683502e-02
1.320380903780460358e-02
1.303401030600070953e-02
1.370941102504730225e-02
1.356842834502458572e-02
1.304707024246454239e-02
1.345814391970634460e-02
1.527708768844604492e-02
1.396288350224494934e-02
1.292753312736749649e-02
1.366892643272876740e-02
1.416567899286746979e-02
1.228427700698375702e-02
1.347064226865768433e-02
1.248718425631523132e-02
1.391787640750408173e-02
1.154261175543069839e-02
1.375751383602619171e-02
1.423774845898151398e-02
1.352109760046005249e-02
1.324532739818096161e-02
1.280284207314252853e-02
1.316289976239204407e-02
1.330176927149295807e-02
1.312553416937589645e-02
1.320569962263107300e-02
1.376853417605161667e-02
1.364412344992160797e-02
1.357821375131607056e-02
1.291127596050500870e-02
1.235120557248592377e-02
1.362524181604385376e-02
1.382060721516609192e-02
1.251975260674953461e-02
1.356042549014091492e-02
1.355779636651277542e-02
1.404899172484874725e-02
1.334898732602596283e-02
1.383939944207668304e-02
1.470319554209709167e-02
1.400838047266006470e-02
1.362737733870744705e-02
1.321462355554103851e-02
1.366741489619016647e-02
1.335171982645988464e-02
1.299543958157300949e-02
1.305501628667116165e-02
1.349811628460884094e-02
1.344295684248209000e-02
1.349496096372604370e-02
1.362492144107818604e-02
1.327121630311012268e-02
1.308557763695716858e-02
1.347667444497346878e-02
1.343960314989089966e-02
1.364531926810741425e-02
1.380874495953321457e-02
1.314571965485811234e-02
1.397598162293434143e-02
1.330074481666088104e-02
1.379418745636940002e-02
1.322055049240589142e-02
1.318504102528095245e-02
1.079708617180585861e-02
1.369522605091333389e-02
1.248527038842439651e-02
1.400274597108364105e-02
1.294354628771543503e-02
1.416612975299358368e-02
1.293580606579780579e-02
1.414416730403900146e-02
1.320993527770042419e-02
1.257686503231525421e-02
1.338150538504123688e-02
1.276653818786144257e-02
1.369494758546352386e-02
1.287127938121557236e-02
1.289130933582782745e-02
1.324118673801422119e-02
1.367161609232425690e-02
1.346165593713521957e-02
1.512782834470272064e-02
1.305079646408557892e-02
1.332612708210945129e-02
1.281844358891248703e-02
1.317572779953479767e-02
1.418933551758527756e-02
1.296363957226276398e-02
1.322118937969207764e-02
1.284258998930454254e-02
1.235914975404739380e-02
1.409545540809631348e-02
1.266030967235565186e-02
1.357046328485012054e-02
1.364785991609096527e-02
1.310321502387523651e-02
1.544272340834140778e-02
1.312719658017158508e-02
1.373435370624065399e-02
1.336502283811569214e-02
1.407639309763908386e-02
1.339387148618698120e-02
1.357876043766736984e-02
1.418726518750190735e-02
1.333567500114440918e-02
1.331201475113630295e-02
1.313334330916404724e-02
1.297778356820344925e-02
1.356407534331083298e-02
1.337456610053777695e-02
1.323846448212862015e-02
1.381939928978681564e-02
1.354995928704738617e-02
1.371875777840614319e-02
1.211746595799922943e-02
1.428203843533992767e-02
1.263819541782140732e-02
1.324251480400562286e-02
1.384447794407606125e-02
1.308790035545825958e-02
1.428842544555664062e-02
1.392155885696411133e-02
1.364391949027776718e-02
1.266255415976047516e-02
1.327111385762691498e-02
1.379407476633787155e-02
1.389006339013576508e-02
1.395019702613353729e-02
1.343107689172029495e-02
1.382209267467260361e-02
1.392849441617727280e-02
1.341139338910579681e-02
1.370832882821559906e-02
1.388958096504211426e-02
1.472193654626607895e-02
1.359846722334623337e-02
1.343211345374584198e-02
1.345087960362434387e-02
1.372036337852478027e-02
1.395665854215621948e-02
1.372872665524482727e-02
1.369935926049947739e-02
1.275979261845350266e-02
1.303947251290082932e-02
1.267896965146064758e-02
1.341505534946918488e-02
1.560244150459766388e-02
1.336818188428878784e-02
1.298039220273494720e-02
1.251080911606550217e-02
1.334752514958381653e-02
1.042494550347328186e-02
1.257425174117088318e-02
1.379848644137382507e-02
1.252542436122894287e-02
1.370328851044178009e-02
1.364323217421770096e-02
1.331082731485366821e-02
1.372875738888978958e-02
1.426298636943101883e-02
1.342422049492597580e-02
1.340012997388839722e-02
1.354379951953887939e-02
1.350293494760990143e-02
1.357337180525064468e-02
1.275815442204475403e-02
1.278335973620414734e-02
1.256004162132740021e-02
1.348422840237617493e-02
1.236943248659372330e-02
1.338122598826885223e-02
1.354800909757614136e-02
1.278557814657688141e-02
1.385609991848468781e-02
1.368593238294124603e-02
1.413542404770851135e-02
1.327278371900320053e-02
1.323975622653961182e-02
1.353258546441793442e-02
1.329789403825998306e-02
1.409276202321052551e-02
1.259647496044635773e-02
1.314701884984970093e-02
1.444434374570846558e-02
1.382592413574457169e-02
1.335171610116958618e-02
1.303814537823200226e-02
1.180489361286163330e-02
1.352095045149326324e-02
1.455185748636722565e-02
1.350156590342521667e-02
1.368086133152246475e-02
1.334112696349620819e-02
1.387365907430648804e-02
1.335508096963167191e-02
1.292589865624904633e-02
1.344127766788005829e-02
1.269405707716941833e-02
1.375804934650659561e-02
1.315561309456825256e-02
1.326111704111099243e-02
8.668559603393077850e-03
1.319283805787563324e-02
1.334481686353683472e-02
1.406612060964107513e-02
1.017015054821968079e-02
1.283234730362892151e-02
1.380198448896408081e-02
1.252056285738945007e-02
1.297881454229354858e-02
1.344060990959405899e-02
1.403502002358436584e-02
1.388672553002834320e-02
1.362343318760395050e-02
1.360757090151309967e-02
1.327566429972648621e-02
1.349212788045406342e-02
1.343930047005414963e-02
1.317616365849971771e-02
1.304085552692413330e-02
1.346906274557113647e-02
1.372969802469015121e-02
1.323590986430644989e-02
1.232836022973060608e-02
1.406266354024410248e-02
1.313026249408721924e-02
9.254818782210350037e-03
1.396356150507926941e-02
1.352537982165813446e-02
1.329938322305679321e-02
1.381803117692470551e-02
1.417475380003452301e-02
1.215123198926448822e-02
1.369828637689352036e-02
1.515558641403913498e-02
1.365581806749105453e-02
1.358463987708091736e-02
1.274069957435131073e-02
1.324619911611080170e-02
1.329863257706165314e-02
1.397564820945262909e-02
1.314057596027851105e-02
1.312306523323059082e-02
7.981702685356140137e-03
1.329075545072555542e-02
1.392783038318157196e-02
1.307809818536043167e-02
1.320763025432825089e-02
1.321079675108194351e-02
1.368427649140357971e-02
1.476984471082687378e-02
1.370193064212799072e-02
1.315942686051130295e-02
1.412857696413993835e-02
1.324343774467706680e-02
1.042487751692533493e-02
1.394502632319927216e-02
1.378318108618259430e-02
1.328485831618309021e-02
1.263488829135894775e-02
1.217837445437908173e-02
1.377981808036565781e-02
1.357381790876388550e-02
1.376239582896232605e-02
1.302300114184617996e-02
1.358539424836635590e-02
1.351293548941612244e-02
1.338038407266139984e-02
1.324405707418918610e-02
1.347650587558746338e-02
1.227463502436876297e-02
1.282048411667346954e-02
1.320482790470123291e-02
1.368734613060951233e-02
1.384007744491100311e-02
1.431221701204776764e-02
1.333920843899250031e-02
1.329230703413486481e-02
1.447197888046503067e-02
1.286549586802721024e-02
1.356353238224983215e-02
1.368103735148906708e-02
1.329509541392326355e-02
1.335632055997848511e-02
1.302099227905273438e-02
1.307296380400657654e-02
1.364834606647491455e-02
1.338477618992328644e-02
1.351964846253395081e-02
1.352802105247974396e-02
1.371771469712257385e-02
1.295590307563543320e-02
1.369660720229148865e-02
1.318144612014293671e-02
1.345885917544364929e-02
1.327847130596637726e-02
1.322471257299184799e-02
1.272314414381980896e-02
1.317994669079780579e-02
1.293729431927204132e-02
1.309996470808982849e-02
1.373264566063880920e-02
1.411577314138412476e-02
1.334276143461465836e-02
1.401152461767196655e-02
1.336133480072021484e-02
1.410176604986190796e-02
1.357013359665870667e-02
1.365182735025882721e-02
1.313926000148057938e-02
1.252594869583845139e-02
1.316760107874870300e-02
1.526397187262773514e-02
1.345788501203060150e-02
1.330281049013137817e-02
1.424640417098999023e-02
1.364142261445522308e-02
1.390334218740463257e-02
1.416853349655866623e-02
1.371972914785146713e-02
1.361402310431003571e-02
1.262688823044300079e-02
1.286111120134592056e-02
1.359394658356904984e-02
1.294950675219297409e-02
1.370416954159736633e-02
1.365868933498859406e-02
1.322942227125167847e-02
1.370251644402742386e-02
1.400209125131368637e-02
1.366294268518686295e-02
1.331856381148099899e-02
1.316301710903644562e-02
1.264290325343608856e-02
1.328781805932521820e-02
1.397649757564067841e-02
1.521773077547550201e-02
1.399072445929050446e-02
1.396180409938097000e-02
1.312740147113800049e-02
1.451172120869159698e-02
1.394625380635261536e-02
1.379195041954517365e-02
1.320233941078186035e-02
1.385869458317756653e-02
1.303372625261545181e-02
1.363687776029109955e-02
1.395814865827560425e-02
1.349384710192680359e-02
1.435627322643995285e-02
1.246895920485258102e-02
8.703505620360374451e-03
1.342370361089706421e-02
1.181151065975427628e-02
1.374653819948434830e-02
1.299742050468921661e-02
1.364354789257049561e-02
1.296423561871051788e-02
1.380727067589759827e-02
1.360124815255403519e-02
1.362975966185331345e-02
1.403236947953701019e-02
1.351084280759096146e-02
8.993614464998245239e-03
1.412910968065261841e-02
1.213062368333339691e-02
1.139234006404876709e-02
1.348588708788156509e-02
1.299896277487277985e-02
1.323582418262958527e-02
1.341477409005165100e-02
8.838770911097526550e-03
1.354406774044036865e-02
1.328210718929767609e-02
1.474456768482923508e-02
1.309480890631675720e-02
1.327796280384063721e-02
1.374660804867744446e-02
1.335302367806434631e-02
1.134607102721929550e-02
1.329058595001697540e-02
1.412408053874969482e-02
1.291807647794485092e-02
1.282100565731525421e-02
1.358022168278694153e-02
1.476599276065826416e-02
1.358395628631114960e-02
1.354854647070169449e-02
1.362248230725526810e-02
1.317158713936805725e-02
1.382223330438137054e-02
1.348882354795932770e-02
1.487836055457592010e-02
1.712587103247642517e-02
1.299648731946945190e-02
1.342116016894578934e-02
1.364457048475742340e-02
1.358988508582115173e-02
1.352032832801342010e-02
1.350554823875427246e-02
1.308495551347732544e-02
1.374891772866249084e-02
1.325767114758491516e-02
1.305139623582363129e-02
1.337067037820816040e-02
9.908948093652725220e-03
1.335525326430797577e-02
1.366533804684877396e-02
1.221212744712829590e-02
1.325803436338901520e-02
1.362277846783399582e-02
1.242663804441690445e-02
1.331488788127899170e-02
1.309490390121936798e-02
1.382514089345932007e-02
1.339263282716274261e-02
1.354276202619075775e-02
1.348257996141910553e-02
1.346217282116413116e-02
1.366575434803962708e-02
1.364882383495569229e-02
1.538921799510717392e-02
1.288521662354469299e-02
1.403069309890270233e-02
1.336259581148624420e-02
1.287292130291461945e-02
1.265595946460962296e-02
1.331660151481628418e-02
1.387608982622623444e-02
1.282022334635257721e-02
1.337727159261703491e-02
1.373600214719772339e-02
1.326372474431991577e-02
1.281541958451271057e-02
1.350880693644285202e-02
1.371007505804300308e-02
1.376444380730390549e-02
1.388593018054962158e-02
1.375512033700942993e-02
1.339575648307800293e-02
1.393491961061954498e-02
1.334487646818161011e-02
1.311561185866594315e-02
1.190727017819881439e-02
1.303193252533674240e-02
1.336329802870750427e-02
1.162348221987485886e-02
1.336925104260444641e-02
1.345939375460147858e-02
1.273144595324993134e-02
1.338812150061130524e-02
1.447558309882879257e-02
1.212569884955883026e-02
1.393383275717496872e-02
1.324937865138053894e-02
1.423763390630483627e-02
1.421432010829448700e-02
1.320587005466222763e-02
1.385371387004852295e-02
1.309816259890794754e-02
1.319282222539186478e-02
1.168256625533103943e-02
1.265322323888540268e-02
1.373020373284816742e-02
1.393639668822288513e-02
1.375743933022022247e-02
1.403212361037731171e-02
1.257191598415374756e-02
1.364136487245559692e-02
1.306950487196445465e-02
1.459517702460289001e-02
1.441865041851997375e-02
1.484983600676059723e-02
1.334140077233314514e-02
1.248030923306941986e-02
1.380486693233251572e-02
1.325112953782081604e-02
1.458204723894596100e-02
1.368140149861574173e-02
1.330789271742105484e-02
1.360352523624897003e-02
1.319606043398380280e-02
1.340495888143777847e-02
1.394515484571456909e-02
1.370686665177345276e-02
1.304505672305822372e-02
1.337321661412715912e-02
1.358347851783037186e-02
1.426037494093179703e-02
1.365290023386478424e-02
1.453058701008558273e-02
9.853450581431388855e-03
1.237826421856880188e-02
1.330515090376138687e-02
1.395863108336925507e-02
1.360381115227937698e-02
1.315231062471866608e-02
1.407968439161777496e-02
1.344148814678192139e-02
1.202846877276897430e-02
1.360582280904054642e-02
1.376143097877502441e-02
1.406870596110820770e-02
1.350636035203933716e-02
1.264194864779710770e-02
1.390119548887014389e-02
1.323720440268516541e-02
1.318256743252277374e-02
1.386409811675548553e-02
1.029446441680192947e-02
1.354682072997093201e-02
1.323428563773632050e-02
1.340379938483238220e-02
1.379419118165969849e-02
1.279270090162754059e-02
1.339319720864295959e-02
1.345381326973438263e-02
1.394018530845642090e-02
1.309662684798240662e-02
1.367812789976596832e-02
1.029460597783327103e-02
1.367986854165792465e-02
1.329148747026920319e-02
1.294436864554882050e-02
1.347441133111715317e-02
1.379087939858436584e-02
1.348537858575582504e-02
1.372521463781595230e-02
1.408676803112030029e-02
1.231102366000413895e-02
1.281418930739164352e-02
1.303814258426427841e-02
1.347079873085021973e-02
1.352329645305871964e-02
1.292920671403408051e-02
1.317881979048252106e-02
1.303330902010202408e-02
1.355141401290893555e-02
1.365781202912330627e-02
1.350005157291889191e-02
1.127734407782554626e-02
1.268845982849597931e-02
1.325559522956609726e-02
1.321507804095745087e-02
1.327892020344734192e-02
1.329631917178630829e-02
1.338778901845216751e-02
1.388025097548961639e-02
1.277469843626022339e-02
1.395953539758920670e-02
1.393766701221466064e-02
1.336791180074214935e-02
1.431843824684619904e-02
1.322796195745468140e-02
1.176190748810768127e-02
1.310876198112964630e-02
1.391846314072608948e-02
1.343071367591619492e-02
1.354577764868736267e-02
1.333130896091461182e-02
1.354254409670829773e-02
1.343170087784528732e-02
1.286111213266849518e-02
1.336775906383991241e-02
1.402161456644535065e-02
1.373279653489589691e-02
1.372153218835592270e-02
1.342597976326942444e-02
1.332347467541694641e-02
1.350397430360317230e-02
1.335442718118429184e-02
1.320423744618892670e-02
1.347032561898231506e-02
1.331184990704059601e-02
1.293658465147018433e-02
1.407065801322460175e-02
1.369967684149742126e-02
1.344628259539604187e-02
1.309937797486782074e-02
1.347395684570074081e-02
1.298912614583969116e-02
1.365011744201183319e-02
1.322753075510263443e-02
1.344756968319416046e-02
1.350805442780256271e-02
1.293713506311178207e-02
1.373841986060142517e-02
1.370631996542215347e-02
1.359372306615114212e-02
1.427490636706352234e-02
1.411937735974788666e-02
1.367014832794666290e-02
1.349675655364990234e-02
1.387036591768264771e-02
1.389492303133010864e-02
1.437056809663772583e-02
1.407619751989841461e-02
1.292097754776477814e-02
1.366249006241559982e-02
1.305447332561016083e-02
1.396059896796941757e-02
9.622243233025074005e-03
1.364809088408946991e-02
1.334014348685741425e-02
1.347076799720525742e-02
1.131226681172847748e-02
2.290390059351921082e-02
1.264230906963348389e-02
1.347113586962223053e-02
1.335104554891586304e-02
1.338122878223657608e-02
1.362056285142898560e-02
1.245154067873954773e-02
1.373990625143051147e-02
1.310223527252674103e-02
1.291339658200740814e-02
1.347933057695627213e-02
1.385785359889268875e-02
1.273706369102001190e-02
1.357425749301910400e-02
1.391745079308748245e-02
1.498699095100164413e-02
1.355365850031375885e-02
1.347295008599758148e-02
1.420449465513229370e-02
1.352821663022041321e-02
1.402734033763408661e-02
1.180519070476293564e-02
1.344835758209228516e-02
1.160481385886669159e-02
1.486833579838275909e-02
1.404871512204408646e-02
1.299277041107416153e-02
1.348524726927280426e-02
1.331698708236217499e-02
1.235617231577634811e-02
1.303282286971807480e-02
1.275896094739437103e-02
1.424360461533069611e-02
1.326301414519548416e-02
1.323272101581096649e-02
1.296536717563867569e-02
1.089252158999443054e-02
1.373331714421510696e-02
1.454890612512826920e-02
1.289070677012205124e-02
1.323024276643991470e-02
1.315386220812797546e-02
1.350981928408145905e-02
1.229854766279459000e-02
1.401591021567583084e-02
1.330013945698738098e-02
1.254890579730272293e-02
1.325350068509578705e-02
1.299339905381202698e-02
1.336432062089443207e-02
1.233506947755813599e-02
1.081867702305316925e-02
1.340850442647933960e-02
1.405389048159122467e-02
1.352343428879976273e-02
1.426497101783752441e-02
1.329623907804489136e-02
1.342464424669742584e-02
1.265721954405307770e-02
1.392279285937547684e-02
1.335926353931427002e-02
1.375718321651220322e-02
1.446317136287689209e-02
1.360522024333477020e-02
1.304163783788681030e-02
1.371153444051742554e-02
1.356769353151321411e-02
1.421203650534152985e-02
8.162048645317554474e-03
1.293548289686441422e-02
1.295582763850688934e-02
1.344543509185314178e-02
1.357917115092277527e-02
1.286669820547103882e-02
1.299711875617504120e-02
1.338533125817775726e-02
1.389214675873517990e-02
1.288486830890178680e-02
1.313771307468414307e-02
1.425365358591079712e-02
1.345664076507091522e-02
1.336768269538879395e-02
1.309099420905113220e-02
1.260553952306509018e-02
1.344762090593576431e-02
9.951880201697349548e-03
1.292146369814872742e-02
1.333884336054325104e-02
1.372071076184511185e-02
1.339642517268657684e-02
1.365664973855018616e-02
1.345822773873806000e-02
1.385476067662239075e-02
1.357044093310832977e-02
1.349544990807771683e-02
1.344772614538669586e-02
1.304804813116788864e-02
1.361627876758575439e-02
1.313612796366214752e-02
1.352564431726932526e-02
1.320340577512979507e-02
1.228523068130016327e-02
1.405603066086769104e-02
1.414594706147909164e-02
1.309396140277385712e-02
1.334134768694639206e-02
1.344447769224643707e-02
1.067290361970663071e-02
1.386298518627882004e-02
1.308063510805368423e-02
1.384561322629451752e-02
1.350007764995098114e-02
1.360438112169504166e-02
1.392614189535379410e-02
1.323974598199129105e-02
1.310997456312179565e-02
1.291937008500099182e-02
1.367169059813022614e-02
1.348131895065307617e-02
1.316558942198753357e-02
1.406766567379236221e-02
1.358313392847776413e-02
1.270997151732444763e-02
8.321261033415794373e-03
1.288102101534605026e-02
1.334778964519500732e-02
1.300158817321062088e-02
1.324808597564697266e-02
1.358392089605331421e-02
1.354831643402576447e-02
1.284921914339065552e-02
1.382511667907238007e-02
1.296976208686828613e-02
1.384920999407768250e-02
1.363629475235939026e-02
1.337557006627321243e-02
1.285019144415855408e-02
1.371062640100717545e-02
1.349752582609653473e-02
1.413089036941528320e-02
1.328134909272193909e-02
1.306575722992420197e-02
1.400590129196643829e-02
1.319473236799240112e-02
1.336097344756126404e-02
1.308749616146087646e-02
1.374543737620115280e-02
1.277564838528633118e-02
1.256849430501461029e-02
1.412335317581892014e-02
1.278184540569782257e-02
1.333648245781660080e-02
1.289826352149248123e-02
1.389900315552949905e-02
1.309133321046829224e-02
1.356776058673858643e-02
1.323292776942253113e-02
1.335688494145870209e-02
1.349990628659725189e-02
1.338312216103076935e-02
1.311472244560718536e-02
1.357450522482395172e-02
1.388821937143802643e-02
1.345235947519540787e-02
1.380754262208938599e-02
1.476499903947114944e-02
1.366987824440002441e-02
1.303147338330745697e-02
1.199924107640981674e-02
1.339599210768938065e-02
1.300305686891078949e-02
1.278324611485004425e-02
1.298828795552253723e-02
1.399808935821056366e-02
1.261396147310733795e-02
1.235838420689105988e-02
1.269504893571138382e-02
1.121841557323932648e-02
1.378729939460754395e-02
1.413729041814804077e-02
1.440193690359592438e-02
1.373271457850933075e-02
1.316630374640226364e-02
1.376227941364049911e-02
1.403475739061832428e-02
1.336476393043994904e-02
1.337674260139465332e-02
1.358337700366973877e-02
1.286570541560649872e-02
1.316679827868938446e-02
1.283886376768350601e-02
1.339507102966308594e-02
1.358162146061658859e-02
1.390809006989002228e-02
1.418675668537616730e-02
1.411539316177368164e-02
1.360631827265024185e-02
1.357687637209892273e-02
1.089862920343875885e-02
1.317114010453224182e-02
1.329099852591753006e-02
1.335380785167217255e-02
1.361086778342723846e-02
1.345491968095302582e-02
1.318493671715259552e-02
1.405541505664587021e-02
1.288431789726018906e-02
1.390006951987743378e-02
1.110389176756143570e-02
1.343589089810848236e-02
1.325653679668903351e-02
1.303164288401603699e-02
1.339587941765785217e-02
1.260648388415575027e-02
1.398756727576255798e-02
1.356038358062505722e-02
1.350384764373302460e-02
1.371347345411777496e-02
1.363073475658893585e-02
1.331911701709032059e-02
1.260445639491081238e-02
1.351248938590288162e-02
1.351458393037319183e-02
1.396979391574859619e-02
1.386758871376514435e-02
1.320417877286672592e-02
1.368441432714462280e-02
1.358513347804546356e-02
1.297791674733161926e-02
1.367200352251529694e-02
1.297429110854864120e-02
1.333368103951215744e-02
1.221937313675880432e-02
1.306987833231687546e-02
1.345009356737136841e-02
1.423332281410694122e-02
1.442444138228893280e-02
1.318416092544794083e-02
1.297409459948539734e-02
1.283632032573223114e-02
1.438216026872396469e-02
1.394547987729310989e-02
1.379910577088594437e-02
1.305999979376792908e-02
1.360532455146312714e-02
1.356052234768867493e-02
1.294275932013988495e-02
1.333916001021862030e-02
1.286268606781959534e-02
1.361337024718523026e-02
1.338824070990085602e-02
1.328987162560224533e-02
1.328447088599205017e-02
1.300932466983795166e-02
1.402845792472362518e-02
1.348075550049543381e-02
1.325621362775564194e-02
1.392484921962022781e-02
1.321180909872055054e-02
1.276289392262697220e-02
1.297838613390922546e-02
1.402041688561439514e-02
1.382196508347988129e-02
1.314016338437795639e-02
1.371267903596162796e-02
1.312535163015127182e-02
1.342359371483325958e-02
1.321765966713428497e-02
1.339036598801612854e-02
9.912654757499694824e-03
1.335231214761734009e-02
1.336667221039533615e-02
1.335946284234523773e-02
1.331659965217113495e-02
1.290021371096372604e-02
1.363870128989219666e-02
1.355511695146560669e-02
1.111828070133924484e-02
1.345404237508773804e-02
1.244784612208604813e-02
1.344291120767593384e-02
1.312061771750450134e-02
1.283673569560050964e-02
1.321477256715297699e-02
1.349856983870267868e-02
1.290673669427633286e-02
1.306499913334846497e-02
1.295712124556303024e-02
1.287025585770606995e-02
1.334432978183031082e-02
1.372216269373893738e-02
1.341908331960439682e-02
1.343906112015247345e-02
1.312319748103618622e-02
1.378912478685379028e-02
1.226949691772460938e-02
1.385789364576339722e-02
1.292880717664957047e-02
1.328476145863533020e-02
1.302802655845880508e-02
1.418233476579189301e-02
1.280103251338005066e-02
1.387455407530069351e-02
1.325908489525318146e-02
1.349901966750621796e-02
1.432694960385560989e-02
1.428501494228839874e-02
1.323798485100269318e-02
1.355711743235588074e-02
1.556723378598690033e-02
1.360328029841184616e-02
1.326149515807628632e-02
1.157119870185852051e-02
1.289129070937633514e-02
1.305921562016010284e-02
1.252101920545101166e-02
1.496498286724090576e-02
1.348876208066940308e-02
1.476670987904071808e-02
1.342297811061143875e-02
1.285715773701667786e-02
1.395147480070590973e-02
1.376404613256454468e-02
1.327990926802158356e-02
1.338155008852481842e-02
1.344825699925422668e-02
1.369075104594230652e-02
1.304349303245544434e-02
1.315387524664402008e-02
1.401452533900737762e-02
1.325643807649612427e-02
1.342879887670278549e-02
1.343644503504037857e-02
1.259125676006078720e-02
1.320773735642433167e-02
1.051145605742931366e-02
1.373347640037536621e-02
1.338549051433801651e-02
1.301199011504650116e-02
