<system>Protocol: Active. Attitude: Sassy.</system>
3.395548462867736816e-02
2.970861271023750305e-02
2.658618055284023285e-02
2.832429856061935425e-02
3.575212880969047546e-02
3.151565417647361755e-02
3.217075765132904053e-02
3.869623690843582153e-02
4.126208275556564331e-02
3.986115753650665283e-02
5.103733390569686890e-02
1.949936896562576294e-02
2.154418453574180603e-02
1.809175685048103333e-02
3.970026597380638123e-02
4.005463421344757080e-02
3.666344285011291504e-02
2.681518346071243286e-02
5.496939271688461304e-02
9.944224730134010315e-03
4.737329483032226562e-02
5.005474016070365906e-02
1.117114350199699402e-02
1.137550920248031616e-02
1.057984679937362671e-02
3.537316992878913879e-02
2.613598667085170746e-02
2.590514160692691803e-02
2.392940036952495575e-02
3.094009123742580414e-02
2.111130394041538239e-02
4.804862290620803833e-02
4.688279330730438232e-02
3.725210204720497131e-02
3.768940269947052002e-02
3.103053756058216095e-02
3.133885562419891357e-02
2.448317036032676697e-02
1.965985447168350220e-02
2.472434192895889282e-02
2.026848495006561279e-02
1.484530046582221985e-02
1.561995223164558411e-02
2.717495709657669067e-02
2.450745180249214172e-02
2.732739970088005066e-02
3.080670163035392761e-02
4.048388451337814331e-02
1.663279533386230469e-02
4.836561530828475952e-02
4.725080356001853943e-02
4.752157628536224365e-02
5.557192116975784302e-02
5.004332214593887329e-02
6.133865565061569214e-02
5.258376151323318481e-02
5.295485258102416992e-02
1.396235916763544083e-02
4.156003892421722412e-02
2.416449785232543945e-02
1.491479203104972839e-02
3.226752579212188721e-02
4.641715437173843384e-02
2.673986926674842834e-02
3.923952579498291016e-02
3.996497392654418945e-02
4.055929183959960938e-02
3.462784737348556519e-02
3.561657294631004333e-02
3.298851847648620605e-02
3.147588670253753662e-02
3.249194473028182983e-02
3.331993520259857178e-02
2.890202775597572327e-02
4.355485737323760986e-02
3.457606583833694458e-02
4.369582980871200562e-02
3.368567302823066711e-02
2.951034903526306152e-02
3.841343522071838379e-02
5.890826880931854248e-02
5.062001943588256836e-02
3.296151384711265564e-02
5.176407471299171448e-02
6.398250162601470947e-02
5.118828639388084412e-02
2.875138074159622192e-02
2.205364406108856201e-02
4.735204577445983887e-02
3.339925780892372131e-02
5.262322723865509033e-02
4.406310617923736572e-02
4.983389377593994141e-02
5.843643844127655029e-02
4.858931526541709900e-02
6.351169198751449585e-02
5.967759341001510620e-02
4.157401248812675476e-02
4.254320263862609863e-02
3.631104901432991028e-02
3.666105493903160095e-02
2.745331451296806335e-02
3.735786676406860352e-02
2.869267389178276062e-02
3.247712552547454834e-02
3.936974331736564636e-02
3.446019440889358521e-02
3.512466698884963989e-02
4.006648063659667969e-02
4.741422832012176514e-02
5.393362790346145630e-02
6.118734553456306458e-02
4.483073949813842773e-02
5.845663323998451233e-02
5.502551794052124023e-02
4.491852968931198120e-02
6.265470385551452637e-02
6.257653236389160156e-02
5.953045189380645752e-02
4.890092089772224426e-02
4.312140494585037231e-02
5.497544631361961365e-02
6.029282510280609131e-02
4.942767694592475891e-02
5.065901204943656921e-02
5.964255332946777344e-02
4.316927865147590637e-02
4.024599865078926086e-02
2.938951551914215088e-02
2.631450258195400238e-02
2.634444087743759155e-02
2.286122553050518036e-02
4.981943219900131226e-02
2.719806134700775146e-02
2.502467855811119080e-02
5.769706517457962036e-02
2.275478281080722809e-02
5.197907611727714539e-02
2.434706129133701324e-02
6.320755183696746826e-02
4.705697670578956604e-02
5.851912871003150940e-02
6.529029458761215210e-02
6.128590181469917297e-02
3.731246292591094971e-02
6.646192073822021484e-02
6.424425542354583740e-02
5.053338035941123962e-02
5.881553143262863159e-02
5.477315187454223633e-02
1.310528814792633057e-02
5.130052566528320312e-02
1.191578060388565063e-02
1.476888544857501984e-02
3.793488442897796631e-02
3.811912238597869873e-02
4.025233536958694458e-02
3.064007312059402466e-02
3.457333147525787354e-02
2.439859136939048767e-02
3.766896948218345642e-02
3.925549983978271484e-02
2.945242822170257568e-02
3.327378630638122559e-02
3.425089269876480103e-02
3.209554031491279602e-02
3.490955755114555359e-02
5.555606633424758911e-02
2.092934399843215942e-02
4.897115379571914673e-02
4.375086724758148193e-02
6.593938916921615601e-02
3.676488250494003296e-02
3.397649154067039490e-02
5.727523192763328552e-02
6.873723864555358887e-02
7.143779098987579346e-02
5.763570219278335571e-02
5.474179983139038086e-02
1.592435687780380249e-02
4.805032163858413696e-02
5.900312960147857666e-02
5.612576752901077271e-02
3.431487083435058594e-02
3.789043426513671875e-02
4.582672193646430969e-02
1.357458345592021942e-02
2.269343659281730652e-02
2.862087264657020569e-02
5.236317217350006104e-02
4.265958815813064575e-02
4.629068821668624878e-02
3.889417648315429688e-02
2.873224020004272461e-02
4.509808123111724854e-02
3.352153301239013672e-02
3.182221576571464539e-02
2.366563118994235992e-02
2.656463533639907837e-02
3.179813176393508911e-02
3.574819117784500122e-02
5.995522066950798035e-02
3.383146971464157104e-02
4.773633182048797607e-02
2.910222858190536499e-02
3.435159102082252502e-02
5.196509137749671936e-02
5.714587122201919556e-02
3.349085152149200439e-02
5.857840925455093384e-02
5.167154967784881592e-02
1.903337240219116211e-02
5.733065679669380188e-02
5.271483585238456726e-02
3.966402262449264526e-02
1.320259273052215576e-02
1.687568239867687225e-02
1.582962647080421448e-02
6.058603897690773010e-02
3.319779038429260254e-02
5.123970657587051392e-02
3.107586130499839783e-02
4.684547334909439087e-02
5.013078823685646057e-02
4.187834635376930237e-02
3.676965087652206421e-02
2.498528547585010529e-02
3.046409413218498230e-02
4.987998306751251221e-02
2.395478263497352600e-02
2.717860043048858643e-02
4.395648837089538574e-02
2.830429747700691223e-02
4.600944742560386658e-02
2.783348783850669861e-02
3.897332400083541870e-02
5.067283660173416138e-02
5.393882095813751221e-02
5.519165843725204468e-02
6.672638654708862305e-02
5.976945906877517700e-02
2.302790805697441101e-02
4.555511474609375000e-02
5.206480622291564941e-02
5.187215656042098999e-02
5.818504840135574341e-02
6.446046382188796997e-02
3.620032221078872681e-02
3.756887093186378479e-02
3.941168263554573059e-02
3.820889443159103394e-02
4.696934670209884644e-02
4.389678686857223511e-02
5.660890042781829834e-02
3.349200636148452759e-02
3.594480827450752258e-02
