<system>Protocol: Active. Attitude: Sassy.</system>
2.454563975334167480e-02
2.891216985881328583e-02
2.504020743072032928e-02
2.518326789140701294e-02
2.943224832415580750e-02
2.633508853614330292e-02
3.070893138647079468e-02
2.248548343777656555e-02
2.981804683804512024e-02
2.876560762524604797e-02
3.740071505308151245e-02
2.801527641713619232e-02
3.904812783002853394e-02
3.612985834479331970e-02
3.462100774049758911e-02
3.431893885135650635e-02
4.469033703207969666e-02
2.018962055444717407e-02
4.716389253735542297e-02
3.949291259050369263e-02
4.154064506292343140e-02
4.616694897413253784e-02
4.581801593303680420e-02
1.259173266589641571e-02
4.389507323503494263e-02
4.065626114606857300e-02
4.299516975879669189e-02
4.263090342283248901e-02
2.488382533192634583e-02
4.234285280108451843e-02
4.265884310007095337e-02
2.326721139252185822e-02
3.214217722415924072e-02
2.174353972077369690e-02
2.314797043800354004e-02
2.432173490524291992e-02
2.634864859282970428e-02
2.995227277278900146e-02
2.728916704654693604e-02
2.354929596185684204e-02
3.719151020050048828e-02
2.647615782916545868e-02
3.602530434727668762e-02
3.835877776145935059e-02
4.027626663446426392e-02
2.347416058182716370e-02
4.308712109923362732e-02
4.349422827363014221e-02
4.251509159803390503e-02
4.706358164548873901e-02
4.029400274157524109e-02
4.625044018030166626e-02
3.762216866016387939e-02
4.511308670043945312e-02
4.413997381925582886e-02
6.036279350519180298e-02
4.152664542198181152e-02
4.294336959719657898e-02
4.523890465497970581e-02
4.472913593053817749e-02
3.450486063957214355e-02
3.804289549589157104e-02
3.027996234595775604e-02
3.837262839078903198e-02
3.274028748273849487e-02
2.447648346424102783e-02
2.665216848254203796e-02
2.255392819643020630e-02
3.434806689620018005e-02
2.237016893923282623e-02
4.365667700767517090e-02
2.558838948607444763e-02
4.068787768483161926e-02
2.310370467603206635e-02
4.739855974912643433e-02
2.374340407550334930e-02
4.315560311079025269e-02
3.545562922954559326e-02
4.560200870037078857e-02
4.442770406603813171e-02
4.253918677568435669e-02
4.598758369684219360e-02
4.554711282253265381e-02
4.789958894252777100e-02
4.773533716797828674e-02
4.361108690500259399e-02
4.660647362470626831e-02
4.720195382833480835e-02
4.355405271053314209e-02
4.731791466474533081e-02
4.882867634296417236e-02
4.830054193735122681e-02
3.972516953945159912e-02
4.658127203583717346e-02
5.120172724127769470e-02
5.007669329643249512e-02
2.746633067727088928e-02
3.944254666566848755e-02
3.812731057405471802e-02
2.760303393006324768e-02
3.849047422409057617e-02
2.911623939871788025e-02
4.536414518952369690e-02
2.557289972901344299e-02
3.727803379297256470e-02
3.190001472830772400e-02
4.498070478439331055e-02
3.852432966232299805e-02
4.119958356022834778e-02
3.180051594972610474e-02
4.141055047512054443e-02
3.986697271466255188e-02
3.857100009918212891e-02
3.860952332615852356e-02
4.675354063510894775e-02
2.044110186398029327e-02
4.635235667228698730e-02
5.110732465982437134e-02
4.913162067532539368e-02
4.681134223937988281e-02
1.080783270299434662e-02
4.517696425318717957e-02
4.866896569728851318e-02
4.945556074380874634e-02
4.973348602652549744e-02
4.888349398970603943e-02
2.376748621463775635e-02
4.649808630347251892e-02
2.453516982495784760e-02
2.160336077213287354e-02
2.882484346628189087e-02
1.874580793082714081e-02
3.369402885437011719e-02
2.228745073080062866e-02
3.275324776768684387e-02
2.367157116532325745e-02
4.248460382223129272e-02
3.295485302805900574e-02
4.024661332368850708e-02
3.563852235674858093e-02
4.695052653551101685e-02
3.686720132827758789e-02
4.790632799267768860e-02
4.779912903904914856e-02
5.009656399488449097e-02
4.227641224861145020e-02
5.101107060909271240e-02
5.646771192550659180e-02
5.169977992773056030e-02
5.268517509102821350e-02
5.025842785835266113e-02
5.844329297542572021e-02
5.296122282743453979e-02
5.514569580554962158e-02
5.034491047263145447e-02
5.617185309529304504e-02
5.363340675830841064e-02
2.568921446800231934e-02
4.474075511097908020e-02
2.573076263070106506e-02
2.185591869056224823e-02
1.940722763538360596e-02
1.970589533448219299e-02
2.341800183057785034e-02
2.622081711888313293e-02
2.632282674312591553e-02
4.097247496247291565e-02
3.337392210960388184e-02
4.469689354300498962e-02
3.035751916468143463e-02
4.811030626296997070e-02
3.442992269992828369e-02
4.939699918031692505e-02
3.353232145309448242e-02
4.992869496345520020e-02
4.539290070533752441e-02
4.963593930006027222e-02
5.219998955726623535e-02
5.368097871541976929e-02
2.351097017526626587e-02
4.902882874011993408e-02
5.134779214859008789e-02
4.852222278714179993e-02
1.392940524965524673e-02
4.902973398566246033e-02
5.216360837221145630e-02
4.830194264650344849e-02
5.229684710502624512e-02
5.240579694509506226e-02
5.413871631026268005e-02
5.023888871073722839e-02
5.444862693548202515e-02
1.891067996621131897e-02
1.981249824166297913e-02
1.658148132264614105e-02
1.690857484936714172e-02
1.980748400092124939e-02
2.923955582082271576e-02
1.920308358967304230e-02
2.783701941370964050e-02
2.322607859969139099e-02
3.023653477430343628e-02
3.327158838510513306e-02
2.775741368532180786e-02
3.792221099138259888e-02
2.928670123219490051e-02
3.772574663162231445e-02
3.510816395282745361e-02
3.995402529835700989e-02
4.467849060893058777e-02
4.172023385763168335e-02
2.045381814241409302e-02
4.206840321421623230e-02
4.803628101944923401e-02
1.365656778216362000e-02
4.612345248460769653e-02
4.777963459491729736e-02
1.628175750374794006e-02
4.823474213480949402e-02
4.535022377967834473e-02
5.003182217478752136e-02
4.701054096221923828e-02
5.069203302264213562e-02
4.730762541294097900e-02
1.687908731400966644e-02
1.769096776843070984e-02
1.867433078587055206e-02
2.038136683404445648e-02
2.198047377169132233e-02
2.798691578209400177e-02
2.288370765745639801e-02
3.338872268795967102e-02
2.582491189241409302e-02
2.743348851799964905e-02
3.446082025766372681e-02
2.720681205391883850e-02
3.579447045922279358e-02
3.139792382717132568e-02
3.269837051630020142e-02
3.892825171351432800e-02
2.572604455053806305e-02
3.788999095559120178e-02
4.012209177017211914e-02
4.587334021925926208e-02
4.569303989410400391e-02
3.609094396233558655e-02
6.246236711740493774e-02
4.797782748937606812e-02
4.669542983174324036e-02
4.233041405677795410e-02
4.651379585266113281e-02
4.756902158260345459e-02
4.802544414997100830e-02
4.642943665385246277e-02
4.322046414017677307e-02
5.033371224999427795e-02
