<system>Protocol: Active. Attitude: Sassy.</system>
1.858200132846832275e-02
1.596662588417530060e-02
1.640772633254528046e-02
1.840175502002239227e-02
2.081025950610637665e-02
1.651270128786563873e-02
2.008236572146415710e-02
2.093405649065971375e-02
1.183771155774593353e-02
1.869368925690650940e-02
1.824294030666351318e-02
2.288529276847839355e-02
1.896575465798377991e-02
1.637606322765350342e-02
1.173367910087108612e-02
1.672089844942092896e-02
1.673424616456031799e-02
1.643030159175395966e-02
1.641133986413478851e-02
2.535192295908927917e-02
1.643320545554161072e-02
1.662641204893589020e-02
1.667031273245811462e-02
6.593059748411178589e-03
1.723646745085716248e-02
1.040447317063808441e-02
1.778492890298366547e-02
1.679461449384689331e-02
1.565531454980373383e-02
1.571262627840042114e-02
1.699221879243850708e-02
1.645269617438316345e-02
1.644015498459339142e-02
1.546798273921012878e-02
1.815454289317131042e-02
1.451850216835737228e-02
1.257912442088127136e-02
2.238777838647365570e-02
1.327853649854660034e-02
1.777477748692035675e-02
2.107511088252067566e-02
1.923991739749908447e-02
1.924466341733932495e-02
1.104300282895565033e-02
1.605981402099132538e-02
1.673734188079833984e-02
2.207857370376586914e-02
1.771064475178718567e-02
1.659696549177169800e-02
1.661617867648601532e-02
1.702614128589630127e-02
9.362445212900638580e-03
1.596972718834877014e-02
1.702512055635452271e-02
1.678723096847534180e-02
2.119620889425277710e-02
1.714013330638408661e-02
1.540228538215160370e-02
1.636050082743167877e-02
1.585071906447410583e-02
1.754291355609893799e-02
1.766361854970455170e-02
1.726592145860195160e-02
1.671181991696357727e-02
9.174261242151260376e-03
9.185173548758029938e-03
1.213176921010017395e-02
1.255643926560878754e-02
1.496930979192256927e-02
1.420385949313640594e-02
1.734426617622375488e-02
2.296545356512069702e-02
1.493168994784355164e-02
2.135666646063327789e-02
2.083713188767433167e-02
2.729457989335060120e-02
2.274044975638389587e-02
2.195933647453784943e-02
1.519204117357730865e-02
2.090307697653770447e-02
2.197049744427204132e-02
2.171732485294342041e-02
2.218564599752426147e-02
2.993356063961982727e-02
2.188812009990215302e-02
2.136993035674095154e-02
2.196405269205570221e-02
7.923960685729980469e-03
2.277752757072448730e-02
1.234881300479173660e-02
2.204929478466510773e-02
2.196171507239341736e-02
2.180368080735206604e-02
2.156243845820426941e-02
2.197267860174179077e-02
2.206374518573284149e-02
8.978925645351409912e-03
8.652645163238048553e-03
1.391835883259773254e-02
1.208050362765789032e-02
1.256161555647850037e-02
1.615216024219989777e-02
1.313466764986515045e-02
1.865865662693977356e-02
2.095558308064937592e-02
2.134845592081546783e-02
2.134025096893310547e-02
1.507309637963771820e-02
2.011251822113990784e-02
2.217030152678489685e-02
2.793492190539836884e-02
2.260155603289604187e-02
2.173719555139541626e-02
2.241171151399612427e-02
2.216365747153759003e-02
1.209605485200881958e-02
2.088648080825805664e-02
2.252592146396636963e-02
2.313068509101867676e-02
2.362811751663684845e-02
2.274165675044059753e-02
1.683378964662551880e-02
2.242039516568183899e-02
2.210273221135139465e-02
2.285344339907169342e-02
2.190323732793331146e-02
2.175073511898517609e-02
2.129063755273818970e-02
8.930910378694534302e-03
8.348427712917327881e-03
1.223669853061437607e-02
1.208700891584157944e-02
1.374087389558553696e-02
1.380196772515773773e-02
1.455820165574550629e-02
2.053067088127136230e-02
1.360834948718547821e-02
1.961398310959339142e-02
1.872500032186508179e-02
2.360929921269416809e-02
2.162368781864643097e-02
2.052789367735385895e-02
1.427631266415119171e-02
1.857625693082809448e-02
2.094522863626480103e-02
2.157431095838546753e-02
2.062703296542167664e-02
2.958798035979270935e-02
2.131034061312675476e-02
2.052423730492591858e-02
2.252775430679321289e-02
7.064330391585826874e-03
2.246850728988647461e-02
1.101766899228096008e-02
2.068614959716796875e-02
2.195967361330986023e-02
2.030586637556552887e-02
2.123217470943927765e-02
2.229456976056098938e-02
2.023609727621078491e-02
8.883325383067131042e-03
9.484058246016502380e-03
1.234974153339862823e-02
1.131175179034471512e-02
1.244681980460882187e-02
1.470968592911958694e-02
1.216756366193294525e-02
1.864397525787353516e-02
1.719649508595466614e-02
2.107449620962142944e-02
2.068754658102989197e-02
1.423784624785184860e-02
1.812941581010818481e-02
2.064735814929008484e-02
2.710889652371406555e-02
2.399195358157157898e-02
2.137554250657558441e-02
2.195687964558601379e-02
2.142452076077461243e-02
1.112211216241121292e-02
2.011656388640403748e-02
2.154120430350303650e-02
2.206294983625411987e-02
2.257766947150230408e-02
2.232534810900688171e-02
1.530065201222896576e-02
2.086030691862106323e-02
2.252966538071632385e-02
2.126274257898330688e-02
2.388586848974227905e-02
2.155660092830657959e-02
2.110432460904121399e-02
1.814807206392288208e-02
1.682723313570022583e-02
1.396596804261207581e-02
2.759405970573425293e-02
2.650929056107997894e-02
1.547638606280088425e-02
2.851986885070800781e-02
2.750530093908309937e-02
1.129218097776174545e-02
2.033163979649543762e-02
1.867808774113655090e-02
2.115017175674438477e-02
1.954870671033859253e-02
1.568475365638732910e-02
9.578969329595565796e-03
1.344490982592105865e-02
1.804528757929801941e-02
1.573624275624752045e-02
1.757167279720306396e-02
2.236344106495380402e-02
1.617247983813285828e-02
1.693073287606239319e-02
1.656428724527359009e-02
5.962961353361606598e-03
1.708482764661312103e-02
8.618853986263275146e-03
1.634119264781475067e-02
1.690337434411048889e-02
1.569558307528495789e-02
1.576793193817138672e-02
1.779663749039173126e-02
1.639614626765251160e-02
1.689024455845355988e-02
2.182069048285484314e-02
2.192674577236175537e-02
1.855428889393806458e-02
1.359186228364706039e-02
2.453439868986606598e-02
1.233210787177085876e-02
2.135706692934036255e-02
2.202752232551574707e-02
2.033528313040733337e-02
2.108415961265563965e-02
9.569248184561729431e-03
1.528664864599704742e-02
1.780998520553112030e-02
2.128019556403160095e-02
1.806976459920406342e-02
1.722814701497554779e-02
1.707771793007850647e-02
1.651304215192794800e-02
8.388705551624298096e-03
1.577961817383766174e-02
1.531381532549858093e-02
1.794344559311866760e-02
2.138138934969902039e-02
1.560867764055728912e-02
1.550355181097984314e-02
1.514094788581132889e-02
1.607227884232997894e-02
1.839426718652248383e-02
1.673746667802333832e-02
1.767323911190032959e-02
1.483791414648294449e-02
8.052101358771324158e-03
1.001411769539117813e-02
9.955501183867454529e-03
1.278669945895671844e-02
1.570780202746391296e-02
1.432816497981548309e-02
1.544625591486692429e-02
2.141404896974563599e-02
1.643335074186325073e-02
2.307649515569210052e-02
2.143834158778190613e-02
2.686407789587974548e-02
2.629417553544044495e-02
2.469705231487751007e-02
1.776007935404777527e-02
2.328031510114669800e-02
2.413889952003955841e-02
2.315986156463623047e-02
2.654830180108547211e-02
3.448562696576118469e-02
2.868205495178699493e-02
2.595277130603790283e-02
2.729217708110809326e-02
1.176804304122924805e-02
2.447104826569557190e-02
1.469087973237037659e-02
2.700273320078849792e-02
2.637177519500255585e-02
2.752292156219482422e-02
2.503546699881553650e-02
2.648265846073627472e-02
2.737907320261001587e-02
8.124098181724548340e-03
9.443329647183418274e-03
1.090383250266313553e-02
1.313718594610691071e-02
1.400780584663152695e-02
1.595190167427062988e-02
1.356123760342597961e-02
2.065262198448181152e-02
1.925884559750556946e-02
2.309939637780189514e-02
2.402758598327636719e-02
1.834401674568653107e-02
2.278958261013031006e-02
2.439760044217109680e-02
3.325838595628738403e-02
2.613686583936214447e-02
2.575014904141426086e-02
2.883837558329105377e-02
2.619202062487602234e-02
1.728559285402297974e-02
2.770431712269783020e-02
2.539395354688167572e-02
2.574559673666954041e-02
2.948356792330741882e-02
2.460013702511787415e-02
3.340678662061691284e-02
2.692334540188312531e-02
2.582642436027526855e-02
2.999291010200977325e-02
2.892362698912620544e-02
2.682894468307495117e-02
2.556382119655609131e-02
1.500073261559009552e-02
1.528876833617687225e-02
1.404253765940666199e-02
1.809978485107421875e-02
1.924263872206211090e-02
2.045142650604248047e-02
1.983751729130744934e-02
2.478517591953277588e-02
1.345605030655860901e-02
2.047008275985717773e-02
2.030645310878753662e-02
2.516421489417552948e-02
2.508971467614173889e-02
2.029554545879364014e-02
1.298035308718681335e-02
1.961611583828926086e-02
2.285257540643215179e-02
2.244002744555473328e-02
2.095477655529975891e-02
2.760767750442028046e-02
2.003974653780460358e-02
2.193073183298110962e-02
2.241788804531097412e-02
6.929618772119283676e-03
2.230458147823810577e-02
1.014973782002925873e-02
2.075442485511302948e-02
2.262225374579429626e-02
2.155657485127449036e-02
2.119028009474277496e-02
2.177675068378448486e-02
2.111236751079559326e-02
1.138089038431644440e-02
1.328689791262149811e-02
1.576279290020465851e-02
1.440379489213228226e-02
1.309948414564132690e-02
2.224238589406013489e-02
1.412606425583362579e-02
1.995201595127582550e-02
2.193362265825271606e-02
2.521971799433231354e-02
2.259014733135700226e-02
1.380665414035320282e-02
1.887311041355133057e-02
2.085780911147594452e-02
2.597568742930889130e-02
2.253971062600612640e-02
2.229857444763183594e-02
2.015008963644504547e-02
2.215934358537197113e-02
1.087287999689579010e-02
2.291159331798553467e-02
2.233340591192245483e-02
2.333382144570350647e-02
2.314455062150955200e-02
2.226711623370647430e-02
1.452179253101348877e-02
2.113747224211692810e-02
2.102123945951461792e-02
2.187942527234554291e-02
2.124431543052196503e-02
2.201326191425323486e-02
2.103338204324245453e-02
1.026245765388011932e-02
1.577877998352050781e-02
1.108304318040609360e-02
1.780317723751068115e-02
1.733962446451187134e-02
1.416620891541242599e-02
1.776473596692085266e-02
1.912340894341468811e-02
1.167462952435016632e-02
1.752902194857597351e-02
1.660012453794479370e-02
2.203272469341754913e-02
1.774292066693305969e-02
1.704468205571174622e-02
1.214321702718734741e-02
1.610118336975574493e-02
1.726862415671348572e-02
1.808248087763786316e-02
1.670682430267333984e-02
2.499533444643020630e-02
1.743433997035026550e-02
1.766129210591316223e-02
1.744375564157962799e-02
6.697695702314376831e-03
1.846054941415786743e-02
9.576363489031791687e-03
1.717541739344596863e-02
1.760464161634445190e-02
1.654099673032760620e-02
1.698488742113113403e-02
1.824346184730529785e-02
1.705198362469673157e-02
1.371772307902574539e-02
1.173390634357929230e-02
1.298321224749088287e-02
1.246558688580989838e-02
1.126021612435579300e-02
1.799416169524192810e-02
1.131468731909990311e-02
1.584635302424430847e-02
1.802475005388259888e-02
1.781588792800903320e-02
1.715549454092979431e-02
1.137222442775964737e-02
1.536775380373001099e-02
1.668879203498363495e-02
2.355421707034111023e-02
1.839369907975196838e-02
1.781256496906280518e-02
1.700205728411674500e-02
1.757012307643890381e-02
1.033568754792213440e-02
1.751490309834480286e-02
1.821740344166755676e-02
1.825453899800777435e-02
2.216322720050811768e-02
1.751561462879180908e-02
1.503854896873235703e-02
1.671925932168960571e-02
1.719585619866847992e-02
1.824672520160675049e-02
1.743172109127044678e-02
1.762231625616550446e-02
1.747490838170051575e-02
1.976640149950981140e-02
1.499905250966548920e-02
1.352286990731954575e-02
2.233222499489784241e-02
2.257170900702476501e-02
1.652101427316665649e-02
2.386328764259815216e-02
2.276890724897384644e-02
1.143755298107862473e-02
2.055659703910350800e-02
1.925703883171081543e-02
2.401968464255332947e-02
1.990716345608234406e-02
1.814820617437362671e-02
1.105945836752653122e-02
1.581551507115364075e-02
1.883953623473644257e-02
1.826268620789051056e-02
1.865269057452678680e-02
2.458710223436355591e-02
1.893898472189903259e-02
1.855320110917091370e-02
1.826753094792366028e-02
6.428635679185390472e-03
1.917291432619094849e-02
9.117757901549339294e-03
1.817245036363601685e-02
1.938533969223499298e-02
1.699029840528964996e-02
1.749833859503269196e-02
1.909969374537467957e-02
1.803985610604286194e-02
1.430998556315898895e-02
1.746855862438678741e-02
1.808417774736881256e-02
1.744722202420234680e-02
1.492196880280971527e-02
2.414705231785774231e-02
1.280936598777770996e-02
1.932589337229728699e-02
2.090828493237495422e-02
2.115060202777385712e-02
2.104615047574043274e-02
1.101605407893657684e-02
1.628400199115276337e-02
1.803413778543472290e-02
2.329012379050254822e-02
1.903111115097999573e-02
1.811290904879570007e-02
1.855996996164321899e-02
1.823095045983791351e-02
9.134067222476005554e-03
1.704720407724380493e-02
1.759346947073936462e-02
1.907387003302574158e-02
2.252327464520931244e-02
1.801523566246032715e-02
1.659692078828811646e-02
1.721264794468879700e-02
1.763666607439517975e-02
1.853721775114536285e-02
1.841700077056884766e-02
1.953016221523284912e-02
1.709747314453125000e-02
1.951031200587749481e-02
2.238822914659976959e-02
1.915682293474674225e-02
1.662271842360496521e-02
2.460296079516410828e-02
2.092645689845085144e-02
2.231833338737487793e-02
1.842972263693809509e-02
2.726556733250617981e-02
2.090878970921039581e-02
1.715631783008575439e-02
2.428995817899703979e-02
1.604196056723594666e-02
1.541112177073955536e-02
2.093086764216423035e-02
1.175724342465400696e-02
2.063347585499286652e-02
1.448547281324863434e-02
1.755976304411888123e-02
2.389104850590229034e-02
1.597923785448074341e-02
1.999473944306373596e-02
1.634228602051734924e-02
2.695392817258834839e-02
1.763877645134925842e-02
1.641472987830638885e-02
1.687163114547729492e-02
1.420421153306961060e-02
1.369725726544857025e-02
1.631071418523788452e-02
1.124369259923696518e-02
1.512841880321502686e-02
1.843589544296264648e-02
2.031975984573364258e-02
1.776554062962532043e-02
1.717309281229972839e-02
2.188260480761528015e-02
1.785730943083763123e-02
1.975361071527004242e-02
2.580847963690757751e-02
2.312658727169036865e-02
2.799996547400951385e-02
2.442283742129802704e-02
2.259495854377746582e-02
2.187662571668624878e-02
2.570035867393016815e-02
2.252333611249923706e-02
2.412038855254650116e-02
1.854018308222293854e-02
2.109364420175552368e-02
1.958000846207141876e-02
1.172336284071207047e-02
1.826565340161323547e-02
1.680076122283935547e-02
1.633871160447597504e-02
7.465642411261796951e-03
1.724911481142044067e-02
1.620369963347911835e-02
1.624887436628341675e-02
1.567794382572174072e-02
1.527380198240280151e-02
1.689684018492698669e-02
1.378833968192338943e-02
1.623781211674213409e-02
1.402598898857831955e-02
1.433702837675809860e-02
1.460450515151023865e-02
1.386867556720972061e-02
1.616016961634159088e-02
1.347505580633878708e-02
1.668506488204002380e-02
1.634318009018898010e-02
2.176928706467151642e-02
1.624988764524459839e-02
1.877886243164539337e-02
2.285562828183174133e-02
1.838029362261295319e-02
1.767890341579914093e-02
2.465169318020343781e-02
1.597920246422290802e-02
2.450719848275184631e-02
1.963956281542778015e-02
2.191870287060737610e-02
2.572672441601753235e-02
2.230609953403472900e-02
2.512052655220031738e-02
2.324390038847923279e-02
3.100978583097457886e-02
2.238062024116516113e-02
2.021353505551815033e-02
2.244591340422630310e-02
2.072959765791893005e-02
2.076503634452819824e-02
2.199699915945529938e-02
1.531081646680831909e-02
2.232258021831512451e-02
1.296469941735267639e-02
1.414408534765243530e-02
1.275996025651693344e-02
1.406053453683853149e-02
1.699606887996196747e-02
1.366245374083518982e-02
1.770490407943725586e-02
1.586423628032207489e-02
2.067958191037178040e-02
1.765176653861999512e-02
2.145486697554588318e-02
2.416097559034824371e-02
1.984180696308612823e-02
2.595845982432365417e-02
2.577249146997928619e-02
2.435211278498172760e-02
2.239738218486309052e-02
2.451771683990955353e-02
2.387862280011177063e-02
1.614945009350776672e-02
2.329782769083976746e-02
2.172022312879562378e-02
2.170849964022636414e-02
1.068004034459590912e-02
2.314610034227371216e-02
2.316170558333396912e-02
2.292153052985668182e-02
2.097446657717227936e-02
2.063319832086563110e-02
2.320390567183494568e-02
1.972699165344238281e-02
2.121440693736076355e-02
1.346083357930183411e-02
1.267843134701251984e-02
1.419914793223142624e-02
1.358542684465646744e-02
1.493184454739093781e-02
1.385873183608055115e-02
1.600614935159683228e-02
1.643388904631137848e-02
1.742954179644584656e-02
1.632251217961311340e-02
1.948020234704017639e-02
2.174605801701545715e-02
1.909714937210083008e-02
1.861507445573806763e-02
2.529023215174674988e-02
2.000791952013969421e-02
2.855894714593887329e-02
2.048236876726150513e-02
2.745370194315910339e-02
2.718593552708625793e-02
2.965336292982101440e-02
3.358979523181915283e-02
3.025544062256813049e-02
3.486760705709457397e-02
3.097038716077804565e-02
2.831987664103507996e-02
3.296683728694915771e-02
3.052776306867599487e-02
3.006162121891975403e-02
3.080292046070098877e-02
2.052537351846694946e-02
3.208409622311592102e-02
1.317536458373069763e-02
1.249277591705322266e-02
1.451780460774898529e-02
1.414180174469947815e-02
1.745940744876861572e-02
1.397862099111080170e-02
1.727851107716560364e-02
1.548184081912040710e-02
1.774813607335090637e-02
1.641833595931529999e-02
1.939785107970237732e-02
2.122271806001663208e-02
1.876343786716461182e-02
2.212703973054885864e-02
2.563136816024780273e-02
2.407405897974967957e-02
2.601642161607742310e-02
2.640680968761444092e-02
2.884216792881488800e-02
2.008979767560958862e-02
3.147483617067337036e-02
2.757497876882553101e-02
3.005715645849704742e-02
1.377119682729244232e-02
3.239562362432479858e-02
3.076973557472229004e-02
3.204125910997390747e-02
2.926716953516006470e-02
3.058341145515441895e-02
3.066652268171310425e-02
2.849085256457328796e-02
3.074653819203376770e-02
1.303672231733798981e-02
1.428048498928546906e-02
1.193389296531677246e-02
1.274766214191913605e-02
1.478760316967964172e-02
1.175493746995925903e-02
1.546479202806949615e-02
1.484377682209014893e-02
1.815378665924072266e-02
1.646386831998825073e-02
1.648980006575584412e-02
1.914025098085403442e-02
1.666709780693054199e-02
1.842529699206352234e-02
2.175683528184890747e-02
1.661599986255168915e-02
2.294348552823066711e-02
1.868416182696819305e-02
2.467092871665954590e-02
2.959248796105384827e-02
2.297144010663032532e-02
2.223505266010761261e-02
2.262050658464431763e-02
3.284842893481254578e-02
2.320509776473045349e-02
2.017629146575927734e-02
2.342761680483818054e-02
1.998426578938961029e-02
2.126959338784217834e-02
2.054671943187713623e-02
1.879665628075599670e-02
1.989401876926422119e-02
1.184378378093242645e-02
1.412443257868289948e-02
1.172704249620437622e-02
1.337283663451671600e-02
1.504185702651739120e-02
1.374209672212600708e-02
1.642299443483352661e-02
1.417513750493526459e-02
1.802760735154151917e-02
1.680976338684558868e-02
1.781076192855834961e-02
2.011536806821823120e-02
1.974277012050151825e-02
2.334067970514297485e-02
2.094052359461784363e-02
2.182891219854354858e-02
1.988214254379272461e-02
2.447341568768024445e-02
2.241935580968856812e-02
1.766758225858211517e-02
2.337531000375747681e-02
2.289219945669174194e-02
2.199890092015266418e-02
1.056239195168018341e-02
2.460903115570545197e-02
2.372662350535392761e-02
1.955791935324668884e-02
2.258836105465888977e-02
2.074366062879562378e-02
2.277950569987297058e-02
2.086582779884338379e-02
2.222526818513870239e-02
1.051212567836046219e-02
9.980337694287300110e-03
9.744551032781600952e-03
1.079609245061874390e-02
1.105604413896799088e-02
8.504984900355339050e-03
9.770592674612998962e-03
9.346060454845428467e-03
1.085452735424041748e-02
9.209838695824146271e-03
1.185342576354742050e-02
1.341291330754756927e-02
8.906602859497070312e-03
1.066835038363933563e-02
1.516326516866683960e-02
1.030218135565519333e-02
1.759666576981544495e-02
1.352173555642366409e-02
1.946723088622093201e-02
1.769370585680007935e-02
2.455126121640205383e-02
2.786853350698947906e-02
2.914810925722122192e-02
2.493261918425559998e-02
2.850655838847160339e-02
3.152633458375930786e-02
3.445588052272796631e-02
2.858546376228332520e-02
2.752239257097244263e-02
3.273420035839080811e-02
2.403257787227630615e-02
3.298191353678703308e-02
9.611450135707855225e-03
9.689173661172389984e-03
9.421807713806629181e-03
1.054433546960353851e-02
1.178418099880218506e-02
9.632064029574394226e-03
1.122743263840675354e-02
8.234966546297073364e-03
1.199614629149436951e-02
8.819466456770896912e-03
1.098919939249753952e-02
1.312862150371074677e-02
9.195048362016677856e-03
1.190148852765560150e-02
1.511561870574951172e-02
1.100448425859212875e-02
1.743438839912414551e-02
1.573435217142105103e-02
2.271354943513870239e-02
1.342722307890653610e-02
2.507849782705307007e-02
2.326152473688125610e-02
3.006689622998237610e-02
1.266951113939285278e-02
3.473326563835144043e-02
3.118046186864376068e-02
3.443972021341323853e-02
2.982243150472640991e-02
2.972026914358139038e-02
3.173491358757019043e-02
2.919052913784980774e-02
3.146538138389587402e-02
1.655926927924156189e-02
1.575508341193199158e-02
1.570272445678710938e-02
1.869447529315948486e-02
1.919584348797798157e-02
1.590445451438426971e-02
2.007778920233249664e-02
1.702635362744331360e-02
2.273576334118843079e-02
1.536522060632705688e-02
1.957343891263008118e-02
2.119809575378894806e-02
1.933782920241355896e-02
1.891746930778026581e-02
2.450154721736907959e-02
1.739031448960304260e-02
2.547149732708930969e-02
1.790634915232658386e-02
2.469489537179470062e-02
2.841017208993434906e-02
2.287565544247627258e-02
2.485907077789306641e-02
2.293973229825496674e-02
2.982002496719360352e-02
2.221332304179668427e-02
1.938598416745662689e-02
2.095030061900615692e-02
2.035905234515666962e-02
2.004033699631690979e-02
2.070004865527153015e-02
1.467527821660041809e-02
1.853724196553230286e-02
1.506975851953029633e-02
1.425715722143650055e-02
1.277237385511398315e-02
2.061079256236553192e-02
1.961978152394294739e-02
1.645781658589839935e-02
1.936384290456771851e-02
1.735561713576316833e-02
2.073178812861442566e-02
1.798458956182003021e-02
2.002616971731185913e-02
2.034027501940727234e-02
2.337815053761005402e-02
2.496258914470672607e-02
2.466085925698280334e-02
2.626242861151695251e-02
2.224004641175270081e-02
2.431663312017917633e-02
2.347536943852901459e-02
1.671068370342254639e-02
2.323973365128040314e-02
2.070397697389125824e-02
2.164349518716335297e-02
9.574662894010543823e-03
2.135154604911804199e-02
2.123626135289669037e-02
1.972752809524536133e-02
2.045772224664688110e-02
1.885520853102207184e-02
2.172131091356277466e-02
1.805891096591949463e-02
2.055254206061363220e-02
1.409678347408771515e-02
1.286994852125644684e-02
1.259579136967658997e-02
1.375419460237026215e-02
1.696832105517387390e-02
1.292130723595619202e-02
1.756282895803451538e-02
1.354851201176643372e-02
1.980929449200630188e-02
1.467890199273824692e-02
1.671149581670761108e-02
2.022065408527851105e-02
1.669378206133842468e-02
1.892887055873870850e-02
2.307155542075634003e-02
1.935428753495216370e-02
2.564415149390697479e-02
1.759319379925727844e-02
2.385836280882358551e-02
3.040457144379615784e-02
2.358709275722503662e-02
2.290962263941764832e-02
2.286688983440399170e-02
2.998045645654201508e-02
1.900801621377468109e-02
1.839561015367507935e-02
1.847101189196109772e-02
1.699720323085784912e-02
1.833871006965637207e-02
1.641075499355792999e-02
1.302825659513473511e-02
1.695334911346435547e-02
1.200292259454727173e-02
1.227310299873352051e-02
1.100761815905570984e-02
1.524235773831605911e-02
1.695121452212333679e-02
1.234255358576774597e-02
1.870983652770519257e-02
1.362899877130985260e-02
1.884866319596767426e-02
1.656045764684677124e-02
1.821700856089591980e-02
1.911341212689876556e-02
1.978855580091476440e-02
2.257061004638671875e-02
2.529564127326011658e-02
2.369244024157524109e-02
2.457215450704097748e-02
2.552409656345844269e-02
2.621008083224296570e-02
1.622601971030235291e-02
2.107945270836353302e-02
1.804325915873050690e-02
2.173491194844245911e-02
9.221901185810565948e-03
1.920508407056331635e-02
1.842211931943893433e-02
1.701813377439975739e-02
1.748692616820335388e-02
1.765894144773483276e-02
1.912195049226284027e-02
1.746827736496925354e-02
1.800390332937240601e-02
1.238369755446910858e-02
1.172880828380584717e-02
1.106645446270704269e-02
1.273293234407901764e-02
1.351142022758722305e-02
9.733787737786769867e-03
1.241086982190608978e-02
1.090444251894950867e-02
1.442220807075500488e-02
1.129513792693614960e-02
1.263586804270744324e-02
1.355696935206651688e-02
1.394782215356826782e-02
1.343402452766895294e-02
1.643976196646690369e-02
1.418142952024936676e-02
1.913613639771938324e-02
1.460715942084789276e-02
2.179659903049468994e-02
1.969147473573684692e-02
2.360669709742069244e-02
2.259496785700321198e-02
2.365748956799507141e-02
2.421460300683975220e-02
2.444702945649623871e-02
2.262832224369049072e-02
2.489766478538513184e-02
2.233638614416122437e-02
2.196251973509788513e-02
2.500928938388824463e-02
2.148493379354476929e-02
2.281646803021430969e-02
1.148680411279201508e-02
1.207161135971546173e-02
1.081253495067358017e-02
1.334356237202882767e-02
1.421713642776012421e-02
1.143953483551740646e-02
1.354256458580493927e-02
9.738205000758171082e-03
1.509856618940830231e-02
1.120641641318798065e-02
1.163833402097225189e-02
1.386555656790733337e-02
1.472042687237262726e-02
1.516926661133766174e-02
1.648477464914321899e-02
1.599390245974063873e-02
1.887251809239387512e-02
1.778766140341758728e-02
2.285432629287242889e-02
1.609110273420810699e-02
2.238750830292701721e-02
2.083396539092063904e-02
2.338191866874694824e-02
1.081943511962890625e-02
2.420872449874877930e-02
2.449412085115909576e-02
2.389289252460002899e-02
2.414487861096858978e-02
2.319779619574546814e-02
2.460447885096073151e-02
2.254821732640266418e-02
2.454506792128086090e-02
1.656169816851615906e-02
1.802907697856426239e-02
1.907992921769618988e-02
1.753514260053634644e-02
2.527928538620471954e-02
1.962951198220252991e-02
2.299500629305839539e-02
2.466379851102828979e-02
2.449535951018333435e-02
2.763164229691028595e-02
2.797296270728111267e-02
2.205722406506538391e-02
3.148154914379119873e-02
2.823522686958312988e-02
2.301487699151039124e-02
2.696247771382331848e-02
2.286975458264350891e-02
3.136227652430534363e-02
3.105051256716251373e-02
1.618473976850509644e-02
2.933614514768123627e-02
2.365577593445777893e-02
2.057199738919734955e-02
2.020609378814697266e-02
2.959996089339256287e-02
2.120772749185562134e-02
2.109320834279060364e-02
1.966845244169235229e-02
2.081257104873657227e-02
2.235590666532516479e-02
2.101311646401882172e-02
2.135343477129936218e-02
1.838715933263301849e-02
1.781410351395606995e-02
2.324619889259338379e-02
1.843711733818054199e-02
2.393510565161705017e-02
2.369752898812294006e-02
2.118520066142082214e-02
2.236900478601455688e-02
2.620523795485496521e-02
2.837882563471794128e-02
2.694746106863021851e-02
3.064586967229843140e-02
2.910028025507926941e-02
2.553318999707698822e-02
3.332684934139251709e-02
3.259038552641868591e-02
2.889474667608737946e-02
2.327921055257320404e-02
2.675861120223999023e-02
3.277572244405746460e-02
2.130600437521934509e-02
2.313607558608055115e-02
2.967430651187896729e-02
2.498553693294525146e-02
1.039814017713069916e-02
2.261239290237426758e-02
2.128487639129161835e-02
2.332674898207187653e-02
2.050232887268066406e-02
2.060889080166816711e-02
2.504343725740909576e-02
2.250466123223304749e-02
1.128337346017360687e-02
1.441141217947006226e-02
1.118863001465797424e-02
1.260468922555446625e-02
1.329096034169197083e-02
1.599651016294956207e-02
1.193474512547254562e-02
1.386634819209575653e-02
1.406375039368867874e-02
1.497102901339530945e-02
1.463210862129926682e-02
1.716175302863121033e-02
1.777967996895313263e-02
1.748344115912914276e-02
1.719110459089279175e-02
1.759026944637298584e-02
2.181637473404407501e-02
2.154417149722576141e-02
2.704351954162120819e-02
1.842574588954448700e-02
3.024479001760482788e-02
2.928011864423751831e-02
2.545283734798431396e-02
3.004671633243560791e-02
3.209435939788818359e-02
3.043570742011070251e-02
3.457157686352729797e-02
3.202823176980018616e-02
3.376721963286399841e-02
3.593745455145835876e-02
3.459154069423675537e-02
3.341346606612205505e-02
1.158600579947233200e-02
1.403660885989665985e-02
1.263596303761005402e-02
1.295445952564477921e-02
1.211155951023101807e-02
1.545773819088935852e-02
1.306562498211860657e-02
1.605927944183349609e-02
1.545810699462890625e-02
1.570902019739151001e-02
1.333428919315338135e-02
1.622091233730316162e-02
1.843748800456523895e-02
1.805597916245460510e-02
1.861178502440452576e-02
2.191255986690521240e-02
2.472792007029056549e-02
2.072856388986110687e-02
2.460093423724174500e-02
2.397883869707584381e-02
2.622582018375396729e-02
2.743531391024589539e-02
3.529121726751327515e-02
3.568942099809646606e-02
1.446179300546646118e-02
3.524696081876754761e-02
3.426526486873626709e-02
3.641724586486816406e-02
3.435683995485305786e-02
3.404134511947631836e-02
4.057633131742477417e-02
3.764619678258895874e-02
1.122755371034145355e-02
1.494318246841430664e-02
1.267542131245136261e-02
1.199764944612979889e-02
1.427411753684282303e-02
1.659958995878696442e-02
1.444232370704412460e-02
1.710622571408748627e-02
1.612510532140731812e-02
1.889207586646080017e-02
1.759359426796436310e-02
1.784742996096611023e-02
1.960815861821174622e-02
1.816055551171302795e-02
1.759547553956508636e-02
2.051293104887008667e-02
2.037137933075428009e-02
2.216316759586334229e-02
2.527590841054916382e-02
1.567478291690349579e-02
2.861652523279190063e-02
2.429590746760368347e-02
2.147500589489936829e-02
2.097742632031440735e-02
2.720051631331443787e-02
2.526296675205230713e-02
2.361397817730903625e-02
2.038680948317050934e-02
2.216908149421215057e-02
2.483817376196384430e-02
2.536414936184883118e-02
2.265740558505058289e-02
1.161850243806838989e-02
1.437245681881904602e-02
1.441070437431335449e-02
1.285843178629875183e-02
1.368148811161518097e-02
1.773775182664394379e-02
1.428751181811094284e-02
2.005696296691894531e-02
1.639394275844097137e-02
1.929324306547641754e-02
1.641410402953624725e-02
1.882271096110343933e-02
2.150701172649860382e-02
1.795706339180469513e-02
2.309382334351539612e-02
2.680770121514797211e-02
2.265429310500621796e-02
1.918111555278301239e-02
2.430281229317188263e-02
2.551697194576263428e-02
2.137356251478195190e-02
2.417120896279811859e-02
2.919920533895492554e-02
2.560599707067012787e-02
1.108074560761451721e-02
2.548332139849662781e-02
2.328888885676860809e-02
2.669577673077583313e-02
2.411732077598571777e-02
2.453883364796638489e-02
2.819978073239326477e-02
2.672327496111392975e-02
1.411568000912666321e-02
1.556297112256288528e-02
1.348065584897994995e-02
1.468435581773519516e-02
1.516615413129329681e-02
1.673551648855209351e-02
1.418573968112468719e-02
1.535834465175867081e-02
1.617990434169769287e-02
1.744900271296501160e-02
1.594046130776405334e-02
1.785115152597427368e-02
2.166661620140075684e-02
1.688855141401290894e-02
1.554137282073497772e-02
1.818360947072505951e-02
1.922198943793773651e-02
2.020750194787979126e-02
2.627138048410415649e-02
1.412364095449447632e-02
2.649204432964324951e-02
2.564336918294429779e-02
1.982254162430763245e-02
2.311148494482040405e-02
2.392246574163436890e-02
2.422555163502693176e-02
2.623999863862991333e-02
2.204217016696929932e-02
2.427204139530658722e-02
2.492411620914936066e-02
2.596972882747650146e-02
2.593976631760597229e-02
1.469381153583526611e-02
1.539487205445766449e-02
1.566695049405097961e-02
1.504534855484962463e-02
1.455476693809032440e-02
1.884263381361961365e-02
1.380808278918266296e-02
1.788412779569625854e-02
1.771108061075210571e-02
1.840290427207946777e-02
1.537843979895114899e-02
1.920906826853752136e-02
2.237687818706035614e-02
1.829014718532562256e-02
2.038301154971122742e-02
2.406835928559303284e-02
2.230474539101123810e-02
1.714368164539337158e-02
2.547886595129966736e-02
2.389333397150039673e-02
2.082631550729274750e-02
2.433548495173454285e-02
2.797387540340423584e-02
2.627955004572868347e-02
1.009237580001354218e-02
2.519517205655574799e-02
2.556820027530193329e-02
2.745120786130428314e-02
2.662616036832332611e-02
2.433011680841445923e-02
3.143174573779106140e-02
2.324820682406425476e-02
2.755724266171455383e-02
2.178340405225753784e-02
2.679805271327495575e-02
2.329302951693534851e-02
2.256050147116184235e-02
1.221493165940046310e-02
2.538513951003551483e-02
1.559697650372982025e-02
1.731118001043796539e-02
1.861834526062011719e-02
1.610450819134712219e-02
1.276097912341356277e-02
1.765429414808750153e-02
1.640084758400917053e-02
1.323591358959674835e-02
1.821319758892059326e-02
1.412905938923358917e-02
1.836746186017990112e-02
1.949143037199974060e-02
1.063857879489660263e-02
2.079583704471588135e-02
1.626278646290302277e-02
1.462065242230892181e-02
1.409311778843402863e-02
2.348392084240913391e-02
1.513410359621047974e-02
1.565740257501602173e-02
1.421789638698101044e-02
1.516599580645561218e-02
1.609133556485176086e-02
1.639017835259437561e-02
1.552081946283578873e-02
1.815067231655120850e-02
1.277579460293054581e-02
2.178201265633106232e-02
1.387565955519676208e-02
2.512958645820617676e-02
1.766893640160560608e-02
2.065249718725681305e-02
1.365352608263492584e-02
1.853718981146812439e-02
2.097617648541927338e-02
1.736820861697196960e-02
1.987299881875514984e-02
2.004237659275531769e-02
1.608528196811676025e-02
1.849587447941303253e-02
2.199793606996536255e-02
2.007674053311347961e-02
1.548985671252012253e-02
1.702745258808135986e-02
1.970786973834037781e-02
1.606651954352855682e-02
1.654614321887493134e-02
2.009984478354454041e-02
1.622323691844940186e-02
8.082026615738868713e-03
1.634195819497108459e-02
1.557835377752780914e-02
1.618070155382156372e-02
1.615306735038757324e-02
1.430920232087373734e-02
2.049010433256626129e-02
1.722516492009162903e-02
1.156261935830116272e-02
1.482708845287561417e-02
1.336523797363042831e-02
1.454377081245183945e-02
1.542267948389053345e-02
1.555467303842306137e-02
1.797962561249732971e-02
1.701499894261360168e-02
1.693043671548366547e-02
2.053829841315746307e-02
1.912878267467021942e-02
1.722986251115798950e-02
2.154019661247730255e-02
2.016118727624416351e-02
1.463779900223016739e-02
2.217686548829078674e-02
1.929543539881706238e-02
2.388574182987213135e-02
2.651017904281616211e-02
1.378192286938428879e-02
3.099114447832107544e-02
2.610124647617340088e-02
2.204744890332221985e-02
2.295431308448314667e-02
2.832022495567798615e-02
2.569130063056945801e-02
2.689699828624725342e-02
2.369158715009689331e-02
2.468936517834663391e-02
2.851319871842861176e-02
2.868783473968505859e-02
2.533454447984695435e-02
1.064731273800134659e-02
1.461153663694858551e-02
1.471102610230445862e-02
1.232652738690376282e-02
1.516837812960147858e-02
1.641370356082916260e-02
1.704823970794677734e-02
1.750412955880165100e-02
1.714277639985084534e-02
2.042169682681560516e-02
2.000781148672103882e-02
2.031306177377700806e-02
2.098710276186466217e-02
2.084236219525337219e-02
2.091225236654281616e-02
2.531649544835090637e-02
2.277214638888835907e-02
2.222111634910106659e-02
2.393925562500953674e-02
2.170613035559654236e-02
2.275187335908412933e-02
2.613536641001701355e-02
3.141162171959877014e-02
2.960735186934471130e-02
1.094392593950033188e-02
2.895293198525905609e-02
2.707602828741073608e-02
2.905250899493694305e-02
2.633284404873847961e-02
2.611567452549934387e-02
2.583963051438331604e-02
3.025817871093750000e-02
1.131554599851369858e-02
1.332219224423170090e-02
1.094233989715576172e-02
1.202303171157836914e-02
1.221550907939672470e-02
1.553155295550823212e-02
1.273168157786130905e-02
1.157870516180992126e-02
1.351125352084636688e-02
1.363503746688365936e-02
1.329732593148946762e-02
1.482731476426124573e-02
1.670223847031593323e-02
1.494474057108163834e-02
1.310344319790601730e-02
1.625331304967403412e-02
1.617779582738876343e-02
1.715891435742378235e-02
2.201633155345916748e-02
1.289704721421003342e-02
2.498644962906837463e-02
2.268638461828231812e-02
1.929175853729248047e-02
2.347200922667980194e-02
2.419787086546421051e-02
2.303053252398967743e-02
2.631982974708080292e-02
2.345769852399826050e-02
2.544540725648403168e-02
3.007200732827186584e-02
2.363376319408416748e-02
2.311767078936100006e-02
1.184985414147377014e-02
1.441389229148626328e-02
1.246577128767967224e-02
1.356177031993865967e-02
1.071044523268938065e-02
1.373848039656877518e-02
1.281630434095859528e-02
1.512366533279418945e-02
1.586977392435073853e-02
1.458567101508378983e-02
1.173618249595165253e-02
1.737080514430999756e-02
1.779627241194248199e-02
1.563828811049461365e-02
1.624039188027381897e-02
1.794258691370487213e-02
1.781108230352401733e-02
1.627981290221214294e-02
2.155186794698238373e-02
1.647117733955383301e-02
2.019892819225788116e-02
2.193487435579299927e-02
2.459306828677654266e-02
2.589480206370353699e-02
1.002185605466365814e-02
2.635126374661922455e-02
2.878804877400398254e-02
2.441405691206455231e-02
2.841940522193908691e-02
2.624330297112464905e-02
2.832059189677238464e-02
2.496981248259544373e-02
1.151738502085208893e-02
1.387499086558818817e-02
1.144753862172365189e-02
1.248557679355144501e-02
1.344240829348564148e-02
1.617026515305042267e-02
1.215806230902671814e-02
1.224562712013721466e-02
1.414234004914760590e-02
1.351127214729785919e-02
1.332062110304832458e-02
1.581676304340362549e-02
1.650902256369590759e-02
1.394250057637691498e-02
1.224309578537940979e-02
1.589425839483737946e-02
1.459093112498521805e-02
1.807224750518798828e-02
2.105719782412052155e-02
1.245639659464359283e-02
2.232805080711841583e-02
2.157711237668991089e-02
1.727880164980888367e-02
2.131607569754123688e-02
2.727498114109039307e-02
2.152887545526027679e-02
2.581698633730411530e-02
2.174142189323902130e-02
2.971624955534934998e-02
2.443477697670459747e-02
2.305055968463420868e-02
2.617898210883140564e-02
1.253130473196506500e-02
1.363328844308853149e-02
1.330056972801685333e-02
1.380547787994146347e-02
1.188796572387218475e-02
1.474449411034584045e-02
1.234344858676195145e-02
1.575497537851333618e-02
1.513302884995937347e-02
1.485921628773212433e-02
1.156915724277496338e-02
1.558870077133178711e-02
1.738425344228744507e-02
1.498826593160629272e-02
1.581574417650699615e-02
1.862121000885963440e-02
1.663799770176410675e-02
1.587968319654464722e-02
1.859893277287483215e-02
1.701093092560768127e-02
1.868646405637264252e-02
2.020065672695636749e-02
2.361512742936611176e-02
1.987636461853981018e-02
1.049128361046314240e-02
2.549644932150840759e-02
1.927000284194946289e-02
2.324644103646278381e-02
2.061890251934528351e-02
2.150914818048477173e-02
2.488929778337478638e-02
2.729056030511856079e-02
9.477463550865650177e-03
7.411560043692588806e-03
7.892712950706481934e-03
6.557093001902103424e-03
7.956746034324169159e-03
7.439393550157546997e-03
7.034146692603826523e-03
7.657564245164394379e-03
9.054148569703102112e-03
9.053595364093780518e-03
9.546715766191482544e-03
1.105033420026302338e-02
1.154369488358497620e-02
1.244145166128873825e-02
1.364233624190092087e-02
1.791662350296974182e-02
1.789904013276100159e-02
2.131941914558410645e-02
2.197907492518424988e-02
2.793921157717704773e-02
2.321477979421615601e-02
3.320767730474472046e-02
3.592712804675102234e-02
3.688571602106094360e-02
3.749183937907218933e-02
2.176402881741523743e-02
3.448104485869407654e-02
3.245414048433303833e-02
3.013787418603897095e-02
3.133310750126838684e-02
2.899491600692272186e-02
3.157760575413703918e-02
6.961717270314693451e-03
8.002306334674358368e-03
7.526954170316457748e-03
7.996957749128341675e-03
6.957096513360738754e-03
8.184272795915603638e-03
6.984813604503870010e-03
8.506932295858860016e-03
8.790903724730014801e-03
7.657918613404035568e-03
9.986994788050651550e-03
1.149740815162658691e-02
1.238628569990396500e-02
1.262942235916852951e-02
1.492322608828544617e-02
1.801632344722747803e-02
1.715793460607528687e-02
2.121392264962196350e-02
2.268179692327976227e-02
2.713632583618164062e-02
2.444368973374366760e-02
3.472014144062995911e-02
3.549176082015037537e-02
3.720262274146080017e-02
3.783685714006423950e-02
3.168497979640960693e-02
3.397574275732040405e-02
3.331781178712844849e-02
3.873595222830772400e-02
3.108749166131019592e-02
3.484591469168663025e-02
3.138929232954978943e-02
1.304064691066741943e-02
1.149713434278964996e-02
1.133214216679334641e-02
1.238405331969261169e-02
1.131019461899995804e-02
1.184456236660480499e-02
1.420381106436252594e-02
1.418446097522974014e-02
1.700696907937526703e-02
1.444689836353063583e-02
1.589168608188629150e-02
1.701191067695617676e-02
1.448067463934421539e-02
1.625858433544635773e-02
1.696342229843139648e-02
1.812916621565818787e-02
1.408024504780769348e-02
1.842921227216720581e-02
1.388171408325433731e-02
1.809001713991165161e-02
1.557748205959796906e-02
1.893500797450542450e-02
1.855966448783874512e-02
1.850657351315021515e-02
1.924086548388004303e-02
1.189305447041988373e-02
1.860634610056877136e-02
1.798118278384208679e-02
1.527575217187404633e-02
1.683292165398597717e-02
1.711104251444339752e-02
1.755775883793830872e-02
1.522330008447170258e-02
1.389746647328138351e-02
1.355849299579858780e-02
1.139181666076183319e-02
1.162821985781192780e-02
1.229231618344783783e-02
1.543835084885358810e-02
1.413434371352195740e-02
1.702873408794403076e-02
1.356901973485946655e-02
1.478576008230447769e-02
1.520782150328159332e-02
1.480880193412303925e-02
1.460874639451503754e-02
1.599507406353950500e-02
1.695244200527667999e-02
1.525492966175079346e-02
1.790560968220233917e-02
1.836509630084037781e-02
1.751768216490745544e-02
1.843954995274543762e-02
1.850220002233982086e-02
1.840621978044509888e-02
1.907059922814369202e-02
1.887160912156105042e-02
2.269433066248893738e-02
1.866776123642921448e-02
1.794045418500900269e-02
1.991651207208633423e-02
1.765821501612663269e-02
1.963301189243793488e-02
1.758912205696105957e-02
1.491203811019659042e-02
1.681897975504398346e-02
1.397005934268236160e-02
1.503538154065608978e-02
1.643326878547668457e-02
1.578037999570369720e-02
1.715033873915672302e-02
1.736217364668846130e-02
2.057195454835891724e-02
2.159896865487098694e-02
2.098707482218742371e-02
2.460597269237041473e-02
2.333866246044635773e-02
2.592882700264453888e-02
2.744733542203903198e-02
2.775875478982925415e-02
2.171605825424194336e-02
2.948184311389923096e-02
2.291888371109962463e-02
2.729723230004310608e-02
1.978774927556514740e-02
2.465166524052619934e-02
2.503963187336921692e-02
2.258126996457576752e-02
2.262321300804615021e-02
1.560357771813869476e-02
2.236467413604259491e-02
2.137676812708377838e-02
2.062016539275646210e-02
2.217544429004192352e-02
2.019912004470825195e-02
2.096346393227577209e-02
1.573828980326652527e-02
1.562422234565019608e-02
1.569971814751625061e-02
1.771598123013973236e-02
1.560389995574951172e-02
1.643575727939605713e-02
1.985031738877296448e-02
1.841717585921287537e-02
2.382316812872886658e-02
1.995620504021644592e-02
2.112456597387790680e-02
2.184240333735942841e-02
2.495691925287246704e-02
2.208366990089416504e-02
2.630058303475379944e-02
2.516962774097919464e-02
2.365941554307937622e-02
2.706704288721084595e-02
2.669863402843475342e-02
2.657322585582733154e-02
2.453114837408065796e-02
2.322641015052795410e-02
2.368933707475662231e-02
2.429590001702308655e-02
2.262338995933532715e-02
2.666272409260272980e-02
2.199657820165157318e-02
2.138063311576843262e-02
2.460542693734169006e-02
2.092727273702621460e-02
2.330306172370910645e-02
2.156124636530876160e-02
1.792932674288749695e-02
1.652783900499343872e-02
1.667998731136322021e-02
1.660289242863655090e-02
1.631489023566246033e-02
1.858155801892280579e-02
1.924313604831695557e-02
2.064086310565471649e-02
2.034001797437667847e-02
2.442026883363723755e-02
2.251707389950752258e-02
2.404611557722091675e-02
2.505135536193847656e-02
2.540745399892330170e-02
2.543714269995689392e-02
2.689401060342788696e-02
2.047848328948020935e-02
2.689721807837486267e-02
2.140270546078681946e-02
2.495030313730239868e-02
1.960888877511024475e-02
2.281845174729824066e-02
2.376110665500164032e-02
2.141248248517513275e-02
2.202077768743038177e-02
1.408307068049907684e-02
2.156212553381919861e-02
2.114712260663509369e-02
2.128770947456359863e-02
2.141212299466133118e-02
2.096476033329963684e-02
1.954867318272590637e-02
1.812207698822021484e-02
1.635323651134967804e-02
1.656801626086235046e-02
1.637936756014823914e-02
1.877776719629764557e-02
1.731596887111663818e-02
2.015209197998046875e-02
1.870149560272693634e-02
2.056549862027168274e-02
2.349816448986530304e-02
2.160600572824478149e-02
2.125931903719902039e-02
2.513213641941547394e-02
2.093494310975074768e-02
2.274082228541374207e-02
2.626746520400047302e-02
2.300635538995265961e-02
2.578051574528217316e-02
2.457359805703163147e-02
2.560141682624816895e-02
2.400100603699684143e-02
2.284320443868637085e-02
2.245317958295345306e-02
2.334808185696601868e-02
2.056431025266647339e-02
2.660798653960227966e-02
2.154988422989845276e-02
2.051775902509689331e-02
2.411291748285293579e-02
2.074080333113670349e-02
2.241184934973716736e-02
2.140225470066070557e-02
1.103920862078666687e-02
1.180183514952659607e-02
1.264422386884689331e-02
1.399882975965738297e-02
1.551921200007200241e-02
1.431188452988862991e-02
1.540720555931329727e-02
1.639774069190025330e-02
1.672889664769172668e-02
1.959805935621261597e-02
1.998657733201980591e-02
2.371098101139068604e-02
2.301915362477302551e-02
2.570842206478118896e-02
2.794499695301055908e-02
3.120011091232299805e-02
2.193949930369853973e-02
3.050703182816505432e-02
2.350300922989845276e-02
2.852482348680496216e-02
2.023889124393463135e-02
2.579189278185367584e-02
2.594937197864055634e-02
2.547969669103622437e-02
2.430797927081584930e-02
1.559176295995712280e-02
2.271564304828643799e-02
2.238864637911319733e-02
2.114639803767204285e-02
2.142988145351409912e-02
2.004515379667282104e-02
2.161523699760437012e-02
1.129516400396823883e-02
1.287340000271797180e-02
1.389790512621402740e-02
1.363208331167697906e-02
1.561764441430568695e-02
1.549810729920864105e-02
1.717399433255195618e-02
1.775748282670974731e-02
1.703099161386489868e-02
2.000974863767623901e-02
1.911750435829162598e-02
2.098735980689525604e-02
2.567678689956665039e-02
2.197695523500442505e-02
2.510439418256282806e-02
2.656552568078041077e-02
2.506443858146667480e-02
3.046376816928386688e-02
2.869164943695068359e-02
2.792326174676418304e-02
2.691313996911048889e-02
2.752047590911388397e-02
2.531095966696739197e-02
2.587530948221683502e-02
2.523324266076087952e-02
2.638411894440650940e-02
2.248225547373294830e-02
2.240555174648761749e-02
2.543176338076591492e-02
2.101522870361804962e-02
2.415521442890167236e-02
2.198998630046844482e-02
1.520859729498624802e-02
1.356944628059864044e-02
1.402549818158149719e-02
1.538956444710493088e-02
1.545321568846702576e-02
1.483075227588415146e-02
1.393034402281045914e-02
1.596501097083091736e-02
1.510022953152656555e-02
1.471831649541854858e-02
1.492664963006973267e-02
1.672733947634696960e-02
1.530508417636156082e-02
1.679152995347976685e-02
1.818379014730453491e-02
2.062059193849563599e-02
1.576014980673789978e-02
2.318396046757698059e-02
1.835957169532775879e-02
2.381896786391735077e-02
1.786565221846103668e-02
2.407818846404552460e-02
2.501216158270835876e-02
2.574233710765838623e-02
2.605263702571392059e-02
1.500087790191173553e-02
2.418604679405689240e-02
2.370644174516201019e-02
2.151399478316307068e-02
2.179333567619323730e-02
2.022875845432281494e-02
2.430604770779609680e-02
1.636673510074615479e-02
1.583984866738319397e-02
1.586844027042388916e-02
1.476228795945644379e-02
1.637744158506393433e-02
1.690948009490966797e-02
1.550715416669845581e-02
1.567231677472591400e-02
1.733392849564552307e-02
1.515510492026805878e-02
1.472209393978118896e-02
1.645216159522533417e-02
1.704193279147148132e-02
1.519252918660640717e-02
1.715299859642982483e-02
1.921155676245689392e-02
1.807391643524169922e-02
2.212619036436080933e-02
2.208261564373970032e-02
2.236971445381641388e-02
2.054055407643318176e-02
2.546440623700618744e-02
2.461492642760276794e-02
2.494010329246520996e-02
2.657136321067810059e-02
2.409773133695125580e-02
2.492865920066833496e-02
2.414607256650924683e-02
2.501984126865863800e-02
2.285903505980968475e-02
2.564805373549461365e-02
2.377906069159507751e-02
1.057100854814052582e-02
1.000934746116399765e-02
1.091283373534679413e-02
9.718764573335647583e-03
1.073981262743473053e-02
9.570177644491195679e-03
9.670779109001159668e-03
1.020981278270483017e-02
1.106099318712949753e-02
1.186043024063110352e-02
1.221415027976036072e-02
1.397646684199571609e-02
1.309538818895816803e-02
1.367683336138725281e-02
1.507218461483716965e-02
1.773180440068244934e-02
1.330355834215879440e-02
1.836751401424407959e-02
1.476337015628814697e-02
1.820107921957969666e-02
1.447770372033119202e-02
1.573737338185310364e-02
1.571854948997497559e-02
1.559875719249248505e-02
1.568216457962989807e-02
1.038656383752822876e-02
1.543776690959930420e-02
1.473459694534540176e-02
1.496831048280000687e-02
1.621804386377334595e-02
1.538103818893432617e-02
1.409848965704441071e-02
1.035360619425773621e-02
1.035691052675247192e-02
1.018552854657173157e-02
1.076475717127323151e-02
1.028251647949218750e-02
1.152092963457107544e-02
1.071105711162090302e-02
1.077833771705627441e-02
1.177445985376834869e-02
1.191227044910192490e-02
1.140405144542455673e-02
1.361739449203014374e-02
1.351439487189054489e-02
1.321002654731273651e-02
1.449297368526458740e-02
1.646178215742111206e-02
1.436440087854862213e-02
1.788394898176193237e-02
1.739920862019062042e-02
1.771523617208003998e-02
1.788075827062129974e-02
1.618047803640365601e-02
1.629675552248954773e-02
1.554435584694147110e-02
1.509300433099269867e-02
2.042624540627002716e-02
1.489228382706642151e-02
1.452314946800470352e-02
1.730911992490291595e-02
1.438849419355392456e-02
1.684668287634849548e-02
1.541564241051673889e-02
1.453869324177503586e-02
1.392836309969425201e-02
1.584425382316112518e-02
1.324045471847057343e-02
1.582888886332511902e-02
1.528185792267322540e-02
1.658456027507781982e-02
1.693650707602500916e-02
1.658232510089874268e-02
2.024424821138381958e-02
2.014198526740074158e-02
2.055053785443305969e-02
2.083507180213928223e-02
2.328994870185852051e-02
2.154071442782878876e-02
2.482425794005393982e-02
2.052573114633560181e-02
2.663706243038177490e-02
2.003482542932033539e-02
2.676025405526161194e-02
2.019248902797698975e-02
2.664028108119964600e-02
2.598161250352859497e-02
2.528896555304527283e-02
2.537762746214866638e-02
1.647975295782089233e-02
2.444429695606231689e-02
2.419659681618213654e-02
2.140101417899131775e-02
2.297119982540607452e-02
2.328614518046379089e-02
2.445459365844726562e-02
1.455772761255502701e-02
1.366561371833086014e-02
1.435202360153198242e-02
1.457860507071018219e-02
1.498676277697086334e-02
1.560334675014019012e-02
1.903029158711433411e-02
2.010719850659370422e-02
1.716379448771476746e-02
1.950921677052974701e-02
2.044210955500602722e-02
1.889676600694656372e-02
2.070190757513046265e-02
1.861584559082984924e-02
2.075446955859661102e-02
2.215686440467834473e-02
2.199101634323596954e-02
2.602261863648891449e-02
2.550351433455944061e-02
2.558277919888496399e-02
2.316040918231010437e-02
2.575842477381229401e-02
2.407919988036155701e-02
2.669388614594936371e-02
2.480124309659004211e-02
2.760876156389713287e-02
2.457388862967491150e-02
2.476522698998451233e-02
2.545143105089664459e-02
2.399284765124320984e-02
2.664628066122531891e-02
2.500439435243606567e-02
