<system>Protocol: Active. Attitude: Sassy.</system>
1.759741269052028656e-02
1.732894405722618103e-02
1.696766540408134460e-02
1.663719862699508667e-02
1.705088838934898376e-02
1.705983281135559082e-02
1.715676300227642059e-02
1.686693169176578522e-02
1.717526093125343323e-02
1.699960976839065552e-02
1.687952131032943726e-02
1.665608957409858704e-02
1.460429560393095016e-02
1.646076142787933350e-02
1.488650683313608170e-02
1.712196692824363708e-02
1.647276803851127625e-02
1.722364500164985657e-02
1.703625172376632690e-02
1.660932973027229309e-02
1.727496087551116943e-02
1.743951067328453064e-02
1.721216365694999695e-02
1.439305394887924194e-02
1.668447069823741913e-02
1.800068095326423645e-02
1.683838851749897003e-02
1.682562008500099182e-02
1.743341423571109772e-02
1.702555641531944275e-02
1.754331961274147034e-02
1.661336049437522888e-02
1.666381955146789551e-02
1.721982844173908234e-02
1.714985817670822144e-02
1.629742980003356934e-02
1.691808551549911499e-02
1.666461303830146790e-02
1.700481772422790527e-02
1.736707985401153564e-02
1.654929667711257935e-02
1.704699918627738953e-02
1.770469546318054199e-02
1.714494265615940094e-02
1.749438606202602386e-02
1.725154742598533630e-02
1.626318693161010742e-02
1.661376282572746277e-02
1.677327230572700500e-02
1.736103370785713196e-02
1.723278313875198364e-02
1.729916036128997803e-02
1.692712493240833282e-02
1.620551943778991699e-02
1.721683517098426819e-02
1.731604337692260742e-02
1.696380600333213806e-02
1.755437999963760376e-02
1.725160703063011169e-02
1.654056459665298462e-02
1.718609035015106201e-02
1.730496995151042938e-02
1.648914068937301636e-02
1.602633483707904816e-02
2.194691821932792664e-02
2.224063314497470856e-02
2.043824084103107452e-02
2.307365834712982178e-02
2.059048414230346680e-02
2.238604426383972168e-02
2.244758419692516327e-02
2.282613515853881836e-02
2.218511700630187988e-02
2.115030400454998016e-02
2.264216914772987366e-02
2.297553792595863342e-02
2.245076373219490051e-02
2.238032780587673187e-02
2.029336802661418915e-02
2.260460145771503448e-02
2.214634232223033905e-02
2.328119426965713501e-02
2.128276601433753967e-02
2.252630330622196198e-02
2.320812642574310303e-02
2.254082635045051575e-02
2.245378307998180389e-02
2.245042286813259125e-02
2.234764024615287781e-02
2.291012555360794067e-02
2.282252162694931030e-02
2.297067455947399139e-02
2.261546440422534943e-02
2.248856425285339355e-02
2.245662733912467957e-02
2.241648733615875244e-02
2.307591401040554047e-02
2.274528518319129944e-02
2.228184603154659271e-02
2.282317355275154114e-02
2.280351705849170685e-02
2.186061441898345947e-02
2.332758717238903046e-02
2.232326380908489227e-02
2.257458679378032684e-02
2.128510549664497375e-02
2.272080630064010620e-02
2.263983711600303650e-02
2.056236192584037781e-02
2.262169867753982544e-02
2.252699434757232666e-02
2.202485688030719757e-02
2.275788784027099609e-02
2.254946902394294739e-02
2.237088233232498169e-02
2.009208872914314270e-02
2.284301817417144775e-02
2.262564934790134430e-02
2.295866049826145172e-02
2.204795554280281067e-02
2.207387238740921021e-02
2.275309897959232330e-02
2.305289171636104584e-02
2.210537344217300415e-02
2.146489173173904419e-02
2.246234938502311707e-02
2.232476510107517242e-02
2.232065796852111816e-02
1.793267950415611267e-02
1.692995056509971619e-02
1.787456870079040527e-02
1.764430850744247437e-02
1.686720922589302063e-02
1.770667359232902527e-02
1.772546395659446716e-02
1.745302602648735046e-02
1.722203940153121948e-02
1.568932458758354187e-02
1.743101142346858978e-02
1.751249656081199646e-02
1.735037192702293396e-02
1.731053926050662994e-02
1.761943474411964417e-02
1.755368709564208984e-02
1.788574829697608948e-02
1.776905357837677002e-02
1.786112412810325623e-02
1.773352175951004028e-02
1.756554096937179565e-02
1.734865829348564148e-02
1.799230277538299561e-02
1.717245392501354218e-02
1.726535521447658539e-02
1.751281321048736572e-02
1.762621849775314331e-02
1.770488917827606201e-02
1.759032160043716431e-02
1.693325862288475037e-02
1.740581169724464417e-02
1.790950633585453033e-02
1.772717386484146118e-02
1.749599352478981018e-02
1.719601452350616455e-02
1.800334639847278595e-02
1.696196570992469788e-02
1.767013221979141235e-02
1.706776395440101624e-02
1.745089143514633179e-02
1.779721491038799286e-02
1.787639223039150238e-02
1.740761287510395050e-02
1.767838932573795319e-02
1.716382056474685669e-02
1.765107177197933197e-02
1.740153692662715912e-02
1.703347824513912201e-02
1.772062852978706360e-02
1.803462952375411987e-02
1.742058433592319489e-02
1.772151514887809753e-02
1.759525388479232788e-02
1.705650426447391510e-02
1.755201071500778198e-02
1.742674410343170166e-02
1.776327565312385559e-02
1.687431707978248596e-02
1.739337295293807983e-02
1.749028638005256653e-02
1.576957851648330688e-02
1.743334718048572540e-02
1.768979430198669434e-02
1.666119694709777832e-02
1.738487184047698975e-02
1.720821857452392578e-02
1.673551648855209351e-02
1.707409694790840149e-02
1.509273238480091095e-02
1.748920977115631104e-02
1.524735614657402039e-02
1.633688434958457947e-02
1.607084646821022034e-02
1.753603108227252960e-02
1.661499217152595520e-02
1.714157313108444214e-02
1.759130880236625671e-02
1.702602207660675049e-02
1.476946286857128143e-02
1.744908094406127930e-02
1.809532940387725830e-02
1.704379729926586151e-02
1.737551577389240265e-02
1.778275147080421448e-02
1.704795844852924347e-02
1.630024984478950500e-02
1.725043728947639465e-02
1.699656620621681213e-02
1.739336922764778137e-02
1.760284975171089172e-02
1.668759062886238098e-02
1.447207573801279068e-02
1.723634079098701477e-02
1.716242730617523193e-02
1.642814278602600098e-02
1.686048135161399841e-02
1.790509372949600220e-02
1.723300851881504059e-02
1.770929619669914246e-02
1.775815337896347046e-02
1.679236069321632385e-02
1.768046617507934570e-02
1.751339808106422424e-02
1.755135878920555115e-02
1.739312149584293365e-02
1.727635413408279419e-02
1.767008751630783081e-02
1.056598220020532608e-02
1.744078472256660461e-02
1.720041781663894653e-02
1.688896678388118744e-02
1.767883263528347015e-02
1.741662248969078064e-02
1.661420054733753204e-02
1.705143041908740997e-02
1.681212708353996277e-02
1.657837629318237305e-02
1.736766099929809570e-02
1.765443384647369385e-02
1.730387285351753235e-02
1.764471270143985748e-02
1.746946759521961212e-02
1.735272258520126343e-02
1.728082634508609772e-02
1.812227070331573486e-02
1.412123441696166992e-02
1.716184057295322418e-02
1.749656721949577332e-02
