<system>Protocol: Active. Attitude: Sassy.</system>
-2.108918130397796631e-01
-1.918830633163452148e+00
-1.302878737449645996e+00
-1.876465916633605957e+00
6.246700286865234375e-01
-2.628408372402191162e-01
1.342966914176940918e+00
8.976140022277832031e-01
4.774589836597442627e-01
-1.811893582344055176e+00
-1.587514996528625488e+00
1.176132440567016602e+00
9.402619004249572754e-01
1.320870220661163330e-01
-9.966946244239807129e-01
2.491581439971923828e-01
4.890420436859130859e-01
2.823526561260223389e-01
-2.765911817550659180e-01
-5.399582386016845703e-01
1.051474332809448242e+00
9.930877685546875000e-01
1.362819075584411621e-01
-3.665266931056976318e-01
1.223500251770019531e+00
7.702815532684326172e-01
-1.535997748374938965e+00
-6.938656568527221680e-01
1.184882760047912598e+00
1.241143465042114258e+00
1.799729466438293457e-01
-1.391984242945909500e-02
-1.217347905039787292e-01
-1.213274121284484863e+00
1.041211128234863281e+00
2.976222634315490723e-01
3.428594172000885010e-01
-1.186839699745178223e+00
5.280978083610534668e-01
-1.690496802330017090e+00
4.615153074264526367e-01
-1.941729426383972168e+00
-2.674615085124969482e-01
-1.473876833915710449e-01
-1.944002628326416016e+00
-1.413543075323104858e-01
-1.963832974433898926e+00
-4.103839099407196045e-01
1.170669913291931152e+00
-2.023794412612915039e+00
3.907067477703094482e-01
-4.416625946760177612e-03
1.021644473075866699e+00
-1.125558137893676758e+00
9.260351955890655518e-02
4.080399274826049805e-01
2.658850848674774170e-01
1.429839491844177246e+00
-1.884942173957824707e+00
-6.578656435012817383e-01
2.076889276504516602e-01
-3.970345854759216309e-01
1.704471349716186523e+00
9.376151487231254578e-03
-1.274048924446105957e+00
-1.397369146347045898e+00
4.946771264076232910e-01
4.915634542703628540e-02
6.405663490295410156e-01
8.369234204292297363e-01
7.514129877090454102e-01
-1.776891350746154785e+00
1.277071237564086914e+00
-8.426864743232727051e-01
-6.483605504035949707e-01
-1.391185760498046875e+00
-2.274153470993041992e+00
1.275786876678466797e+00
8.175716996192932129e-01
-1.007899403572082520e+00
-1.071505784988403320e+00
-8.033051490783691406e-01
2.525516152381896973e-01
7.980937361717224121e-01
1.425461530685424805e+00
1.315915465354919434e+00
2.846335172653198242e-01
4.213152453303337097e-02
6.676519513130187988e-01
-1.015661597251892090e+00
-1.245378851890563965e+00
1.855055987834930420e-01
-7.455371618270874023e-01
1.043479681015014648e+00
-2.516168057918548584e-01
-1.350161135196685791e-01
-2.249404907226562500e+00
4.402587711811065674e-01
-2.133528470993041992e+00
-2.070621013641357422e+00
8.411625623703002930e-01
-3.006785809993743896e-01
-1.512916207313537598e+00
-1.066815376281738281e+00
2.558998204767704010e-02
1.181416362524032593e-01
2.763475524261593819e-03
1.306468486785888672e+00
-7.752777934074401855e-01
-8.630529642105102539e-01
-3.320739567279815674e-01
6.594511866569519043e-01
1.513157844543457031e+00
6.753947138786315918e-01
-1.734104156494140625e+00
-1.244063496589660645e+00
2.336298972368240356e-01
7.406804561614990234e-01
1.617240905761718750e-01
-4.075337350368499756e-01
8.812904357910156250e-01
-6.308755874633789062e-01
1.612520337104797363e+00
-4.756974056363105774e-02
7.392891496419906616e-02
1.517957687377929688e+00
-3.538515567779541016e-01
-1.710694432258605957e+00
