<system>Protocol: Active. Attitude: Sassy.</system>
7.023387122899293900e-03
1.664018072187900543e-02
7.220436353236436844e-03
7.373292464762926102e-03
1.317439414560794830e-02
8.237702772021293640e-03
9.301245212554931641e-03
1.118267141282558441e-02
8.383734151721000671e-03
7.390892133116722107e-03
8.505923673510551453e-03
1.141104940325021744e-02
9.827163070440292358e-03
1.134734600782394409e-02
8.544285781681537628e-03
1.044071838259696960e-02
8.334260433912277222e-03
8.887286297976970673e-03
7.869795896112918854e-03
1.331906393170356750e-02
8.535592816770076752e-03
1.415674481540918350e-02
1.612514629960060120e-02
1.301514729857444763e-02
8.727302774786949158e-03
1.137739326804876328e-02
1.079757791012525558e-02
8.250440470874309540e-03
1.057134661823511124e-02
9.457582607865333557e-03
1.032864861190319061e-02
9.485926479101181030e-03
2.453627064824104309e-02
6.233505904674530029e-03
1.661510206758975983e-02
1.580323278903961182e-02
7.112780120223760605e-03
1.124960649758577347e-02
1.147444825619459152e-02
1.003489084541797638e-02
8.646118454635143280e-03
7.374745793640613556e-03
7.066193968057632446e-03
7.583850063383579254e-03
1.101798936724662781e-02
7.831175811588764191e-03
9.522520005702972412e-03
7.555105723440647125e-03
1.039835438132286072e-02
1.166514866054058075e-02
1.142034865915775299e-02
1.194975618273019791e-02
9.962346404790878296e-03
1.379105634987354279e-02
1.455709803849458694e-02
1.287148613482713699e-02
1.236097607761621475e-02
7.632567081600427628e-03
7.477094419300556183e-03
1.071909256279468536e-02
8.762868121266365051e-03
1.055421307682991028e-02
9.326646104454994202e-03
1.023871358484029770e-02
6.936481688171625137e-03
6.531867664307355881e-03
5.139245186001062393e-03
7.508086506277322769e-03
5.056957248598337173e-03
5.994540639221668243e-03
7.950963452458381653e-03
6.682954262942075729e-03
1.002635993063449860e-02
9.769536554813385010e-03
8.423537015914916992e-03
6.243636831641197205e-03
7.951887324452400208e-03
6.467065308243036270e-03
4.942923318594694138e-03
7.206113543361425400e-03
5.020261742174625397e-03
5.845934152603149414e-03
9.081088006496429443e-03
7.345782127231359482e-03
1.043285988271236420e-02
8.754933252930641174e-03
1.138724293559789658e-02
1.088971272110939026e-02
9.313623420894145966e-03
1.507799047976732254e-02
1.339137554168701172e-02
8.613601326942443848e-03
9.335923939943313599e-03
9.663852863013744354e-03
1.227804273366928101e-02
1.046529226005077362e-02
5.400052759796380997e-03
5.131356418132781982e-03
5.917564500123262405e-03
4.983813967555761337e-03
7.686411030590534210e-03
7.131087593734264374e-03
5.983331240713596344e-03
9.723942726850509644e-03
6.628167815506458282e-03
6.133418530225753784e-03
5.991683341562747955e-03
7.629023864865303040e-03
4.904378205537796021e-03
6.427211686968803406e-03
5.074909888207912445e-03
6.020653527230024338e-03
6.876207888126373291e-03
7.957292720675468445e-03
7.264939602464437485e-03
7.810311391949653625e-03
1.086437143385410309e-02
7.958199828863143921e-03
1.183842029422521591e-02
8.456201292574405670e-03
7.740845438092947006e-03
1.252962555736303329e-02
9.989765472710132599e-03
1.245898660272359848e-02
1.250015199184417725e-02
1.264455635100603104e-02
1.024654135107994080e-02
1.219988241791725159e-02
4.140078276395797729e-02
4.221989959478378296e-02
3.347812965512275696e-02
2.974698320031166077e-02
2.962581627070903778e-02
2.912798337638378143e-02
2.835646085441112518e-02
2.491332590579986572e-02
2.491474151611328125e-02
3.187619149684906006e-02
3.123569115996360779e-02
2.839383110404014587e-02
3.306442126631736755e-02
2.132172323763370514e-02
4.464161396026611328e-02
1.789752207696437836e-02
2.319911867380142212e-02
3.306366875767707825e-02
3.619099035859107971e-02
3.622122108936309814e-02
2.975389733910560608e-02
4.925351589918136597e-02
3.061570227146148682e-02
4.731787741184234619e-02
2.085991948843002319e-02
2.768008410930633545e-02
2.262874692678451538e-02
3.226900845766067505e-02
2.390259690582752228e-02
3.055803105235099792e-02
2.204676717519760132e-02
2.697770856320858002e-02
4.681395366787910461e-02
3.748308867216110229e-02
2.751724235713481903e-02
2.883377298712730408e-02
3.362239897251129150e-02
2.974083088338375092e-02
3.509127348661422729e-02
2.131130173802375793e-02
2.767319977283477783e-02
2.196291461586952209e-02
2.619599178433418274e-02
2.337259054183959961e-02
1.828211173415184021e-02
3.855629265308380127e-02
2.470094338059425354e-02
2.800231426954269409e-02
3.272357210516929626e-02
1.921990513801574707e-02
3.695887327194213867e-02
2.337901666760444641e-02
3.731377050280570984e-02
3.165001422166824341e-02
2.407480031251907349e-02
2.034755423665046692e-02
3.486149013042449951e-02
2.854354493319988251e-02
2.378996461629867554e-02
3.055714815855026245e-02
2.291416749358177185e-02
3.502988815307617188e-02
3.034749068319797516e-02
2.218179032206535339e-02
1.296968013048171997e-02
1.483310945332050323e-02
1.430842466652393341e-02
1.241231895983219147e-02
1.272644661366939545e-02
1.125125586986541748e-02
1.260314509272575378e-02
1.235302165150642395e-02
1.080287434160709381e-02
1.254844479262828827e-02
1.122559886425733566e-02
1.182047836482524872e-02
1.133670937269926071e-02
1.202251948416233063e-02
1.151476055383682251e-02
1.354132313281297684e-02
1.258422434329986572e-02
9.933471679687500000e-03
1.312084961682558060e-02
1.103474944829940796e-02
1.980544999241828918e-02
1.810546033084392548e-02
8.866483345627784729e-03
1.213320251554250717e-02
1.048491057008504868e-02
1.036503352224826813e-02
1.457193214446306229e-02
1.512971147894859314e-02
1.080578006803989410e-02
1.585644297301769257e-02
1.161268912255764008e-02
1.202411204576492310e-02
1.498104911297559738e-02
1.126867905259132385e-02
1.138064637780189514e-02
1.322151534259319305e-02
1.290317811071872711e-02
1.452683284878730774e-02
1.284072175621986389e-02
1.295193657279014587e-02
1.328272651880979538e-02
1.213402301073074341e-02
1.206481643021106720e-02
1.171882264316082001e-02
1.103888638317584991e-02
9.896147996187210083e-03
9.993132203817367554e-03
1.348608918488025665e-02
1.075758878141641617e-02
1.044096052646636963e-02
8.429352194070816040e-03
9.509865194559097290e-03
1.421491429209709167e-02
1.540480554103851318e-02
1.065274700522422791e-02
1.029092259705066681e-02
1.359756384044885635e-02
1.399107277393341064e-02
1.041492819786071777e-02
1.055879425257444382e-02
1.554658170789480209e-02
1.120920572429895401e-02
1.562791690230369568e-02
1.547710783779621124e-02
