<system>Protocol: Active. Attitude: Sassy.</system>
3.380704671144485474e-02
3.231994807720184326e-02
4.043222218751907349e-02
4.011287167668342590e-02
2.668110467493534088e-02
2.475145831704139709e-02
2.277959324419498444e-02
1.972602680325508118e-02
3.744945302605628967e-02
2.218709699809551239e-02
3.391800075769424438e-02
4.011462628841400146e-02
2.717832848429679871e-02
3.367804735898971558e-02
2.518169581890106201e-02
3.723486512899398804e-02
4.883667826652526855e-02
3.780778497457504272e-02
4.422296583652496338e-02
4.880927130579948425e-02
5.371925234794616699e-02
5.397841334342956543e-02
6.127952411770820618e-02
5.487951263785362244e-02
4.278152808547019958e-02
2.225503139197826385e-02
5.704279243946075439e-02
5.789463222026824951e-02
5.128532648086547852e-02
3.345572203397750854e-02
4.898289591073989868e-02
4.861520603299140930e-02
3.047205135226249695e-02
2.808224409818649292e-02
1.705283485352993011e-02
2.432884648442268372e-02
3.551984578371047974e-02
4.016623273491859436e-02
3.744710236787796021e-02
4.162002354860305786e-02
3.651044145226478577e-02
3.091144375503063202e-02
3.391065448522567749e-02
2.202101238071918488e-02
3.723397850990295410e-02
3.780327737331390381e-02
2.811989933252334595e-02
3.770154714584350586e-02
4.305709898471832275e-02
4.031038656830787659e-02
5.131574347615242004e-02
2.637182548642158508e-02
5.838220566511154175e-02
4.997482150793075562e-02
5.366909503936767578e-02
5.582047626376152039e-02
1.330960076302289963e-02
4.168497771024703979e-02
5.373603850603103638e-02
4.481050372123718262e-02
5.128021910786628723e-02
3.841087222099304199e-02
5.427959561347961426e-02
3.335262089967727661e-02
2.534011006355285645e-02
3.169837594032287598e-02
2.461549453437328339e-02
3.029302135109901428e-02
2.770462632179260254e-02
2.096418105065822601e-02
3.646763414144515991e-02
3.706312552094459534e-02
2.365290373563766479e-02
3.033553436398506165e-02
2.419739775359630585e-02
2.962267771363258362e-02
3.882733359932899475e-02
2.145322225987911224e-02
3.801602870225906372e-02
3.807370364665985107e-02
4.888720437884330750e-02
1.953049749135971069e-02
5.109094828367233276e-02
5.472866445779800415e-02
5.323915183544158936e-02
4.496290534734725952e-02
5.185456573963165283e-02
7.280266378074884415e-03
6.766008213162422180e-03
4.929274320602416992e-02
4.265599325299263000e-02
1.469252631068229675e-02
5.452951043844223022e-02
4.196504503488540649e-02
4.675000533461570740e-02
2.753999084234237671e-02
2.728494629263877869e-02
2.379017323255538940e-02
2.076846174895763397e-02
1.857470721006393433e-02
2.023707516491413116e-02
3.194650635123252869e-02
1.771791651844978333e-02
2.761205658316612244e-02
2.992433123290538788e-02
3.480597212910652161e-02
3.581643104553222656e-02
3.126301988959312439e-02
4.506041854619979858e-02
3.249761462211608887e-02
5.009036883711814880e-02
3.797193989157676697e-02
4.663246870040893555e-02
5.197725817561149597e-02
5.103490874171257019e-02
1.534855924546718597e-02
5.084487050771713257e-02
5.342952907085418701e-02
5.350172147154808044e-02
4.598660767078399658e-02
3.246542438864707947e-02
5.184508115053176880e-02
2.355626598000526428e-02
2.822153642773628235e-02
4.665631055831909180e-02
2.451883256435394287e-02
4.892355948686599731e-02
2.827408351004123688e-02
3.726205602288246155e-02
2.127833478152751923e-02
2.742614783346652985e-02
3.279960155487060547e-02
2.579822018742561340e-02
1.898939535021781921e-02
2.604609541594982147e-02
2.126513049006462097e-02
4.153978452086448669e-02
2.311022579669952393e-02
3.256834298372268677e-02
3.090792708098888397e-02
3.196214884519577026e-02
3.774401545524597168e-02
3.576961904764175415e-02
3.591249883174896240e-02
4.671648889780044556e-02
4.606789350509643555e-02
4.679761081933975220e-02
1.645576208829879761e-02
4.577188193798065186e-02
5.077582970261573792e-02
4.626812040805816650e-02
8.186149410903453827e-03
5.800739303231239319e-02
5.261389911174774170e-02
4.940814152359962463e-02
1.630854979157447815e-02
5.508874356746673584e-02
2.522754296660423279e-02
5.581913143396377563e-02
3.011092171072959900e-02
3.454659879207611084e-02
3.100338019430637360e-02
3.565906360745429993e-02
2.222124487161636353e-02
3.290673345327377319e-02
2.559974417090415955e-02
3.235845267772674561e-02
2.526535466313362122e-02
2.354283072054386139e-02
3.584134578704833984e-02
3.123820200562477112e-02
2.409163303673267365e-02
4.669694975018501282e-02
4.227726906538009644e-02
4.573990404605865479e-02
2.362875267863273621e-02
4.823828116059303284e-02
5.003228783607482910e-02
4.751681908965110779e-02
5.207510292530059814e-02
4.221276938915252686e-02
4.662648960947990417e-02
4.601197317242622375e-02
4.469459131360054016e-02
4.845044761896133423e-02
5.009911954402923584e-02
4.110817611217498779e-02
2.611590176820755005e-02
5.273362994194030762e-02
3.991015255451202393e-02
2.147230692207813263e-02
3.485285490751266479e-02
3.797054290771484375e-02
2.152642980217933655e-02
2.500465139746665955e-02
2.449486032128334045e-02
2.394505403935909271e-02
3.208902478218078613e-02
3.306812420487403870e-02
2.245624922215938568e-02
3.462427109479904175e-02
2.988222986459732056e-02
4.149170219898223877e-02
2.257204800844192505e-02
3.211973235011100769e-02
3.151427209377288818e-02
3.785266727209091187e-02
3.546251356601715088e-02
3.765800595283508301e-02
3.851962462067604065e-02
3.649593889713287354e-02
4.106653481721878052e-02
2.977173775434494019e-02
3.310478478670120239e-02
2.973364852368831635e-02
5.175239965319633484e-02
1.106941048055887222e-02
2.090308070182800293e-02
1.881682872772216797e-02
2.467374131083488464e-02
4.034149646759033203e-02
4.860890656709671021e-02
5.451343953609466553e-02
2.896203286945819855e-02
2.295213565230369568e-02
2.000892162322998047e-02
2.555978670716285706e-02
2.767704799771308899e-02
2.460121363401412964e-02
2.300966158509254456e-02
2.726188302040100098e-02
2.562347985804080963e-02
2.970778569579124451e-02
1.692674309015274048e-02
3.318502753973007202e-02
2.831540256738662720e-02
3.004403971135616302e-02
3.774308413267135620e-02
4.535322636365890503e-02
2.102006413042545319e-02
4.370886832475662231e-02
1.745622232556343079e-02
4.088576883077621460e-02
2.043117582798004150e-02
4.768540337681770325e-02
4.624618589878082275e-02
3.855300322175025940e-02
3.479225933551788330e-02
4.751302674412727356e-02
4.231588914990425110e-02
4.436904937028884888e-02
4.307405650615692139e-02
4.582916200160980225e-02
4.716318100690841675e-02
4.539105668663978577e-02
3.625920414924621582e-02
