<system>Protocol: Active. Attitude: Sassy.</system>
1.450737752020359039e-02
1.440211478620767593e-02
1.383976265788078308e-02
1.417269743978977203e-02
1.450697146356105804e-02
1.420003082603216171e-02
1.477040257304906845e-02
1.360094547271728516e-02
1.402484253048896790e-02
1.421067956835031509e-02
1.366281509399414062e-02
1.417375542223453522e-02
1.301472261548042297e-02
1.416977308690547943e-02
1.429345831274986267e-02
1.393094658851623535e-02
1.301420293748378754e-02
1.422267872840166092e-02
1.383367460221052170e-02
1.429427508264780045e-02
1.408894453197717667e-02
1.368281338363885880e-02
1.431786455214023590e-02
1.392780151218175888e-02
1.422129198908805847e-02
1.450288854539394379e-02
1.431489270180463791e-02
1.409500837326049805e-02
1.408715173602104187e-02
1.441919151693582535e-02
1.118546072393655777e-02
1.390888076275587082e-02
1.394553855061531067e-02
1.423141360282897949e-02
1.409722212702035904e-02
7.506793364882469177e-03
1.364921126514673233e-02
1.417262945324182510e-02
1.429689582437276840e-02
1.340030133724212646e-02
1.437467895448207855e-02
1.357400976121425629e-02
1.423210743814706802e-02
1.402346696704626083e-02
1.352044008672237396e-02
1.380684599280357361e-02
1.398941595107316971e-02
9.632221423089504242e-03
1.447010412812232971e-02
1.385956630110740662e-02
1.399115379899740219e-02
1.397122535854578018e-02
1.431136950850486755e-02
1.406112313270568848e-02
1.398589648306369781e-02
1.427861489355564117e-02
1.404178421944379807e-02
1.401597168296575546e-02
1.348794903606176376e-02
1.374355051666498184e-02
1.412859465926885605e-02
1.411021035164594650e-02
1.404989697039127350e-02
1.432603597640991211e-02
1.441823039203882217e-02
1.432536914944648743e-02
1.398302614688873291e-02
1.415785588324069977e-02
1.425344031304121017e-02
1.375809311866760254e-02
1.401884481310844421e-02
9.501370601356029510e-03
1.423246879130601883e-02
1.451981905847787857e-02
1.379888132214546204e-02
1.429911889135837555e-02
1.359040755778551102e-02
1.449143979698419571e-02
1.430160924792289734e-02
8.699729107320308685e-03
1.418581511825323105e-02
1.379366591572761536e-02
1.419217884540557861e-02
1.376590225845575333e-02
1.410307362675666809e-02
1.418029330670833588e-02
1.417100150138139725e-02
1.429955568164587021e-02
1.395153999328613281e-02
1.323534827679395676e-02
1.412086747586727142e-02
1.379837468266487122e-02
1.427702978253364563e-02
1.431007031351327896e-02
1.430479530245065689e-02
1.426610350608825684e-02
1.447546202689409256e-02
1.387698575854301453e-02
1.369507238268852234e-02
1.269814744591712952e-02
1.419339701533317566e-02
1.401629764586687088e-02
1.414835825562477112e-02
1.419801637530326843e-02
1.431379001587629318e-02
1.429033838212490082e-02
1.411148253828287125e-02
1.369329448789358139e-02
1.407870277762413025e-02
1.426898036152124405e-02
1.351001579314470291e-02
1.343791279941797256e-02
1.328887138515710831e-02
1.255926489830017090e-02
1.384130958467721939e-02
1.443306729197502136e-02
1.407343987375497818e-02
1.352637447416782379e-02
1.361798122525215149e-02
1.375738903880119324e-02
1.374618057161569595e-02
1.385669782757759094e-02
1.386968884617090225e-02
1.398897729814052582e-02
1.417661271989345551e-02
1.373270712792873383e-02
1.455699559301137924e-02
1.364152226597070694e-02
1.407954934984445572e-02
1.362102106213569641e-02
1.425090525299310684e-02
1.416278164833784103e-02
1.357470080256462097e-02
1.390514615923166275e-02
1.349336188286542892e-02
1.413376536220312119e-02
1.445566210895776749e-02
1.448092423379421234e-02
1.417363341897726059e-02
1.421866100281476974e-02
1.434216462075710297e-02
1.412119343876838684e-02
1.366419438272714615e-02
1.410993933677673340e-02
1.406181231141090393e-02
1.421224232763051987e-02
1.288540288805961609e-02
1.270804740488529205e-02
1.399685535579919815e-02
1.398821268230676651e-02
1.134457439184188843e-02
1.413446106016635895e-02
1.427172403782606125e-02
1.451975386589765549e-02
1.371353864669799805e-02
1.340336259454488754e-02
1.333348825573921204e-02
1.434641797095537186e-02
1.373583730310201645e-02
1.341250259429216385e-02
1.452259812504053116e-02
1.396263204514980316e-02
1.373800076544284821e-02
1.389935612678527832e-02
1.431326474994421005e-02
1.380047202110290527e-02
1.333699468523263931e-02
1.407317444682121277e-02
1.428282540291547775e-02
1.384590659290552139e-02
1.443006005138158798e-02
1.377257425338029861e-02
1.433633919805288315e-02
1.390124205499887466e-02
1.445270422846078873e-02
1.393597479909658432e-02
1.346863899379968643e-02
1.413573697209358215e-02
1.412471011281013489e-02
1.340690162032842636e-02
1.393982861191034317e-02
1.413728576153516769e-02
1.404823269695043564e-02
1.360681653022766113e-02
1.234087906777858734e-02
1.382915675640106201e-02
1.413147244602441788e-02
1.414733566343784332e-02
1.424646656960248947e-02
1.248645130544900894e-02
1.441359240561723709e-02
1.356909517198801041e-02
1.353917922824621201e-02
1.325252559036016464e-02
1.284869667142629623e-02
1.341404952108860016e-02
1.368578989058732986e-02
1.350693777203559875e-02
1.297368761152029037e-02
1.390312053263187408e-02
1.415256503969430923e-02
1.438105665147304535e-02
1.242887694388628006e-02
1.370257418602705002e-02
1.402054633945226669e-02
1.401950791478157043e-02
1.378503441810607910e-02
1.396552845835685730e-02
1.412646565586328506e-02
1.392599940299987793e-02
1.420689001679420471e-02
1.351658999919891357e-02
1.217411085963249207e-02
1.388053689152002335e-02
1.290338393300771713e-02
1.395684853196144104e-02
1.393905654549598694e-02
1.386278029531240463e-02
1.359435357153415680e-02
1.276120822876691818e-02
1.122423354536294937e-02
1.396958623081445694e-02
1.419307384639978409e-02
8.633449673652648926e-03
1.442970987409353256e-02
1.438872609287500381e-02
1.442758366465568542e-02
1.465056184679269791e-02
1.412603817880153656e-02
1.368623599410057068e-02
1.442763488739728928e-02
1.136259268969297409e-02
1.394216623157262802e-02
1.463958993554115295e-02
1.403581164777278900e-02
1.433169282972812653e-02
1.378890033811330795e-02
1.440012175589799881e-02
1.306266989558935165e-02
1.316438708454370499e-02
1.405705232173204422e-02
1.381676550954580307e-02
1.435300149023532867e-02
1.320496480911970139e-02
1.355528924614191055e-02
1.328504644334316254e-02
1.415688637644052505e-02
1.309363637119531631e-02
1.444881316274404526e-02
1.419092807918787003e-02
1.421224232763051987e-02
1.318542566150426865e-02
1.347521226853132248e-02
1.398150529712438583e-02
1.370087824761867523e-02
1.401536818593740463e-02
1.416474860161542892e-02
1.400152407586574554e-02
1.429241336882114410e-02
1.413135603070259094e-02
1.397125050425529480e-02
1.386540289968252182e-02
1.371310278773307800e-02
1.368765626102685928e-02
1.332178991287946701e-02
1.415988802909851074e-02
1.413846388459205627e-02
1.407285407185554504e-02
1.418468076735734940e-02
1.424933131784200668e-02
1.396188139915466309e-02
1.439909264445304871e-02
1.365335658192634583e-02
1.369287166744470596e-02
1.307853776961565018e-02
8.240611292421817780e-03
1.415731664746999741e-02
1.398359891027212143e-02
1.430945377796888351e-02
1.391898468136787415e-02
1.429614052176475525e-02
1.373469550162553787e-02
1.402404345571994781e-02
1.443644240498542786e-02
1.389992237091064453e-02
1.387535687536001205e-02
1.407015323638916016e-02
1.396405603736639023e-02
1.406155247241258621e-02
1.388751249760389328e-02
1.250037923455238342e-02
1.398453395813703537e-02
1.335876341909170151e-02
1.404459401965141296e-02
1.057387422770261765e-02
1.385057251900434494e-02
1.370985154062509537e-02
1.227188669145107269e-02
1.408691611140966415e-02
1.349905133247375488e-02
1.384829636663198471e-02
1.408424135297536850e-02
1.441946625709533691e-02
1.427395548671483994e-02
1.357442140579223633e-02
1.365707442164421082e-02
1.428505498915910721e-02
1.404710952192544937e-02
1.401972770690917969e-02
1.384549494832754135e-02
1.400985941290855408e-02
1.334459427744150162e-02
1.408608350902795792e-02
1.386906299740076065e-02
1.407748181372880936e-02
1.421053055673837662e-02
1.363809034228324890e-02
1.420161407440900803e-02
1.390797179192304611e-02
1.390239316970109940e-02
1.398802082985639572e-02
1.399321760982275009e-02
1.424090564250946045e-02
1.344526372849941254e-02
1.415218412876129150e-02
1.427629310637712479e-02
1.428728178143501282e-02
1.427757460623979568e-02
1.382478512823581696e-02
1.376001536846160889e-02
1.429956033825874329e-02
1.435190532356500626e-02
1.382878050208091736e-02
1.393651030957698822e-02
1.431739050894975662e-02
1.435552258044481277e-02
1.341958250850439072e-02
1.421889942139387131e-02
1.370943989604711533e-02
1.401407085359096527e-02
1.347946748137474060e-02
1.248297747224569321e-02
1.404994726181030273e-02
1.403330173343420029e-02
1.191462855786085129e-02
1.372102275490760803e-02
1.439239922910928726e-02
1.376110687851905823e-02
1.424869336187839508e-02
1.432699523866176605e-02
1.377995964139699936e-02
1.409764960408210754e-02
1.406429056078195572e-02
1.374003849923610687e-02
1.402136310935020447e-02
1.437350176274776459e-02
1.418978534638881683e-02
1.412200368940830231e-02
1.459157187491655350e-02
1.385172083973884583e-02
1.435373630374670029e-02
1.391757186502218246e-02
1.371985394507646561e-02
1.371390838176012039e-02
1.405056379735469818e-02
1.392290927469730377e-02
1.432796753942966461e-02
1.396511215716600418e-02
1.407312788069248199e-02
1.268674340099096298e-02
1.416294928640127182e-02
1.388597860932350159e-02
1.399650331586599350e-02
1.429703272879123688e-02
1.410407386720180511e-02
1.452865637838840485e-02
1.404600124806165695e-02
1.395559031516313553e-02
1.206689421087503433e-02
1.419228408485651016e-02
9.777591563761234283e-03
1.398959197103977203e-02
1.428285799920558929e-02
1.390667818486690521e-02
1.433096732944250107e-02
1.334152836352586746e-02
1.410074438899755478e-02
9.606396779417991638e-03
1.403781119734048843e-02
1.289597153663635254e-02
1.397964637726545334e-02
1.442140061408281326e-02
1.382372342050075531e-02
1.400082465261220932e-02
1.421247329562902451e-02
1.407013926655054092e-02
1.452040951699018478e-02
1.382322330027818680e-02
1.348435599356889725e-02
1.445765141397714615e-02
1.400767918676137924e-02
1.392030157148838043e-02
1.395328249782323837e-02
1.399943884462118149e-02
1.407417375594377518e-02
1.422734931111335754e-02
1.409559790045022964e-02
1.396377291530370712e-02
1.364716328680515289e-02
1.315024774521589279e-02
1.248697936534881592e-02
3.851551190018653870e-02
1.395958289504051208e-02
1.089562289416790009e-02
1.371166389435529709e-02
1.387798786163330078e-02
1.400572899729013443e-02
1.414570305496454239e-02
1.422655209898948669e-02
1.301234681159257889e-02
1.365531980991363525e-02
1.433946471661329269e-02
1.331696473062038422e-02
1.431022584438323975e-02
1.142574753612279892e-02
1.410098373889923096e-02
9.439392946660518646e-03
1.431665197014808655e-02
1.439649146050214767e-02
1.180893462151288986e-02
1.365379057824611664e-02
1.392117701470851898e-02
1.371900364756584167e-02
1.397452689707279205e-02
1.378475781530141830e-02
1.445840951055288315e-02
1.392978429794311523e-02
1.442062575370073318e-02
9.952846914529800415e-03
1.401006057858467102e-02
1.397456321865320206e-02
1.411157194525003433e-02
1.405970845371484756e-02
1.440301164984703064e-02
8.995628915727138519e-03
7.295790594071149826e-03
1.429726555943489075e-02
1.391011383384466171e-02
1.364709157496690750e-02
1.331248879432678223e-02
1.406975463032722473e-02
1.422705128788948059e-02
1.434095762670040131e-02
1.428479049354791641e-02
1.355914771556854248e-02
1.367343589663505554e-02
1.320389285683631897e-02
1.335022691637277603e-02
1.401420868933200836e-02
1.428550202399492264e-02
1.368491258472204208e-02
1.391978655010461807e-02
1.262622699141502380e-02
9.191750548779964447e-03
1.435105409473180771e-02
1.404556632041931152e-02
1.082882191985845566e-02
1.281316578388214111e-02
1.360810920596122742e-02
9.770836681127548218e-03
1.401791255921125412e-02
1.410750951617956161e-02
1.363586727529764175e-02
1.376864314079284668e-02
1.359882857650518417e-02
1.429164409637451172e-02
1.412838604301214218e-02
9.222827851772308350e-03
1.445043366402387619e-02
1.430785376578569412e-02
1.458855625241994858e-02
1.374847628176212311e-02
1.413436140865087509e-02
1.383606437593698502e-02
1.382379326969385147e-02
1.443003956228494644e-02
9.772384539246559143e-03
1.392644364386796951e-02
1.402552518993616104e-02
1.143296062946319580e-02
1.383958384394645691e-02
1.418503187596797943e-02
1.384159829467535019e-02
1.416619960218667984e-02
1.395547762513160706e-02
1.390263158828020096e-02
1.413642521947622299e-02
1.325960829854011536e-02
1.395489647984504700e-02
1.346783712506294250e-02
1.419385150074958801e-02
7.393287029117345810e-03
1.431955303996801376e-02
1.441695913672447205e-02
1.366115454584360123e-02
1.388806477189064026e-02
1.370135508477687836e-02
1.381065603345632553e-02
1.418964471668004990e-02
1.440925989300012589e-02
1.441862806677818298e-02
1.425258535891771317e-02
7.929234765470027924e-03
1.236315723508596420e-02
1.440681144595146179e-02
1.427305303514003754e-02
1.390676852315664291e-02
1.317288074642419815e-02
1.452847197651863098e-02
1.325807534158229828e-02
1.434931065887212753e-02
1.184642314910888672e-02
1.425735373049974442e-02
1.404097117483615875e-02
1.439180970191955566e-02
8.868626318871974945e-03
1.377923134714365005e-02
1.432370766997337341e-02
1.442958321422338486e-02
1.396217383444309235e-02
1.401189807802438736e-02
1.396932359784841537e-02
1.437842566519975662e-02
1.421828009188175201e-02
1.420275215059518814e-02
1.431653462350368500e-02
1.377818640321493149e-02
1.407127454876899719e-02
1.406095828860998154e-02
1.413468923419713974e-02
1.410221680998802185e-02
1.338606793433427811e-02
1.422700565308332443e-02
1.407177839428186417e-02
1.274400670081377029e-02
1.401450298726558685e-02
1.384194102138280869e-02
1.354925986379384995e-02
1.442283112555742264e-02
1.417369488626718521e-02
1.409639511257410049e-02
1.397666335105895996e-02
1.400156971067190170e-02
1.347569189965724945e-02
1.449551340192556381e-02
1.412060484290122986e-02
1.429156865924596786e-02
1.400460395961999893e-02
1.405841019004583359e-02
1.420149113982915878e-02
1.316599454730749130e-02
1.406347192823886871e-02
1.394277252256870270e-02
1.433477085083723068e-02
1.410948578268289566e-02
1.399739086627960205e-02
1.343430671840906143e-02
1.458630897104740143e-02
1.448190771043300629e-02
1.451142225414514542e-02
1.384548842906951904e-02
1.406424306333065033e-02
1.212320569902658463e-02
1.428367197513580322e-02
1.390735711902379990e-02
1.447191182523965836e-02
1.401898823678493500e-02
1.419046800583600998e-02
1.448713149875402451e-02
1.348949037492275238e-02
1.316736545413732529e-02
1.329641696065664291e-02
1.376907154917716980e-02
1.418417785316705704e-02
1.394634600728750229e-02
1.399091817438602448e-02
1.381276454776525497e-02
1.367566641420125961e-02
1.389012672007083893e-02
1.380094047635793686e-02
1.447368785738945007e-02
1.370857004076242447e-02
1.328225992619991302e-02
1.408857107162475586e-02
1.417850237339735031e-02
1.403635833412408829e-02
1.422740798443555832e-02
1.411546394228935242e-02
1.416803244501352310e-02
1.296909525990486145e-02
1.344528421759605408e-02
1.402323320508003235e-02
1.436234917491674423e-02
1.426417846232652664e-02
1.433176361024379730e-02
1.390344742685556412e-02
1.450076419860124588e-02
1.397323235869407654e-02
1.420653797686100006e-02
1.402644440531730652e-02
1.358071807771921158e-02
1.403248589485883713e-02
1.366011518985033035e-02
1.379624661058187485e-02
1.415279228240251541e-02
1.422346476465463638e-02
1.421612780541181564e-02
1.367780193686485291e-02
1.311646308749914169e-02
1.416416838765144348e-02
1.409037783741950989e-02
1.276788674294948578e-02
1.428550761193037033e-02
1.444646436721086502e-02
1.187728345394134521e-02
1.398845668882131577e-02
1.304491516202688217e-02
1.289721671491861343e-02
1.383259519934654236e-02
1.309765968471765518e-02
1.388373691588640213e-02
1.370722334831953049e-02
1.406097039580345154e-02
1.378214452415704727e-02
1.428333763033151627e-02
1.385022792965173721e-02
1.396886724978685379e-02
1.338163390755653381e-02
1.357752177864313126e-02
1.444427017122507095e-02
1.407188456505537033e-02
1.388507522642612457e-02
1.430207490921020508e-02
1.212302222847938538e-02
1.286754570901393890e-02
1.137262862175703049e-02
1.343699172139167786e-02
1.343955192714929581e-02
1.394698582589626312e-02
1.352196373045444489e-02
1.309877913445234299e-02
1.141774374991655350e-02
1.374905090779066086e-02
1.389080006629228592e-02
1.401505153626203537e-02
1.345877349376678467e-02
1.438366156071424484e-02
1.378566026687622070e-02
1.385367568582296371e-02
1.408963557332754135e-02
1.382563449442386627e-02
9.127310477197170258e-03
1.428100187331438065e-02
8.715916424989700317e-03
1.376684382557868958e-02
1.413120236247777939e-02
1.387842372059822083e-02
1.433484628796577454e-02
8.151538670063018799e-03
1.082438137382268906e-02
1.356438640505075455e-02
1.396769285202026367e-02
1.374969445168972015e-02
1.344847306609153748e-02
1.320468448102474213e-02
1.388988737016916275e-02
1.409692130982875824e-02
1.366177201271057129e-02
1.403110381215810776e-02
1.421405002474784851e-02
1.368822436779737473e-02
1.363672409206628799e-02
1.378893852233886719e-02
1.273307483643293381e-02
1.450491044670343399e-02
1.407091692090034485e-02
1.375119760632514954e-02
9.567402303218841553e-03
1.366526167839765549e-02
1.422319747507572174e-02
1.372737344354391098e-02
1.397101953625679016e-02
1.403121277689933777e-02
1.433197222650051117e-02
1.443105097860097885e-02
1.420376263558864594e-02
1.400198694318532944e-02
1.390502136200666428e-02
1.394456252455711365e-02
1.387819275259971619e-02
1.343885064125061035e-02
1.429695170372724533e-02
1.221614796668291092e-02
1.298351492732763290e-02
1.410450413823127747e-02
1.366837974637746811e-02
1.381509378552436829e-02
1.318367477506399155e-02
9.582978673279285431e-03
7.785886526107788086e-03
1.419095788151025772e-02
1.411954965442419052e-02
1.385346893221139908e-02
1.395135000348091125e-02
1.377786323428153992e-02
1.359811425209045410e-02
1.296529825776815414e-02
1.448302902281284332e-02
1.417406834661960602e-02
1.407340168952941895e-02
1.446325983852148056e-02
1.338012516498565674e-02
1.407513953745365143e-02
1.320077851414680481e-02
1.414608396589756012e-02
1.417152490466833115e-02
1.374430861324071884e-02
1.420771796256303787e-02
1.402369141578674316e-02
1.293342467397451401e-02
1.408857479691505432e-02
1.413470879197120667e-02
1.369876600801944733e-02
1.429836358875036240e-02
1.315945945680141449e-02
7.879469543695449829e-03
1.401397585868835449e-02
1.364114880561828613e-02
7.310819812119007111e-03
1.429243292659521103e-02
1.419265568256378174e-02
1.451372541487216949e-02
1.383742038160562515e-02
1.439781486988067627e-02
9.969992563128471375e-03
1.374097075313329697e-02
1.310123596340417862e-02
1.435634773224592209e-02
1.359664276242256165e-02
1.130914129316806793e-02
1.394051034003496170e-02
1.406856998801231384e-02
1.377420220524072647e-02
1.255225017666816711e-02
1.373465452343225479e-02
1.433808729052543640e-02
1.029484905302524567e-02
1.414063572883605957e-02
1.069235429167747498e-02
1.454989518970251083e-02
1.291385199874639511e-02
1.378589961677789688e-02
1.399099547415971756e-02
1.437959633767604828e-02
1.211273577064275742e-02
1.350819785147905350e-02
1.430490054190158844e-02
1.416740100830793381e-02
1.365929841995239258e-02
1.324638165533542633e-02
1.431833580136299133e-02
1.396130956709384918e-02
1.275093201547861099e-02
1.377294026315212250e-02
9.474092163145542145e-03
1.409977115690708160e-02
1.411850191652774811e-02
1.374780293554067612e-02
1.162798050791025162e-02
1.202109176665544510e-02
1.415836531668901443e-02
1.447355654090642929e-02
1.401282846927642822e-02
1.350368466228246689e-02
1.416461449116468430e-02
1.421558298170566559e-02
1.443024631589651108e-02
1.418548822402954102e-02
1.439518015831708908e-02
1.191340386867523193e-02
1.392593886703252792e-02
1.416202448308467865e-02
1.372498925775289536e-02
1.437477860599756241e-02
1.340508833527565002e-02
1.430451590567827225e-02
1.104777213186025620e-02
1.393967308104038239e-02
1.415423490107059479e-02
1.374396681785583496e-02
1.388476695865392685e-02
1.353335473686456680e-02
1.356877759099006653e-02
1.397222001105546951e-02
1.416242122650146484e-02
1.402945909649133682e-02
1.310602389276027679e-02
1.402871869504451752e-02
1.363737601786851883e-02
1.425887551158666611e-02
1.354344561696052551e-02
1.347161736339330673e-02
1.417424716055393219e-02
1.415413618087768555e-02
1.421905402094125748e-02
1.385936420410871506e-02
1.415056362748146057e-02
1.385010685771703720e-02
1.399628911167383194e-02
1.451524533331394196e-02
1.363055035471916199e-02
9.501010179519653320e-03
1.451565045863389969e-02
1.403695251792669296e-02
1.409797929227352142e-02
1.388491969555616379e-02
1.453982200473546982e-02
1.341823022812604904e-02
1.391117554157972336e-02
1.378371473401784897e-02
1.406726613640785217e-02
1.372547354549169540e-02
1.311196479946374893e-02
1.266973651945590973e-02
7.258011493831872940e-03
1.386433281004428864e-02
1.352818403393030167e-02
1.345824636518955231e-02
1.449979003518819809e-02
1.403504516929388046e-02
1.405892148613929749e-02
1.442185603082180023e-02
1.366307958960533142e-02
1.054379343986511230e-02
1.389405969530344009e-02
1.345082279294729233e-02
1.409751456230878830e-02
1.286069490015506744e-02
1.417830027639865875e-02
1.393406186252832413e-02
1.387260947376489639e-02
1.380191091448068619e-02
1.379390154033899307e-02
1.438985392451286316e-02
1.433054264634847641e-02
1.428924873471260071e-02
1.403230521827936172e-02
1.408577244728803635e-02
1.439276337623596191e-02
1.443200651556253433e-02
1.404613256454467773e-02
1.378932967782020569e-02
1.453894749283790588e-02
1.369341555982828140e-02
1.224475540220737457e-02
1.293695252388715744e-02
1.337899919599294662e-02
1.468680147081613541e-02
1.442619226872920990e-02
1.380980573594570160e-02
1.289757248014211655e-02
1.370862405747175217e-02
1.366015709936618805e-02
1.405254844576120377e-02
1.404446084052324295e-02
1.359137799590826035e-02
1.424695830792188644e-02
1.414711866527795792e-02
1.438522245734930038e-02
1.413401123136281967e-02
1.368647534400224686e-02
1.429722830653190613e-02
1.439411845058202744e-02
1.374512817710638046e-02
1.043813768774271011e-02
1.416586712002754211e-02
1.388171687722206116e-02
1.350944954901933670e-02
1.399658899754285812e-02
1.412252243608236313e-02
1.132637821137905121e-02
1.411143317818641663e-02
1.405003387480974197e-02
1.419640425592660904e-02
1.365328393876552582e-02
1.382861100137233734e-02
1.424267329275608063e-02
1.325721945613622665e-02
1.441135350614786148e-02
1.401284430176019669e-02
1.428561005741357803e-02
1.429307460784912109e-02
1.390626747161149979e-02
1.409925147891044617e-02
1.360496319830417633e-02
1.387067791074514389e-02
1.383509952574968338e-02
1.399734616279602051e-02
1.188378687947988510e-02
1.360027864575386047e-02
1.480677444487810135e-02
1.402140595018863678e-02
1.378339622169733047e-02
1.395528856664896011e-02
1.417101640254259109e-02
1.441363431513309479e-02
1.374933682382106781e-02
1.386386435478925705e-02
1.004616543650627136e-02
1.405988633632659912e-02
1.378315128386020660e-02
1.308276411145925522e-02
1.417929865419864655e-02
1.406221743673086166e-02
1.421399693936109543e-02
1.379806641489267349e-02
1.406302955001592636e-02
1.367670018225908279e-02
7.256261538714170456e-03
1.407441776245832443e-02
1.428286358714103699e-02
1.425528246909379959e-02
1.369548123329877853e-02
1.355138141661882401e-02
1.398603245615959167e-02
1.428962592035531998e-02
1.430242136120796204e-02
1.438153348863124847e-02
1.412157807499170303e-02
1.449458673596382141e-02
1.386237982660531998e-02
1.356744207441806793e-02
8.615634404122829437e-03
1.409272942692041397e-02
1.405485253781080246e-02
1.365661993622779846e-02
1.379589363932609558e-02
9.793329052627086639e-03
1.395964901894330978e-02
1.433569192886352539e-02
1.410421170294284821e-02
1.283856667578220367e-02
1.397792622447013855e-02
1.085355225950479507e-02
1.452831830829381943e-02
1.156327128410339355e-02
1.376295462250709534e-02
1.428738515824079514e-02
1.428774278610944748e-02
1.351663470268249512e-02
1.394495274871587753e-02
1.417145971208810806e-02
1.400278229266405106e-02
1.377946976572275162e-02
1.411264017224311829e-02
1.420088019222021103e-02
1.369757857173681259e-02
1.330281700938940048e-02
1.379809342324733734e-02
1.356597617268562317e-02
1.407451648265123367e-02
1.402164436876773834e-02
1.412520091980695724e-02
1.429502014070749283e-02
1.306012924760580063e-02
1.398642454296350479e-02
1.401730533689260483e-02
1.440939959138631821e-02
1.351296808570623398e-02
1.380815543234348297e-02
1.380626298487186432e-02
1.420372352004051208e-02
1.427527982741594315e-02
1.290742680430412292e-02
1.411562878638505936e-02
1.412784773856401443e-02
1.422728691250085831e-02
1.426940038800239563e-02
1.377464830875396729e-02
1.298396196216344833e-02
1.422334276139736176e-02
1.384514849632978439e-02
1.326222810894250870e-02
1.403919700533151627e-02
1.315886341035366058e-02
1.378558948636054993e-02
1.423770468682050705e-02
1.429848745465278625e-02
1.412262115627527237e-02
1.408399362117052078e-02
1.442240271717309952e-02
1.373405754566192627e-02
1.203462481498718262e-02
1.419527921825647354e-02
1.453209761530160904e-02
1.396235544234514236e-02
1.364784501492977142e-02
1.345393620431423187e-02
1.423949282616376877e-02
1.387250795960426331e-02
1.412110868841409683e-02
1.346862036734819412e-02
1.379788201302289963e-02
1.429517939686775208e-02
1.437309943139553070e-02
1.412599161267280579e-02
1.397219020873308182e-02
1.417461410164833069e-02
1.371587254106998444e-02
1.412883121520280838e-02
1.410502195358276367e-02
1.406461372971534729e-02
1.426706928759813309e-02
1.063646748661994934e-02
1.441859081387519836e-02
1.429132465273141861e-02
1.396191492676734924e-02
1.311190053820610046e-02
1.334536354988813400e-02
1.385360956192016602e-02
1.364838518202304840e-02
1.447647251188755035e-02
1.403310894966125488e-02
1.449988130480051041e-02
1.387698575854301453e-02
1.406292524188756943e-02
1.404906716197729111e-02
1.388090569525957108e-02
1.351945754140615463e-02
1.390754338353872299e-02
1.416436769068241119e-02
1.374794822186231613e-02
1.353952568024396896e-02
1.477373484522104263e-02
8.471751585602760315e-03
1.180569455027580261e-02
1.325821783393621445e-02
1.434925105422735214e-02
1.406436599791049957e-02
1.222740020602941513e-02
1.440505124628543854e-02
1.443609036505222321e-02
1.394767686724662781e-02
8.143788203597068787e-03
1.445788983255624771e-02
1.363547146320343018e-02
1.421680208295583725e-02
1.353827025741338730e-02
1.449490711092948914e-02
1.404597703367471695e-02
1.346186641603708267e-02
1.434075273573398590e-02
1.446202676743268967e-02
8.030920289456844330e-03
1.381693407893180847e-02
1.433489657938480377e-02
1.421800814568996429e-02
1.401536259800195694e-02
1.237398106604814529e-02
1.375637948513031006e-02
1.179708912968635559e-02
1.263106986880302429e-02
8.476176299154758453e-03
1.170003693550825119e-02
1.423100754618644714e-02
1.378723140805959702e-02
1.397571805864572525e-02
1.415551267564296722e-02
1.426374632865190506e-02
1.405362412333488464e-02
1.366612408310174942e-02
1.412012055516242981e-02
1.404060702770948410e-02
1.405322644859552383e-02
1.422967389225959778e-02
1.406093873083591461e-02
1.228581741452217102e-02
1.369729917496442795e-02
1.419655047357082367e-02
1.411948539316654205e-02
1.428319606930017471e-02
1.251441892236471176e-02
1.346435304731130600e-02
1.398469880223274231e-02
1.390826143324375153e-02
1.405911985784769058e-02
1.458545308560132980e-02
1.366275269538164139e-02
1.435992121696472168e-02
1.287382282316684723e-02
1.390362158417701721e-02
1.405786070972681046e-02
1.254919730126857758e-02
1.342249475419521332e-02
1.419553067535161972e-02
1.367302145808935165e-02
1.391667686402797699e-02
1.437084749341011047e-02
1.414605695754289627e-02
1.425618212670087814e-02
9.189209900796413422e-03
1.421665307134389877e-02
1.434084214270114899e-02
1.396426279097795486e-02
1.407447177916765213e-02
1.326999347656965256e-02
1.396469771862030029e-02
1.315186265856027603e-02
1.375658717006444931e-02
1.103908941149711609e-02
1.419949904084205627e-02
1.401503756642341614e-02
1.413906551897525787e-02
1.410094834864139557e-02
1.374945696443319321e-02
1.418706215918064117e-02
1.399817131459712982e-02
1.420456729829311371e-02
1.389717962592840195e-02
1.427642349153757095e-02
1.381287537515163422e-02
1.419173274189233780e-02
1.396483276039361954e-02
1.260426267981529236e-02
1.411312911659479141e-02
1.385349314659833908e-02
1.271185558289289474e-02
1.406295504420995712e-02
1.380130089819431305e-02
1.427614036947488785e-02
1.426058169454336166e-02
1.416300889104604721e-02
1.376155670732259750e-02
1.374300383031368256e-02
1.438234839588403702e-02
1.398713979870080948e-02
1.266131643205881119e-02
1.402917224913835526e-02
1.446210220456123352e-02
1.404667459428310394e-02
1.419331226497888565e-02
1.428685151040554047e-02
1.411150768399238586e-02
1.420118845999240875e-02
1.366917509585618973e-02
1.339409034699201584e-02
1.382685638964176178e-02
1.379919890314340591e-02
1.433555781841278076e-02
1.424061413854360580e-02
1.403245609253644943e-02
1.416251435875892639e-02
1.426510605961084366e-02
1.439819857478141785e-02
1.393000874668359756e-02
1.435595471411943436e-02
1.054881792515516281e-02
1.307418942451477051e-02
1.357975322753190994e-02
1.398815307766199112e-02
1.350653730332851410e-02
1.424264814704656601e-02
1.408896129578351974e-02
1.404356304556131363e-02
1.387082692235708237e-02
1.308203116059303284e-02
1.416969578713178635e-02
1.298632845282554626e-02
1.434539631009101868e-02
1.350791100412607193e-02
1.404956262558698654e-02
1.379109546542167664e-02
1.427385490387678146e-02
1.367773767560720444e-02
1.410267688333988190e-02
1.309194043278694153e-02
1.407074555754661560e-02
1.333607360720634460e-02
1.368311326950788498e-02
1.431335136294364929e-02
1.429029460996389389e-02
1.166475471109151840e-02
1.397123932838439941e-02
1.352905854582786560e-02
1.385370455682277679e-02
1.330935955047607422e-02
1.446706335991621017e-02
1.405548676848411560e-02
1.432817243039608002e-02
1.085333712399005890e-02
1.420228183269500732e-02
1.426422037184238434e-02
1.396796107292175293e-02
1.379614695906639099e-02
1.398292742669582367e-02
1.359386648982763290e-02
1.396861393004655838e-02
1.392194628715515137e-02
1.402603182941675186e-02
1.379510201513767242e-02
1.415817067027091980e-02
1.337338984012603760e-02
1.402628142386674881e-02
1.414367277175188065e-02
1.392075046896934509e-02
1.398337166756391525e-02
1.437598466873168945e-02
1.369539741426706314e-02
1.375731546431779861e-02
1.016227994114160538e-02
1.392114441841840744e-02
1.420660875737667084e-02
1.435485761612653732e-02
1.419624406844377518e-02
1.369281113147735596e-02
1.413531973958015442e-02
1.301622949540615082e-02
1.375483255833387375e-02
1.425712089985609055e-02
1.408143714070320129e-02
1.462256256490945816e-02
1.400758884847164154e-02
1.370794419199228287e-02
1.410836074501276016e-02
1.426546927541494370e-02
1.403648499399423599e-02
1.432129088789224625e-02
1.404186245054006577e-02
1.421394292265176773e-02
1.370312180370092392e-02
1.415474340319633484e-02
1.397410128265619278e-02
1.455106493085622787e-02
1.447854842990636826e-02
1.370013877749443054e-02
1.364306174218654633e-02
1.368542574346065521e-02
1.325293537229299545e-02
1.361070200800895691e-02
1.378275826573371887e-02
1.361937448382377625e-02
1.376251596957445145e-02
1.257833559066057205e-02
1.403288636356592178e-02
9.547105059027671814e-03
1.335527095943689346e-02
1.411091443151235580e-02
1.183395646512508392e-02
1.344030816107988358e-02
1.396741252392530441e-02
1.372575480490922928e-02
1.354339718818664551e-02
1.402181014418601990e-02
1.347981952130794525e-02
1.436252985149621964e-02
1.413367316126823425e-02
1.419345196336507797e-02
1.433349493891000748e-02
1.336265169084072113e-02
1.403394620865583420e-02
1.396896224468946457e-02
1.399665419012308121e-02
1.354801934212446213e-02
1.395621616393327713e-02
1.346650999039411545e-02
9.757951833307743073e-03
1.319295540452003479e-02
1.335807051509618759e-02
1.234928891062736511e-02
1.437671389430761337e-02
1.394154224544763565e-02
1.375584024935960770e-02
1.394305843859910965e-02
1.421512663364410400e-02
1.310235541313886642e-02
1.375618856400251389e-02
1.425445079803466797e-02
1.381177362054586411e-02
1.398216560482978821e-02
1.387628260999917984e-02
1.216471754014492035e-02
1.432826276868581772e-02
1.414602994918823242e-02
1.392105221748352051e-02
1.408856827765703201e-02
1.356367487460374832e-02
1.397381071001291275e-02
1.311536785215139389e-02
1.414021290838718414e-02
1.389753539115190506e-02
1.415403839200735092e-02
1.363237481564283371e-02
1.417157053947448730e-02
1.407803967595100403e-02
8.331046439707279205e-03
1.375211682170629501e-02
1.363378670066595078e-02
1.380536518990993500e-02
6.953020114451646805e-03
1.319994963705539703e-02
1.390925608575344086e-02
1.342656649649143219e-02
1.417157892137765884e-02
1.383957825601100922e-02
1.393744908273220062e-02
1.421876903623342514e-02
1.368963439017534256e-02
1.432571653276681900e-02
1.454568188637495041e-02
1.317896600812673569e-02
1.441434863954782486e-02
1.415158901363611221e-02
1.410308200865983963e-02
1.342938933521509171e-02
1.382062677294015884e-02
1.388759538531303406e-02
1.222504023462533951e-02
1.435818988829851151e-02
1.414043363183736801e-02
7.286757230758666992e-03
1.384030375629663467e-02
1.437078043818473816e-02
1.468969602137804031e-02
1.388359349220991135e-02
1.427717134356498718e-02
1.326330378651618958e-02
1.403141021728515625e-02
1.404616609215736389e-02
1.440483331680297852e-02
1.409780420362949371e-02
1.306531392037868500e-02
1.420085784047842026e-02
1.393973547965288162e-02
1.311520580202341080e-02
1.334638521075248718e-02
1.402103994041681290e-02
7.279815152287483215e-03
1.404661219567060471e-02
1.385897770524024963e-02
1.348099391907453537e-02
1.439170632511377335e-02
1.408718898892402649e-02
1.411216612905263901e-02
1.406277809292078018e-02
1.390323042869567871e-02
1.346141751855611801e-02
1.432817243039608002e-02
1.392997428774833679e-02
1.097404584288597107e-02
1.369302347302436829e-02
1.409820560365915298e-02
1.351108308881521225e-02
1.315437909215688705e-02
1.256100460886955261e-02
1.424398738890886307e-02
1.345025654882192612e-02
1.406502444297075272e-02
1.402675267308950424e-02
1.383100077509880066e-02
1.405217126011848450e-02
1.368375401943922043e-02
1.399072166532278061e-02
1.402164064347743988e-02
1.303791161626577377e-02
1.407564058899879456e-02
1.399147789925336838e-02
1.380897499620914459e-02
1.440926175564527512e-02
1.259683631360530853e-02
1.416803803294897079e-02
1.382272783666849136e-02
1.420608442276716232e-02
1.300117932260036469e-02
1.420330349355936050e-02
1.394385099411010742e-02
1.407864689826965332e-02
1.410651206970214844e-02
1.405069231986999512e-02
1.417397242039442062e-02
1.398337725549936295e-02
1.404236629605293274e-02
1.408893149346113205e-02
1.394168194383382797e-02
1.419222354888916016e-02
1.322860177606344223e-02
1.413264777511358261e-02
1.389488484710454941e-02
1.437654159963130951e-02
1.395908091217279434e-02
1.418847963213920593e-02
1.410361565649509430e-02
1.413808669894933701e-02
1.419918239116668701e-02
1.328682620078325272e-02
1.405563671141862869e-02
1.428679842501878738e-02
1.282318774610757828e-02
1.393694337457418442e-02
1.408402062952518463e-02
1.393846608698368073e-02
1.407802104949951172e-02
1.414660271257162094e-02
1.399109978228807449e-02
1.339473109692335129e-02
1.409417670220136642e-02
1.402309443801641464e-02
1.426111720502376556e-02
1.400714274495840073e-02
1.382010057568550110e-02
1.362201012670993805e-02
1.402285415679216385e-02
1.419880054891109467e-02
1.429455913603305817e-02
1.379488315433263779e-02
1.354041974991559982e-02
1.408007647842168808e-02
1.435863971710205078e-02
1.403432432562112808e-02
1.407656352967023849e-02
1.384269073605537415e-02
1.385249197483062744e-02
1.399065647274255753e-02
1.432138681411743164e-02
1.434408687055110931e-02
1.438252255320549011e-02
1.304858550429344177e-02
1.283095777034759521e-02
1.406617090106010437e-02
1.446978468447923660e-02
1.329574827104806900e-02
1.390524115413427353e-02
1.430802419781684875e-02
1.294228713959455490e-02
1.422133948653936386e-02
1.422022283077239990e-02
1.361542567610740662e-02
1.409013662487268448e-02
1.389814075082540512e-02
1.292211655527353287e-02
1.428925991058349609e-02
1.466341409832239151e-02
1.404615305364131927e-02
1.411694847047328949e-02
1.362641714513301849e-02
1.035818085074424744e-02
1.374930422753095627e-02
1.042706333100795746e-02
1.382873021066188812e-02
1.387706492096185684e-02
1.411242689937353134e-02
1.409700233489274979e-02
1.378791686147451401e-02
1.301104109734296799e-02
1.403372082859277725e-02
1.381848100572824478e-02
1.356270350515842438e-02
8.055754937231540680e-03
1.411408185958862305e-02
1.037962641566991806e-02
1.134418603032827377e-02
1.383308228105306625e-02
1.452708803117275238e-02
1.409618183970451355e-02
1.410534325987100601e-02
8.359224535524845123e-03
1.407736260443925858e-02
1.414699945598840714e-02
1.318279467523097992e-02
1.409080065786838531e-02
1.390799600630998611e-02
1.404188200831413269e-02
1.382231619209051132e-02
9.933816269040107727e-03
1.350618526339530945e-02
1.450932305306196213e-02
1.400810107588768005e-02
1.378579810261726379e-02
1.431953907012939453e-02
1.410069223493337631e-02
1.422221679240465164e-02
1.366037130355834961e-02
1.428939029574394226e-02
1.442429050803184509e-02
1.442574243992567062e-02
1.400937046855688095e-02
1.425395533442497253e-02
1.282382011413574219e-02
1.403372921049594879e-02
1.359235402196645737e-02
1.330725755542516708e-02
1.398193277418613434e-02
1.423273049294948578e-02
1.419729273766279221e-02
1.392079982906579971e-02
1.378580834716558456e-02
1.442370656877756119e-02
1.359595265239477158e-02
1.406754460185766220e-02
7.297607138752937317e-03
1.409269962459802628e-02
1.406715903431177139e-02
1.297224126756191254e-02
1.412536576390266418e-02
1.399924792349338531e-02
1.249813195317983627e-02
1.376591995358467102e-02
1.419965270906686783e-02
1.417150720953941345e-02
1.418296992778778076e-02
1.416328549385070801e-02
1.442701462656259537e-02
1.326627191156148911e-02
1.389289554208517075e-02
1.411924324929714203e-02
1.375941559672355652e-02
1.357709523290395737e-02
1.403141673654317856e-02
1.395324151962995529e-02
1.368806324899196625e-02
1.392631605267524719e-02
1.439732313156127930e-02
1.411744393408298492e-02
1.408786140382289886e-02
1.380828861147165298e-02
1.404816750437021255e-02
1.420148368924856186e-02
1.382147707045078278e-02
1.399162691086530685e-02
1.410681009292602539e-02
1.419960241764783859e-02
9.151346981525421143e-03
1.426587067544460297e-02
1.389013789594173431e-02
1.396648958325386047e-02
1.467164512723684311e-02
1.404260098934173584e-02
1.394051872193813324e-02
1.365290209650993347e-02
1.366587355732917786e-02
1.049123890697956085e-02
1.399538572877645493e-02
1.358769275248050690e-02
1.393392961472272873e-02
1.424294710159301758e-02
1.432497426867485046e-02
1.378797367215156555e-02
1.400723122060298920e-02
1.420482061803340912e-02
1.391425821930170059e-02
1.437887456268072128e-02
1.403182186186313629e-02
1.341080665588378906e-02
1.346269622445106506e-02
1.367740053683519363e-02
1.105828955769538879e-02
1.404673419892787933e-02
1.433812733739614487e-02
1.399538852274417877e-02
1.384641602635383606e-02
1.496419031172990799e-02
1.182556431740522385e-02
1.370843686163425446e-02
1.433961745351552963e-02
1.103923097252845764e-02
1.410000305622816086e-02
1.406137924641370773e-02
1.359115168452262878e-02
9.451149962842464447e-03
1.448926981538534164e-02
1.390360668301582336e-02
1.458909828215837479e-02
1.395735982805490494e-02
1.434926036745309830e-02
1.326436083763837814e-02
1.388476788997650146e-02
1.417994219809770584e-02
1.438612584024667740e-02
1.400212571024894714e-02
1.443285308778285980e-02
1.355644408613443375e-02
1.400721631944179535e-02
1.413365919142961502e-02
1.445844862610101700e-02
1.013774797320365906e-02
7.280779071152210236e-03
1.164613664150238037e-02
1.348081789910793304e-02
1.444731000810861588e-02
1.395315211266279221e-02
1.366920676082372665e-02
1.408041641116142273e-02
1.371292863041162491e-02
1.273336354643106461e-02
1.424998883157968521e-02
1.390078291296958923e-02
1.404938474297523499e-02
1.394656579941511154e-02
1.342472713440656662e-02
1.424060110002756119e-02
1.396264508366584778e-02
1.389904320240020752e-02
1.406817976385354996e-02
8.978855796158313751e-03
1.408072467893362045e-02
1.440531574189662933e-02
1.395082473754882812e-02
1.396538689732551575e-02
1.359402574598789215e-02
1.370927039533853531e-02
1.342787966132164001e-02
1.402026973664760590e-02
1.428781356662511826e-02
1.435860712081193924e-02
9.360873140394687653e-03
1.453337166458368301e-02
1.409742794930934906e-02
1.397576369345188141e-02
1.417830027639865875e-02
1.384190376847982407e-02
1.428743824362754822e-02
1.419407408684492111e-02
1.426339708268642426e-02
1.317487657070159912e-02
1.373890042304992676e-02
1.185022946447134018e-02
1.414110977202653885e-02
1.396134216338396072e-02
1.378320809453725815e-02
1.448428351432085037e-02
1.387683115899562836e-02
1.451146323233842850e-02
1.385517138987779617e-02
1.398051902651786804e-02
1.332880277186632156e-02
1.401691511273384094e-02
1.422131899744272232e-02
1.353952009230852127e-02
1.271185930818319321e-02
1.363752409815788269e-02
1.417817547917366028e-02
1.407810114324092865e-02
1.322880294173955917e-02
1.411922648549079895e-02
1.403109170496463776e-02
1.330953557044267654e-02
1.408235821872949600e-02
1.418303605169057846e-02
1.311413105577230453e-02
1.423608418554067612e-02
1.361189130693674088e-02
1.426403503865003586e-02
1.151409838348627090e-02
1.396713498979806900e-02
1.383236609399318695e-02
1.408575102686882019e-02
1.378513779491186142e-02
1.426833588629961014e-02
1.385774277150630951e-02
1.423399057239294052e-02
1.438062824308872223e-02
1.388823706656694412e-02
1.423365436494350433e-02
1.400701701641082764e-02
1.276709698140621185e-02
1.419221423566341400e-02
1.410773675888776779e-02
1.392805017530918121e-02
1.310389675199985504e-02
1.418598089367151260e-02
1.366798300296068192e-02
1.414852496236562729e-02
1.380658242851495743e-02
1.433803420513868332e-02
1.393262669444084167e-02
1.389888767153024673e-02
1.396556571125984192e-02
1.391949970275163651e-02
1.380012370645999908e-02
1.365475449711084366e-02
1.409144699573516846e-02
1.378522533923387527e-02
1.425433065742254257e-02
1.375613268464803696e-02
1.381369587033987045e-02
1.434101257473230362e-02
1.399776060134172440e-02
1.428719516843557358e-02
1.401948649436235428e-02
1.401103101670742035e-02
1.409074384719133377e-02
1.349466666579246521e-02
1.440665777772665024e-02
1.416143216192722321e-02
1.401398982852697372e-02
7.923608645796775818e-03
1.412581279873847961e-02
1.381812989711761475e-02
1.410141307860612869e-02
1.011147256940603256e-02
1.185375452041625977e-02
1.339416578412055969e-02
1.452633179724216461e-02
1.429189369082450867e-02
1.383935194462537766e-02
1.415027771145105362e-02
1.150025799870491028e-02
1.362717803567647934e-02
1.403942704200744629e-02
1.383155863732099533e-02
1.393279992043972015e-02
1.402821019291877747e-02
1.436251122504472733e-02
1.423338893800973892e-02
1.433381438255310059e-02
1.119259186089038849e-02
1.449269894510507584e-02
1.399170514196157455e-02
1.427319739013910294e-02
1.391261816024780273e-02
1.399066764861345291e-02
1.132093742489814758e-02
1.399429049342870712e-02
1.121343951672315598e-02
1.388006564229726791e-02
1.412701327353715897e-02
1.437993720173835754e-02
1.409857627004384995e-02
1.420411188155412674e-02
1.376542821526527405e-02
1.427213940769433975e-02
1.423738244920969009e-02
1.382527034729719162e-02
1.417072024196386337e-02
1.443354692310094833e-02
1.395354792475700378e-02
9.879277087748050690e-03
1.454520504921674728e-02
1.413211505860090256e-02
1.409367565065622330e-02
1.366753503680229187e-02
1.381185092031955719e-02
1.381670031696557999e-02
1.335544511675834656e-02
1.373638305813074112e-02
1.393237151205539703e-02
1.230315864086151123e-02
1.406824681907892227e-02
1.345759350806474686e-02
1.387162413448095322e-02
1.354211289435625076e-02
9.091575630009174347e-03
1.415656413882970810e-02
1.448623463511466980e-02
1.465795282274484634e-02
1.400090660899877548e-02
1.422750949859619141e-02
1.421388983726501465e-02
1.396085880696773529e-02
1.391083840280771255e-02
1.389061287045478821e-02
1.410727854818105698e-02
1.390427909791469574e-02
1.375258807092905045e-02
1.219925377517938614e-02
1.357436738908290863e-02
1.404982525855302811e-02
1.408085785806179047e-02
7.933449000120162964e-03
1.259021554142236710e-02
1.429693307727575302e-02
1.386318728327751160e-02
1.340906694531440735e-02
1.401643827557563782e-02
1.392762456089258194e-02
1.437452342361211777e-02
1.356190349906682968e-02
1.336784753948450089e-02
1.402643322944641113e-02
1.437590923160314560e-02
1.378249749541282654e-02
1.420822367072105408e-02
1.423125807195901871e-02
1.215577963739633560e-02
1.356635894626379013e-02
9.064372628927230835e-03
1.405986491590738297e-02
1.381246093660593033e-02
1.404087897390127182e-02
1.361196395009756088e-02
1.392145827412605286e-02
1.398037094622850418e-02
1.343182567507028580e-02
1.323621906340122223e-02
1.444625947624444962e-02
1.430201809853315353e-02
1.385822333395481110e-02
1.379910670220851898e-02
1.351501420140266418e-02
1.462980173528194427e-02
1.392335537821054459e-02
9.812513366341590881e-03
1.405385416001081467e-02
1.455815043300390244e-02
1.419741194695234299e-02
1.338343229144811630e-02
1.401057466864585876e-02
8.988235145807266235e-03
1.373260654509067535e-02
1.353042200207710266e-02
1.473366096615791321e-02
1.371493935585021973e-02
1.420946046710014343e-02
1.430903282016515732e-02
1.381527259945869446e-02
1.405975781381130219e-02
1.359256450086832047e-02
1.428714115172624588e-02
1.454219128936529160e-02
1.409180089831352234e-02
1.412053499370813370e-02
1.438640709966421127e-02
1.411977037787437439e-02
7.818621583282947540e-03
1.375847496092319489e-02
1.406338810920715332e-02
1.393669936805963516e-02
1.411395706236362457e-02
1.389562245458364487e-02
1.368329208344221115e-02
1.429055258631706238e-02
1.453854795545339584e-02
1.409992296248674393e-02
1.414636056870222092e-02
1.411765255033969879e-02
1.432423572987318039e-02
1.375229656696319580e-02
1.431367173790931702e-02
1.401680056005716324e-02
1.435806695371866226e-02
1.378772780299186707e-02
1.393857318907976151e-02
1.461197063326835632e-02
1.381510403007268906e-02
1.440270338207483292e-02
1.393215917050838470e-02
1.424868963658809662e-02
1.362917106598615646e-02
1.306259073317050934e-02
1.387443300336599350e-02
1.326804421842098236e-02
1.390340924263000488e-02
1.299026887863874435e-02
1.406492665410041809e-02
1.430159248411655426e-02
1.422263309359550476e-02
1.431498490273952484e-02
1.427719928324222565e-02
1.408419851213693619e-02
1.462534442543983459e-02
1.422583684325218201e-02
1.438432838767766953e-02
1.448873896151781082e-02
1.386199332773685455e-02
1.408683881163597107e-02
1.346370298415422440e-02
1.372575759887695312e-02
1.402182038873434067e-02
1.184674259275197983e-02
1.397385820746421814e-02
1.390832010656595230e-02
1.367540378123521805e-02
1.362435892224311829e-02
1.420777756720781326e-02
1.418213453143835068e-02
1.261717081069946289e-02
1.383994519710540771e-02
9.386233985424041748e-03
1.328934356570243835e-02
1.330861821770668030e-02
1.448210515081882477e-02
1.412155665457248688e-02
1.382316742092370987e-02
1.411641202867031097e-02
1.425525825470685959e-02
1.376094296574592590e-02
1.386154815554618835e-02
1.424610894173383713e-02
1.379170175641775131e-02
1.327417418360710144e-02
1.314881537109613419e-02
1.449757721275091171e-02
1.428430434316396713e-02
1.434603240340948105e-02
1.457861624658107758e-02
1.355474628508090973e-02
1.431538071483373642e-02
1.432557310909032822e-02
9.686903096735477448e-03
1.414238288998603821e-02
1.413038093596696854e-02
1.346081215888261795e-02
1.415917836129665375e-02
1.418725028634071350e-02
1.381422951817512512e-02
1.450599078088998795e-02
1.289173308759927750e-02
1.390107627958059311e-02
1.027648337185382843e-02
1.425318513065576553e-02
1.425986923277378082e-02
1.415022835135459900e-02
1.360256690531969070e-02
1.309649739414453506e-02
1.433175522834062576e-02
1.410439610481262207e-02
1.401039864867925644e-02
1.404210552573204041e-02
1.408686954528093338e-02
1.418763305991888046e-02
1.429300662130117416e-02
1.424914039671421051e-02
1.389929652214050293e-02
1.395539566874504089e-02
1.346570625901222229e-02
1.409734785556793213e-02
1.417783461511135101e-02
1.370221655815839767e-02
1.406294666230678558e-02
1.426346506923437119e-02
1.411332469433546066e-02
1.376376114785671234e-02
1.234101969748735428e-02
1.329432521015405655e-02
1.400785427540540695e-02
1.404008269309997559e-02
1.411390677094459534e-02
1.433661486953496933e-02
1.358376815915107727e-02
1.383422594517469406e-02
1.416026148945093155e-02
1.414813194423913956e-02
1.446317415684461594e-02
1.434395276010036469e-02
1.439106557518243790e-02
1.401139423251152039e-02
1.364105381071567535e-02
1.430794876068830490e-02
1.442343275994062424e-02
1.391810271888971329e-02
1.454915106296539307e-02
1.366931293159723282e-02
1.386359892785549164e-02
1.300143916159868240e-02
1.392458379268646240e-02
1.408796850591897964e-02
1.414486207067966461e-02
1.409109868109226227e-02
1.432809606194496155e-02
1.362641993910074234e-02
1.420967373996973038e-02
1.392646506428718567e-02
1.451783813536167145e-02
1.367536280304193497e-02
1.440916955471038818e-02
1.365735009312629700e-02
1.340101659297943115e-02
1.396781858056783676e-02
1.387258525937795639e-02
8.159480988979339600e-03
1.396624185144901276e-02
1.417836826294660568e-02
1.395414769649505615e-02
1.362156309187412262e-02
1.382588781416416168e-02
1.447865366935729980e-02
1.438236515969038010e-02
1.127018313854932785e-02
1.408138033002614975e-02
1.358628552407026291e-02
1.379222795367240906e-02
1.360055245459079742e-02
1.426938548684120178e-02
1.408188603818416595e-02
1.401562336832284927e-02
1.349176373332738876e-02
1.388764660805463791e-02
1.407755818217992783e-02
1.370103005319833755e-02
1.441743317991495132e-02
1.406233664602041245e-02
1.438894774764776230e-02
1.418628171086311340e-02
1.388886850327253342e-02
1.415182556957006454e-02
1.140162441879510880e-02
1.401491742581129074e-02
1.405365392565727234e-02
1.404867228120565414e-02
1.380589324980974197e-02
1.410066243261098862e-02
1.465233601629734039e-02
1.344312634319067001e-02
1.386128459125757217e-02
1.419972814619541168e-02
1.354334689676761627e-02
1.445586048066616058e-02
1.435937918722629547e-02
1.381123159080743790e-02
1.331152115017175674e-02
1.420776173472404480e-02
1.422983687371015549e-02
1.062502712011337280e-02
1.379271503537893295e-02
1.365192513912916183e-02
1.171583775430917740e-02
1.415638718754053116e-02
1.406011264771223068e-02
1.384640857577323914e-02
1.381375268101692200e-02
1.355803292244672775e-02
1.392907556146383286e-02
1.398185733705759048e-02
1.358334068208932877e-02
1.440275926142930984e-02
1.318838074803352356e-02
1.384477969259023666e-02
1.437719818204641342e-02
1.378498040139675140e-02
1.446049194782972336e-02
1.424942538142204285e-02
1.423521433025598526e-02
1.418146863579750061e-02
1.403234805911779404e-02
1.387376245111227036e-02
1.013545040041208267e-02
1.382204052060842514e-02
1.417498942464590073e-02
1.319656055420637131e-02
