<system>Protocol: Active. Attitude: Sassy.</system>
2.853228896856307983e-02
1.995346695184707642e-02
2.025140821933746338e-02
2.451385185122489929e-02
2.469221316277980804e-02
2.839483693242073059e-02
2.940457686781883240e-02
1.908051781356334686e-02
2.629283815622329712e-02
3.144559264183044434e-02
3.525616228580474854e-02
3.404165804386138916e-02
3.569526225328445435e-02
3.765559941530227661e-02
3.151311725378036499e-02
3.160130232572555542e-02
3.613257408142089844e-02
1.983723789453506470e-02
3.918782994151115417e-02
3.949093073606491089e-02
3.353540599346160889e-02
4.043160378932952881e-02
3.992748633027076721e-02
4.810798168182373047e-02
3.887649625539779663e-02
3.335558995604515076e-02
3.891251981258392334e-02
3.300481289625167847e-02
2.844130620360374451e-02
3.088951110839843750e-02
2.530148252844810486e-02
2.273733541369438171e-02
2.492235042154788971e-02
2.822335623204708099e-02
2.726130746304988861e-02
2.699027955532073975e-02
2.875593677163124084e-02
2.055888436734676361e-02
2.982487529516220093e-02
2.993689104914665222e-02
3.052346035838127136e-02
2.859085053205490112e-02
3.108581528067588806e-02
2.041305974125862122e-02
3.660138696432113647e-02
3.576393425464630127e-02
2.254373207688331604e-02
3.912563249468803406e-02
4.140837490558624268e-02
4.647782444953918457e-02
3.939756006002426147e-02
2.914739400148391724e-02
3.009987808763980865e-02
3.650559484958648682e-02
3.957816213369369507e-02
1.035454403609037399e-02
3.529625385999679565e-02
3.542707115411758423e-02
3.729535639286041260e-02
3.311787545680999756e-02
3.562013804912567139e-02
3.110374882817268372e-02
2.700461819767951965e-02
2.937945909798145294e-02
1.182767190039157867e-02
1.252493821084499359e-02
1.513812318444252014e-02
1.641883887350559235e-02
1.456415280699729919e-02
1.609402894973754883e-02
1.649387367069721222e-02
1.821856200695037842e-02
1.842270791530609131e-02
1.916618086397647858e-02
1.844345033168792725e-02
2.043162100017070770e-02
2.124080993235111237e-02
2.909314632415771484e-02
2.739017084240913391e-02
3.112248331308364868e-02
2.778302878141403198e-02
3.025598451495170593e-02
3.313933312892913818e-02
2.177843451499938965e-02
3.610330075025558472e-02
3.586624190211296082e-02
3.634540736675262451e-02
3.549290820956230164e-02
3.172111511230468750e-02
2.853181213140487671e-02
3.707863390445709229e-02
2.903239615261554718e-02
3.662628307938575745e-02
2.774493955075740814e-02
2.547804079949855804e-02
2.952432446181774139e-02
1.744903251528739929e-02
1.621841080486774445e-02
1.392626110464334488e-02
1.651712320744991302e-02
1.466233655810356140e-02
1.598976738750934601e-02
1.638882234692573547e-02
1.974066719412803650e-02
1.594231277704238892e-02
2.158188261091709137e-02
2.525727078318595886e-02
2.321868576109409332e-02
2.191211283206939697e-02
1.854784227907657623e-02
2.089128457009792328e-02
2.497223019599914551e-02
2.594147063791751862e-02
2.377349883317947388e-02
2.358413115143775940e-02
2.876905538141727448e-02
3.492859005928039551e-02
3.455496579408645630e-02
3.381711244583129883e-02
1.732427254319190979e-02
3.589910641312599182e-02
3.368402272462844849e-02
3.309856355190277100e-02
3.280927240848541260e-02
2.819345332682132721e-02
3.172630071640014648e-02
2.582413330674171448e-02
1.951975934207439423e-02
2.523225173354148865e-02
1.829223148524761200e-02
2.319462597370147705e-02
1.945246569812297821e-02
2.602223306894302368e-02
2.616884745657444000e-02
2.008086070418357849e-02
2.417835965752601624e-02
2.631362341344356537e-02
2.551201358437538147e-02
2.886922843754291534e-02
2.932019159197807312e-02
3.269215300679206848e-02
3.547090291976928711e-02
3.245882689952850342e-02
3.510335832834243774e-02
3.424214944243431091e-02
3.577153757214546204e-02
3.917506337165832520e-02
4.054247587919235229e-02
4.404075443744659424e-02
4.506937414407730103e-02
4.754150658845901489e-02
4.652684181928634644e-02
1.518282666802406311e-02
4.127051308751106262e-02
3.672008216381072998e-02
4.225794225931167603e-02
3.688152879476547241e-02
3.568366914987564087e-02
3.014853224158287048e-02
3.462178260087966919e-02
1.709944382309913635e-02
2.134316042065620422e-02
1.607102528214454651e-02
2.019805461168289185e-02
2.083894796669483185e-02
2.154801785945892334e-02
2.084815129637718201e-02
2.916182018816471100e-02
2.027521654963493347e-02
2.855833806097507477e-02
2.836371399462223053e-02
3.342589735984802246e-02
2.800871059298515320e-02
3.038865514099597931e-02
3.764741122722625732e-02
2.732987888157367706e-02
4.004858434200286865e-02
2.276776731014251709e-02
4.155450686812400818e-02
2.876098081469535828e-02
2.852841839194297791e-02
4.750774428248405457e-02
4.902230948209762573e-02
4.742015153169631958e-02
4.195718839764595032e-02
3.912901133298873901e-02
4.070821404457092285e-02
3.615968301892280579e-02
3.907957673072814941e-02
3.311624377965927124e-02
2.275129780173301697e-02
3.008767217397689819e-02
2.352105639874935150e-02
2.627980709075927734e-02
2.925099246203899384e-02
2.551330998539924622e-02
3.106526844203472137e-02
2.964271977543830872e-02
3.310490772128105164e-02
2.734472602605819702e-02
3.229515254497528076e-02
2.672176435589790344e-02
3.520496934652328491e-02
2.728131040930747986e-02
3.100743889808654785e-02
3.220760077238082886e-02
3.167661279439926147e-02
2.127337083220481873e-02
3.413661569356918335e-02
3.183390200138092041e-02
3.531080484390258789e-02
3.757393360137939453e-02
3.576756268739700317e-02
3.591654449701309204e-02
3.583744913339614868e-02
3.361278027296066284e-02
1.194280944764614105e-02
3.367083147168159485e-02
2.970132790505886078e-02
3.088264167308807373e-02
2.801570110023021698e-02
2.337743341922760010e-02
2.502283826470375061e-02
2.233220636844635010e-02
2.191125601530075073e-02
2.752436324954032898e-02
3.086925670504570007e-02
2.799487859010696411e-02
3.105596639215946198e-02
3.029690310359001160e-02
2.725887298583984375e-02
2.769171446561813354e-02
3.084671124815940857e-02
2.724211663007736206e-02
3.413579240441322327e-02
2.802620083093643188e-02
3.152743354439735413e-02
3.460627794265747070e-02
3.587276861071586609e-02
3.518412634730339050e-02
3.251124173402786255e-02
3.686537593603134155e-02
3.518687188625335693e-02
1.861446350812911987e-02
3.387904912233352661e-02
3.330993279814720154e-02
3.730800747871398926e-02
3.337740153074264526e-02
4.157656431198120117e-02
3.148302435874938965e-02
3.009795397520065308e-02
2.673904970288276672e-02
2.457073330879211426e-02
2.666717581450939178e-02
1.847268082201480865e-02
2.120371162891387939e-02
