<system>Protocol: Active. Attitude: Sassy.</system>
2.365478500723838806e-02
3.069041296839714050e-02
2.518779225647449493e-02
3.190070763230323792e-02
2.392657287418842316e-02
2.120105922222137451e-02
3.843307495117187500e-02
2.636970952153205872e-02
3.568405658006668091e-02
2.709628269076347351e-02
4.528402909636497498e-02
3.483718261122703552e-02
4.249347001314163208e-02
3.501731157302856445e-02
5.019742995500564575e-02
4.547983407974243164e-02
4.681957140564918518e-02
4.460912197828292847e-02
4.824621602892875671e-02
2.105138078331947327e-02
4.937298223376274109e-02
4.786378517746925354e-02
4.835879802703857422e-02
4.817643016576766968e-02
1.330507174134254456e-02
4.743284732103347778e-02
4.820894822478294373e-02
4.612207412719726562e-02
5.056370422244071960e-02
4.832850396633148193e-02
4.733548313379287720e-02
4.777386784553527832e-02
2.660964429378509521e-02
2.574400976300239563e-02
1.816501095890998840e-02
2.899008058011531830e-02
2.424542605876922607e-02
3.110042586922645569e-02
3.448922932147979736e-02
2.735654823482036591e-02
4.127287864685058594e-02
3.030411154031753540e-02
4.287204146385192871e-02
2.993143722414970398e-02
4.640258476138114929e-02
3.044341318309307098e-02
4.339085891842842102e-02
4.554654657840728760e-02
4.699887335300445557e-02
4.216934740543365479e-02
4.864245653152465820e-02
5.155640468001365662e-02
4.905404895544052124e-02
5.145489796996116638e-02
4.808118939399719238e-02
4.816971719264984131e-02
3.769255056977272034e-02
4.649884998798370361e-02
4.857175424695014954e-02
4.781036078929901123e-02
4.877869039773941040e-02
4.905884340405464172e-02
4.893592372536659241e-02
4.651262238621711731e-02
1.671955548226833344e-02
1.651536673307418823e-02
1.496049761772155762e-02
1.360609568655490875e-02
1.449625473469495773e-02
1.113389153033494949e-02
1.006101071834564209e-02
9.962674230337142944e-03
1.041829679161310196e-02
1.306703686714172363e-02
1.576466858386993408e-02
1.265818253159523010e-02
1.353122666478157043e-02
1.683747209608554840e-02
1.692289113998413086e-02
1.658478751778602600e-02
3.881278634071350098e-02
3.718879073858261108e-02
3.038490563631057739e-02
3.978301957249641418e-02
3.257774561643600464e-02
3.871154785156250000e-02
3.722066432237625122e-02
4.053542762994766235e-02
3.663031011819839478e-02
3.696263208985328674e-02
3.589823096990585327e-02
3.551942855119705200e-02
3.272593021392822266e-02
2.747433073818683624e-02
3.386127576231956482e-02
3.399395197629928589e-02
1.892899535596370697e-02
1.570485718548297882e-02
1.603467762470245361e-02
1.565582863986492157e-02
1.365463715046644211e-02
1.387386675924062729e-02
1.221429556608200073e-02
1.143789943307638168e-02
1.087525580078363419e-02
1.618403755128383636e-02
1.449694391340017319e-02
1.486579515039920807e-02
1.516029052436351776e-02
1.699874550104141235e-02
1.642667874693870544e-02
1.889043301343917847e-02
3.995621204376220703e-02
3.488587588071823120e-02
2.752560377120971680e-02
3.851797059178352356e-02
3.162607550621032715e-02
3.872425109148025513e-02
3.761358931660652161e-02
3.919842094182968140e-02
4.270954057574272156e-02
3.825985640287399292e-02
3.832714259624481201e-02
3.577915579080581665e-02
3.539825975894927979e-02
3.331582993268966675e-02
2.900039404630661011e-02
2.777464874088764191e-02
2.362739853560924530e-02
2.730272151529788971e-02
2.906980179250240326e-02
3.226068615913391113e-02
3.350814431905746460e-02
3.216687962412834167e-02
4.057259485125541687e-02
3.308434784412384033e-02
2.985222265124320984e-02
3.792403638362884521e-02
3.209914639592170715e-02
4.090040177106857300e-02
2.286434173583984375e-02
4.386607930064201355e-02
4.669509828090667725e-02
3.817003220319747925e-02
4.283133521676063538e-02
4.057959839701652527e-02
4.747934639453887939e-02
1.319406740367412567e-02
4.609641432762145996e-02
4.079300910234451294e-02
4.194151610136032104e-02
1.012278255075216293e-02
5.554372444748878479e-02
5.232945829629898071e-02
4.899397492408752441e-02
5.731424316763877869e-02
5.432415381073951721e-02
3.871322423219680786e-02
5.101301521062850952e-02
1.985310390591621399e-02
2.093200758099555969e-02
1.897525787353515625e-02
2.629591524600982666e-02
1.733346469700336456e-02
3.951588645577430725e-02
1.989738829433917999e-02
3.571168333292007446e-02
3.675018623471260071e-02
1.825642958283424377e-02
4.018986225128173828e-02
2.722552791237831116e-02
4.071323946118354797e-02
2.091230452060699463e-02
4.317400604486465454e-02
4.529040306806564331e-02
3.785165026783943176e-02
4.256910830736160278e-02
4.299553483724594116e-02
4.876555502414703369e-02
3.381498157978057861e-02
4.964939504861831665e-02
2.953615225851535797e-02
4.487157240509986877e-02
4.085855185985565186e-02
5.397686362266540527e-02
5.611583217978477478e-02
4.904751479625701904e-02
4.038679227232933044e-02
5.902074277400970459e-02
1.973650790750980377e-02
3.722794353961944580e-02
3.761131316423416138e-02
2.820193022489547729e-02
3.358317911624908447e-02
3.555710613727569580e-02
2.522946521639823914e-02
2.856258489191532135e-02
3.350312262773513794e-02
2.755906060338020325e-02
2.600609511137008667e-02
4.084749519824981689e-02
2.370996214449405670e-02
3.617163375020027161e-02
3.292671218514442444e-02
4.095278680324554443e-02
2.788032963871955872e-02
3.857317194342613220e-02
4.190552234649658203e-02
4.125170409679412842e-02
4.626634716987609863e-02
4.332755506038665771e-02
4.216803982853889465e-02
4.244242236018180847e-02
4.394712671637535095e-02
4.514244571328163147e-02
4.632817208766937256e-02
4.306858405470848083e-02
1.289007626473903656e-02
4.593203589320182800e-02
4.612606018781661987e-02
4.068198055028915405e-02
4.506956040859222412e-02
4.093851894140243530e-02
4.518067091703414917e-02
2.940581925213336945e-02
3.192252665758132935e-02
2.729326486587524414e-02
3.288315981626510620e-02
2.870877459645271301e-02
3.824573755264282227e-02
2.646687254309654236e-02
2.879771590232849121e-02
3.564652055501937866e-02
2.753238752484321594e-02
4.009744524955749512e-02
2.296897768974304199e-02
4.231077432632446289e-02
3.741635382175445557e-02
3.471717983484268188e-02
4.051034897565841675e-02
4.352486133575439453e-02
1.945293135941028595e-02
3.706210851669311523e-02
4.158398509025573730e-02
4.501727223396301270e-02
4.523308947682380676e-02
1.463331375271081924e-02
4.502341151237487793e-02
4.419285058975219727e-02
3.295248374342918396e-02
5.027890950441360474e-02
4.944180697202682495e-02
4.740136861801147461e-02
4.417799413204193115e-02
4.429401457309722900e-02
4.661412164568901062e-02
