<system>Protocol: Active. Attitude: Sassy.</system>
3.207552060484886169e-02
3.828721866011619568e-02
4.198623821139335632e-02
3.562974929809570312e-02
3.888257592916488647e-02
3.846550360321998596e-02
4.262064397335052490e-02
3.655235841870307922e-02
3.829085081815719604e-02
3.413122892379760742e-02
3.788949176669120789e-02
3.617813065648078918e-02
3.955623880028724670e-02
3.587929159402847290e-02
3.545030951499938965e-02
4.688940569758415222e-02
3.249356523156166077e-02
3.273942694067955017e-02
3.478374704718589783e-02
3.432545438408851624e-02
3.209993243217468262e-02
3.321111202239990234e-02
3.100473247468471527e-02
3.554434701800346375e-02
3.307924047112464905e-02
4.102753847837448120e-02
2.988502196967601776e-02
3.779423236846923828e-02
4.301650077104568481e-02
3.708695992827415466e-02
3.687576204538345337e-02
4.205547273159027100e-02
