<system>Protocol: Active. Attitude: Sassy.</system>
8.435182571411132812e-01
7.722187638282775879e-01
7.138522863388061523e-01
7.127523422241210938e-01
7.026059627532958984e-01
8.101739883422851562e-01
7.425550222396850586e-01
7.402036786079406738e-01
7.454878091812133789e-01
8.416225314140319824e-01
8.534472584724426270e-01
7.793834209442138672e-01
8.769011497497558594e-01
8.070584535598754883e-01
8.531115055084228516e-01
8.179724216461181641e-01
7.959060668945312500e-01
8.158577680587768555e-01
8.948319554328918457e-01
7.441077232360839844e-01
8.265025615692138672e-01
9.355958104133605957e-01
8.586894273757934570e-01
1.061089515686035156e+00
8.452321290969848633e-01
7.969512939453125000e-01
7.827488183975219727e-01
8.255528211593627930e-01
7.313681840896606445e-01
8.887395262718200684e-01
8.281434774398803711e-01
8.400275707244873047e-01
7.148122191429138184e-01
8.383550643920898438e-01
7.983849048614501953e-01
7.888156175613403320e-01
8.430893421173095703e-01
7.897771596908569336e-01
8.086465001106262207e-01
8.726385235786437988e-01
8.559418916702270508e-01
8.626949787139892578e-01
7.350006103515625000e-01
7.297849059104919434e-01
8.627736568450927734e-01
6.843811869621276855e-01
8.020298480987548828e-01
8.347879648208618164e-01
8.565894365310668945e-01
8.515683412551879883e-01
6.867169141769409180e-01
7.780788540840148926e-01
7.552968263626098633e-01
7.527865767478942871e-01
8.510869145393371582e-01
7.464358806610107422e-01
7.895321846008300781e-01
7.753475904464721680e-01
7.994403839111328125e-01
8.157272338867187500e-01
8.646200895309448242e-01
8.250405192375183105e-01
7.341344952583312988e-01
7.720478177070617676e-01
