<system>Protocol: Active. Attitude: Sassy.</system>
5.496084690093994141e-02
5.441683530807495117e-02
6.661523133516311646e-02
6.587231159210205078e-02
6.167496740818023682e-02
5.631686374545097351e-02
6.798458099365234375e-02
4.950081184506416321e-02
6.051041930913925171e-02
5.337387695908546448e-02
5.998639762401580811e-02
6.012080237269401550e-02
5.772506073117256165e-02
4.881092160940170288e-02
5.634172260761260986e-02
5.423346534371376038e-02
5.717885121703147888e-02
6.175006181001663208e-02
5.807639658451080322e-02
6.164044886827468872e-02
6.099173054099082947e-02
5.425997450947761536e-02
5.398415029048919678e-02
4.831923916935920715e-02
6.521779298782348633e-02
5.911824479699134827e-02
5.992379039525985718e-02
5.550600588321685791e-02
6.194400787353515625e-02
5.625538527965545654e-02
5.956698209047317505e-02
6.313868612051010132e-02
6.013869121670722961e-02
6.198934465646743774e-02
4.952070116996765137e-02
5.745662748813629150e-02
6.102890521287918091e-02
5.129010230302810669e-02
6.722700595855712891e-02
5.549483746290206909e-02
5.565869808197021484e-02
5.981047451496124268e-02
6.171035394072532654e-02
5.268293619155883789e-02
5.702822655439376831e-02
5.739711970090866089e-02
6.532124429941177368e-02
6.289184093475341797e-02
5.904553085565567017e-02
5.337101221084594727e-02
5.734807252883911133e-02
5.427119880914688110e-02
5.785423517227172852e-02
5.974429845809936523e-02
5.513969436287879944e-02
4.687579721212387085e-02
6.349319964647293091e-02
5.953630432486534119e-02
6.011351570487022400e-02
5.233253538608551025e-02
7.039168477058410645e-02
6.067390739917755127e-02
4.990343376994132996e-02
6.530086696147918701e-02
5.243855342268943787e-02
5.513829737901687622e-02
6.854888796806335449e-02
5.902789533138275146e-02
6.024357676506042480e-02
5.014847964048385620e-02
5.433009192347526550e-02
6.812560558319091797e-02
6.104615330696105957e-02
5.353658646345138550e-02
5.739096552133560181e-02
5.043489485979080200e-02
5.588054284453392029e-02
4.673803597688674927e-02
5.844518542289733887e-02
6.119640171527862549e-02
5.821865797042846680e-02
5.491299927234649658e-02
6.357035785913467407e-02
4.943819716572761536e-02
5.177441239356994629e-02
5.988094955682754517e-02
5.191511660814285278e-02
5.629853904247283936e-02
5.448839813470840454e-02
6.012324988842010498e-02
6.054061651229858398e-02
5.183409154415130615e-02
6.161231920123100281e-02
6.233104318380355835e-02
4.810720309615135193e-02
5.742839351296424866e-02
6.050732731819152832e-02
5.824027955532073975e-02
5.849566310644149780e-02
5.070540308952331543e-02
6.551268696784973145e-02
6.095071882009506226e-02
6.097928062081336975e-02
5.657229200005531311e-02
5.853060260415077209e-02
5.277127027511596680e-02
5.102954059839248657e-02
6.219747290015220642e-02
5.604486539959907532e-02
5.733656883239746094e-02
5.455251410603523254e-02
5.415455251932144165e-02
6.393599510192871094e-02
5.110077559947967529e-02
5.277422070503234863e-02
6.528563052415847778e-02
6.027597188949584961e-02
6.193083524703979492e-02
5.392433702945709229e-02
6.537117063999176025e-02
5.589991062879562378e-02
5.123817920684814453e-02
5.899897962808609009e-02
6.041417270898818970e-02
5.175741016864776611e-02
5.888163298368453979e-02
5.627446249127388000e-02
6.125565990805625916e-02
6.887991726398468018e-02
6.832678616046905518e-02
6.262044608592987061e-02
5.471982434391975403e-02
5.230198800563812256e-02
4.980172216892242432e-02
6.246623396873474121e-02
4.943868145346641541e-02
6.132952868938446045e-02
5.549746006727218628e-02
5.358226969838142395e-02
5.161493644118309021e-02
6.090654060244560242e-02
5.806095153093338013e-02
6.029729545116424561e-02
5.199979990720748901e-02
6.503903865814208984e-02
4.329698532819747925e-02
5.752940475940704346e-02
6.070809811353683472e-02
5.632194876670837402e-02
5.660537630319595337e-02
5.404069647192955017e-02
5.564335361123085022e-02
5.683538317680358887e-02
6.111129373311996460e-02
5.404429137706756592e-02
5.730212107300758362e-02
5.398733168840408325e-02
5.349399894475936890e-02
5.739131569862365723e-02
5.696477741003036499e-02
5.473970621824264526e-02
5.658678710460662842e-02
6.688130646944046021e-02
4.865707457065582275e-02
6.262406706809997559e-02
5.631007626652717590e-02
5.602760612964630127e-02
5.909093841910362244e-02
4.972456395626068115e-02
5.423008278012275696e-02
6.219619140028953552e-02
6.181528419256210327e-02
5.455056950449943542e-02
5.971968919038772583e-02
5.726478248834609985e-02
5.658314377069473267e-02
5.623513087630271912e-02
5.746816843748092651e-02
5.958170443773269653e-02
5.935259163379669189e-02
5.440853163599967957e-02
5.909833684563636780e-02
6.303301453590393066e-02
5.604701116681098938e-02
6.620923429727554321e-02
6.112583726644515991e-02
6.849676370620727539e-02
5.996231734752655029e-02
5.882363393902778625e-02
6.396932899951934814e-02
6.084583699703216553e-02
5.700995028018951416e-02
6.183905154466629028e-02
5.951467156410217285e-02
6.202136725187301636e-02
5.069630593061447144e-02
6.021483987569808960e-02
5.742258578538894653e-02
4.566206037998199463e-02
6.383049488067626953e-02
5.053437501192092896e-02
5.760732665657997131e-02
5.146926641464233398e-02
5.296212062239646912e-02
5.473716557025909424e-02
4.812557995319366455e-02
5.899842828512191772e-02
5.554702877998352051e-02
5.324156582355499268e-02
6.078412011265754700e-02
5.442010611295700073e-02
5.537103116512298584e-02
5.862272903323173523e-02
4.915871471166610718e-02
5.284026265144348145e-02
5.816417559981346130e-02
6.385830044746398926e-02
5.682130903005599976e-02
6.196994334459304810e-02
7.304249703884124756e-02
5.760203301906585693e-02
7.450038194656372070e-02
5.563966184854507446e-02
5.963686481118202209e-02
5.877228081226348877e-02
5.277518928050994873e-02
6.296224892139434814e-02
5.826254934072494507e-02
6.133284419775009155e-02
6.353639066219329834e-02
6.169489026069641113e-02
5.972225964069366455e-02
5.154752731323242188e-02
4.933612793684005737e-02
5.992469191551208496e-02
6.187130138278007507e-02
5.565489828586578369e-02
6.603337079286575317e-02
6.670268625020980835e-02
5.903314799070358276e-02
5.077726021409034729e-02
5.822483822703361511e-02
5.821071565151214600e-02
6.358046829700469971e-02
5.479747802019119263e-02
6.042215228080749512e-02
6.135288253426551819e-02
6.151397526264190674e-02
5.855575948953628540e-02
5.429724231362342834e-02
6.025050580501556396e-02
5.628864467144012451e-02
5.997752770781517029e-02
4.928327351808547974e-02
6.423771381378173828e-02
5.399946495890617371e-02
6.307171285152435303e-02
6.540378183126449585e-02
5.931463465094566345e-02
5.090279132127761841e-02
5.689764767885208130e-02
6.272324919700622559e-02
6.096601113677024841e-02
6.731928139925003052e-02
4.556032642722129822e-02
5.932361632585525513e-02
6.692241132259368896e-02
5.915668979287147522e-02
5.081154406070709229e-02
5.268349125981330872e-02
5.686961486935615540e-02
6.063929945230484009e-02
5.670597031712532043e-02
5.867476761341094971e-02
5.749417096376419067e-02
5.963690578937530518e-02
4.907313734292984009e-02
5.803775787353515625e-02
5.981476977467536926e-02
6.572694331407546997e-02
6.259114295244216919e-02
5.481299757957458496e-02
6.039887666702270508e-02
6.089608371257781982e-02
5.938488990068435669e-02
4.841060936450958252e-02
5.747577548027038574e-02
5.759746953845024109e-02
4.940238595008850098e-02
5.461741238832473755e-02
5.857668071985244751e-02
5.860664322972297668e-02
4.951164871454238892e-02
5.454358831048011780e-02
6.159258633852005005e-02
5.775090679526329041e-02
5.863910913467407227e-02
5.793012678623199463e-02
5.889136716723442078e-02
5.733998119831085205e-02
5.937945842742919922e-02
5.284269899129867554e-02
5.742088332772254944e-02
5.591692030429840088e-02
6.234275549650192261e-02
5.283199250698089600e-02
6.673764437437057495e-02
5.613370239734649658e-02
6.228334456682205200e-02
5.943869799375534058e-02
5.350925773382186890e-02
6.091600283980369568e-02
5.632843077182769775e-02
6.444646418094635010e-02
6.308101862668991089e-02
6.234453618526458740e-02
5.530758202075958252e-02
5.451729521155357361e-02
5.246055126190185547e-02
6.055431813001632690e-02
5.544593930244445801e-02
5.951023846864700317e-02
6.244831904768943787e-02
6.730291992425918579e-02
5.680620297789573669e-02
5.678174272179603577e-02
5.415537953376770020e-02
5.866891145706176758e-02
6.437443196773529053e-02
6.136209517717361450e-02
5.236748978495597839e-02
5.457661673426628113e-02
5.615749582648277283e-02
5.662571638822555542e-02
5.390611290931701660e-02
5.843327194452285767e-02
6.098483875393867493e-02
5.098632723093032837e-02
5.654117092490196228e-02
6.124575436115264893e-02
6.297491490840911865e-02
6.624455749988555908e-02
6.078991293907165527e-02
5.371966212987899780e-02
6.124053150415420532e-02
5.512968450784683228e-02
5.660860240459442139e-02
5.786792933940887451e-02
5.880921706557273865e-02
6.138486415147781372e-02
5.367767810821533203e-02
6.218455731868743896e-02
6.065911799669265747e-02
5.687359720468521118e-02
6.208623945713043213e-02
6.605537235736846924e-02
5.254131555557250977e-02
5.574492365121841431e-02
5.951841175556182861e-02
6.418190896511077881e-02
6.322640180587768555e-02
5.269311368465423584e-02
5.923216789960861206e-02
5.854944139719009399e-02
5.935111269354820251e-02
6.059004738926887512e-02
5.511312931776046753e-02
5.553592741489410400e-02
5.152060091495513916e-02
5.930998921394348145e-02
5.645244941115379333e-02
5.904839187860488892e-02
5.689353123307228088e-02
5.599744617938995361e-02
5.851970613002777100e-02
6.149166077375411987e-02
5.769345909357070923e-02
5.020102486014366150e-02
6.183938682079315186e-02
5.614119395613670349e-02
4.350887238979339600e-02
5.244062840938568115e-02
6.763857603073120117e-02
6.093458458781242371e-02
5.666762590408325195e-02
5.025403201580047607e-02
5.438637733459472656e-02
5.547829344868659973e-02
6.251479685306549072e-02
5.669735744595527649e-02
5.656309425830841064e-02
5.617537721991539001e-02
6.058576703071594238e-02
5.317594110965728760e-02
5.511957779526710510e-02
6.059999391436576843e-02
5.308865755796432495e-02
6.418825685977935791e-02
5.333086475729942322e-02
5.215697735548019409e-02
6.023044139146804810e-02
6.150016188621520996e-02
5.601078271865844727e-02
5.416799336671829224e-02
6.327741593122482300e-02
5.074378475546836853e-02
5.220893025398254395e-02
5.971577763557434082e-02
5.050893872976303101e-02
6.625095754861831665e-02
6.008455902338027954e-02
6.752975285053253174e-02
5.729312449693679810e-02
5.932556465268135071e-02
5.021260306239128113e-02
4.953661933541297913e-02
6.145206838846206665e-02
4.445151984691619873e-02
5.629131197929382324e-02
5.266483500599861145e-02
5.769903212785720825e-02
4.466487467288970947e-02
5.341619253158569336e-02
5.468424037098884583e-02
5.529059097170829773e-02
5.431278795003890991e-02
5.911651253700256348e-02
6.024363264441490173e-02
5.703530833125114441e-02
5.512093752622604370e-02
6.520153582096099854e-02
5.444317311048507690e-02
5.987571179866790771e-02
6.245392188429832458e-02
5.976703390479087830e-02
5.331568419933319092e-02
6.577549129724502563e-02
4.775691777467727661e-02
5.552090704441070557e-02
5.951351672410964966e-02
6.427100300788879395e-02
5.869313329458236694e-02
5.337302759289741516e-02
5.553184449672698975e-02
5.200617387890815735e-02
5.852322280406951904e-02
5.750767886638641357e-02
6.153751909732818604e-02
5.711416155099868774e-02
5.695432424545288086e-02
6.319868564605712891e-02
5.566182732582092285e-02
6.333387643098831177e-02
6.039936840534210205e-02
5.694954842329025269e-02
5.683793872594833374e-02
5.778497457504272461e-02
6.389962881803512573e-02
5.437727272510528564e-02
6.284221261739730835e-02
5.726246535778045654e-02
5.471021682024002075e-02
5.884299054741859436e-02
6.188766658306121826e-02
5.658278241753578186e-02
6.039102375507354736e-02
5.384880304336547852e-02
6.471566110849380493e-02
5.353187397122383118e-02
7.234661281108856201e-02
5.581887066364288330e-02
5.716792866587638855e-02
5.895862355828285217e-02
5.181305482983589172e-02
6.019896641373634338e-02
5.997935682535171509e-02
5.508979782462120056e-02
5.806970596313476562e-02
5.672729760408401489e-02
5.861238762736320496e-02
6.248894333839416504e-02
6.004512682557106018e-02
6.057735532522201538e-02
5.618031695485115051e-02
6.317558884620666504e-02
5.590771511197090149e-02
5.949813127517700195e-02
5.772895365953445435e-02
5.733416229486465454e-02
5.991135537624359131e-02
5.637118220329284668e-02
5.582166090607643127e-02
5.430697277188301086e-02
6.012955680489540100e-02
5.935171991586685181e-02
5.154314637184143066e-02
5.966129153966903687e-02
5.998954176902770996e-02
5.612115561962127686e-02
5.431028082966804504e-02
5.959288030862808228e-02
5.415081977844238281e-02
5.147492140531539917e-02
5.654731020331382751e-02
5.366029962897300720e-02
5.984247475862503052e-02
5.486147850751876831e-02
6.293550133705139160e-02
6.200916320085525513e-02
5.651951953768730164e-02
6.275818496942520142e-02
5.647622048854827881e-02
5.062174797058105469e-02
5.529893189668655396e-02
6.049180030822753906e-02
5.727742612361907959e-02
5.590151995420455933e-02
6.102338433265686035e-02
6.282001733779907227e-02
5.734943598508834839e-02
6.181316822767257690e-02
6.691225618124008179e-02
5.499359592795372009e-02
5.775669217109680176e-02
5.752271041274070740e-02
5.438235774636268616e-02
4.716127738356590271e-02
6.133418530225753784e-02
5.636715143918991089e-02
6.031842902302742004e-02
5.712936446070671082e-02
5.729947239160537720e-02
6.505718827247619629e-02
5.974458903074264526e-02
6.245074421167373657e-02
6.214898452162742615e-02
5.834952369332313538e-02
5.691458657383918762e-02
5.300352722406387329e-02
5.999255552887916565e-02
5.602977424860000610e-02
6.009592115879058838e-02
5.869801342487335205e-02
6.514635682106018066e-02
5.910083651542663574e-02
6.127953901886940002e-02
6.357454508543014526e-02
5.614733323454856873e-02
5.212928354740142822e-02
6.124083325266838074e-02
5.888698250055313110e-02
5.467922240495681763e-02
5.976174026727676392e-02
5.797491222620010376e-02
6.164027377963066101e-02
5.360261350870132446e-02
6.101731956005096436e-02
6.216205656528472900e-02
5.060196667909622192e-02
5.751207470893859863e-02
5.910121276974678040e-02
5.525180697441101074e-02
4.899122938513755798e-02
5.813977122306823730e-02
5.442749336361885071e-02
5.849917978048324585e-02
5.900291353464126587e-02
6.171854212880134583e-02
5.409942194819450378e-02
6.048905476927757263e-02
6.276506930589675903e-02
5.929119139909744263e-02
5.804455280303955078e-02
5.097289755940437317e-02
6.418654322624206543e-02
5.501585081219673157e-02
5.545600876212120056e-02
5.827420949935913086e-02
5.738612636923789978e-02
6.292228400707244873e-02
5.762023478746414185e-02
6.083255261182785034e-02
6.314513832330703735e-02
5.323928594589233398e-02
5.756284296512603760e-02
5.930864065885543823e-02
6.184467300772666931e-02
5.962554737925529480e-02
5.581986159086227417e-02
5.742245912551879883e-02
4.874494671821594238e-02
6.439418345689773560e-02
5.404901504516601562e-02
5.884006991982460022e-02
6.678164750337600708e-02
5.938797071576118469e-02
6.238877773284912109e-02
5.562870949506759644e-02
5.153027921915054321e-02
6.323716044425964355e-02
5.628183484077453613e-02
5.251863971352577209e-02
5.799038335680961609e-02
6.066248565912246704e-02
5.603954195976257324e-02
6.384608894586563110e-02
5.503481999039649963e-02
6.527278572320938110e-02
5.488309264183044434e-02
5.167182534933090210e-02
5.240504816174507141e-02
5.532680824398994446e-02
6.096162647008895874e-02
4.904159158468246460e-02
6.333072483539581299e-02
4.641344770789146423e-02
5.655524879693984985e-02
5.656377226114273071e-02
5.191376805305480957e-02
5.568364635109901428e-02
6.428546458482742310e-02
6.094407662749290466e-02
5.994642153382301331e-02
5.623292177915573120e-02
6.318061798810958862e-02
6.397492438554763794e-02
5.854061990976333618e-02
5.753694474697113037e-02
5.794108659029006958e-02
6.676328182220458984e-02
6.271511316299438477e-02
5.894727259874343872e-02
6.010602414608001709e-02
5.926028639078140259e-02
6.187528371810913086e-02
6.000486761331558228e-02
5.494766682386398315e-02
5.019516497850418091e-02
5.917330831289291382e-02
5.987482145428657532e-02
5.585522204637527466e-02
5.945686250925064087e-02
5.536833405494689941e-02
6.056707724928855896e-02
5.488298833370208740e-02
6.260830909013748169e-02
6.048501282930374146e-02
6.105335801839828491e-02
4.881295561790466309e-02
5.969732254743576050e-02
5.985502898693084717e-02
5.686663836240768433e-02
6.082160025835037231e-02
5.760461464524269104e-02
5.947133898735046387e-02
6.465735286474227905e-02
6.241910904645919800e-02
5.624703317880630493e-02
6.084951758384704590e-02
5.607651919126510620e-02
5.775300040841102600e-02
5.945158377289772034e-02
5.623359233140945435e-02
6.484758853912353516e-02
6.526120007038116455e-02
7.000786066055297852e-02
6.124099716544151306e-02
5.553492158651351929e-02
6.074599549174308777e-02
5.535319447517395020e-02
5.994146689772605896e-02
5.763471499085426331e-02
5.925954133272171021e-02
5.030412971973419189e-02
6.227381154894828796e-02
5.806574970483779907e-02
5.460264533758163452e-02
5.375561118125915527e-02
5.865960195660591125e-02
6.658054888248443604e-02
5.378892272710800171e-02
5.340659245848655701e-02
6.034098565578460693e-02
5.429825559258460999e-02
5.389946699142456055e-02
5.592632666230201721e-02
5.872829258441925049e-02
5.891454219818115234e-02
5.872152745723724365e-02
5.696146562695503235e-02
5.081072449684143066e-02
6.173674762248992920e-02
5.210231989622116089e-02
5.520893260836601257e-02
5.311547219753265381e-02
6.449788808822631836e-02
5.954011157155036926e-02
5.218704789876937866e-02
5.544726178050041199e-02
6.391437351703643799e-02
5.062307044863700867e-02
5.443585664033889771e-02
5.375256761908531189e-02
5.351284891366958618e-02
5.345249176025390625e-02
5.187045037746429443e-02
5.662133544683456421e-02
5.639988929033279419e-02
5.975834280252456665e-02
5.429558455944061279e-02
5.632934719324111938e-02
5.734944343566894531e-02
5.688276141881942749e-02
6.198228523135185242e-02
5.571416765451431274e-02
6.036007776856422424e-02
5.577795580029487610e-02
5.458573997020721436e-02
5.615237727761268616e-02
6.226344406604766846e-02
6.432589143514633179e-02
5.969925224781036377e-02
6.176427006721496582e-02
5.424495786428451538e-02
6.084831058979034424e-02
5.511256307363510132e-02
5.354957655072212219e-02
6.075244396924972534e-02
5.693370103836059570e-02
6.212896853685379028e-02
6.565694510936737061e-02
6.632211804389953613e-02
5.534534901380538940e-02
5.639691650867462158e-02
6.148865818977355957e-02
5.696472153067588806e-02
6.501839309930801392e-02
4.846766591072082520e-02
5.290304496884346008e-02
5.960080027580261230e-02
5.462840571999549866e-02
5.660948902368545532e-02
6.314159929752349854e-02
5.637740343809127808e-02
5.871142446994781494e-02
6.371226906776428223e-02
5.224550515413284302e-02
5.427783727645874023e-02
5.390154570341110229e-02
5.527987331151962280e-02
4.450628906488418579e-02
6.440946459770202637e-02
5.252227932214736938e-02
5.763008445501327515e-02
5.581576004624366760e-02
6.454665958881378174e-02
5.462021380662918091e-02
5.775157362222671509e-02
5.527465790510177612e-02
5.670000985264778137e-02
5.597274005413055420e-02
6.079928576946258545e-02
5.470842868089675903e-02
5.031081289052963257e-02
5.512472987174987793e-02
5.872245132923126221e-02
5.476555228233337402e-02
5.765677988529205322e-02
5.598455667495727539e-02
5.838816612958908081e-02
5.269155651330947876e-02
6.028134748339653015e-02
5.845888704061508179e-02
5.471459776163101196e-02
5.110413208603858948e-02
5.962402373552322388e-02
6.711797416210174561e-02
6.428280472755432129e-02
5.337380617856979370e-02
6.646166741847991943e-02
6.837850064039230347e-02
5.263525247573852539e-02
6.328739225864410400e-02
6.215272843837738037e-02
5.925348028540611267e-02
6.225019693374633789e-02
5.398641526699066162e-02
6.584987789392471313e-02
6.037280336022377014e-02
5.424313992261886597e-02
5.694054812192916870e-02
5.567602813243865967e-02
5.975095182657241821e-02
7.084567844867706299e-02
5.442323535680770874e-02
6.188455969095230103e-02
5.614393204450607300e-02
6.169643253087997437e-02
6.024557352066040039e-02
5.562294274568557739e-02
5.505311116576194763e-02
5.567887052893638611e-02
6.304588168859481812e-02
6.117387115955352783e-02
5.725912749767303467e-02
5.112455785274505615e-02
5.733475089073181152e-02
5.551507696509361267e-02
5.714685469865798950e-02
5.397532135248184204e-02
5.787229537963867188e-02
5.523543059825897217e-02
5.569031834602355957e-02
5.312451347708702087e-02
6.312303245067596436e-02
5.773337185382843018e-02
5.835661664605140686e-02
6.283921003341674805e-02
5.857588350772857666e-02
5.728007107973098755e-02
5.728360638022422791e-02
5.609398335218429565e-02
6.569870561361312866e-02
5.555148795247077942e-02
6.122443825006484985e-02
5.818470194935798645e-02
5.791758373379707336e-02
5.655440315604209900e-02
5.857445299625396729e-02
5.162470787763595581e-02
5.807333067059516907e-02
5.373249202966690063e-02
5.332538485527038574e-02
5.457381904125213623e-02
5.244455486536026001e-02
5.318332463502883911e-02
5.138698220252990723e-02
5.311089754104614258e-02
6.129796430468559265e-02
5.488464236259460449e-02
4.914280027151107788e-02
5.489533767104148865e-02
5.936753749847412109e-02
5.823078006505966187e-02
5.267108976840972900e-02
5.685020238161087036e-02
6.371355801820755005e-02
5.875155329704284668e-02
5.995368957519531250e-02
5.535992607474327087e-02
5.985838919878005981e-02
5.856199190020561218e-02
5.905099958181381226e-02
5.466784164309501648e-02
4.830037429928779602e-02
4.917873442173004150e-02
5.254598706960678101e-02
6.125534325838088989e-02
6.614910066127777100e-02
6.749548017978668213e-02
6.482040882110595703e-02
5.334343016147613525e-02
5.816306918859481812e-02
6.079952418804168701e-02
5.316565185785293579e-02
5.710855498909950256e-02
5.991299822926521301e-02
5.795340985059738159e-02
5.816841870546340942e-02
5.152402818202972412e-02
5.992737412452697754e-02
6.650851666927337646e-02
5.409952998161315918e-02
6.055560708045959473e-02
5.811059847474098206e-02
5.690776184201240540e-02
6.188829988241195679e-02
5.457944050431251526e-02
5.784757435321807861e-02
5.878400802612304688e-02
5.638119950890541077e-02
5.282124876976013184e-02
5.203612148761749268e-02
5.373267829418182373e-02
5.650793388485908508e-02
5.825457721948623657e-02
5.880788713693618774e-02
5.861144512891769409e-02
6.127996742725372314e-02
6.155108287930488586e-02
5.462970584630966187e-02
6.407128274440765381e-02
5.496652796864509583e-02
5.606871843338012695e-02
5.671148747205734253e-02
5.795387551188468933e-02
5.319371074438095093e-02
5.522484332323074341e-02
6.187758594751358032e-02
4.579047858715057373e-02
5.622094869613647461e-02
5.780354142189025879e-02
6.216274201869964600e-02
5.654525756835937500e-02
5.838763713836669922e-02
6.616282463073730469e-02
5.525196343660354614e-02
6.082556024193763733e-02
6.037581339478492737e-02
6.072118878364562988e-02
5.022687092423439026e-02
5.230407416820526123e-02
5.727986618876457214e-02
5.691321566700935364e-02
6.162235885858535767e-02
5.000894889235496521e-02
6.522684544324874878e-02
5.768687278032302856e-02
6.220158189535140991e-02
5.298936367034912109e-02
6.251823902130126953e-02
6.094119325280189514e-02
6.333401799201965332e-02
5.068795382976531982e-02
6.241910904645919800e-02
5.971141159534454346e-02
6.436531245708465576e-02
5.831266939640045166e-02
4.400840029120445251e-02
6.640383601188659668e-02
5.775556340813636780e-02
5.536466836929321289e-02
6.270597130060195923e-02
5.427978187799453735e-02
5.492433160543441772e-02
5.041366070508956909e-02
5.260878056287765503e-02
5.806193873286247253e-02
6.561255455017089844e-02
5.692769587039947510e-02
5.995973199605941772e-02
6.467857956886291504e-02
5.401873588562011719e-02
5.474570021033287048e-02
5.846913903951644897e-02
6.095584854483604431e-02
5.815798044204711914e-02
6.657274067401885986e-02
5.387523770332336426e-02
5.806370079517364502e-02
5.348280817270278931e-02
5.539429187774658203e-02
5.238032713532447815e-02
6.014896929264068604e-02
6.355340778827667236e-02
5.225171893835067749e-02
5.398981273174285889e-02
5.916270986199378967e-02
6.019831448793411255e-02
6.336539238691329956e-02
6.625819206237792969e-02
5.708615109324455261e-02
6.327250599861145020e-02
6.050785630941390991e-02
6.095641851425170898e-02
6.720843166112899780e-02
5.163930356502532959e-02
5.560237169265747070e-02
5.199816450476646423e-02
5.588482320308685303e-02
5.289432778954505920e-02
5.351871624588966370e-02
6.306330114603042603e-02
5.110035836696624756e-02
5.841586738824844360e-02
5.442162603139877319e-02
5.335167050361633301e-02
5.769796669483184814e-02
5.433820933103561401e-02
6.030019372701644897e-02
5.647025629878044128e-02
5.782327055931091309e-02
5.776016414165496826e-02
5.742058157920837402e-02
6.459231674671173096e-02
6.387255340814590454e-02
5.988075584173202515e-02
5.181344971060752869e-02
5.531281232833862305e-02
5.702181532979011536e-02
4.853809252381324768e-02
5.004832893610000610e-02
6.045918166637420654e-02
6.312051415443420410e-02
5.283625423908233643e-02
6.058544665575027466e-02
6.467136740684509277e-02
5.984362959861755371e-02
5.395008623600006104e-02
5.450395122170448303e-02
