<system>Protocol: Active. Attitude: Sassy.</system>
1.446105819195508957e-02
1.740195415914058685e-02
1.623788475990295410e-02
1.557473093271255493e-02
1.641160994768142700e-02
1.338158175349235535e-02
1.394470408558845520e-02
1.180649921298027039e-02
1.519895717501640320e-02
1.547584217041730881e-02
1.679554954171180725e-02
1.513534411787986755e-02
1.587174832820892334e-02
1.844243332743644714e-02
1.599982008337974548e-02
1.821102201938629150e-02
2.149918302893638611e-02
1.368990726768970490e-02
1.989383809268474579e-02
2.159665152430534363e-02
1.901862397789955139e-02
1.526243425905704498e-02
2.538102492690086365e-02
1.591052487492561340e-02
1.811205968260765076e-02
1.731988042593002319e-02
1.750558055937290192e-02
1.918943226337432861e-02
1.975505053997039795e-02
2.067764103412628174e-02
2.100770920515060425e-02
1.830922625958919525e-02
1.721226796507835388e-02
1.374248787760734558e-02
1.531404629349708557e-02
1.263672113418579102e-02
1.455101277679204941e-02
1.494979858398437500e-02
1.566516607999801636e-02
1.337080076336860657e-02
1.681061834096908569e-02
1.537704654037952423e-02
1.793051138520240784e-02
1.296607591211795807e-02
1.777068525552749634e-02
1.605616882443428040e-02
1.427551731467247009e-02
1.611137762665748596e-02
1.994016207754611969e-02
1.781646907329559326e-02
2.287071011960506439e-02
1.684678345918655396e-02
2.420208975672721863e-02
1.970039494335651398e-02
1.473179180175065994e-02
1.771241053938865662e-02
1.697384566068649292e-02
1.807001978158950806e-02
1.752917468547821045e-02
1.824847795069217682e-02
1.885310746729373932e-02
1.908529363572597504e-02
1.851394027471542358e-02
1.936332508921623230e-02
9.040014818310737610e-03
7.078164722770452499e-03
7.089160382747650146e-03
7.301976438611745834e-03
8.186562918126583099e-03
7.220402825623750687e-03
8.616235107183456421e-03
7.644175551831722260e-03
8.143846876919269562e-03
8.239625953137874603e-03
9.097739122807979584e-03
1.205334067344665527e-02
1.128153316676616669e-02
1.017035823315382004e-02
1.593831740319728851e-02
1.518233679234981537e-02
1.409849803894758224e-02
1.691842824220657349e-02
1.630281470715999603e-02
1.544266473501920700e-02
1.983448117971420288e-02
2.541050128638744354e-02
2.330670878291130066e-02
2.861656807363033295e-02
2.757264301180839539e-02
2.883802354335784912e-02
2.460555359721183777e-02
2.851053327322006226e-02
2.759480290114879608e-02
2.952231839299201965e-02
2.392030507326126099e-02
2.789935469627380371e-02
7.739739958196878433e-03
7.805626839399337769e-03
8.198468014597892761e-03
7.903458550572395325e-03
8.760014548897743225e-03
7.146962918341159821e-03
8.510545827448368073e-03
8.805393241345882416e-03
8.202753961086273193e-03
1.030905358493328094e-02
1.019050646573305130e-02
1.177049987018108368e-02
1.242162752896547318e-02
1.010666601359844208e-02
1.522306632250547409e-02
1.543299853801727295e-02
1.390644162893295288e-02
1.785750500857830048e-02
1.711789891123771667e-02
1.494748424738645554e-02
2.504608593881130219e-02
2.815094776451587677e-02
1.552863791584968567e-02
2.729674056172370911e-02
2.645112574100494385e-02
2.678473666310310364e-02
2.489924803376197815e-02
2.628112584352493286e-02
2.743484824895858765e-02
2.358498238027095795e-02
2.572093717753887177e-02
2.608558908104896545e-02
1.853935793042182922e-02
2.184942178428173065e-02
1.820349507033824921e-02
2.097196877002716064e-02
1.662063971161842346e-02
1.856476068496704102e-02
1.707994379103183746e-02
1.673447713255882263e-02
1.885990239679813385e-02
1.819789223372936249e-02
1.902996376156806946e-02
2.115422300994396210e-02
1.805525645613670349e-02
2.073049359023571014e-02
1.916515454649925232e-02
2.245618589222431183e-02
2.728073857724666595e-02
1.897339895367622375e-02
2.466108463704586029e-02
2.729825675487518311e-02
2.432191558182239532e-02
2.153605222702026367e-02
3.085387125611305237e-02
2.407675050199031830e-02
2.475475892424583435e-02
2.674787305295467377e-02
2.379729226231575012e-02
2.722218260169029236e-02
2.590432390570640564e-02
2.715531364083290100e-02
2.270934730768203735e-02
2.568095922470092773e-02
1.702469214797019958e-02
1.635856926441192627e-02
1.859719678759574890e-02
1.905960589647293091e-02
1.894320733845233917e-02
2.195601910352706909e-02
1.728263124823570251e-02
1.712556183338165283e-02
2.064121328294277191e-02
2.038982510566711426e-02
1.782821305096149445e-02
1.611024513840675354e-02
2.344634383916854858e-02
2.337174676358699799e-02
1.711927168071269989e-02
1.860436797142028809e-02
2.496252581477165222e-02
2.509046718478202820e-02
2.797899767756462097e-02
1.901016756892204285e-02
2.972787991166114807e-02
2.965160086750984192e-02
1.628404855728149414e-02
2.315675467252731323e-02
2.509974315762519836e-02
2.523052878677845001e-02
2.309743687510490417e-02
2.262022346258163452e-02
2.618645131587982178e-02
3.110365755856037140e-02
2.255772054195404053e-02
2.562066167593002319e-02
2.304337546229362488e-02
2.368991263210773468e-02
2.143192104995250702e-02
2.343154884874820709e-02
2.582453563809394836e-02
2.304911240935325623e-02
3.068180754780769348e-02
2.713781595230102539e-02
3.404768183827400208e-02
3.047958388924598694e-02
3.572349250316619873e-02
2.975586429238319397e-02
2.791782841086387634e-02
1.994231715798377991e-02
2.511160820722579956e-02
2.856993302702903748e-02
2.963091805577278137e-02
1.284007541835308075e-02
2.042846009135246277e-02
2.648046985268592834e-02
1.831342466175556183e-02
1.617601886391639709e-02
2.408153563737869263e-02
1.849913597106933594e-02
1.737163960933685303e-02
1.951039768755435944e-02
1.819269359111785889e-02
1.930326595902442932e-02
1.951221004128456116e-02
2.108496055006980896e-02
1.601156778633594513e-02
1.850841380655765533e-02
2.142970822751522064e-02
2.379184216260910034e-02
2.360280230641365051e-02
2.284365147352218628e-02
2.584582567214965820e-02
2.675996720790863037e-02
2.574851363897323608e-02
2.424430474638938904e-02
3.342885896563529968e-02
1.888515427708625793e-02
2.691018395125865936e-02
1.913023181259632111e-02
2.886451222002506256e-02
3.243085369467735291e-02
1.834779046475887299e-02
2.651550248265266418e-02
2.098980173468589783e-02
2.788335643708705902e-02
2.788308635354042053e-02
1.437595020979642868e-02
2.593374252319335938e-02
1.839530467987060547e-02
1.171226706355810165e-02
1.796556822955608368e-02
1.691370457410812378e-02
1.975329592823982239e-02
1.926243677735328674e-02
1.703107357025146484e-02
1.688419282436370850e-02
2.434136532247066498e-02
1.518393214792013168e-02
1.783670857548713684e-02
8.561417460441589355e-03
7.105701137334108353e-03
6.901305168867111206e-03
6.687701214104890823e-03
7.455340586602687836e-03
7.388428784906864166e-03
9.474718943238258362e-03
7.240280508995056152e-03
8.288743905723094940e-03
8.581941016018390656e-03
8.432999253273010254e-03
1.274828612804412842e-02
1.088510546833276749e-02
9.757163934409618378e-03
1.635487191379070282e-02
1.513959839940071106e-02
1.470912247896194458e-02
1.681947149336338043e-02
1.548049598932266235e-02
1.539825368672609329e-02
2.006338164210319519e-02
2.491923049092292786e-02
2.300948835909366608e-02
2.792042493820190430e-02
2.618100866675376892e-02
2.739970013499259949e-02
2.305846475064754486e-02
2.764477767050266266e-02
2.543999627232551575e-02
2.991754934191703796e-02
2.217356488108634949e-02
2.842880040407180786e-02
8.687131106853485107e-03
7.626945152878761292e-03
7.681153714656829834e-03
8.084026165306568146e-03
9.420516900718212128e-03
7.393922656774520874e-03
8.382555097341537476e-03
9.235056117177009583e-03
8.568665012717247009e-03
1.077431067824363708e-02
1.001934334635734558e-02
1.208502892404794693e-02
1.280475500971078873e-02
9.585080668330192566e-03
1.555304415524005890e-02
1.444702409207820892e-02
1.381117291748523712e-02
1.759252510964870453e-02
1.645201817154884338e-02
1.419706083834171295e-02
2.488596737384796143e-02
2.754591032862663269e-02
1.488241739571094513e-02
2.726800180971622467e-02
2.625284343957901001e-02
2.544100210070610046e-02
2.521493658423423767e-02
2.490989118814468384e-02
2.671429887413978577e-02
2.083606645464897156e-02
2.175537683069705963e-02
2.465138211846351624e-02
9.598271921277046204e-03
8.080057799816131592e-03
7.679535541683435440e-03
7.085734046995639801e-03
8.960243314504623413e-03
7.235275581479072571e-03
8.379627019166946411e-03
7.232526317238807678e-03
7.627696730196475983e-03
7.148133125156164169e-03
8.684943430125713348e-03
1.054116524755954742e-02
9.687471203505992889e-03
8.436603471636772156e-03
1.372179575264453888e-02
1.322907395660877228e-02
1.412259787321090698e-02
1.506199501454830170e-02
1.630510762333869934e-02
1.405355334281921387e-02
1.839241571724414825e-02
2.281266450881958008e-02
2.263129130005836487e-02
2.500507980585098267e-02
2.415522933006286621e-02
2.696571685373783112e-02
2.301250398159027100e-02
2.659799903631210327e-02
2.443695999681949615e-02
2.667368948459625244e-02
2.142942883074283600e-02
2.465702593326568604e-02
9.643232449889183044e-03
8.553978055715560913e-03
8.177873678505420685e-03
7.989444769918918610e-03
9.401194751262664795e-03
7.130300626158714294e-03
8.431142196059226990e-03
8.460796438157558441e-03
7.367309182882308960e-03
9.513925760984420776e-03
9.428131394088268280e-03
1.041363459080457687e-02
1.079260557889938354e-02
9.359516203403472900e-03
1.282937172800302505e-02
1.320324186235666275e-02
1.289403066039085388e-02
1.530499197542667389e-02
1.636387407779693604e-02
1.302587706595659256e-02
2.459395676851272583e-02
2.437583357095718384e-02
1.385674439370632172e-02
2.425903081893920898e-02
2.405054122209548950e-02
2.489963173866271973e-02
2.269020862877368927e-02
2.261050604283809662e-02
2.508101426064968109e-02
3.507403284311294556e-02
2.154002897441387177e-02
2.411491237580776215e-02
1.600331813097000122e-02
1.178824156522750854e-02
1.430202182382345200e-02
1.315121911466121674e-02
1.294202730059623718e-02
1.251411624252796173e-02
1.436799578368663788e-02
1.592728868126869202e-02
1.196055673062801361e-02
1.832180097699165344e-02
1.751164533197879791e-02
2.112766541540622711e-02
1.902212947607040405e-02
2.169791236519813538e-02
1.891679316759109497e-02
2.107619680464267731e-02
2.430122718214988708e-02
2.236599102616310120e-02
3.176365420222282410e-02
3.076069802045822144e-02
2.894078567624092102e-02
2.792187221348285675e-02
3.085002861917018890e-02
2.547307685017585754e-02
2.807402610778808594e-02
2.628980390727519989e-02
2.485880069434642792e-02
2.575375139713287354e-02
2.732837758958339691e-02
2.722074650228023529e-02
2.861142158508300781e-02
2.877844497561454773e-02
1.205543056130409241e-02
1.156747248023748398e-02
1.347960159182548523e-02
1.407681405544281006e-02
1.502084266394376755e-02
1.612561196088790894e-02
1.607733964920043945e-02
1.702015660703182220e-02
1.479407586157321930e-02
2.107872441411018372e-02
1.667094603180885315e-02
1.981024071574211121e-02
2.130627818405628204e-02
1.962233707308769226e-02
1.955832913517951965e-02
2.062595449388027191e-02
2.429374866187572479e-02
2.723597921431064606e-02
3.026964329183101654e-02
2.435296401381492615e-02
3.460975363850593567e-02
3.417015820741653442e-02
2.256443351507186890e-02
2.569945715367794037e-02
2.667727693915367126e-02
2.737754583358764648e-02
2.592910081148147583e-02
2.635465003550052643e-02
2.682771347463130951e-02
2.357527241110801697e-02
2.594538033008575439e-02
2.810140326619148254e-02
7.831351831555366516e-03
6.267657503485679626e-03
6.503242999315261841e-03
6.101259030401706696e-03
6.939428392797708511e-03
6.141365505754947662e-03
8.515779860317707062e-03
6.310784723609685898e-03
6.291198544204235077e-03
8.657433092594146729e-03
7.280967663973569870e-03
1.268243975937366486e-02
9.735023602843284607e-03
8.676556870341300964e-03
1.673335209488868713e-02
1.515130698680877686e-02
1.324919983744621277e-02
1.665963977575302124e-02
1.568860001862049103e-02
1.582981832325458527e-02
1.912931539118289948e-02
2.557145431637763977e-02
2.232226356863975525e-02
2.821546234190464020e-02
2.675412222743034363e-02
2.971694618463516235e-02
2.474452182650566101e-02
2.896512672305107117e-02
2.692157775163650513e-02
2.710081078112125397e-02
2.822551690042018890e-02
2.659584954380989075e-02
7.201874628663063049e-03
6.134479306638240814e-03
6.853136233985424042e-03
6.674622185528278351e-03
7.279505021870136261e-03
5.490403622388839722e-03
7.473084144294261932e-03
7.392733357846736908e-03
6.607742048799991608e-03
1.100077107548713684e-02
8.299212902784347534e-03
1.240373961627483368e-02
1.039851829409599304e-02
8.922290056943893433e-03
1.582905091345310211e-02
1.435069367289543152e-02
1.306188665330410004e-02
1.796893030405044556e-02
1.645373180508613586e-02
1.415498927235603333e-02
2.496480010449886322e-02
2.749518305063247681e-02
1.552905794233083725e-02
2.670535445213317871e-02
2.509721182286739349e-02
2.656686678528785706e-02
2.447154000401496887e-02
2.425620332360267639e-02
2.607047744095325470e-02
2.236790955066680908e-02
2.290448918938636780e-02
2.966358140110969543e-02
1.899388991296291351e-02
2.005059085786342621e-02
1.876297034323215485e-02
2.003748342394828796e-02
1.773162931203842163e-02
1.701594516634941101e-02
2.064057998359203339e-02
2.190471068024635315e-02
2.403814159333705902e-02
2.221873961389064789e-02
2.065559476613998413e-02
1.910112798213958740e-02
2.211033925414085388e-02
2.547937445342540741e-02
2.040535584092140198e-02
2.603416889905929565e-02
1.951778680086135864e-02
2.574875950813293457e-02
1.903698034584522247e-02
1.226739399135112762e-02
1.829827390611171722e-02
1.763176545500755310e-02
1.722664199769496918e-02
1.531018503010272980e-02
8.377511054277420044e-03
1.484043151140213013e-02
1.529428549110889435e-02
1.411673706024885178e-02
1.292602159082889557e-02
1.413856819272041321e-02
1.457661762833595276e-02
1.409357786178588867e-02
1.946585252881050110e-02
1.943075656890869141e-02
1.831000857055187225e-02
1.790407113730907440e-02
2.287415042519569397e-02
1.814065128564834595e-02
2.353485673666000366e-02
1.897077821195125580e-02
1.951679214835166931e-02
2.066884562373161316e-02
2.668823488056659698e-02
2.482346259057521820e-02
2.364358305931091309e-02
1.711424440145492554e-02
2.048397064208984375e-02
1.567333377897739410e-02
1.969958841800689697e-02
1.417478546500205994e-02
1.923095807433128357e-02
2.719759754836559296e-02
1.799802109599113464e-02
1.553044933825731277e-02
1.699713245034217834e-02
1.587986573576927185e-02
1.963263377547264099e-02
1.511141192167997360e-02
1.580709405243396759e-02
1.439159177243709564e-02
1.339832320809364319e-02
1.331786345690488815e-02
1.311946287751197815e-02
1.371493190526962280e-02
9.623020887374877930e-03
1.188399922102689743e-02
8.492344059050083160e-03
1.164066046476364136e-02
9.985305368900299072e-03
1.043474394828081131e-02
1.456691883504390717e-02
9.520338848233222961e-03
1.483315508812665939e-02
1.469761598855257034e-02
1.288368925452232361e-02
1.728441938757896423e-02
1.839200779795646667e-02
1.743387803435325623e-02
2.034549973905086517e-02
2.034267596900463104e-02
2.163328230381011963e-02
2.114026434719562531e-02
2.308669127523899078e-02
1.720517873764038086e-02
2.963234111666679382e-02
3.003234043717384338e-02
3.148593753576278687e-02
3.210591152310371399e-02
1.389760896563529968e-02
3.232558816671371460e-02
3.082149475812911987e-02
3.071211278438568115e-02
3.152954578399658203e-02
3.295076638460159302e-02
3.232888877391815186e-02
3.011267818510532379e-02
1.036132313311100006e-02
1.161669101566076279e-02
9.653868153691291809e-03
1.323117222636938095e-02
1.021563075482845306e-02
7.970444858074188232e-03
1.226688921451568604e-02
1.152564398944377899e-02
1.546370144933462143e-02
1.543879136443138123e-02
1.197947002947330475e-02
1.673004403710365295e-02
1.874593645334243774e-02
1.444657146930694580e-02
2.176831662654876709e-02
2.028984762728214264e-02
2.243616431951522827e-02
1.880360767245292664e-02
2.329676598310470581e-02
2.137190662324428558e-02
2.807524986565113068e-02
3.100750036537647247e-02
3.301297500729560852e-02
3.251979127526283264e-02
2.437396533787250519e-02
3.246947377920150757e-02
3.116617165505886078e-02
2.772888913750648499e-02
3.154214471578598022e-02
3.015496581792831421e-02
2.543566375970840454e-02
3.143467754125595093e-02
1.664556004106998444e-02
1.865184307098388672e-02
1.578499935567378998e-02
1.931523159146308899e-02
1.912489160895347595e-02
1.465145032852888107e-02
2.145692706108093262e-02
1.646408811211585999e-02
2.119065634906291962e-02
2.217639051377773285e-02
1.744016446173191071e-02
1.889786869287490845e-02
2.515335753560066223e-02
2.195302397012710571e-02
2.730366960167884827e-02
2.365208975970745087e-02
2.450072020292282104e-02
2.610991150140762329e-02
2.259618043899536133e-02
1.353270746767520905e-02
2.285449206829071045e-02
2.563500404357910156e-02
2.424791082739830017e-02
2.166797965764999390e-02
1.034895144402980804e-02
2.121828123927116394e-02
2.094837650656700134e-02
2.270044386386871338e-02
1.979680359363555908e-02
2.151548862457275391e-02
2.169015631079673767e-02
2.087024413049221039e-02
1.814552024006843567e-02
1.878467015922069550e-02
1.745332032442092896e-02
1.751897484064102173e-02
2.124096825718879700e-02
1.477138884365558624e-02
2.389229461550712585e-02
1.522117573767900467e-02
2.013367787003517151e-02
2.012364566326141357e-02
2.047210931777954102e-02
2.264012210071086884e-02
2.451181039214134216e-02
1.597249507904052734e-02
2.226527221500873566e-02
1.685260236263275146e-02
2.619929239153862000e-02
1.747364178299903870e-02
2.461691945791244507e-02
2.632277458906173706e-02
2.393256500363349915e-02
2.311464957892894745e-02
2.302830293774604797e-02
2.263636887073516846e-02
2.364259958267211914e-02
2.293198183178901672e-02
2.323325164616107941e-02
2.131643332540988922e-02
2.139514684677124023e-02
2.232929319143295288e-02
1.821350678801536560e-02
2.225036919116973877e-02
1.769485324621200562e-02
1.568716764450073242e-02
1.770875230431556702e-02
1.553196460008621216e-02
1.894783601164817810e-02
1.538733765482902527e-02
1.642164029181003571e-02
1.912058144807815552e-02
2.158622816205024719e-02
2.196752279996871948e-02
1.748600043356418610e-02
1.910213381052017212e-02
2.009925805032253265e-02
2.828846499323844910e-02
2.583855763077735901e-02
2.762533351778984070e-02
1.861082948744297028e-02
2.351013943552970886e-02
1.861120760440826416e-02
1.305789593607187271e-02
1.721377111971378326e-02
1.739978790283203125e-02
1.577567122876644135e-02
1.527826301753520966e-02
8.214428089559078217e-03
1.498349942266941071e-02
1.461965404450893402e-02
1.454894244670867920e-02
1.298347674310207367e-02
1.442843116819858551e-02
1.456285268068313599e-02
1.331294979900121689e-02
1.875705458223819733e-02
1.478533446788787842e-02
1.606747508049011230e-02
1.406074315309524536e-02
2.219836413860321045e-02
1.638016849756240845e-02
2.001566626131534576e-02
1.660169288516044617e-02
1.852009817957878113e-02
1.648252084851264954e-02
2.339724451303482056e-02
2.234344184398651123e-02
2.172485366463661194e-02
1.593916304409503937e-02
2.266841009259223938e-02
1.589824445545673370e-02
2.101533673703670502e-02
1.519870758056640625e-02
2.076506614685058594e-02
2.612539008259773254e-02
1.863052323460578918e-02
1.555801462382078171e-02
1.710413210093975067e-02
1.602527499198913574e-02
1.926245167851448059e-02
1.533215958625078201e-02
1.656200364232063293e-02
1.458829268813133240e-02
1.357237622141838074e-02
1.379581727087497711e-02
1.151371840387582779e-02
1.450798660516738892e-02
1.039910316467285156e-02
1.700809225440025330e-02
1.055951789021492004e-02
1.265195291489362717e-02
9.174225851893424988e-03
1.159268803894519806e-02
1.466430351138114929e-02
8.899354375898838043e-03
1.314008049666881561e-02
1.240216754376888275e-02
1.394976675510406494e-02
1.309961918741464615e-02
1.747772470116615295e-02
1.317533943802118301e-02
1.487997733056545258e-02
1.496341265738010406e-02
1.911970600485801697e-02
1.687504723668098450e-02
2.001395821571350098e-02
1.376514509320259094e-02
2.484881319105625153e-02
2.598556503653526306e-02
2.883572503924369812e-02
2.715973556041717529e-02
1.216723211109638214e-02
2.674202620983123779e-02
2.782172150909900665e-02
2.359782159328460693e-02
2.666975557804107666e-02
2.684527635574340820e-02
2.911696210503578186e-02
2.710163220763206482e-02
1.165978424251079559e-02
1.240809634327888489e-02
1.585986092686653137e-02
1.747875846922397614e-02
9.209225885570049286e-03
8.225085213780403137e-03
1.393339689821004868e-02
1.098465453833341599e-02
1.613501273095607758e-02
1.307463832199573517e-02
1.114882435649633408e-02
1.290021277964115143e-02
1.612113043665885925e-02
1.258339732885360718e-02
1.530437171459197998e-02
1.457847096025943756e-02
1.920263469219207764e-02
1.482285372912883759e-02
1.942173764109611511e-02
1.659024879336357117e-02
2.469339594244956970e-02
2.532315440475940704e-02
2.849624305963516235e-02
3.062795847654342651e-02
2.119829505681991577e-02
2.892888337373733521e-02
3.154211491346359253e-02
2.535167150199413300e-02
2.483057230710983276e-02
2.848699502646923065e-02
2.500238642096519470e-02
2.413366548717021942e-02
1.664490252733230591e-02
1.758321188390254974e-02
1.978079043328762054e-02
1.989724300801753998e-02
2.141303941607475281e-02
1.731387153267860413e-02
2.034884691238403320e-02
2.143020927906036377e-02
2.362651750445365906e-02
2.440715953707695007e-02
1.718425005674362183e-02
1.797537133097648621e-02
2.180847525596618652e-02
2.544749900698661804e-02
2.096706628799438477e-02
2.528323605656623840e-02
1.969765499234199524e-02
2.499811351299285889e-02
1.860586181282997131e-02
1.208105776458978653e-02
1.891665719449520111e-02
1.788364164531230927e-02
1.760026067495346069e-02
1.735930144786834717e-02
8.200911805033683777e-03
1.523237396031618118e-02
1.580452173948287964e-02
1.506902556866407394e-02
1.355726551264524460e-02
1.470396760851144791e-02
1.452249381691217422e-02
1.531476248055696487e-02
1.789774000644683838e-02
1.712284237146377563e-02
1.938696950674057007e-02
1.671264693140983582e-02
2.275491878390312195e-02
1.931590028107166290e-02
2.348819375038146973e-02
1.692007482051849365e-02
2.261760458350181580e-02
1.988183893263339996e-02
2.507528290152549744e-02
2.310431934893131256e-02
2.296651527285575867e-02
1.504767406731843948e-02
2.041452005505561829e-02
1.530406344681978226e-02
1.855431869626045227e-02
1.676391996443271637e-02
1.858764141798019409e-02
2.731042355298995972e-02
1.931446790695190430e-02
1.682614907622337341e-02
1.764458417892456055e-02
1.657007820904254913e-02
2.031156420707702637e-02
1.708108559250831604e-02
1.723953709006309509e-02
1.568799838423728943e-02
1.257639378309249878e-02
1.440033596009016037e-02
1.244205236434936523e-02
1.363274361938238144e-02
8.871765807271003723e-03
1.187158282846212387e-02
9.409001097083091736e-03
1.080022193491458893e-02
9.333495981991291046e-03
8.462660014629364014e-03
1.739857718348503113e-02
9.354665875434875488e-03
1.643099822103977203e-02
1.507061626762151718e-02
1.275742612779140472e-02
1.494818367063999176e-02
2.017698623239994049e-02
1.475072745233774185e-02
1.557717379182577133e-02
1.943064108490943909e-02
2.137739397585391998e-02
2.031845599412918091e-02
1.944447681307792664e-02
1.323011890053749084e-02
2.285453304648399353e-02
2.187577821314334869e-02
2.056243456900119781e-02
2.051346935331821442e-02
9.327933192253112793e-03
2.116746827960014343e-02
1.911138929426670074e-02
1.807577908039093018e-02
1.925266161561012268e-02
2.045776695013046265e-02
2.088823914527893066e-02
1.941287703812122345e-02
1.057535037398338318e-02
1.129185687750577927e-02
9.794735349714756012e-03
1.078517362475395203e-02
1.121043600142002106e-02
7.066451478749513626e-03
1.528771780431270599e-02
9.986774995923042297e-03
1.583986170589923859e-02
1.501630526036024094e-02
1.421150006353855133e-02
1.690137200057506561e-02
1.882704719901084900e-02
1.280775759369134903e-02
1.866253092885017395e-02
1.603284478187561035e-02
2.011395245790481567e-02
1.502968929708003998e-02
2.047212049365043640e-02
2.163022384047508240e-02
2.207096666097640991e-02
2.105305530130863190e-02
2.112139202654361725e-02
2.093322388827800751e-02
2.310905978083610535e-02
2.120560593903064728e-02
1.904208399355411530e-02
1.901355385780334473e-02
1.945334672927856445e-02
1.953489147126674652e-02
1.727211475372314453e-02
1.916293986141681671e-02
1.696477830410003662e-02
1.833483576774597168e-02
1.812564767897129059e-02
1.871196925640106201e-02
2.194131538271903992e-02
1.653275266289710999e-02
2.061931602656841278e-02
1.793692260980606079e-02
2.417788282036781311e-02
2.195226773619651794e-02
1.931588537991046906e-02
2.033168636262416840e-02
2.528636530041694641e-02
2.494414523243904114e-02
2.675696834921836853e-02
2.712099254131317139e-02
2.400105074048042297e-02
2.890931814908981323e-02
2.471785061061382294e-02
1.603829488158226013e-02
2.792761102318763733e-02
2.335507422685623169e-02
2.196483314037322998e-02
1.985951140522956848e-02
9.431833401322364807e-03
2.149778604507446289e-02
1.925909891724586487e-02
1.809205859899520874e-02
1.623998954892158508e-02
1.951298490166664124e-02
1.916170865297317505e-02
1.738149859011173248e-02
1.948573440313339233e-02
1.657797954976558685e-02
1.884418167173862457e-02
1.558772288262844086e-02
2.399652265012264252e-02
1.601437479257583618e-02
2.261338010430335999e-02
1.645534113049507141e-02
2.252446115016937256e-02
1.945962011814117432e-02
2.411689981818199158e-02
2.458324469625949860e-02
2.599908970296382904e-02
1.621001958847045898e-02
2.513803169131278992e-02
1.763276755809783936e-02
2.232186123728752136e-02
1.836397871375083923e-02
2.627669088542461395e-02
3.316834568977355957e-02
2.527492307126522064e-02
2.112981304526329041e-02
2.242297865450382233e-02
2.180500887334346771e-02
2.036279067397117615e-02
2.060804702341556549e-02
2.155072614550590515e-02
1.933855749666690826e-02
1.602848060429096222e-02
1.747720316052436829e-02
1.366424467414617538e-02
1.728825829923152924e-02
1.767249777913093567e-02
1.677710190415382385e-02
1.571619138121604919e-02
1.786735281348228455e-02
1.624441891908645630e-02
1.558456383645534515e-02
1.281238161027431488e-02
1.881935261189937592e-02
1.846426352858543396e-02
1.619539968669414520e-02
1.771162077784538269e-02
1.664993911981582642e-02
1.878017187118530273e-02
2.145482040941715240e-02
2.014883048832416534e-02
2.154107950627803802e-02
1.894266344606876373e-02
2.451031655073165894e-02
2.175120636820793152e-02
1.092927157878875732e-02
2.116424404084682465e-02
1.586645096540451050e-02
9.639019146561622620e-03
2.111154422163963318e-02
1.562448125332593918e-02
1.414714008569717407e-02
1.522968523204326630e-02
1.531038060784339905e-02
2.148168347775936127e-02
1.967091858386993408e-02
1.780297979712486267e-02
1.609652116894721985e-02
1.659872010350227356e-02
1.771927624940872192e-02
1.661946438252925873e-02
1.664891093969345093e-02
1.753961294889450073e-02
1.473861001431941986e-02
1.553152408450841904e-02
1.814615726470947266e-02
1.503434777259826660e-02
1.438144221901893616e-02
1.707180589437484741e-02
1.766509190201759338e-02
1.427377294749021530e-02
1.967090368270874023e-02
1.591177470982074738e-02
1.412675157189369202e-02
1.753013394773006439e-02
1.504783518612384796e-02
2.246230095624923706e-02
2.317264303565025330e-02
2.486471459269523621e-02
2.328245528042316437e-02
2.285490930080413818e-02
1.801688410341739655e-02
1.453553512692451477e-02
1.394391246140003204e-02
1.477470807731151581e-02
1.718477159738540649e-02
1.775922439992427826e-02
1.568469032645225525e-02
1.401905063539743423e-02
1.359245833009481430e-02
1.834336295723915100e-02
1.649095118045806885e-02
1.244015432894229889e-02
1.704986207187175751e-02
1.312390901148319244e-02
1.457922253757715225e-02
1.291135884821414948e-02
1.499432511627674103e-02
1.631371676921844482e-02
1.484747603535652161e-02
1.591287367045879364e-02
1.494386233389377594e-02
1.715971156954765320e-02
2.119180560111999512e-02
1.790301315486431122e-02
1.811294071376323700e-02
1.922972872853279114e-02
1.762573048472404480e-02
2.193579263985157013e-02
1.464659627526998520e-02
2.394792251288890839e-02
2.400949224829673767e-02
1.176435500383377075e-02
3.443334251642227173e-02
2.792860567569732666e-02
2.601169794797897339e-02
2.680137567222118378e-02
2.413306012749671936e-02
2.560996077954769135e-02
3.164350241422653198e-02
2.308147028088569641e-02
2.907200530171394348e-02
1.826710440218448639e-02
1.744554564356803894e-02
1.491647399961948395e-02
1.610161736607551575e-02
1.507782563567161560e-02
1.406489685177803040e-02
1.553001813590526581e-02
1.458207890391349792e-02
1.409520581364631653e-02
1.371563971042633057e-02
1.620354503393173218e-02
1.631595194339752197e-02
1.510854251682758331e-02
1.960943266749382019e-02
1.729597337543964386e-02
1.473156176507472992e-02
1.738293841481208801e-02
1.638532802462577820e-02
2.177109941840171814e-02
1.915064826607704163e-02
2.741320058703422546e-02
2.729684486985206604e-02
2.184618636965751648e-02
2.732823975384235382e-02
2.464375272393226624e-02
2.595623582601547241e-02
2.632701396942138672e-02
2.643163502216339111e-02
2.561969682574272156e-02
2.266192063689231873e-02
2.796669676899909973e-02
1.968802139163017273e-02
1.121781393885612488e-02
9.939391165971755981e-03
1.064738444983959198e-02
1.019369810819625854e-02
1.126042567193508148e-02
8.186687715351581573e-03
1.184704713523387909e-02
9.962813928723335266e-03
1.028255373239517212e-02
1.127250120043754578e-02
9.534865617752075195e-03
1.222820580005645752e-02
1.140677556395530701e-02
1.459693629294633865e-02
1.422499306499958038e-02
1.577248424291610718e-02
1.714369468390941620e-02
1.494607701897621155e-02
1.737722381949424744e-02
1.361489482223987579e-02
1.915623620152473450e-02
2.205373533070087433e-02
1.220592670142650604e-02
2.886870875954627991e-02
3.095481917262077332e-02
3.323386237025260925e-02
3.133318200707435608e-02
3.108249232172966003e-02
2.884857729077339172e-02
3.289073705673217773e-02
2.372227981686592102e-02
3.404605388641357422e-02
1.145037170499563217e-02
1.069685723632574081e-02
1.009245589375495911e-02
1.070413924753665924e-02
1.109531708061695099e-02
9.621329605579376221e-03
1.141401566565036774e-02
9.974595159292221069e-03
9.402668103575706482e-03
1.389219798147678375e-02
1.036352477967739105e-02
1.271543838083744049e-02
1.008940115571022034e-02
1.228097453713417053e-02
1.389368064701557159e-02
1.426023244857788086e-02
1.598242856562137604e-02
1.335556618869304657e-02
1.694120466709136963e-02
1.537872198969125748e-02
2.304403111338615417e-02
2.396735921502113342e-02
2.417386136949062347e-02
2.788177877664566040e-02
2.823044173419475555e-02
3.201805800199508667e-02
3.322037309408187866e-02
3.367392346262931824e-02
3.282940387725830078e-02
3.021883964538574219e-02
3.233798220753669739e-02
1.919417083263397217e-02
1.207130402326583862e-02
1.128440909087657928e-02
1.156725827604532242e-02
9.342842735350131989e-03
1.220962591469287872e-02
9.985391050577163696e-03
1.344614475965499878e-02
1.223152875900268555e-02
1.378296874463558197e-02
1.309480331838130951e-02
9.880666621029376984e-03
1.257587876170873642e-02
1.712389476597309113e-02
1.578447595238685608e-02
1.634522713720798492e-02
1.680254936218261719e-02
1.978562027215957642e-02
1.590619608759880066e-02
2.029214426875114441e-02
1.560069993138313293e-02
2.202102169394493103e-02
2.508911490440368652e-02
1.207444630563259125e-02
3.415136784315109253e-02
3.234189748764038086e-02
3.145407885313034058e-02
3.162260353565216064e-02
2.960021421313285828e-02
2.935272082686424255e-02
3.279640525579452515e-02
2.595351636409759521e-02
3.309228271245956421e-02
1.414293237030506134e-02
1.141682453453540802e-02
1.062497030943632126e-02
1.171561144292354584e-02
1.264953613281250000e-02
1.030720770359039307e-02
1.296910736709833145e-02
1.131893135607242584e-02
1.087630726397037506e-02
1.401346549391746521e-02
1.075129583477973938e-02
1.510983146727085114e-02
1.359552331268787384e-02
1.604743674397468567e-02
1.597465947270393372e-02
1.494984421879053116e-02
1.881381683051586151e-02
1.448481157422065735e-02
1.956654712557792664e-02
1.704464480280876160e-02
2.696916460990905762e-02
2.759928442537784576e-02
2.258229255676269531e-02
2.938749268651008606e-02
2.956513315439224243e-02
3.123081661760807037e-02
3.249441087245941162e-02
3.259195014834403992e-02
3.223779052495956421e-02
2.571555972099304199e-02
3.178486227989196777e-02
2.221820130944252014e-02
1.313301548361778259e-02
1.092722453176975250e-02
1.070640236139297485e-02
1.226212177425622940e-02
1.210647542029619217e-02
1.007595937699079514e-02
1.389073394238948822e-02
1.379559934139251709e-02
1.336748898029327393e-02
1.439102925360202789e-02
1.270692236721515656e-02
1.436544582247734070e-02
1.557721942663192749e-02
1.861358433961868286e-02
1.689530164003372192e-02
1.759319752454757690e-02
1.819876953959465027e-02
2.212176471948623657e-02
1.992041058838367462e-02
1.415205188095569611e-02
2.122987061738967896e-02
2.029130049049854279e-02
1.197443436831235886e-02
3.062518872320652008e-02
2.221684530377388000e-02
2.234332635998725891e-02
2.168980427086353302e-02
1.949091069400310516e-02
2.049782127141952515e-02
2.358337491750717163e-02
2.320988476276397705e-02
2.518910169601440430e-02
1.361958868801593781e-02
1.132089085876941681e-02
1.151260733604431152e-02
1.337675191462039948e-02
1.296901702880859375e-02
9.833974763751029968e-03
1.356576755642890930e-02
1.243846118450164795e-02
1.123796962201595306e-02
1.448690891265869141e-02
1.455370523035526276e-02
1.560926530510187149e-02
1.321168243885040283e-02
1.816909201443195343e-02
1.556216366589069366e-02
1.419375557452440262e-02
2.017905935645103455e-02
1.532948762178421021e-02
1.805865578353404999e-02
1.832959242165088654e-02
2.491784468293190002e-02
2.296212688088417053e-02
2.408540435135364532e-02
2.195634692907333374e-02
2.078808471560478210e-02
1.953738182783126831e-02
2.285515330731868744e-02
2.365573123097419739e-02
2.604954317212104797e-02
2.200567722320556641e-02
2.126889489591121674e-02
1.947629265487194061e-02
1.218027807772159576e-02
1.030898373574018478e-02
7.473295088857412338e-03
9.052875451743602753e-03
7.360294461250305176e-03
1.004201453179121017e-02
8.540321141481399536e-03
9.796600788831710815e-03
1.159481145441532135e-02
1.194153912365436554e-02
9.375968016684055328e-03
1.181466504931449890e-02
1.487073209136724472e-02
1.216520741581916809e-02
1.551800407469272614e-02
1.628492400050163269e-02
1.596784219145774841e-02
1.624849624931812286e-02
1.912405155599117279e-02
1.326835528016090393e-02
2.000851929187774658e-02
2.081312984228134155e-02
1.007348671555519104e-02
2.751543372869491577e-02
2.450064569711685181e-02
2.669591642916202545e-02
2.457720600068569183e-02
2.236832678318023682e-02
2.245016768574714661e-02
2.606788463890552521e-02
2.153535746037960052e-02
2.518610283732414246e-02
1.211482007056474686e-02
1.087577175348997116e-02
7.072105072438716888e-03
1.021213084459304810e-02
8.417280390858650208e-03
8.179820142686367035e-03
9.689806029200553894e-03
8.355392143130302429e-03
1.072874944657087326e-02
9.399728849530220032e-03
1.119737885892391205e-02
1.327454112470149994e-02
1.251664385199546814e-02
1.240400969982147217e-02
1.487353257834911346e-02
1.524975616484880447e-02
1.590849459171295166e-02
1.374779641628265381e-02
1.847636327147483826e-02
1.518031023442745209e-02
2.083517611026763916e-02
2.377334609627723694e-02
1.962054148316383362e-02
2.510494552552700043e-02
2.327109128236770630e-02
2.474263682961463928e-02
2.444817125797271729e-02
2.229852229356765747e-02
2.347221970558166504e-02
1.790427044034004211e-02
2.814787253737449646e-02
2.814879082143306732e-02
2.036175131797790527e-02
2.324706688523292542e-02
2.648291550576686859e-02
2.386057004332542419e-02
2.628327533602714539e-02
2.816616557538509369e-02
2.730696648359298706e-02
2.756843715906143188e-02
3.086263313889503479e-02
3.240455687046051025e-02
2.916629239916801453e-02
2.642940357327461243e-02
2.758070826530456543e-02
2.785204723477363586e-02
3.115614876151084900e-02
2.782095223665237427e-02
2.812075801193714142e-02
2.305317297577857971e-02
2.357630431652069092e-02
9.921159595251083374e-03
1.989437267184257507e-02
2.102876082062721252e-02
7.823960855603218079e-03
2.117117680609226227e-02
1.859650388360023499e-02
1.815324462950229645e-02
1.735129207372665405e-02
1.569736562669277191e-02
1.666964963078498840e-02
1.970658637583255768e-02
1.858006790280342102e-02
1.829036884009838104e-02
1.942388713359832764e-02
2.152949944138526917e-02
2.502824738621711731e-02
2.044800110161304474e-02
2.854908257722854614e-02
2.523143216967582703e-02
3.136564791202545166e-02
2.898306213319301605e-02
2.463379502296447754e-02
2.658559009432792664e-02
2.823801897466182709e-02
2.808736264705657959e-02
2.279123291373252869e-02
3.422612696886062622e-02
1.921820640563964844e-02
2.206578478217124939e-02
2.196569740772247314e-02
1.431951671838760376e-02
2.119721472263336182e-02
2.519359067082405090e-02
2.308085560798645020e-02
2.330272272229194641e-02
1.974912360310554504e-02
2.085806429386138916e-02
1.828549802303314209e-02
1.787926256656646729e-02
1.806046254932880402e-02
1.852450147271156311e-02
1.730985194444656372e-02
1.749995723366737366e-02
2.085892669856548309e-02
1.604009605944156647e-02
1.131877675652503967e-02
1.037112809717655182e-02
9.379137307405471802e-03
1.025669649243354797e-02
9.722737595438957214e-03
7.600206416100263596e-03
1.159583590924739838e-02
1.209543086588382721e-02
8.526072837412357330e-03
1.234306953847408295e-02
7.441509049385786057e-03
1.276450324803590775e-02
1.101857237517833710e-02
1.376971788704395294e-02
1.579767651855945587e-02
1.385779492557048798e-02
1.951125636696815491e-02
1.607363857328891754e-02
2.047108486294746399e-02
1.411178894340991974e-02
2.055579982697963715e-02
2.409368008375167847e-02
1.245471928268671036e-02
3.386297821998596191e-02
3.121376410126686096e-02
3.040334023535251617e-02
3.149371221661567688e-02
2.919340692460536957e-02
3.120615147054195404e-02
3.267466276884078979e-02
3.258147835731506348e-02
3.490254655480384827e-02
1.173297967761754990e-02
1.082024537026882172e-02
8.975181728601455688e-03
1.062680967152118683e-02
1.088773459196090698e-02
8.582411333918571472e-03
9.768163785338401794e-03
9.951581247150897980e-03
8.038308471441268921e-03
1.416586898267269135e-02
8.600218221545219421e-03
1.452580373734235764e-02
1.082687079906463623e-02
1.228331774473190308e-02
1.536725275218486786e-02
1.191384252160787582e-02
1.893812045454978943e-02
1.468978077173233032e-02
1.923244819045066833e-02
1.672018133103847504e-02
2.599859610199928284e-02
2.639116160571575165e-02
2.437420189380645752e-02
3.172741457819938660e-02
2.958561293780803680e-02
3.092183358967304230e-02
3.468315303325653076e-02
3.246610984206199646e-02
3.343138843774795532e-02
2.387848123908042908e-02
3.176099807024002075e-02
2.016119658946990967e-02
1.133127324283123016e-02
1.232761144638061523e-02
1.090470328927040100e-02
1.232721377164125443e-02
1.141112763434648514e-02
1.642572507262229919e-02
1.558548025786876678e-02
1.677839271724224091e-02
1.546744070947170258e-02
2.005716972053050995e-02
1.651803031563758850e-02
1.938754692673683167e-02
1.779035851359367371e-02
2.263642475008964539e-02
2.140723168849945068e-02
2.072476968169212341e-02
2.751518040895462036e-02
1.871464401483535767e-02
3.256408125162124634e-02
2.183180861175060272e-02
2.870174311101436615e-02
3.520619124174118042e-02
3.345794230699539185e-02
3.165649622678756714e-02
1.539892237633466721e-02
3.023882582783699036e-02
2.937836572527885437e-02
2.891765348613262177e-02
2.987904474139213562e-02
2.922950685024261475e-02
3.087285906076431274e-02
2.354773879051208496e-02
1.008010841906070709e-02
1.228514686226844788e-02
1.147094741463661194e-02
1.316867768764495850e-02
1.050921529531478882e-02
1.589403860270977020e-02
1.376155670732259750e-02
1.867349073290824890e-02
1.545417681336402893e-02
1.983593590557575226e-02
1.822395622730255127e-02
2.151099964976310730e-02
1.859858632087707520e-02
2.184976637363433838e-02
2.212624065577983856e-02
2.442807704210281372e-02
2.957200258970260620e-02
2.450470998883247375e-02
3.399851918220520020e-02
3.310867398977279663e-02
3.656179457902908325e-02
3.219726309180259705e-02
3.271096944808959961e-02
3.191742300987243652e-02
2.920579165220260620e-02
3.019005805253982544e-02
2.737661451101303101e-02
2.869975939393043518e-02
2.892202883958816528e-02
3.017051517963409424e-02
3.103916719555854797e-02
3.116652928292751312e-02
1.752012036740779877e-02
1.391179766505956650e-02
2.245761454105377197e-02
1.489430665969848633e-02
1.778115145862102509e-02
1.982512325048446655e-02
1.482708938419818878e-02
2.143377065658569336e-02
1.574963517487049103e-02
1.966606080532073975e-02
2.180173620581626892e-02
1.506768446415662766e-02
1.918754540383815765e-02
2.285341359674930573e-02
1.646626368165016174e-02
1.528786122798919678e-02
2.064496651291847229e-02
1.206802763044834137e-02
2.055585011839866638e-02
1.338320132344961166e-02
1.736141555011272430e-02
1.994901336729526520e-02
1.866996847093105316e-02
1.729900576174259186e-02
1.033803634345531464e-02
1.764863170683383942e-02
1.763664931058883667e-02
1.608960703015327454e-02
1.509180944412946701e-02
1.581001654267311096e-02
1.755529269576072693e-02
1.361896656453609467e-02
1.637325435876846313e-02
1.855943165719509125e-02
1.852167211472988129e-02
1.456574257463216782e-02
1.898533664643764496e-02
2.192620374262332916e-02
1.782984286546707153e-02
2.335343137383460999e-02
2.040284872055053711e-02
2.303759381175041199e-02
2.258140407502651215e-02
2.678021788597106934e-02
2.266950532793998718e-02
2.053636498749256134e-02
2.377621456980705261e-02
2.280872501432895660e-02
2.422618679702281952e-02
2.287389338016510010e-02
2.258551865816116333e-02
2.540226280689239502e-02
2.425912767648696899e-02
2.009565383195877075e-02
1.822635903954505920e-02
1.719468832015991211e-02
2.134659886360168457e-02
1.737371832132339478e-02
1.776547916233539581e-02
1.696640811860561371e-02
1.491869240999221802e-02
1.893720962107181549e-02
1.656527444720268250e-02
1.707741804420948029e-02
1.862652041018009186e-02
1.369702443480491638e-02
2.707283198833465576e-02
1.875996589660644531e-02
2.095574885606765747e-02
1.843762956559658051e-02
1.606128178536891937e-02
2.280654013156890869e-02
1.812595501542091370e-02
2.292781136929988861e-02
2.372329868376255035e-02
1.564454101026058197e-02
1.747907698154449463e-02
2.334578521549701691e-02
1.667752675712108612e-02
1.570354402065277100e-02
1.939288899302482605e-02
1.117477566003799438e-02
1.641776040196418762e-02
1.421994715929031372e-02
1.498185470700263977e-02
1.678147912025451660e-02
1.531732641160488129e-02
1.412984542548656464e-02
8.831140585243701935e-03
1.361787691712379456e-02
1.345561724156141281e-02
1.233381219208240509e-02
1.192748174071311951e-02
1.197889633476734161e-02
1.399076357483863831e-02
1.338694430887699127e-02
2.083668485283851624e-02
1.712926290929317474e-02
2.337227948009967804e-02
1.670203730463981628e-02
2.304868772625923157e-02
2.411751076579093933e-02
2.283329516649246216e-02
2.469128184020519257e-02
2.868419326841831207e-02
2.589252963662147522e-02
2.457855269312858582e-02
2.873300015926361084e-02
2.309653162956237793e-02
2.087237127125263214e-02
2.487538568675518036e-02
2.675752900540828705e-02
2.133788168430328369e-02
2.534940093755722046e-02
2.121414616703987122e-02
2.352865040302276611e-02
2.031005173921585083e-02
1.534929592162370682e-02
1.426082383841276169e-02
1.534735411405563354e-02
2.203658968210220337e-02
1.308225654065608978e-02
1.415697112679481506e-02
1.319567300379276276e-02
1.269524917006492615e-02
1.411294750869274139e-02
1.243784558027982712e-02
1.246771402657032013e-02
1.061332412064075470e-02
1.648026332259178162e-02
9.870933368802070618e-03
1.081665046513080597e-02
1.238533481955528259e-02
1.617927849292755127e-02
1.626770757138729095e-02
1.384965330362319946e-02
1.479635667055845261e-02
1.829486340284347534e-02
1.579342223703861237e-02
1.932675018906593323e-02
1.579336822032928467e-02
1.973841898143291473e-02
1.813797652721405029e-02
1.622311398386955261e-02
2.106684260070323944e-02
1.741217449307441711e-02
2.333243563771247864e-02
1.791131682693958282e-02
2.276553586125373840e-02
2.296132966876029968e-02
2.387567609548568726e-02
2.314141392707824707e-02
1.315279956907033920e-02
2.233529090881347656e-02
2.108070999383926392e-02
2.036457508802413940e-02
2.161583304405212402e-02
2.201691642403602600e-02
2.597454190254211426e-02
2.004122920334339142e-02
8.403859101235866547e-03
1.555646210908889771e-02
1.021141931414604187e-02
1.434111036360263824e-02
1.050012744963169098e-02
1.517813932150602341e-02
1.318878121674060822e-02
1.461653038859367371e-02
1.531094219535589218e-02
1.716492883861064911e-02
1.730204001069068909e-02
2.015465497970581055e-02
1.717199571430683136e-02
1.940188184380531311e-02
1.775859110057353973e-02
1.930928975343704224e-02
2.101944386959075928e-02
2.138031646609306335e-02
2.338824421167373657e-02
2.882867120206356049e-02
2.719061449170112610e-02
2.204392477869987488e-02
2.295976132154464722e-02
2.253297902643680573e-02
2.592046558856964111e-02
2.248115465044975281e-02
2.037431485950946808e-02
2.285097166895866394e-02
2.267207950353622437e-02
2.293977700173854828e-02
2.078793570399284363e-02
2.406174317002296448e-02
1.658159680664539337e-02
1.582786068320274353e-02
1.853024028241634369e-02
1.642204448580741882e-02
1.534799672663211823e-02
1.891463249921798706e-02
1.542587298899888992e-02
1.737605407834053040e-02
1.539247576147317886e-02
2.069597691297531128e-02
1.771265640854835510e-02
1.672571524977684021e-02
1.463100127875804901e-02
2.066127955913543701e-02
1.821057870984077454e-02
1.540010329335927963e-02
2.033438161015510559e-02
1.440749317407608032e-02
2.112112194299697876e-02
1.580516621470451355e-02
1.986026950180530548e-02
2.127092704176902771e-02
2.060110867023468018e-02
2.078283578157424927e-02
1.184290833771228790e-02
2.145608514547348022e-02
2.010951749980449677e-02
2.001203224062919617e-02
1.978526264429092407e-02
1.989724114537239075e-02
2.372837439179420471e-02
1.715907827019691467e-02
1.634485647082328796e-02
1.829269528388977051e-02
1.520213857293128967e-02
1.620071753859519958e-02
1.443266589194536209e-02
2.019889652729034424e-02
1.602196320891380310e-02
2.011576481163501740e-02
1.694525592029094696e-02
2.129856124520301819e-02
1.980676501989364624e-02
2.228811010718345642e-02
1.635106652975082397e-02
1.834645494818687439e-02
2.080073952674865723e-02
2.013193257153034210e-02
2.125786431133747101e-02
2.002722397446632385e-02
2.232847176492214203e-02
2.514725551009178162e-02
2.555034309625625610e-02
2.039764262735843658e-02
1.928611285984516144e-02
1.981723681092262268e-02
2.357805334031581879e-02
2.006757073104381561e-02
1.989559456706047058e-02
2.196370437741279602e-02
2.035411819815635681e-02
2.311686798930168152e-02
2.206783182919025421e-02
2.295462414622306824e-02
1.316500827670097351e-02
1.256183814257383347e-02
1.684597134590148926e-02
1.430503558367490768e-02
1.234271563589572906e-02
1.640854589641094208e-02
1.094538066536188126e-02
1.626204326748847961e-02
1.103155314922332764e-02
1.488515362143516541e-02
1.305777113884687424e-02
1.262414082884788513e-02
1.347626559436321259e-02
1.857418939471244812e-02
1.420028973370790482e-02
1.343802921473979950e-02
1.799975149333477020e-02
1.058074086904525757e-02
1.935561373829841614e-02
1.602833345532417297e-02
1.753512024879455566e-02
1.931282132863998413e-02
1.704155653715133667e-02
1.692878454923629761e-02
9.290141984820365906e-03
1.630645059049129486e-02
1.572583243250846863e-02
1.496256329119205475e-02
1.435174793004989624e-02
1.527699176222085953e-02
1.650686189532279968e-02
1.405211631208658218e-02
1.550544053316116333e-02
1.815801113843917847e-02
1.223575696349143982e-02
1.314848102629184723e-02
1.186859607696533203e-02
1.868729293346405029e-02
1.093486789613962173e-02
1.518664881587028503e-02
1.212929468601942062e-02
1.622500643134117126e-02
1.458394527435302734e-02
1.560751441866159439e-02
1.596434786915779114e-02
1.661104336380958557e-02
1.828278228640556335e-02
1.734438911080360413e-02
1.921116188168525696e-02
1.657584309577941895e-02
1.951619610190391541e-02
2.196061611175537109e-02
2.363942191004753113e-02
1.644712686538696289e-02
1.749000325798988342e-02
1.691747456789016724e-02
2.254428714513778687e-02
1.570101454854011536e-02
1.591679640114307404e-02
1.540627703070640564e-02
1.596734672784805298e-02
1.538848411291837692e-02
1.609454676508903503e-02
1.600928045809268951e-02
6.029030308127403259e-03
8.069261908531188965e-03
5.898953415453433990e-03
6.001016125082969666e-03
6.246375385671854019e-03
7.120514288544654846e-03
6.678941193968057632e-03
7.726813666522502899e-03
6.232146173715591431e-03
8.216451853513717651e-03
7.946863770484924316e-03
1.577646844089031219e-02
1.180655322968959808e-02
1.290546916425228119e-02
1.799377426505088806e-02
1.734851300716400146e-02
1.409432291984558105e-02
2.269065752625465393e-02
1.683047041296958923e-02
2.037556655704975128e-02
2.321453206241130829e-02
3.002176247537136078e-02
3.688191249966621399e-02
3.844472765922546387e-02
1.648399606347084045e-02
3.757393360137939453e-02
3.535515069961547852e-02
3.376562148332595825e-02
3.459958732128143311e-02
3.456614166498184204e-02
3.528969734907150269e-02
3.369071334600448608e-02
5.785990972071886063e-03
7.576037198305130005e-03
6.106435321271419525e-03
6.679910235106945038e-03
5.872405134141445160e-03
6.629270967096090317e-03
6.002662703394889832e-03
8.305944502353668213e-03
5.341721232980489731e-03
7.192036136984825134e-03
8.011162281036376953e-03
1.532725058495998383e-02
1.129142101854085922e-02
1.431920751929283142e-02
1.840038411319255829e-02
1.726656965911388397e-02
1.414216868579387665e-02
2.403392270207405090e-02
1.788769289851188660e-02
2.080115303397178650e-02
2.878338843584060669e-02
2.785134501755237579e-02
3.593545407056808472e-02
4.090928286314010620e-02
2.517133951187133789e-02
3.773288056254386902e-02
3.527161851525306702e-02
3.254979103803634644e-02
3.932639956474304199e-02
3.297980874776840210e-02
3.650189563632011414e-02
3.687991201877593994e-02
1.580918207764625549e-02
1.458395272493362427e-02
1.657411083579063416e-02
1.494114287197589874e-02
1.403727196156978607e-02
1.847797445952892303e-02
1.442045345902442932e-02
1.890372671186923981e-02
1.410088129341602325e-02
1.962605677545070648e-02
1.884400844573974609e-02
1.557933632284402847e-02
1.554030179977416992e-02
2.244467474520206451e-02
1.913294941186904907e-02
1.584492437541484833e-02
2.066378295421600342e-02
1.310252677649259567e-02
2.301794663071632385e-02
1.507574878633022308e-02
1.846206933259963989e-02
2.251753583550453186e-02
1.972787082195281982e-02
1.986099220812320709e-02
1.057925075292587280e-02
1.926725916564464569e-02
1.907106488943099976e-02
1.764568127691745758e-02
1.791046559810638428e-02
1.844846829771995544e-02
2.091134712100028992e-02
1.479164138436317444e-02
1.506213750690221786e-02
1.798578351736068726e-02
1.467656344175338745e-02
1.561740785837173462e-02
1.372846588492393494e-02
1.995121315121650696e-02
1.429586391896009445e-02
1.982940733432769775e-02
1.762684434652328491e-02
2.159591019153594971e-02
1.964513584971427917e-02
2.125800773501396179e-02
1.804696023464202881e-02
2.001127414405345917e-02
2.197816222906112671e-02
2.106684260070323944e-02
2.257725782692432404e-02
2.150599285960197449e-02
2.245892398059368134e-02
2.607431262731552124e-02
2.462785318493843079e-02
2.039578184485435486e-02
1.923851296305656433e-02
1.985251158475875854e-02
2.339471131563186646e-02
1.899305358529090881e-02
1.746168546378612518e-02
2.025932073593139648e-02
1.827330514788627625e-02
2.067393809556961060e-02
1.856430247426033020e-02
2.076025865972042084e-02
