<system>Protocol: Active. Attitude: Sassy.</system>
2.181095257401466370e-02
3.188265860080718994e-02
3.741571679711341858e-02
2.619557827711105347e-02
3.237055614590644836e-02
2.495554462075233459e-02
2.084240131080150604e-02
2.583531849086284637e-02
3.323482349514961243e-02
2.277552708983421326e-02
1.780715025961399078e-02
2.491862140595912933e-02
2.015200071036815643e-02
3.108942322432994843e-02
2.827119268476963043e-02
3.300710394978523254e-02
3.184049949049949646e-02
2.276664786040782928e-02
2.713482640683650970e-02
2.604685910046100616e-02
2.386654727160930634e-02
2.814833074808120728e-02
3.582949936389923096e-02
2.918224781751632690e-02
4.016260057687759399e-02
2.223597839474678040e-02
2.885683067142963409e-02
2.420566231012344360e-02
2.183054015040397644e-02
2.783679775893688202e-02
2.210324257612228394e-02
2.226660586893558502e-02
2.555984258651733398e-02
2.669510431587696075e-02
2.575523592531681061e-02
2.832517586648464203e-02
2.946471236646175385e-02
1.957817934453487396e-02
2.937868982553482056e-02
2.593949064612388611e-02
2.001938782632350922e-02
1.888293586671352386e-02
3.220982849597930908e-02
2.123221009969711304e-02
3.387955948710441589e-02
3.643494844436645508e-02
3.055286221206188202e-02
2.442555874586105347e-02
2.485698647797107697e-02
2.657903172075748444e-02
2.691624127328395844e-02
3.070909716188907623e-02
3.024704009294509888e-02
3.044051490724086761e-02
3.153117746114730835e-02
2.862376905977725983e-02
3.089488111436367035e-02
2.635186910629272461e-02
3.217393532395362854e-02
3.218860179185867310e-02
2.532787807285785675e-02
3.006808646023273468e-02
2.579656802117824554e-02
2.325737662613391876e-02
