<system>Protocol: Active. Attitude: Sassy.</system>
1.140356622636318207e-02
1.113946549594402313e-02
1.108579058200120926e-02
1.102535240352153778e-02
1.108739245682954788e-02
1.132438052445650101e-02
1.091372035443782806e-02
1.207626610994338989e-02
1.088875439018011093e-02
1.136147323995828629e-02
1.130132935941219330e-02
1.141242776066064835e-02
1.097288727760314941e-02
1.160343922674655914e-02
1.121999695897102356e-02
1.183759048581123352e-02
1.246529817581176758e-02
1.130356453359127045e-02
1.117696519941091537e-02
1.161310542374849319e-02
1.102117821574211121e-02
1.125235203653573990e-02
1.140721328556537628e-02
1.195945031940937042e-02
1.121975108981132507e-02
1.134385261684656143e-02
1.202391088008880615e-02
1.141425967216491699e-02
1.166320033371448517e-02
1.160277053713798523e-02
1.056802086532115936e-02
1.123053953051567078e-02
1.089623942971229553e-02
1.121178735047578812e-02
1.143399253487586975e-02
1.071487180888652802e-02
1.113263424485921860e-02
1.164785027503967285e-02
1.201192103326320648e-02
1.092300750315189362e-02
1.115246862173080444e-02
1.145366020500659943e-02
1.168381795287132263e-02
1.142768468707799911e-02
1.085032895207405090e-02
1.137860771268606186e-02
1.153530459851026535e-02
1.255527231842279434e-02
1.110662985593080521e-02
1.169466227293014526e-02
1.128731667995452881e-02
1.190821640193462372e-02
1.111769303679466248e-02
1.153862848877906799e-02
1.094359904527664185e-02
1.135522685945034027e-02
1.121323369443416595e-02
1.166413165628910065e-02
1.169793773442506790e-02
1.082626730203628540e-02
1.152322907000780106e-02
1.078112423419952393e-02
1.117633469402790070e-02
1.157214120030403137e-02
1.134531013667583466e-02
1.147888042032718658e-02
1.081917714327573776e-02
1.138665620237588882e-02
1.090946048498153687e-02
1.162892300635576248e-02
1.124796085059642792e-02
9.769681841135025024e-03
1.112952735275030136e-02
1.135807018727064133e-02
1.143965125083923340e-02
1.125791389495134354e-02
1.175509765744209290e-02
1.116518862545490265e-02
1.147671788930892944e-02
1.274596899747848511e-02
1.114821247756481171e-02
1.320989336818456650e-02
1.113171968609094620e-02
1.099673472344875336e-02
1.188941113650798798e-02
1.140319183468818665e-02
1.077260822057723999e-02
1.174785010516643524e-02
1.195678301155567169e-02
1.087393052875995636e-02
1.152876764535903931e-02
1.110240444540977478e-02
1.141868066042661667e-02
1.138224825263023376e-02
1.125224120914936066e-02
1.189979910850524902e-02
1.141970604658126831e-02
1.123500615358352661e-02
1.271849032491445541e-02
1.134179532527923584e-02
1.141151785850524902e-02
1.141448318958282471e-02
1.109007932245731354e-02
1.106915064156055450e-02
1.184145919978618622e-02
1.119394227862358093e-02
1.101869158446788788e-02
1.131467428058385849e-02
1.145996898412704468e-02
1.152475550770759583e-02
1.136886328458786011e-02
1.092308200895786285e-02
1.157293468713760376e-02
1.066948566585779190e-02
1.082952879369258881e-02
1.131032127887010574e-02
1.120283082127571106e-02
1.234889123588800430e-02
1.124568376690149307e-02
1.082979328930377960e-02
1.190243847668170929e-02
1.131916418671607971e-02
1.096414308995008469e-02
1.110732182860374451e-02
1.179934479296207428e-02
1.103133428841829300e-02
1.200612913817167282e-02
1.237562391906976700e-02
1.168985851109027863e-02
1.237876527011394501e-02
1.222855225205421448e-02
1.113470457494258881e-02
1.107120700180530548e-02
1.159615255892276764e-02
1.152882073074579239e-02
1.172498427331447601e-02
1.156865805387496948e-02
1.162259001284837723e-02
1.131647452712059021e-02
1.107593439519405365e-02
1.147612091153860092e-02
1.118158362805843353e-02
1.161372661590576172e-02
1.078324764966964722e-02
1.152977347373962402e-02
1.222106628119945526e-02
1.072933338582515717e-02
1.095302496105432510e-02
1.105947047472000122e-02
1.053809281438589096e-02
1.115478295832872391e-02
1.150375325232744217e-02
1.119673252105712891e-02
1.093353144824504852e-02
1.123990677297115326e-02
1.078128255903720856e-02
1.061463821679353714e-02
1.136566605418920517e-02
1.245496701449155807e-02
1.122180372476577759e-02
1.134799793362617493e-02
1.163868792355060577e-02
1.136222388595342636e-02
1.131073758006095886e-02
1.212810259312391281e-02
1.215642690658569336e-02
1.277641393244266510e-02
1.117948256433010101e-02
1.123203523457050323e-02
1.125417370349168777e-02
1.172570884227752686e-02
1.120372116565704346e-02
1.176016684621572495e-02
1.105093397200107574e-02
1.193069480359554291e-02
1.135678030550479889e-02
1.092356815934181213e-02
1.181071996688842773e-02
1.123609859496355057e-02
1.260980684310197830e-02
1.075519062578678131e-02
1.184212602674961090e-02
1.169330999255180359e-02
1.134796813130378723e-02
1.304785721004009247e-02
1.117689628154039383e-02
1.163846813142299652e-02
1.155492663383483887e-02
1.151115261018276215e-02
1.064097136259078979e-02
1.101824734359979630e-02
1.115921139717102051e-02
1.107683032751083374e-02
1.160337310284376144e-02
1.206371560692787170e-02
1.152751874178647995e-02
1.248466409742832184e-02
1.072426885366439819e-02
1.135298237204551697e-02
1.134546846151351929e-02
1.148624718189239502e-02
1.145802438259124756e-02
1.072078850120306015e-02
1.119752414524555206e-02
1.112734433263540268e-02
1.087148860096931458e-02
1.078781858086585999e-02
1.101635396480560303e-02
1.195442676544189453e-02
1.211732998490333557e-02
1.104807853698730469e-02
1.115576550364494324e-02
1.157381851226091385e-02
1.127003226429224014e-02
1.086980570107698441e-02
1.094602979719638824e-02
1.118544302880764008e-02
1.099556591361761093e-02
1.152096316218376160e-02
1.042156293988227844e-02
1.052586361765861511e-02
1.198079437017440796e-02
1.166748069226741791e-02
9.513603523373603821e-03
1.105913706123828888e-02
1.136490516364574432e-02
1.157009415328502655e-02
1.205595582723617554e-02
1.180127821862697601e-02
1.108908094465732574e-02
1.150361541658639908e-02
1.101425103843212128e-02
1.128250546753406525e-02
1.119562145322561264e-02
1.121912244707345963e-02
1.135047245770692825e-02
1.077669486403465271e-02
1.120620872825384140e-02
1.112007163465023041e-02
1.152391545474529266e-02
1.168626360595226288e-02
1.164017710834741592e-02
1.195715926587581635e-02
1.117808744311332703e-02
1.163279265165328979e-02
1.124712266027927399e-02
1.179309748113155365e-02
1.135733257979154587e-02
1.133508980274200439e-02
1.107319444417953491e-02
1.146358810365200043e-02
1.117161009460687637e-02
1.062875892966985703e-02
1.166170276701450348e-02
1.147190295159816742e-02
1.150266267359256744e-02
1.135168969631195068e-02
1.145151630043983459e-02
1.142476312816143036e-02
1.130156591534614563e-02
1.118287350982427597e-02
1.159977726638317108e-02
1.130213774740695953e-02
1.165905967354774475e-02
1.121932175010442734e-02
1.165878120809793472e-02
1.119750365614891052e-02
1.167688891291618347e-02
1.130883395671844482e-02
1.142846979200839996e-02
1.076615042984485626e-02
1.195729710161685944e-02
1.145847514271736145e-02
1.148840226233005524e-02
1.206502504646778107e-02
9.324145503342151642e-03
1.149688195437192917e-02
1.131233572959899902e-02
1.142452470958232880e-02
1.100582536309957504e-02
1.116356067359447479e-02
1.116227358579635620e-02
1.183138415217399597e-02
1.118235848844051361e-02
1.130882091820240021e-02
1.181611046195030212e-02
1.131644286215305328e-02
1.220889482647180557e-02
1.114427298307418823e-02
1.163972169160842896e-02
1.206357870250940323e-02
1.168989948928356171e-02
1.220796629786491394e-02
1.225558295845985413e-02
1.219849940389394760e-02
1.111954078078269958e-02
1.141062006354331970e-02
1.181031763553619385e-02
1.116098370403051376e-02
1.096175983548164368e-02
1.125069428235292435e-02
1.084908656775951385e-02
1.142673660069704056e-02
1.187663711607456207e-02
1.110519096255302429e-02
1.162857469171285629e-02
1.140343584120273590e-02
1.214542798697948456e-02
1.097338553518056870e-02
1.141173765063285828e-02
1.139858365058898926e-02
1.421471685171127319e-02
1.116688922047615051e-02
1.115181110799312592e-02
1.141296420246362686e-02
1.088754273951053619e-02
1.113095786422491074e-02
1.130080875009298325e-02
1.140150520950555801e-02
1.122188940644264221e-02
1.095363125205039978e-02
1.157054957002401352e-02
1.087337546050548553e-02
1.143320463597774506e-02
1.107838749885559082e-02
1.092395745217800140e-02
1.167368609458208084e-02
1.108397915959358215e-02
1.087021920830011368e-02
1.127115916460752487e-02
1.110179722309112549e-02
1.172718312591314316e-02
1.121005602180957794e-02
1.114226970821619034e-02
1.173761859536170959e-02
1.085876207798719406e-02
1.161028444766998291e-02
1.114096119999885559e-02
1.085735764354467392e-02
1.142876222729682922e-02
1.115863211452960968e-02
1.020674966275691986e-02
1.118304766714572906e-02
1.130678504705429077e-02
1.189765427261590958e-02
1.116346009075641632e-02
1.140716113150119781e-02
1.158748939633369446e-02
1.071600243449211121e-02
1.223840191960334778e-02
1.112778298556804657e-02
1.106758415699005127e-02
1.161040272563695908e-02
1.071943808346986771e-02
1.106479391455650330e-02
1.194953359663486481e-02
1.187738962471485138e-02
1.141847670078277588e-02
1.153124496340751648e-02
1.152575109153985977e-02
1.119870692491531372e-02
1.124915108084678650e-02
1.164112240076065063e-02
1.111703179776668549e-02
1.159948389977216721e-02
1.280963793396949768e-02
1.131277345120906830e-02
1.181511301547288895e-02
1.170660182833671570e-02
1.128707639873027802e-02
1.119883731007575989e-02
1.245008874684572220e-02
1.159248687326908112e-02
1.128479931503534317e-02
1.089670322835445404e-02
1.139161176979541779e-02
1.203638501465320587e-02
1.130848098546266556e-02
1.240738108754158020e-02
1.166918966919183731e-02
1.082635670900344849e-02
1.159495115280151367e-02
1.129215490072965622e-02
1.093799713999032974e-02
1.158211193978786469e-02
1.094945799559354782e-02
1.123489905148744583e-02
1.057210098952054977e-02
1.153163705021142960e-02
1.136680878698825836e-02
1.087553612887859344e-02
1.204660627990961075e-02
1.166068948805332184e-02
1.146685145795345306e-02
1.167288329452276230e-02
1.096864324063062668e-02
1.115475222468376160e-02
1.169042661786079407e-02
1.086982153356075287e-02
1.146684959530830383e-02
1.107841171324253082e-02
1.171291898936033249e-02
1.143920607864856720e-02
1.143886893987655640e-02
1.109253242611885071e-02
1.127198059111833572e-02
1.131490059196949005e-02
1.166288554668426514e-02
1.140388380736112595e-02
1.123839430510997772e-02
1.065416727215051651e-02
3.719352185726165771e-02
1.146300695836544037e-02
1.072663068771362305e-02
1.097095943987369537e-02
1.100798416882753372e-02
1.131642702966928482e-02
1.122233923524618149e-02
1.141647435724735260e-02
1.074149552732706070e-02
1.188250537961721420e-02
1.197025924921035767e-02
1.190574746578931808e-02
1.126322336494922638e-02
1.332519762217998505e-02
1.152979955077171326e-02
9.242912754416465759e-03
1.152385491877794266e-02
1.119809970259666443e-02
1.168897189199924469e-02
1.064878795295953751e-02
1.106580533087253571e-02
1.136177964508533478e-02
1.197049953043460846e-02
1.124506630003452301e-02
1.113022770732641220e-02
1.108909584581851959e-02
1.170177012681961060e-02
1.026727631688117981e-02
1.138644758611917496e-02
1.157932542264461517e-02
1.175818778574466705e-02
1.170534826815128326e-02
1.153248734772205353e-02
1.031346153467893600e-02
1.189994998276233673e-02
1.097008213400840759e-02
1.133811194449663162e-02
1.120524294674396515e-02
1.136776432394981384e-02
1.171345449984073639e-02
1.117639895528554916e-02
1.169532723724842072e-02
1.163890957832336426e-02
1.172435469925403595e-02
1.229589711874723434e-02
1.097508054226636887e-02
1.188543438911437988e-02
1.188177522271871567e-02
1.146110333502292633e-02
1.182336080819368362e-02
1.096452772617340088e-02
1.104569993913173676e-02
8.855377323925495148e-03
1.134151685982942581e-02
1.122488174587488174e-02
9.787281043827533722e-03
1.130293682217597961e-02
1.161131542176008224e-02
9.547814726829528809e-03
1.175594516098499298e-02
1.132453605532646179e-02
1.117478124797344208e-02
1.158413477241992950e-02
1.148970797657966614e-02
1.093537267297506332e-02
1.131939142942428589e-02
1.114824041724205017e-02
1.168331131339073181e-02
1.149764005094766617e-02
1.117875613272190094e-02
1.084198802709579468e-02
1.127096638083457947e-02
1.175709255039691925e-02
1.113492809236049652e-02
1.144124194979667664e-02
1.260433625429868698e-02
1.095930766314268112e-02
1.157501153647899628e-02
1.185341738164424896e-02
1.263247430324554443e-02
1.080358959734439850e-02
1.141552347689867020e-02
1.112618483603000641e-02
1.142189092934131622e-02
1.166588813066482544e-02
1.165311038494110107e-02
1.327687222510576248e-02
1.175227575004100800e-02
1.083273813128471375e-02
1.147956773638725281e-02
1.087319850921630859e-02
1.111681759357452393e-02
1.119410246610641479e-02
1.102811843156814575e-02
1.124590821564197540e-02
1.121432799845933914e-02
1.122882217168807983e-02
1.153089664876461029e-02
1.100141182541847229e-02
1.127003692090511322e-02
1.176289096474647522e-02
1.177266426384449005e-02
1.077043917030096054e-02
1.100470684468746185e-02
1.223267707973718643e-02
1.110801566392183304e-02
1.100725866854190826e-02
1.174016576260328293e-02
1.126391347497701645e-02
1.193309947848320007e-02
1.172186993062496185e-02
1.195751409977674484e-02
1.133962161839008331e-02
1.112184580415487289e-02
1.116525102406740189e-02
1.117619220167398453e-02
1.146236527711153030e-02
1.190306432545185089e-02
1.117070857435464859e-02
1.099138334393501282e-02
1.124619226902723312e-02
1.141972001641988754e-02
1.139377802610397339e-02
1.145148836076259613e-02
1.123257726430892944e-02
1.114001870155334473e-02
1.159141212701797485e-02
1.187797077000141144e-02
1.168013270944356918e-02
1.121354848146438599e-02
1.333816722035408020e-02
1.073563285171985626e-02
1.180201675742864609e-02
1.100099831819534302e-02
1.108365878462791443e-02
1.109706424176692963e-02
1.097006723284721375e-02
1.158409658819437027e-02
1.166875474154949188e-02
1.173187233507633209e-02
1.176331099122762680e-02
1.156424917280673981e-02
1.090086437761783600e-02
1.110425032675266266e-02
1.167668029665946960e-02
1.137142349034547806e-02
1.125129871070384979e-02
1.136687491089105606e-02
1.095767877995967865e-02
1.224985439330339432e-02
1.077231112867593765e-02
1.159048080444335938e-02
1.203601993620395660e-02
1.109612919390201569e-02
1.092669367790222168e-02
1.433722488582134247e-02
1.136801764369010925e-02
1.153305731713771820e-02
1.124912127852439880e-02
1.134949363768100739e-02
1.159752998501062393e-02
1.195705030113458633e-02
1.184200309216976166e-02
1.165290176868438721e-02
1.182504650205373764e-02
1.096348743885755539e-02
1.187732629477977753e-02
1.136567164212465286e-02
1.071818917989730835e-02
1.102321315556764603e-02
1.175014395266771317e-02
1.085011661052703857e-02
1.126765180379152298e-02
1.240446045994758606e-02
1.140411198139190674e-02
1.147892326116561890e-02
1.119844242930412292e-02
1.140893995761871338e-02
1.169494166970252991e-02
1.161547563970088959e-02
1.100219972431659698e-02
1.237202621996402740e-02
1.158929988741874695e-02
1.108234282582998276e-02
1.112788356840610504e-02
1.167415268719196320e-02
1.137608382850885391e-02
1.160927023738622665e-02
1.122632808983325958e-02
1.222765818238258362e-02
1.212414726614952087e-02
1.122038345783948898e-02
1.241543143987655640e-02
1.185898855328559875e-02
1.108867302536964417e-02
1.137702167034149170e-02
1.148181315511465073e-02
1.179549843072891235e-02
1.112785190343856812e-02
1.095213647931814194e-02
1.158103533089160919e-02
1.201298646628856659e-02
1.082270406186580658e-02
1.081518828868865967e-02
1.140332315117120743e-02
1.107904221862554550e-02
1.071128062903881073e-02
1.145406812429428101e-02
1.088594552129507065e-02
1.064930111169815063e-02
1.076316274702548981e-02
1.117674447596073151e-02
1.232360675930976868e-02
1.241523586213588715e-02
1.150048617273569107e-02
1.094487216323614120e-02
1.201716717332601547e-02
1.155489869415760040e-02
1.080713234841823578e-02
1.127921324223279953e-02
1.148818992078304291e-02
1.189437322318553925e-02
1.123445015400648117e-02
1.148875616490840912e-02
1.157272048294544220e-02
1.162153109908103943e-02
1.137551479041576385e-02
1.194622367620468140e-02
1.140529382973909378e-02
1.183659862726926804e-02
1.105758082121610641e-02
1.139983162283897400e-02
1.089633628726005554e-02
1.230464410036802292e-02
1.033698022365570068e-02
1.135751511901617050e-02
1.104875095188617706e-02
1.177594810724258423e-02
1.105384156107902527e-02
1.136503089219331741e-02
1.100117899477481842e-02
1.235953811556100845e-02
1.229837350547313690e-02
1.152039878070354462e-02
1.216523814946413040e-02
1.143258251249790192e-02
1.130504254251718521e-02
1.099898852407932281e-02
1.083244383335113525e-02
1.102960389107465744e-02
8.815074339509010315e-03
1.154090464115142822e-02
8.767079561948776245e-03
1.114045456051826477e-02
1.174629293382167816e-02
1.120015606284141541e-02
1.118869893252849579e-02
1.167225558310747147e-02
1.060037594288587570e-02
1.125204376876354218e-02
1.202647294849157333e-02
1.145503949373960495e-02
1.134824287146329880e-02
1.198922377079725266e-02
1.132971607148647308e-02
1.132348086684942245e-02
1.176048442721366882e-02
1.068289671093225479e-02
1.104245707392692566e-02
1.147061306983232498e-02
1.151935942471027374e-02
1.162522472441196442e-02
1.094366982579231262e-02
1.094339322298765182e-02
1.099842227995395660e-02
1.117801479995250702e-02
1.240224204957485199e-02
1.183364726603031158e-02
1.177909225225448608e-02
1.094908639788627625e-02
1.233872678130865097e-02
1.126288250088691711e-02
1.099446415901184082e-02
1.166213303804397583e-02
1.128476671874523163e-02
1.202745363116264343e-02
1.093676500022411346e-02
1.109624095261096954e-02
1.129016373306512833e-02
1.168717443943023682e-02
1.183502096682786942e-02
1.252137869596481323e-02
1.093701925128698349e-02
1.119557395577430725e-02
1.149422675371170044e-02
1.102749444544315338e-02
1.124163717031478882e-02
1.048284210264682770e-02
1.285632513463497162e-02
1.160990074276924133e-02
1.099408790469169617e-02
1.099452842026948929e-02
1.202503778040409088e-02
1.098044775426387787e-02
1.270604319870471954e-02
1.107485871762037277e-02
1.112850476056337357e-02
1.115237548947334290e-02
1.142571307718753815e-02
1.095394883304834366e-02
1.102113910019397736e-02
1.194068882614374161e-02
1.223646290600299835e-02
1.156717538833618164e-02
1.112175360321998596e-02
1.125994697213172913e-02
1.119050662964582443e-02
1.109597459435462952e-02
1.112137734889984131e-02
1.092629134654998779e-02
1.090714801102876663e-02
1.113053783774375916e-02
1.107190921902656555e-02
1.141152903437614441e-02
1.052566803991794586e-02
1.161841675639152527e-02
1.140232104808092117e-02
1.333943381905555725e-02
1.182282064110040665e-02
1.164822466671466827e-02
1.137507334351539612e-02
1.109560765326023102e-02
1.171632669866085052e-02
1.122979354113340378e-02
1.147539727389812469e-02
1.066716015338897705e-02
1.172317564487457275e-02
1.090442202985286713e-02
1.184447668492794037e-02
1.085450407117605209e-02
1.150321215391159058e-02
1.186187565326690674e-02
1.192445866763591766e-02
1.109294779598712921e-02
1.191774941980838776e-02
9.503060951828956604e-03
1.143046282231807709e-02
1.096217706799507141e-02
1.121297106146812439e-02
1.105272397398948669e-02
1.133776362985372543e-02
1.120095886290073395e-02
1.140235736966133118e-02
1.089066360145807266e-02
1.307371631264686584e-02
1.122747827321290970e-02
1.146872621029615402e-02
1.117723435163497925e-02
1.099125761538743973e-02
1.105697639286518097e-02
1.125693693757057190e-02
1.074928045272827148e-02
1.114881783723831177e-02
8.815102279186248779e-03
1.211846619844436646e-02
1.177778653800487518e-02
1.141956448554992676e-02
1.164389774203300476e-02
1.146479044109582901e-02
1.111132279038429260e-02
1.133046764880418777e-02
1.181041076779365540e-02
1.177612692117691040e-02
1.187968067824840546e-02
1.140963193029165268e-02
1.183214690536260605e-02
1.155217364430427551e-02
1.166103407740592957e-02
1.021143700927495956e-02
1.135226525366306305e-02
1.151053607463836670e-02
1.140944752842187881e-02
1.139072701334953308e-02
1.105789002031087875e-02
1.133012119680643082e-02
1.084672473371028900e-02
1.161438971757888794e-02
1.180081069469451904e-02
1.151433587074279785e-02
1.126273348927497864e-02
1.094548217952251434e-02
1.166454330086708069e-02
1.108769141137599945e-02
1.129762455821037292e-02
1.140371896326541901e-02
1.073396950960159302e-02
1.079028472304344177e-02
1.197119522839784622e-02
1.201672852039337158e-02
1.246542669832706451e-02
1.106336340308189392e-02
1.168353296816349030e-02
1.164709590375423431e-02
1.131196692585945129e-02
1.145849004387855530e-02
1.144044846296310425e-02
1.127358153462409973e-02
1.094803400337696075e-02
1.139476615935564041e-02
1.123537681996822357e-02
9.048145264387130737e-03
1.099074818193912506e-02
1.134486682713031769e-02
1.115920394659042358e-02
1.130506768822669983e-02
1.139033585786819458e-02
1.122106518596410751e-02
1.124192774295806885e-02
1.087792403995990753e-02
1.070662401616573334e-02
1.125207636505365372e-02
1.131601817905902863e-02
1.084723323583602905e-02
1.073858700692653656e-02
1.131560280919075012e-02
1.029417570680379868e-02
1.043584011495113373e-02
1.120052579790353775e-02
1.152088120579719543e-02
1.098444871604442596e-02
1.071435399353504181e-02
1.138431951403617859e-02
1.120022684335708618e-02
1.136588864028453827e-02
1.272445917129516602e-02
1.193575561046600342e-02
1.052829995751380920e-02
1.152470707893371582e-02
1.186421047896146774e-02
1.152522023767232895e-02
1.162684708833694458e-02
1.170875225216150284e-02
1.182533521205186844e-02
1.164740975946187973e-02
1.136819273233413696e-02
1.111944671720266342e-02
1.172409020364284515e-02
1.131943892687559128e-02
1.093227602541446686e-02
1.111941318958997726e-02
1.114109158515930176e-02
1.158232055604457855e-02
1.179766375571489334e-02
1.095923036336898804e-02
1.141860429197549820e-02
1.094018854200839996e-02
1.151157636195421219e-02
1.147781871259212494e-02
1.217249128967523575e-02
1.124017219990491867e-02
1.158099249005317688e-02
1.139432750642299652e-02
1.152867637574672699e-02
1.145259197801351547e-02
1.113480236381292343e-02
1.122550107538700104e-02
1.099510211497545242e-02
1.099869236350059509e-02
1.072266511619091034e-02
1.085723936557769775e-02
1.125273015350103378e-02
1.179501414299011230e-02
1.120652630925178528e-02
1.173059269785881042e-02
1.151509955525398254e-02
1.130977272987365723e-02
1.096001174300909042e-02
1.081020385026931763e-02
1.109488867223262787e-02
1.176094729453325272e-02
1.137577462941408157e-02
1.171939633786678314e-02
1.107124425470829010e-02
1.177601702511310577e-02
1.112587936222553253e-02
1.158438622951507568e-02
1.158332638442516327e-02
1.144458167254924774e-02
1.126570254564285278e-02
1.165561936795711517e-02
1.137632690370082855e-02
1.179693266749382019e-02
1.094196923077106476e-02
1.194701716303825378e-02
1.147584430873394012e-02
1.110067404806613922e-02
1.141410507261753082e-02
1.052421238273382187e-02
1.092220377177000046e-02
1.170542743057012558e-02
1.150907017290592194e-02
1.181850023567676544e-02
1.120456494390964508e-02
1.129243802279233932e-02
1.196026243269443512e-02
1.136382482945919037e-02
1.131200790405273438e-02
1.174462493509054184e-02
1.188425160944461823e-02
1.137788593769073486e-02
1.128150336444377899e-02
1.142822019755840302e-02
1.087388489395380020e-02
1.163992471992969513e-02
1.098915096372365952e-02
1.129377819597721100e-02
1.122970134019851685e-02
7.993530482053756714e-03
1.101584546267986298e-02
1.125691924244165421e-02
1.113556325435638428e-02
1.092630065977573395e-02
1.102109998464584351e-02
1.192449405789375305e-02
1.121589820832014084e-02
1.137813180685043335e-02
1.106300018727779388e-02
1.129297725856304169e-02
1.144382916390895844e-02
1.104111410677433014e-02
1.115404069423675537e-02
1.165761426091194153e-02
1.193616352975368500e-02
1.148751564323902130e-02
1.155757717788219452e-02
1.079075317829847336e-02
1.361336931586265564e-02
1.102785486727952957e-02
1.129250973463058472e-02
1.221615821123123169e-02
1.123443339020013809e-02
1.106300577521324158e-02
1.220756955444812775e-02
1.167447026818990707e-02
1.102449558675289154e-02
1.166184153407812119e-02
1.077954284846782684e-02
1.169718801975250244e-02
1.115887518972158432e-02
1.160427927970886230e-02
1.148048229515552521e-02
1.153601147234439850e-02
1.164205837994813919e-02
1.133143156766891479e-02
1.104053016752004623e-02
1.188364252448081970e-02
1.149888522922992706e-02
1.168126985430717468e-02
1.173708029091358185e-02
1.163647696375846863e-02
1.148431561887264252e-02
1.133962161839008331e-02
1.134711038321256638e-02
1.112651359289884567e-02
1.107419095933437347e-02
1.129006594419479370e-02
1.220272481441497803e-02
1.203667838126420975e-02
1.174582820385694504e-02
1.138382870703935623e-02
1.132841873914003372e-02
1.129974983632564545e-02
1.070829480886459351e-02
1.116489339619874954e-02
1.190958917140960693e-02
1.114487648010253906e-02
1.120870374143123627e-02
1.146908663213253021e-02
1.166450884193181992e-02
1.145898085087537766e-02
1.234322693198919296e-02
1.119900122284889221e-02
1.137624494731426239e-02
1.111419126391410828e-02
1.122558303177356720e-02
1.134586147964000702e-02
1.143680047243833542e-02
1.132157538086175919e-02
1.066975295543670654e-02
1.186226308345794678e-02
1.120299100875854492e-02
1.248099468648433685e-02
1.143085584044456482e-02
1.122927479445934296e-02
1.135401614010334015e-02
1.094524376094341278e-02
1.284787617623806000e-02
1.172058749943971634e-02
1.110853627324104309e-02
1.125079952180385590e-02
1.126224920153617859e-02
1.160370372235774994e-02
1.166990865021944046e-02
1.096295379102230072e-02
1.129753515124320984e-02
1.161459647119045258e-02
1.163363829255104065e-02
1.097247749567031860e-02
1.143018994480371475e-02
1.186336390674114227e-02
1.115609891712665558e-02
1.178635284304618835e-02
1.205332018435001373e-02
1.155957765877246857e-02
1.101136673241853714e-02
1.109558902680873871e-02
1.212802529335021973e-02
1.104255579411983490e-02
1.176279783248901367e-02
1.142653357237577438e-02
1.147492509335279465e-02
1.155265141278505325e-02
1.160574331879615784e-02
1.189144514501094818e-02
1.158014126121997833e-02
1.134682819247245789e-02
1.095639541745185852e-02
1.169545669108629227e-02
1.215553376823663712e-02
1.150172017514705658e-02
1.156654208898544312e-02
1.202250085771083832e-02
1.149648148566484451e-02
1.220830064266920090e-02
1.248990558087825775e-02
1.133332867175340652e-02
1.126130949705839157e-02
1.105197332799434662e-02
1.192833855748176575e-02
1.129328832030296326e-02
1.161588355898857117e-02
1.082688756287097931e-02
1.087745651602745056e-02
1.121943350881338120e-02
1.107003167271614075e-02
1.137875858694314957e-02
1.161515433341264725e-02
1.129908300936222076e-02
1.125121302902698517e-02
1.127110328525304794e-02
1.130704488605260849e-02
1.143262721598148346e-02
1.069263648241758347e-02
1.120006758719682693e-02
1.139419712126255035e-02
1.220964267849922180e-02
1.070491876453161240e-02
1.118322648108005524e-02
1.104182563722133636e-02
1.093042641878128052e-02
1.195241138339042664e-02
1.355327107012271881e-02
1.133043598383665085e-02
1.184974610805511475e-02
1.119033619761466980e-02
1.152143627405166626e-02
1.134568825364112854e-02
1.047068648040294647e-02
1.177577208727598190e-02
1.081850100308656693e-02
1.188861951231956482e-02
1.149640046060085297e-02
1.183950342237949371e-02
1.139594800770282745e-02
1.272924616932868958e-02
1.073235832154750824e-02
1.206711493432521820e-02
1.163597498089075089e-02
1.162239909172058105e-02
1.164989825338125229e-02
1.333200093358755112e-02
1.186485774815082550e-02
1.118041668087244034e-02
1.039971970021724701e-02
1.144141796976327896e-02
1.083518750965595245e-02
1.147051714360713959e-02
1.167935784906148911e-02
1.170452870428562164e-02
1.107500866055488586e-02
1.126223802566528320e-02
1.046259514987468719e-02
1.137863378971815109e-02
1.126998756080865860e-02
1.136684790253639221e-02
1.146929524838924408e-02
1.170238014310598373e-02
1.104560587555170059e-02
1.099751982837915421e-02
1.323657296597957611e-02
1.146475970745086670e-02
1.136586908251047134e-02
1.153479237109422684e-02
1.165752485394477844e-02
1.115331612527370453e-02
1.201251894235610962e-02
1.115610077977180481e-02
1.133525278419256210e-02
1.156781241297721863e-02
1.161783188581466675e-02
1.170204766094684601e-02
1.086015906184911728e-02
1.172164268791675568e-02
1.162033714354038239e-02
1.065239124000072479e-02
1.160893961787223816e-02
1.096476987004280090e-02
1.135589089244604111e-02
1.109725609421730042e-02
1.154454797506332397e-02
1.185407582670450211e-02
1.152560953050851822e-02
1.119610294699668884e-02
1.109663024544715881e-02
1.116637326776981354e-02
1.078771799802780151e-02
1.101852394640445709e-02
1.122836116701364517e-02
1.142398826777935028e-02
1.147753000259399414e-02
1.078089326620101929e-02
1.197991147637367249e-02
1.192210428416728973e-02
1.161620020866394043e-02
1.085034664720296860e-02
1.157846488058567047e-02
1.093604043126106262e-02
1.164509914815425873e-02
1.079830620437860489e-02
1.168289221823215485e-02
1.130664069205522537e-02
1.106318179517984390e-02
1.164338737726211548e-02
1.078736316412687302e-02
1.121609844267368317e-02
1.103461720049381256e-02
1.187964528799057007e-02
1.113048382103443146e-02
1.142046041786670685e-02
1.121719647198915482e-02
1.092380937188863754e-02
1.151626929640769958e-02
1.061808131635189056e-02
1.122625917196273804e-02
1.129774376749992371e-02
1.073881424963474274e-02
1.127321366220712662e-02
1.098233554512262344e-02
1.146404258906841278e-02
1.116948574781417847e-02
1.134615018963813782e-02
1.145797781646251678e-02
1.108129043132066727e-02
1.100995391607284546e-02
1.089245267212390900e-02
1.112220436334609985e-02
1.128786243498325348e-02
1.207006070762872696e-02
1.125084422528743744e-02
1.095331646502017975e-02
1.105891913175582886e-02
1.117691490799188614e-02
1.254470832645893097e-02
1.208356395363807678e-02
1.138092391192913055e-02
1.182653196156024933e-02
1.071108691394329071e-02
1.152737438678741455e-02
1.160969864577054977e-02
1.159584429115056992e-02
1.090425159782171249e-02
1.148954685777425766e-02
1.086006499826908112e-02
1.244640722870826721e-02
1.181719545274972916e-02
1.126093231141567230e-02
1.192364841699600220e-02
1.119553484022617340e-02
1.366801839321851730e-02
1.120711956173181534e-02
1.096386648714542389e-02
1.093777082860469818e-02
1.174272596836090088e-02
1.119434926658868790e-02
1.135055907070636749e-02
1.132601499557495117e-02
1.099801342934370041e-02
1.113626919686794281e-02
1.099501736462116241e-02
1.097700372338294983e-02
1.163477357476949692e-02
1.145650260150432587e-02
1.107763685286045074e-02
1.097535248845815659e-02
1.081234775483608246e-02
1.183627732098102570e-02
1.091219950467348099e-02
1.086345687508583069e-02
1.326687447726726532e-02
1.125960797071456909e-02
1.130795851349830627e-02
1.140405423939228058e-02
1.112699322402477264e-02
1.141679100692272186e-02
1.087297592312097549e-02
1.191875711083412170e-02
1.148550212383270264e-02
1.148244179785251617e-02
1.115534733980894089e-02
1.135993562638759613e-02
1.197335403412580490e-02
1.222324650734663010e-02
1.147643849253654480e-02
1.118101738393306732e-02
1.168094575405120850e-02
1.138586550951004028e-02
1.242842711508274078e-02
1.102253049612045288e-02
1.092871464788913727e-02
1.180217228829860687e-02
1.128748059272766113e-02
1.103654410690069199e-02
1.148726418614387512e-02
1.141794584691524506e-02
1.125974021852016449e-02
1.079254224896430969e-02
1.132286526262760162e-02
1.167576294392347336e-02
1.271534711122512817e-02
1.097067259252071381e-02
1.077595725655555725e-02
1.068917568773031235e-02
1.125920563936233521e-02
9.412994608283042908e-03
1.077442802488803864e-02
1.120338030159473419e-02
1.108745578676462173e-02
1.166778523474931717e-02
1.122510060667991638e-02
1.114864367991685867e-02
1.171411760151386261e-02
1.124948076903820038e-02
1.173415780067443848e-02
1.131497230380773544e-02
1.183436065912246704e-02
1.169864926487207413e-02
1.126128435134887695e-02
1.063571311533451080e-02
1.105116866528987885e-02
1.156641636043787003e-02
1.110252179205417633e-02
1.104433089494705200e-02
1.154500246047973633e-02
1.133381947875022888e-02
1.215322315692901611e-02
1.166210137307643890e-02
1.178420521318912506e-02
1.452757604420185089e-02
1.157707255333662033e-02
1.093747094273567200e-02
1.139592751860618591e-02
1.171611249446868896e-02
1.143467985093593597e-02
1.152917928993701935e-02
1.141034066677093506e-02
1.189769431948661804e-02
1.141735911369323730e-02
1.102976128458976746e-02
1.106979697942733765e-02
1.045005023479461670e-02
1.188582554459571838e-02
1.172744669020175934e-02
1.153396815061569214e-02
1.174494996666908264e-02
1.157142221927642822e-02
1.111610978841781616e-02
1.132695004343986511e-02
1.162548363208770752e-02
1.108080521225929260e-02
1.118003763258457184e-02
1.368931494653224945e-02
1.153598632663488388e-02
1.059910934418439865e-02
9.099689312279224396e-03
1.096787117421627045e-02
1.128575764596462250e-02
1.182348467409610748e-02
1.092387456446886063e-02
1.104564592242240906e-02
1.127552986145019531e-02
1.122786477208137512e-02
1.128024701029062271e-02
1.140641234815120697e-02
1.136830262839794159e-02
1.176735386252403259e-02
1.095174718648195267e-02
1.154816336929798126e-02
1.124157942831516266e-02
1.145270839333534241e-02
1.111886836588382721e-02
1.118484232574701309e-02
1.154437661170959473e-02
1.176671218127012253e-02
1.157824136316776276e-02
1.163139380514621735e-02
1.155973691493272781e-02
1.143950410187244415e-02
1.094045955687761307e-02
7.316225674003362656e-03
1.130458805710077286e-02
1.166297215968370438e-02
1.112814992666244507e-02
1.108059752732515335e-02
1.135407760739326477e-02
1.094898954033851624e-02
1.127979345619678497e-02
1.186022907495498657e-02
1.151748187839984894e-02
1.109153404831886292e-02
1.124902721494436264e-02
1.092689298093318939e-02
1.163613796234130859e-02
1.184346526861190796e-02
1.093439012765884399e-02
1.118751335889101028e-02
1.010128762573003769e-02
1.171983312815427780e-02
1.116891391575336456e-02
1.130581460893154144e-02
1.141556072980165482e-02
1.130784582346677780e-02
1.155692618340253830e-02
1.166265271604061127e-02
1.130317151546478271e-02
1.128163374960422516e-02
1.166638173162937164e-02
1.062691584229469299e-02
1.085702516138553619e-02
1.161612942814826965e-02
1.120630931109189987e-02
1.069060713052749634e-02
1.068944856524467468e-02
1.192209124565124512e-02
1.174863986670970917e-02
1.126180961728096008e-02
1.115515083074569702e-02
1.167082414031028748e-02
1.170076522976160049e-02
1.123888790607452393e-02
1.044501550495624542e-02
1.185008324682712555e-02
1.122529059648513794e-02
1.150622777640819550e-02
1.115413568913936615e-02
1.152631826698780060e-02
1.082979142665863037e-02
1.168792136013507843e-02
1.148150488734245300e-02
1.134338602423667908e-02
1.148562319576740265e-02
1.116040535271167755e-02
1.334603503346443176e-02
1.091489009559154510e-02
1.135609112679958344e-02
1.152164861559867859e-02
1.165201887488365173e-02
1.154173538088798523e-02
1.149193756282329559e-02
1.146496739238500595e-02
1.160862296819686890e-02
1.183587126433849335e-02
1.210457738488912582e-02
1.093781366944313049e-02
1.097989734262228012e-02
1.145303808152675629e-02
1.137824915349483490e-02
1.166144572198390961e-02
1.101427711546421051e-02
1.113954279571771622e-02
1.084820833057165146e-02
1.076716743409633636e-02
1.127769052982330322e-02
1.087979227304458618e-02
1.141744945198297501e-02
1.108441594988107681e-02
1.201876252889633179e-02
1.170019805431365967e-02
1.128275319933891296e-02
1.126715168356895447e-02
1.171626430004835129e-02
1.123641803860664368e-02
1.122923474758863449e-02
1.071681268513202667e-02
1.204894483089447021e-02
1.129003055393695831e-02
1.177535019814968109e-02
1.140461862087249756e-02
1.174020580947399139e-02
1.099246647208929062e-02
1.132909767329692841e-02
1.163729652762413025e-02
1.126231439411640167e-02
1.101321913301944733e-02
1.142065785825252533e-02
1.097879838198423386e-02
1.107676234096288681e-02
1.145800482481718063e-02
1.137898676097393036e-02
1.120771467685699463e-02
1.162519305944442749e-02
1.192082371562719345e-02
1.125883962959051132e-02
1.132536213845014572e-02
1.126310601830482483e-02
1.136967539787292480e-02
1.261049509048461914e-02
1.142220571637153625e-02
1.138599589467048645e-02
1.192392595112323761e-02
1.124854013323783875e-02
1.142088882625102997e-02
1.141697727143764496e-02
1.162081584334373474e-02
1.103129331022500992e-02
1.170947402715682983e-02
1.104849111288785934e-02
1.163641922175884247e-02
1.116936653852462769e-02
1.170095056295394897e-02
1.178044360131025314e-02
1.164136454463005066e-02
1.164416968822479248e-02
1.115636527538299561e-02
1.207102648913860321e-02
1.174814067780971527e-02
9.977687150239944458e-03
1.097469963133335114e-02
1.099601481109857559e-02
1.209952495992183685e-02
1.188084669411182404e-02
1.165513414889574051e-02
1.185765303671360016e-02
1.162402890622615814e-02
1.159110758453607559e-02
1.115314662456512451e-02
1.050682179629802704e-02
1.158769987523555756e-02
1.009786501526832581e-02
1.111908443272113800e-02
1.135190483182668686e-02
1.108845695853233337e-02
1.178981177508831024e-02
1.151215471327304840e-02
9.903465397655963898e-03
1.157099660485982895e-02
1.159832626581192017e-02
1.178835146129131317e-02
1.132206525653600693e-02
1.124780625104904175e-02
1.113222073763608932e-02
1.141458284109830856e-02
1.125884708017110825e-02
1.073516160249710083e-02
1.088066678494215012e-02
1.121521927416324615e-02
1.131016481667757034e-02
1.090546511113643646e-02
1.166649162769317627e-02
1.138471625745296478e-02
1.136200036853551865e-02
1.166942808777093887e-02
1.150411367416381836e-02
1.132591906934976578e-02
1.119706779718399048e-02
1.250057760626077652e-02
1.351369172334671021e-02
1.071349531412124634e-02
1.155581232160329819e-02
1.147299725562334061e-02
1.103822700679302216e-02
1.118491776287555695e-02
1.147732976824045181e-02
1.217773091048002243e-02
1.189145632088184357e-02
1.136942021548748016e-02
1.117301173508167267e-02
1.145670283585786819e-02
7.261363323777914047e-03
1.136718690395355225e-02
1.146604679524898529e-02
1.464546006172895432e-02
1.133000478148460388e-02
1.179177872836589813e-02
1.156539656221866608e-02
1.117132417857646942e-02
1.105957571417093277e-02
1.157770864665508270e-02
1.179897878319025040e-02
1.111396122723817825e-02
1.131620071828365326e-02
1.157131697982549667e-02
1.150553300976753235e-02
1.135814376175403595e-02
1.221420615911483765e-02
1.166489906609058380e-02
1.091609708964824677e-02
1.133767981082201004e-02
1.133858319371938705e-02
1.126306783407926559e-02
1.134010031819343567e-02
1.149223931133747101e-02
1.149600557982921600e-02
1.115165092051029205e-02
1.097059343010187149e-02
1.138900220394134521e-02
1.185754220932722092e-02
1.133605651557445526e-02
1.181215979158878326e-02
1.072812825441360474e-02
1.027477160096168518e-02
1.232142560184001923e-02
1.108269765973091125e-02
1.163463108241558075e-02
1.163829211145639420e-02
1.084200479090213776e-02
1.195256225764751434e-02
1.140131615102291107e-02
1.163034699857234955e-02
1.173934340476989746e-02
1.130448468029499054e-02
1.148245669901371002e-02
1.117802597582340240e-02
1.112403441220521927e-02
1.120244525372982025e-02
1.135481894016265869e-02
1.192973181605339050e-02
1.141870766878128052e-02
1.191201992332935333e-02
1.206888444721698761e-02
1.077947951853275299e-02
1.180458348244428635e-02
1.141757331788539886e-02
1.130502764135599136e-02
1.035885512828826904e-02
1.120268367230892181e-02
1.145412214100360870e-02
1.129599101841449738e-02
1.126667484641075134e-02
1.209934707731008530e-02
1.112265978008508682e-02
1.192887313663959503e-02
1.145920716226100922e-02
1.374950911849737167e-02
1.110670994967222214e-02
1.199823990464210510e-02
1.147800497710704803e-02
1.056524086743593216e-02
1.114437542855739594e-02
1.127391215413808823e-02
1.235860958695411682e-02
1.115416735410690308e-02
1.114666834473609924e-02
1.076478883624076843e-02
1.276400499045848846e-02
1.077561732381582260e-02
1.081528887152671814e-02
1.174842193722724915e-02
1.131594646722078323e-02
1.139923557639122009e-02
1.182959135621786118e-02
1.149251125752925873e-02
1.171319000422954559e-02
1.326584443449974060e-02
1.001014001667499542e-02
1.045898161828517914e-02
1.112523861229419708e-02
1.143662910908460617e-02
1.149686053395271301e-02
1.147719472646713257e-02
1.147507131099700928e-02
1.093366835266351700e-02
1.032162178307771683e-02
1.093125343322753906e-02
1.110791135579347610e-02
1.111450046300888062e-02
1.143762376159429550e-02
1.150356233119964600e-02
1.146540418267250061e-02
1.127495057880878448e-02
1.141048409044742584e-02
1.177233923226594925e-02
9.705441072583198547e-03
1.323247514665126801e-02
1.142163947224617004e-02
1.142181642353534698e-02
1.123220380395650864e-02
1.107814908027648926e-02
1.102763321250677109e-02
1.179122366011142731e-02
1.144191063940525055e-02
1.120389066636562347e-02
1.154636312276124954e-02
1.086783409118652344e-02
1.191658340394496918e-02
1.116104982793331146e-02
1.091833785176277161e-02
1.158890407532453537e-02
1.147639378905296326e-02
1.132144313305616379e-02
1.153860799968242645e-02
1.143720187246799469e-02
1.191996037960052490e-02
1.137120649218559265e-02
1.106377132236957550e-02
1.162311527878046036e-02
1.160328835248947144e-02
1.102582830935716629e-02
1.090439595282077789e-02
1.114225853234529495e-02
1.117424014955759048e-02
1.127846166491508484e-02
1.065503060817718506e-02
1.146307587623596191e-02
1.153785083442926407e-02
1.088172756135463715e-02
1.071735937148332596e-02
1.091462187469005585e-02
1.096950005739927292e-02
1.182204019278287888e-02
1.128771807998418808e-02
1.138374488800764084e-02
1.169278472661972046e-02
1.141327433288097382e-02
1.127069070935249329e-02
1.142377965152263641e-02
1.107950508594512939e-02
1.123982667922973633e-02
1.165338046848773956e-02
1.148131489753723145e-02
1.172643154859542847e-02
1.231405604630708694e-02
1.144549064338207245e-02
1.157874800264835358e-02
1.208087522536516190e-02
1.101558282971382141e-02
1.132879592478275299e-02
1.123015768826007843e-02
1.160633843392133713e-02
1.160817220807075500e-02
1.138270646333694458e-02
1.177461631596088409e-02
1.175378262996673584e-02
1.163754146546125412e-02
1.139832008630037308e-02
1.150125358253717422e-02
1.111171953380107880e-02
1.099006459116935730e-02
1.143709570169448853e-02
1.154629793018102646e-02
1.172905508428812027e-02
1.125707104802131653e-02
1.113192737102508545e-02
1.139499619603157043e-02
1.136287115514278412e-02
1.117133442312479019e-02
1.117668300867080688e-02
1.111982855945825577e-02
1.127894874662160873e-02
1.129941921681165695e-02
1.147320307791233063e-02
1.184118352830410004e-02
1.233239844441413879e-02
1.164635177701711655e-02
1.146305724978446960e-02
1.139979157596826553e-02
1.112650893628597260e-02
1.175907347351312637e-02
1.202088687568902969e-02
1.087470725178718567e-02
1.113424543291330338e-02
1.133938040584325790e-02
1.160643063485622406e-02
1.175558194518089294e-02
8.428577333688735962e-03
1.093242503702640533e-02
1.137712039053440094e-02
1.088952086865901947e-02
1.021661981940269470e-02
1.172266807407140732e-02
1.105072069913148880e-02
1.176168397068977356e-02
1.085180044174194336e-02
1.148078124970197678e-02
1.141603756695985794e-02
1.096654310822486877e-02
1.217345613986253738e-02
1.139791309833526611e-02
1.098589971661567688e-02
1.104988344013690948e-02
1.123173348605632782e-02
1.145014166831970215e-02
1.103625446557998657e-02
1.151543110609054565e-02
1.409985590726137161e-02
1.114625297486782074e-02
1.204465795308351517e-02
1.105151697993278503e-02
1.149442419409751892e-02
1.206765696406364441e-02
1.048775110393762589e-02
1.099630817770957947e-02
1.071247830986976624e-02
1.211159583181142807e-02
1.184728927910327911e-02
1.147789880633354187e-02
1.149223186075687408e-02
1.167379319667816162e-02
1.128177717328071594e-02
1.097264699637889862e-02
1.133081875741481781e-02
1.146033592522144318e-02
1.143669057637453079e-02
1.133220270276069641e-02
1.162061747163534164e-02
1.023089792579412460e-02
1.145975105464458466e-02
1.154083758592605591e-02
1.149299181997776031e-02
1.207126304507255554e-02
1.178909745067358017e-02
1.106214988976716995e-02
1.091907173395156860e-02
1.125674042850732803e-02
1.159986015409231186e-02
1.133514940738677979e-02
1.198558136820793152e-02
1.088622491806745529e-02
1.146888546645641327e-02
1.147901080548763275e-02
1.012779399752616882e-02
1.164927333593368530e-02
1.153603103011846542e-02
1.155547611415386200e-02
1.186757907271385193e-02
1.150814071297645569e-02
1.143138390034437180e-02
1.137771643698215485e-02
1.170650031417608261e-02
1.144294999539852142e-02
1.121287234127521515e-02
1.229646895080804825e-02
1.165823359042406082e-02
1.273209042847156525e-02
1.131535042077302933e-02
1.091533526778221130e-02
1.174797583371400833e-02
1.177896186709403992e-02
1.141629461199045181e-02
1.155920885503292084e-02
1.126345247030258179e-02
1.199995167553424835e-02
1.077404245734214783e-02
1.170796342194080353e-02
1.121340226382017136e-02
1.191115472465753555e-02
1.077565550804138184e-02
1.135527808219194412e-02
1.156499888747930527e-02
1.129487715661525726e-02
1.164232008159160614e-02
1.112658251076936722e-02
1.106819882988929749e-02
1.120162755250930786e-02
9.410997852683067322e-03
1.154324412345886230e-02
1.114321034401655197e-02
1.229911204427480698e-02
1.140404585748910904e-02
1.111535821110010147e-02
1.147038675844669342e-02
1.368708163499832153e-02
1.134705170989036560e-02
1.137201301753520966e-02
1.190919987857341766e-02
1.115835085511207581e-02
1.164278574287891388e-02
1.121733896434307098e-02
1.107918936759233475e-02
1.111992076039314270e-02
1.077374350279569626e-02
1.121128350496292114e-02
1.134858839213848114e-02
1.196422334760427475e-02
1.207525376230478287e-02
1.209407672286033630e-02
9.382003918290138245e-03
1.198735274374485016e-02
1.120554376393556595e-02
1.165236998349428177e-02
1.200226042419672012e-02
1.210165116935968399e-02
1.152843330055475235e-02
1.080158166587352753e-02
1.152092497795820236e-02
1.170960720628499985e-02
1.100685074925422668e-02
1.161215640604496002e-02
1.105603016912937164e-02
1.114202477037906647e-02
1.132678985595703125e-02
1.148115750402212143e-02
1.243654638528823853e-02
1.103727798908948898e-02
1.102274470031261444e-02
1.131125632673501968e-02
1.086515560746192932e-02
1.107314601540565491e-02
1.130946166813373566e-02
1.144325733184814453e-02
1.141792815178632736e-02
1.143320463597774506e-02
1.140183303505182266e-02
1.261810027062892914e-02
1.165101397782564163e-02
1.139276660978794098e-02
1.125210057944059372e-02
1.090986840426921844e-02
1.105599477887153625e-02
1.145230419933795929e-02
1.098887436091899872e-02
1.149426400661468506e-02
1.112827472388744354e-02
1.121246814727783203e-02
1.159008219838142395e-02
1.192901656031608582e-02
1.113414578139781952e-02
1.133039314299821854e-02
1.155998371541500092e-02
1.106792502105236053e-02
1.123006083071231842e-02
1.086903177201747894e-02
1.135588437318801880e-02
1.171689294278621674e-02
1.163455657660961151e-02
1.104532182216644287e-02
1.060315407812595367e-02
1.117932330816984177e-02
1.121435686945915222e-02
1.132453419268131256e-02
1.132803969085216522e-02
1.157920993864536285e-02
1.209701970219612122e-02
1.109066791832447052e-02
1.230758242309093475e-02
1.154732704162597656e-02
1.124855317175388336e-02
1.136796176433563232e-02
1.133015565574169159e-02
1.192734204232692719e-02
1.151077542454004288e-02
1.079351268708705902e-02
1.112168096005916595e-02
1.152765844017267227e-02
1.071031112223863602e-02
1.156659983098506927e-02
1.004581153392791748e-02
1.148386485874652863e-02
1.193151623010635376e-02
1.148555707186460495e-02
1.135173998773097992e-02
1.088722236454486847e-02
1.094698533415794373e-02
1.109050028026103973e-02
1.172483153641223907e-02
1.106656808406114578e-02
1.159948855638504028e-02
1.106723863631486893e-02
1.082716137170791626e-02
1.140583027154207230e-02
1.149798557162284851e-02
1.148035656660795212e-02
1.177015155553817749e-02
1.095350179821252823e-02
1.193914934992790222e-02
1.143130473792552948e-02
1.134521327912807465e-02
1.299617066979408264e-02
1.079223677515983582e-02
1.141208223998546600e-02
1.198302023112773895e-02
1.171292550861835480e-02
1.123189274221658707e-02
1.150004286319017410e-02
1.147747877985239029e-02
1.141923759132623672e-02
1.156251970678567886e-02
1.038679480552673340e-02
1.114852074533700943e-02
1.134885102510452271e-02
1.123546622693538666e-02
1.125337090343236923e-02
1.101286616176366806e-02
1.119734346866607666e-02
1.190927438437938690e-02
1.145606767386198044e-02
1.137892436236143112e-02
1.124039478600025177e-02
1.075355336070060730e-02
1.165243145078420639e-02
1.180756092071533203e-02
1.145414542406797409e-02
1.138212159276008606e-02
1.150980405509471893e-02
1.120636984705924988e-02
1.124175824224948883e-02
1.126845832914113998e-02
1.161618530750274658e-02
1.131920702755451202e-02
1.123389601707458496e-02
1.049062795937061310e-02
1.065432652831077576e-02
1.129482686519622803e-02
1.100153662264347076e-02
1.112975738942623138e-02
1.150807924568653107e-02
1.082208752632141113e-02
1.127988286316394806e-02
1.090750005096197128e-02
1.153695676475763321e-02
1.095018815249204636e-02
1.139027159661054611e-02
1.106752082705497742e-02
1.126722991466522217e-02
1.126830745488405228e-02
1.113978307694196701e-02
1.155905239284038544e-02
1.086244732141494751e-02
1.175048388540744781e-02
1.149077899754047394e-02
1.109691988676786423e-02
1.099501363933086395e-02
1.176849007606506348e-02
1.116909459233283997e-02
1.177883893251419067e-02
1.119192875921726227e-02
1.152645610272884369e-02
1.103828474879264832e-02
1.093067135661840439e-02
1.153799518942832947e-02
1.143727451562881470e-02
1.179612055420875549e-02
1.100868638604879379e-02
1.141587272286415100e-02
1.132089830935001373e-02
1.080560404807329178e-02
1.162077859044075012e-02
1.095801498740911484e-02
1.181464269757270813e-02
1.091192476451396942e-02
1.124895829707384109e-02
1.241952646523714066e-02
1.143041625618934631e-02
1.159123238176107407e-02
1.131134480237960815e-02
1.133531332015991211e-02
9.542516432702541351e-03
1.150142960250377655e-02
1.166673563420772552e-02
1.122882962226867676e-02
1.130454894155263901e-02
1.096663251519203186e-02
1.073589175939559937e-02
1.155717112123966217e-02
1.053280755877494812e-02
1.067829132080078125e-02
1.240791194140911102e-02
1.071447134017944336e-02
1.139258127659559250e-02
1.125356648117303848e-02
1.142773963510990143e-02
1.096034981310367584e-02
1.166156120598316193e-02
1.112974621355533600e-02
1.105852890759706497e-02
1.151943206787109375e-02
1.160730049014091492e-02
1.139012165367603302e-02
1.139208488166332245e-02
1.104361284524202347e-02
1.100165210664272308e-02
1.180946454405784607e-02
1.120791677385568619e-02
1.103792991489171982e-02
1.087444648146629333e-02
1.186252012848854065e-02
1.123062893748283386e-02
1.149879582226276398e-02
1.244113035500049591e-02
1.109422929584980011e-02
1.168172992765903473e-02
9.902927093207836151e-03
1.155611872673034668e-02
1.116386614739894867e-02
1.110609807074069977e-02
1.169193349778652191e-02
1.135755889117717743e-02
1.194287464022636414e-02
1.134506054222583771e-02
1.072829216718673706e-02
1.189949829131364822e-02
1.107924431562423706e-02
1.135761104524135590e-02
1.116979960352182388e-02
1.128374040126800537e-02
1.126810349524021149e-02
1.142730936408042908e-02
1.155460532754659653e-02
1.155731081962585449e-02
1.152289472520351410e-02
1.067473087459802628e-02
1.177771668881177902e-02
1.071333140134811401e-02
1.133558154106140137e-02
9.641808457672595978e-03
1.248462870717048645e-02
1.132179051637649536e-02
1.097769103944301605e-02
