<system>Protocol: Active. Attitude: Sassy.</system>
1.524183526635169983e-02
1.429314911365509033e-02
1.420498732477426529e-02
9.635334834456443787e-03
1.455843169242143631e-02
1.329150330275297165e-02
1.160073652863502502e-02
1.257891207933425903e-02
1.450315862894058228e-02
1.097832992672920227e-02
1.367074809968471527e-02
1.590878888964653015e-02
1.648328453302383423e-02
9.400145150721073151e-03
1.922428980469703674e-02
1.925467327237129211e-02
1.604816690087318420e-02
1.519884541630744934e-02
1.749540679156780243e-02
2.268398553133010864e-02
2.070687152445316315e-02
1.964023709297180176e-02
2.180037833750247955e-02
2.525977604091167450e-02
2.154465019702911377e-02
2.401268668472766876e-02
2.215877920389175415e-02
2.086042985320091248e-02
2.234803698956966400e-02
2.233537472784519196e-02
2.207853272557258606e-02
1.929048821330070496e-02
1.331906765699386597e-02
1.185243390500545502e-02
1.347257103770971298e-02
1.164081413298845291e-02
1.575648598372936249e-02
1.186272688210010529e-02
1.304548978805541992e-02
9.658090770244598389e-03
1.416108664125204086e-02
9.870910085737705231e-03
1.479240227490663528e-02
1.289744488894939423e-02
1.680657453835010529e-02
1.398350857198238373e-02
1.623021997511386871e-02
1.576836965978145599e-02
1.835878938436508179e-02
9.341442957520484924e-03
2.129720523953437805e-02
1.967468112707138062e-02
2.083039656281471252e-02
2.093618921935558319e-02
2.217072620987892151e-02
7.125218398869037628e-03
2.333759143948554993e-02
2.045054361224174500e-02
2.181044593453407288e-02
2.177430316805839539e-02
1.776318624615669250e-02
2.376249060034751892e-02
2.359632030129432678e-02
2.515428513288497925e-02
1.274568680673837662e-02
1.182877551764249802e-02
1.215759292244911194e-02
1.172508113086223602e-02
1.408898830413818359e-02
1.521544158458709717e-02
1.496518962085247040e-02
1.378539949655532837e-02
1.650337688624858856e-02
1.617559790611267090e-02
1.802221685647964478e-02
2.142426371574401855e-02
2.283366583287715912e-02
1.654134318232536316e-02
2.178024873137474060e-02
2.868052385747432709e-02
2.310598641633987427e-02
2.257805503904819489e-02
2.270823717117309570e-02
2.822531573474407196e-02
2.852427400648593903e-02
2.530721761286258698e-02
2.718181163072586060e-02
3.619365394115447998e-02
2.759985066950321198e-02
2.897548861801624298e-02
2.834386751055717468e-02
2.630434557795524597e-02
2.989687398076057434e-02
2.630363963544368744e-02
2.818451449275016785e-02
2.364446222782135010e-02
1.223517209291458130e-02
1.137304212898015976e-02
1.320476457476615906e-02
1.223165355622768402e-02
1.493216864764690399e-02
1.520086824893951416e-02
1.468021236360073090e-02
1.328707765787839890e-02
1.596469804644584656e-02
1.430279295891523361e-02
1.789350621402263641e-02
1.689050160348415375e-02
2.298941090703010559e-02
2.074543945491313934e-02
1.930414140224456787e-02
2.130621112883090973e-02
2.306250296533107758e-02
1.396671030670404434e-02
3.114221245050430298e-02
2.441838383674621582e-02
2.628651820123195648e-02
3.017227910459041595e-02
2.755035087466239929e-02
1.061662286520004272e-02
2.678774110972881317e-02
2.669633552432060242e-02
2.724434062838554382e-02
2.697449177503585815e-02
2.688857913017272949e-02
3.162004426121711731e-02
2.654069475829601288e-02
2.879486232995986938e-02
1.932573318481445312e-02
2.026664093136787415e-02
1.833322271704673767e-02
1.687563955783843994e-02
2.263134345412254333e-02
1.998022757470607758e-02
2.042514830827713013e-02
2.031240239739418030e-02
2.728196419775485992e-02
2.240391261875629425e-02
2.211564779281616211e-02
2.915104106068611145e-02
2.396457642316818237e-02
1.413371600210666656e-02
2.714830264449119568e-02
3.135082125663757324e-02
2.437460049986839294e-02
2.751812338829040527e-02
2.098208852112293243e-02
2.527001313865184784e-02
2.513689920306205750e-02
2.178556099534034729e-02
2.226883731782436371e-02
3.120457567274570465e-02
2.328733913600444794e-02
2.342382632195949554e-02
2.299769595265388489e-02
2.218194678425788879e-02
2.056976221501827240e-02
2.228248864412307739e-02
2.316831611096858978e-02
1.545700151473283768e-02
1.716433465480804443e-02
1.833990588784217834e-02
1.758183538913726807e-02
2.072666399180889130e-02
2.396613173186779022e-02
1.876497268676757812e-02
2.188715711236000061e-02
1.457905955612659454e-02
2.166956104338169098e-02
1.728901639580726624e-02
2.327731996774673462e-02
2.168211340904235840e-02
2.510121092200279236e-02
2.614726871252059937e-02
2.298115938901901245e-02
2.251358330249786377e-02
2.357339300215244293e-02
1.200566627085208893e-02
2.653531730175018311e-02
2.438215911388397217e-02
2.274767681956291199e-02
2.484763599932193756e-02
2.544195950031280518e-02
8.578927256166934967e-03
2.258981391787528992e-02
2.215533703565597534e-02
2.253066189587116241e-02
2.319620177149772644e-02
1.968772709369659424e-02
2.481425553560256958e-02
2.668015472590923309e-02
2.449623309075832367e-02
2.034860663115978241e-02
2.031039819121360779e-02
2.245370298624038696e-02
1.466775126755237579e-02
2.143644914031028748e-02
2.208381332457065582e-02
1.940808445215225220e-02
2.437144517898559570e-02
2.905695326626300812e-02
2.405886352062225342e-02
2.382802776992321014e-02
2.911192551255226135e-02
2.347660809755325317e-02
1.668792963027954102e-02
2.653399854898452759e-02
2.910313941538333893e-02
2.328624948859214783e-02
3.253136575222015381e-02
1.851700991392135620e-02
2.283611893653869629e-02
2.238138020038604736e-02
2.121729589998722076e-02
1.972501352429389954e-02
3.475136309862136841e-02
1.899057067930698395e-02
1.935662329196929932e-02
1.982557773590087891e-02
1.946745067834854126e-02
1.950094848871231079e-02
1.864530332386493683e-02
1.849360018968582153e-02
1.508345175534486771e-02
1.795117929577827454e-02
1.824058219790458679e-02
1.990014687180519104e-02
1.865549199283123016e-02
2.338374964892864227e-02
1.749066635966300964e-02
2.297507971525192261e-02
1.844313740730285645e-02
2.111365459859371185e-02
1.690778136253356934e-02
2.454190328717231750e-02
2.086204290390014648e-02
2.439092472195625305e-02
3.266923874616622925e-02
2.304409071803092957e-02
2.160131931304931641e-02
2.347471565008163452e-02
1.475310139358043671e-02
2.456534840166568756e-02
2.197391353547573090e-02
1.972083374857902527e-02
2.146122232079505920e-02
2.070381492376327515e-02
8.706780150532722473e-03
1.842099800705909729e-02
1.937009394168853760e-02
2.091318741440773010e-02
2.012371644377708435e-02
1.619682088494300842e-02
2.161389775574207306e-02
2.485848963260650635e-02
2.161744236946105957e-02
2.070770598948001862e-02
2.228496037423610687e-02
1.856485754251480103e-02
1.734539493918418884e-02
2.417305856943130493e-02
2.077827230095863342e-02
2.119601145386695862e-02
2.351177297532558441e-02
2.554300427436828613e-02
2.449564822018146515e-02
2.254434116184711456e-02
2.854040078818798065e-02
2.396191097795963287e-02
1.291521452367305756e-02
2.636054158210754395e-02
2.798063866794109344e-02
2.325347065925598145e-02
2.835815027356147766e-02
2.087356708943843842e-02
2.359010279178619385e-02
2.354926988482475281e-02
2.330713532865047455e-02
2.145630121231079102e-02
2.913530543446540833e-02
2.163031324744224548e-02
2.196016162633895874e-02
2.142612449824810028e-02
1.904652267694473267e-02
1.954298093914985657e-02
2.031951397657394409e-02
2.169241942465305328e-02
1.252627745270729065e-02
1.925855875015258789e-02
1.829254254698753357e-02
1.707671396434307098e-02
2.466868050396442413e-02
2.592663094401359558e-02
1.573252677917480469e-02
2.374375425279140472e-02
1.438501104712486267e-02
2.003790438175201416e-02
1.549262925982475281e-02
2.107569016516208649e-02
1.955579780042171478e-02
2.518264763057231903e-02
2.724212594330310822e-02
2.581910602748394012e-02
2.071691490709781647e-02
2.389782853424549103e-02
9.969281032681465149e-03
2.411090210080146790e-02
2.162485569715499878e-02
2.318483591079711914e-02
2.218861877918243408e-02
2.134938538074493408e-02
7.616623304784297943e-03
2.103847637772560120e-02
1.957439631223678589e-02
2.099026180803775787e-02
2.210624702274799347e-02
1.623674854636192322e-02
2.149631641805171967e-02
2.246236428618431091e-02
2.316480129957199097e-02
1.097735296934843063e-02
1.119325775653123856e-02
9.379522874951362610e-03
1.117465551942586899e-02
1.098805479705333710e-02
1.206673961132764816e-02
1.311865448951721191e-02
1.291978079825639725e-02
1.336691156029701233e-02
1.160780526697635651e-02
1.349724084138870239e-02
1.477695629000663757e-02
1.664063706994056702e-02
1.231016311794519424e-02
1.597293093800544739e-02
2.097232080996036530e-02
1.836205460131168365e-02
1.537671778351068497e-02
1.954188942909240723e-02
2.122758515179157257e-02
2.034011110663414001e-02
1.838485524058341980e-02
2.428134530782699585e-02
1.878707855939865112e-02
2.063160017132759094e-02
1.958189532160758972e-02
2.188427373766899109e-02
1.904178410768508911e-02
2.366934716701507568e-02
2.205079793930053711e-02
2.058183774352073669e-02
2.319945767521858215e-02
1.172746345400810242e-02
1.028360892087221146e-02
1.085762027651071548e-02
1.104220096021890640e-02
1.190078631043434143e-02
1.290804333984851837e-02
1.320313941687345505e-02
1.290510594844818115e-02
1.317110471427440643e-02
1.163437590003013611e-02
1.405658200383186340e-02
1.159993186593055725e-02
1.688711158931255341e-02
1.804560422897338867e-02
1.159300468862056732e-02
1.667396910488605499e-02
1.736804470419883728e-02
1.000458560883998871e-02
2.443410456180572510e-02
1.853938028216362000e-02
1.976442337036132812e-02
2.205723710358142853e-02
1.935297995805740356e-02
7.212240714579820633e-03
2.256183139979839325e-02
2.112052030861377716e-02
2.050192095339298248e-02
2.081885561347007751e-02
2.265649661421775818e-02
2.593694254755973816e-02
1.406344026327133179e-02
2.152256481349468231e-02
2.036659419536590576e-02
1.971383579075336456e-02
1.542212255299091339e-02
1.799194514751434326e-02
2.004144713282585144e-02
1.945869997143745422e-02
2.215198986232280731e-02
1.928384974598884583e-02
2.352019026875495911e-02
2.421778067946434021e-02
2.481511607766151428e-02
2.720175310969352722e-02
2.634546905755996704e-02
1.930201426148414612e-02
2.957954816520214081e-02
3.026078268885612488e-02
2.617200464010238647e-02
3.253759443759918213e-02
2.317405305802822113e-02
2.644303813576698303e-02
2.794753201305866241e-02
2.536425366997718811e-02
2.733680978417396545e-02
4.022538661956787109e-02
2.575824037194252014e-02
2.615187689661979675e-02
2.623525261878967285e-02
2.433142252266407013e-02
2.240154147148132324e-02
2.753236889839172363e-02
2.701623365283012390e-02
1.778604090213775635e-02
1.814616471529006958e-02
1.703123934566974640e-02
1.555513963103294373e-02
1.968109980225563049e-02
1.972238533198833466e-02
1.938630640506744385e-02
2.214760333299636841e-02
1.685716025531291962e-02
1.889769360423088074e-02
1.977959647774696350e-02
2.392232045531272888e-02
1.942514814436435699e-02
2.619107067584991455e-02
3.003570064902305603e-02
2.440298348665237427e-02
2.066354267299175262e-02
2.598435431718826294e-02
1.836261339485645294e-02
2.888524159789085388e-02
2.387177571654319763e-02
2.472900971770286560e-02
2.676530368626117706e-02
2.718424797058105469e-02
1.028775796294212341e-02
2.497871592640876770e-02
2.497237548232078552e-02
2.768345177173614502e-02
2.768488600850105286e-02
2.313536033034324646e-02
2.684763446450233459e-02
2.572666481137275696e-02
2.761376649141311646e-02
1.634072884917259216e-02
1.736779883503913879e-02
1.485435292124748230e-02
1.239515282213687897e-02
1.770361699163913727e-02
1.724881492555141449e-02
1.442947611212730408e-02
1.630429737269878387e-02
2.201341092586517334e-02
1.661893539130687714e-02
1.896512135863304138e-02
2.437205985188484192e-02
2.189353480935096741e-02
1.245309412479400635e-02
2.477716282010078430e-02
2.817900478839874268e-02
2.206467092037200928e-02
2.517670951783657074e-02
2.120647020637989044e-02
2.558835782110691071e-02
2.321620285511016846e-02
2.209661714732646942e-02
2.247297391295433044e-02
2.849382907152175903e-02
2.206025272607803345e-02
2.287838980555534363e-02
2.320564351975917816e-02
2.093254216015338898e-02
2.084304764866828918e-02
2.187207713723182678e-02
2.239561267197132111e-02
1.506770402193069458e-02
1.637335307896137238e-02
1.482375338673591614e-02
1.456577517092227936e-02
1.529149711132049561e-02
1.803437434136867523e-02
1.541724056005477905e-02
1.690713502466678619e-02
1.219872664660215378e-02
1.854733005166053772e-02
1.271710079163312912e-02
2.217273414134979248e-02
1.894274726510047913e-02
2.286678552627563477e-02
2.168253436684608459e-02
2.020501345396041870e-02
2.183090150356292725e-02
2.367064356803894043e-02
1.032332144677639008e-02
2.683362364768981934e-02
2.260221354663372040e-02
2.130889892578125000e-02
2.303338050842285156e-02
2.301732450723648071e-02
8.478087373077869415e-03
2.321768738329410553e-02
2.166163176298141479e-02
2.223337255418300629e-02
2.355052158236503601e-02
1.833793148398399353e-02
2.432953566312789917e-02
2.295563556253910065e-02
2.377083711326122284e-02
1.864413544535636902e-02
1.804194785654544830e-02
2.023593336343765259e-02
1.923856884241104126e-02
2.369606122374534607e-02
1.278480608016252518e-02
2.317082881927490234e-02
1.220357883721590042e-02
1.846412569284439087e-02
1.238173060119152069e-02
2.303228154778480530e-02
1.343856565654277802e-02
2.191591449081897736e-02
2.739285491406917572e-02
2.152626402676105499e-02
2.236725203692913055e-02
2.535788528621196747e-02
2.469380944967269897e-02
2.300547994673252106e-02
1.320562977343797684e-02
2.051544375717639923e-02
2.467773482203483582e-02
2.264809608459472656e-02
2.415165305137634277e-02
6.400899030268192291e-03
2.384535036981105804e-02
2.282606251537799835e-02
2.366745099425315857e-02
2.283426001667976379e-02
2.184959501028060913e-02
2.129069715738296509e-02
2.155591920018196106e-02
1.716699451208114624e-02
1.727014407515525818e-02
1.957931369543075562e-02
1.218905672430992126e-02
1.815748959779739380e-02
1.939290761947631836e-02
2.340648509562015533e-02
2.408266626298427582e-02
2.625096961855888367e-02
2.544530108571052551e-02
2.344427071511745453e-02
2.472910284996032715e-02
2.298535779118537903e-02
2.012594789266586304e-02
2.230658568441867828e-02
2.555172331631183624e-02
2.159555256366729736e-02
2.290693856775760651e-02
2.243979647755622864e-02
3.137444332242012024e-02
2.438885532319545746e-02
2.310052514076232910e-02
2.186694741249084473e-02
2.259850688278675079e-02
1.795545592904090881e-02
2.291308715939521790e-02
2.307993546128273010e-02
2.269843965768814087e-02
2.138777449727058411e-02
2.220410108566284180e-02
1.390817668288946152e-02
2.334411069750785828e-02
1.452463306486606598e-02
1.647814549505710602e-02
1.759994775056838989e-02
1.680723205208778381e-02
1.896381750702857971e-02
1.296069938689470291e-02
2.174458652734756470e-02
1.277779415249824524e-02
1.986279711127281189e-02
1.324229873716831207e-02
2.180725708603858948e-02
1.534270774573087692e-02
2.274682000279426575e-02
2.548241242766380310e-02
2.484518103301525116e-02
2.593262493610382080e-02
2.485359460115432739e-02
2.400708198547363281e-02
2.327201142907142639e-02
1.426551118493080139e-02
2.417355030775070190e-02
2.430450916290283203e-02
2.516134083271026611e-02
2.429168857634067535e-02
7.360586896538734436e-03
2.272716723382472992e-02
2.480214275419712067e-02
2.450422756373882294e-02
2.805272862315177917e-02
2.552019059658050537e-02
2.390127256512641907e-02
2.726615220308303833e-02
1.640978641808032990e-02
1.475729607045650482e-02
2.007439918816089630e-02
1.289891451597213745e-02
1.836433261632919312e-02
1.736508309841156006e-02
2.156810462474822998e-02
2.071608044207096100e-02
2.442758716642856598e-02
2.296583354473114014e-02
2.215312235057353973e-02
2.504299767315387726e-02
2.010267972946166992e-02
2.116486616432666779e-02
1.963540911674499512e-02
2.191823348402976990e-02
2.506744116544723511e-02
2.083468437194824219e-02
2.203435450792312622e-02
3.137745708227157593e-02
2.543882466852664948e-02
2.399642020463943481e-02
2.432846650481224060e-02
2.291153371334075928e-02
1.954173855483531952e-02
2.438796125352382660e-02
2.624420821666717529e-02
2.461777999997138977e-02
2.378636598587036133e-02
2.304387837648391724e-02
1.506209187209606171e-02
2.430548891425132751e-02
1.523718889802694321e-02
1.499613467603921890e-02
1.703854650259017944e-02
1.535363215953111649e-02
1.814504340291023254e-02
1.390354055911302567e-02
2.060785889625549316e-02
1.325346529483795166e-02
2.037288807332515717e-02
1.473836414515972137e-02
2.164625748991966248e-02
1.777481660246849060e-02
2.466139197349548340e-02
2.658101357519626617e-02
2.563772164285182953e-02
2.325193956494331360e-02
2.347059734165668488e-02
2.243237383663654327e-02
2.310467138886451721e-02
1.592003181576728821e-02
2.272171340882778168e-02
2.254753373563289642e-02
2.369002066552639008e-02
2.438352070748806000e-02
7.040767930448055267e-03
2.330399304628372192e-02
2.502031996846199036e-02
2.255313843488693237e-02
2.430897951126098633e-02
2.429377101361751556e-02
2.204338088631629944e-02
2.468147501349449158e-02
1.580849289894104004e-02
1.303240470588207245e-02
1.757249981164932251e-02
1.421005185693502426e-02
1.986759155988693237e-02
1.596638560295104980e-02
2.172698453068733215e-02
1.836668327450752258e-02
2.339873276650905609e-02
2.325388416647911072e-02
2.105544134974479675e-02
2.249880135059356689e-02
2.181169018149375916e-02
1.699336431920528412e-02
2.279876731336116791e-02
1.942426711320877075e-02
2.456393837928771973e-02
2.353852987289428711e-02
2.449547871947288513e-02
3.084361553192138672e-02
2.386836707592010498e-02
2.357047051191329956e-02
2.322322130203247070e-02
2.204215526580810547e-02
1.872215792536735535e-02
2.359164878726005554e-02
2.157844230532646179e-02
2.244651690125465393e-02
2.142548933625221252e-02
2.045168355107307434e-02
1.642834953963756561e-02
2.337717264890670776e-02
1.502723619341850281e-02
1.435460988432168961e-02
1.868996210396289825e-02
1.506655011326074600e-02
2.022400498390197754e-02
1.276736333966255188e-02
2.356397174298763275e-02
1.292207278311252594e-02
2.103019133210182190e-02
1.450721919536590576e-02
2.023143880069255829e-02
1.524172350764274597e-02
2.386959083378314972e-02
2.343153208494186401e-02
2.407086454331874847e-02
2.192584611475467682e-02
2.367774397134780884e-02
2.450343035161495209e-02
2.309137582778930664e-02
1.585944741964340210e-02
2.181047573685646057e-02
2.313688024878501892e-02
2.510361559689044952e-02
2.391623705625534058e-02
7.074167020618915558e-03
2.358083054423332214e-02
2.669767290353775024e-02
2.485386654734611511e-02
2.621222659945487976e-02
2.260961197316646576e-02
2.283594198524951935e-02
2.973264455795288086e-02
1.650074869394302368e-02
1.202558539807796478e-02
1.804296672344207764e-02
1.296035945415496826e-02
1.984832435846328735e-02
1.545648835599422455e-02
2.188286930322647095e-02
1.912553794682025909e-02
2.479578182101249695e-02
2.240103483200073242e-02
2.129390835762023926e-02
2.123500779271125793e-02
2.293666079640388489e-02
1.708902791142463684e-02
2.298498526215553284e-02
2.297351509332656860e-02
2.042680978775024414e-02
2.415878511965274811e-02
2.410307526588439941e-02
2.906176820397377014e-02
2.408575639128684998e-02
2.535922266542911530e-02
2.544398792088031769e-02
2.463779598474502563e-02
1.967786252498626709e-02
2.266934141516685486e-02
2.421938255429267883e-02
2.422237768769264221e-02
2.210386283695697784e-02
2.538082748651504517e-02
1.794286072254180908e-02
2.256565168499946594e-02
1.579192280769348145e-02
1.760254800319671631e-02
1.953602954745292664e-02
1.685946248471736908e-02
2.019711583852767944e-02
1.266682799905538559e-02
2.174302935600280762e-02
1.202443800866603851e-02
2.122710645198822021e-02
1.228469982743263245e-02
2.444734424352645874e-02
1.302385516464710236e-02
2.585520595312118530e-02
2.602318674325942993e-02
2.297595888376235962e-02
2.456825785338878632e-02
2.468439191579818726e-02
2.504398860037326813e-02
2.285986021161079407e-02
1.587311923503875732e-02
2.400523424148559570e-02
2.328055351972579956e-02
2.463452517986297607e-02
2.397789433598518372e-02
6.843846291303634644e-03
2.442671544849872589e-02
2.461864054203033447e-02
2.414657920598983765e-02
2.413832396268844604e-02
2.581244707107543945e-02
2.398188412189483643e-02
2.467254363000392914e-02
1.689428836107254028e-02
1.654930040240287781e-02
1.956381276249885559e-02
1.319562457501888275e-02
2.055297419428825378e-02
1.781832054257392883e-02
2.318052388727664948e-02
2.152998186647891998e-02
2.664520032703876495e-02
2.509983256459236145e-02
2.289493754506111145e-02
2.484557032585144043e-02
2.270487695932388306e-02
1.746551319956779480e-02
2.506238222122192383e-02
2.124373428523540497e-02
2.549148909747600555e-02
2.403889968991279602e-02
2.333188802003860474e-02
3.108375146985054016e-02
2.323563210666179657e-02
2.571308612823486328e-02
2.507850900292396545e-02
2.425620704889297485e-02
1.867727935314178467e-02
2.402374893426895142e-02
2.529938146471977234e-02
2.369982004165649414e-02
2.258694730699062347e-02
2.372788079082965851e-02
1.366620510816574097e-02
2.605060301721096039e-02
1.619875058531761169e-02
1.723653823137283325e-02
1.807323284447193146e-02
1.627008616924285889e-02
2.029034867882728577e-02
1.088725775480270386e-02
2.395166084170341492e-02
1.091521792113780975e-02
1.981679350137710571e-02
1.172339171171188354e-02
2.511681430041790009e-02
1.390037313103675842e-02
2.615729160606861115e-02
2.659871056675910950e-02
2.440202608704566956e-02
2.454739622771739960e-02
2.441361360251903534e-02
2.443271502852439880e-02
2.539767324924468994e-02
1.239392720162868500e-02
2.455684356391429901e-02
2.478455752134323120e-02
2.398331463336944580e-02
2.449584938585758209e-02
8.379409089684486389e-03
2.497404627501964569e-02
2.452900446951389313e-02
2.468739263713359833e-02
2.151844091713428497e-02
2.174735814332962036e-02
2.105897665023803711e-02
2.459345199167728424e-02
1.633544266223907471e-02
1.644158363342285156e-02
1.959060691297054291e-02
1.286669075489044189e-02
1.945725083351135254e-02
1.563145965337753296e-02
2.307963185012340546e-02
1.914391294121742249e-02
2.584441937506198883e-02
2.314061857759952545e-02
2.348090894520282745e-02
2.223143540322780609e-02
2.247563377022743225e-02
1.781587302684783936e-02
2.435909584164619446e-02
2.464422583580017090e-02
2.323402278125286102e-02
2.295517548918724060e-02
2.354081720113754272e-02
2.300732582807540894e-02
2.325765416026115417e-02
2.598172798752784729e-02
2.329883910715579987e-02
2.584153413772583008e-02
1.920584589242935181e-02
2.402706630527973175e-02
2.506305277347564697e-02
2.482421323657035828e-02
2.348978444933891296e-02
2.399311400949954987e-02
1.111076213419437408e-02
2.332432940602302551e-02
1.515634823590517044e-02
1.656281948089599609e-02
1.759286597371101379e-02
1.546772569417953491e-02
2.066035941243171692e-02
1.385277509689331055e-02
2.158524654805660248e-02
1.293421722948551178e-02
2.065612748265266418e-02
1.373791042715311050e-02
2.403036691248416901e-02
1.519057154655456543e-02
2.812015078961849213e-02
2.715411782264709473e-02
2.463827654719352722e-02
2.367151528596878052e-02
2.662392705678939819e-02
2.738402597606182098e-02
2.510888129472732544e-02
1.417450793087482452e-02
2.099411562085151672e-02
2.433713898062705994e-02
2.317009121179580688e-02
2.461550384759902954e-02
6.773206405341625214e-03
2.468081936240196228e-02
2.170493081212043762e-02
2.302474156022071838e-02
2.457479760050773621e-02
2.233797870576381683e-02
2.268635854125022888e-02
2.066566236317157745e-02
1.504941005259752274e-02
1.490070298314094543e-02
1.791053637862205505e-02
1.336178183555603027e-02
2.071141079068183899e-02
1.652766391634941101e-02
2.450327388942241669e-02
2.054713666439056396e-02
2.812870964407920837e-02
2.331319451332092285e-02
2.448988519608974457e-02
2.449304237961769104e-02
2.353224158287048340e-02
1.848202571272850037e-02
2.386624738574028015e-02
2.535334601998329163e-02
2.328344434499740601e-02
2.334890887141227722e-02
2.482738159596920013e-02
3.078036755323410034e-02
2.605257555842399597e-02
2.426874637603759766e-02
2.613905444741249084e-02
2.539951726794242859e-02
1.801919192075729370e-02
2.212018333375453949e-02
2.379465661942958832e-02
2.363413944840431213e-02
2.379452250897884369e-02
2.405639179050922394e-02
1.615500822663307190e-02
2.501801960170269012e-02
1.945503428578376770e-02
2.002878859639167786e-02
1.594675146043300629e-02
2.127860859036445618e-02
2.305523864924907684e-02
1.340243313461542130e-02
2.398043684661388397e-02
1.338802464306354523e-02
1.767105981707572937e-02
1.427034102380275726e-02
2.216316945850849152e-02
1.392009109258651733e-02
2.341211587190628052e-02
2.586631849408149719e-02
2.256615646183490753e-02
2.232653647661209106e-02
2.474534139037132263e-02
2.174214459955692291e-02
2.229819446802139282e-02
1.305656228214502335e-02
2.211316674947738647e-02
2.288090623915195465e-02
2.123869210481643677e-02
2.328181266784667969e-02
7.015847600996494293e-03
2.424734644591808319e-02
2.200092934072017670e-02
2.226436510682106018e-02
2.383594028651714325e-02
2.113779261708259583e-02
2.158405631780624390e-02
2.160689979791641235e-02
2.148314937949180603e-02
1.876344345510005951e-02
2.088823728263378143e-02
1.590859517455101013e-02
1.819958910346031189e-02
2.073632739484310150e-02
2.388227544724941254e-02
2.473251335322856903e-02
2.725557982921600342e-02
2.608597464859485626e-02
2.205324918031692505e-02
2.678281068801879883e-02
2.388267964124679565e-02
2.072035521268844604e-02
2.185747399926185608e-02
2.517416700720787048e-02
2.124732732772827148e-02
2.207893133163452148e-02
2.203112095594406128e-02
3.118739277124404907e-02
2.182579785585403442e-02
2.151737548410892487e-02
2.209310606122016907e-02
2.208270877599716187e-02
1.960540935397148132e-02
2.248594909906387329e-02
2.143164724111557007e-02
2.268316596746444702e-02
2.113250643014907837e-02
2.233538776636123657e-02
1.473484747111797333e-02
2.400772832334041595e-02
1.416089199483394623e-02
1.361023075878620148e-02
1.444751769304275513e-02
1.387623324990272522e-02
1.543415989726781845e-02
1.268942188471555710e-02
1.858390122652053833e-02
1.265666261315345764e-02
2.103111892938613892e-02
1.477488875389099121e-02
1.992887631058692932e-02
1.630678400397300720e-02
2.323001623153686523e-02
1.426259428262710571e-02
2.361761406064033508e-02
2.423284575343132019e-02
2.366348914802074432e-02
2.286584116518497467e-02
2.448459342122077942e-02
1.242483407258987427e-02
2.656501904129981995e-02
2.789459750056266785e-02
2.332847937941551208e-02
9.370195679366588593e-03
2.676146663725376129e-02
3.265514597296714783e-02
3.305933624505996704e-02
3.393386304378509521e-02
3.744775801897048950e-02
2.491593733429908752e-02
3.064339980483055115e-02
1.721711829304695129e-02
1.245823316276073456e-02
1.467469148337841034e-02
1.353064179420471191e-02
1.198363117873668671e-02
1.490367390215396881e-02
1.135201752185821533e-02
1.830316334962844849e-02
1.283494569361209869e-02
2.154772356152534485e-02
1.536998059600591660e-02
2.037190273404121399e-02
1.273768395185470581e-02
2.298173122107982635e-02
1.892670430243015289e-02
2.282690815627574921e-02
2.193705737590789795e-02
2.388532459735870361e-02
1.990111544728279114e-02
2.648630365729331970e-02
1.702637225389480591e-02
2.510546892881393433e-02
3.022297844290733337e-02
2.482149377465248108e-02
2.043009921908378601e-02
3.130516037344932556e-02
3.371783718466758728e-02
2.817845903337001801e-02
3.600838407874107361e-02
3.571589663624763489e-02
3.141715750098228455e-02
2.880460396409034729e-02
3.238376230001449585e-02
1.772035844624042511e-02
1.476020179688930511e-02
1.896030455827713013e-02
1.713034883141517639e-02
2.162716165184974670e-02
1.781649515032768250e-02
2.505948394536972046e-02
1.543153636157512665e-02
2.052293904125690460e-02
1.362234167754650116e-02
2.735981717705726624e-02
2.628660760819911957e-02
2.074035443365573883e-02
1.495011150836944580e-02
2.095000818371772766e-02
2.230391465127468109e-02
1.791003346443176270e-02
2.077373303472995758e-02
2.004588209092617035e-02
1.208977773785591125e-02
1.723065972328186035e-02
1.933103799819946289e-02
1.887774839997291565e-02
7.768446579575538635e-03
1.928219571709632874e-02
1.933699846267700195e-02
1.972281746566295624e-02
1.866408064961433411e-02
1.839353516697883606e-02
1.324800215661525726e-02
1.858472637832164764e-02
1.239701919257640839e-02
1.651342213153839111e-02
1.557595282793045044e-02
1.752983219921588898e-02
1.451969984918832779e-02
2.465436980128288269e-02
1.594633236527442932e-02
2.035585418343544006e-02
1.938687637448310852e-02
2.067740820348262787e-02
2.456207200884819031e-02
2.139211259782314301e-02
1.568080857396125793e-02
1.956319995224475861e-02
2.720484696328639984e-02
1.921203918755054474e-02
2.025987766683101654e-02
1.992780715227127075e-02
1.824464648962020874e-02
1.921657845377922058e-02
3.056777827441692352e-02
1.945401728153228760e-02
2.010294049978256226e-02
1.908084191381931305e-02
2.389246411621570587e-02
1.915470510721206665e-02
2.072025649249553680e-02
1.923159509897232056e-02
2.061806246638298035e-02
2.010670676827430725e-02
1.912585459649562836e-02
2.066820673644542694e-02
1.821034401655197144e-02
1.344696152955293655e-02
1.356013491749763489e-02
1.412355341017246246e-02
1.408358849585056305e-02
1.657320186495780945e-02
1.435533910989761353e-02
1.916570961475372314e-02
1.573627255856990814e-02
2.323050051927566528e-02
1.675626263022422791e-02
2.415139600634574890e-02
2.094875462353229523e-02
2.661391347646713257e-02
2.030052617192268372e-02
2.736033871769905090e-02
3.003302961587905884e-02
2.858221158385276794e-02
3.160125762224197388e-02
2.914261259138584137e-02
1.926822215318679810e-02
2.999072521924972534e-02
2.997525036334991455e-02
2.744639664888381958e-02
1.150416024029254913e-02
2.896294184029102325e-02
2.878578938543796539e-02
2.948240935802459717e-02
2.925342507660388947e-02
2.962935715913772583e-02
1.645913161337375641e-02
2.952114492654800415e-02
2.010632306337356567e-02
1.344887912273406982e-02
1.459256745874881744e-02
1.411928236484527588e-02
1.359389163553714752e-02
1.681942120194435120e-02
1.317979302257299423e-02
1.762795448303222656e-02
1.458571944385766983e-02
2.289307117462158203e-02
2.016149461269378662e-02
2.276981249451637268e-02
1.881614699959754944e-02
2.653329074382781982e-02
2.624484896659851074e-02
2.428194507956504822e-02
2.877027168869972229e-02
2.871872670948505402e-02
2.831655368208885193e-02
2.863414771854877472e-02
3.624244406819343567e-02
3.059505671262741089e-02
2.996623888611793518e-02
2.814001217484474182e-02
2.832200005650520325e-02
2.867697551846504211e-02
3.073828853666782379e-02
2.818436548113822937e-02
3.016969189047813416e-02
2.965872734785079956e-02
2.900066785514354706e-02
3.159016370773315430e-02
3.086915239691734314e-02
1.310991682112216949e-02
1.127277128398418427e-02
1.234102714806795120e-02
1.250723842531442642e-02
1.498566754162311554e-02
1.251008547842502594e-02
1.894887164235115051e-02
1.269024796783924103e-02
1.980989426374435425e-02
1.386215537786483765e-02
2.071879617869853973e-02
1.792344823479652405e-02
2.193437144160270691e-02
1.474264077842235565e-02
2.055954001843929291e-02
2.334503829479217529e-02
2.009148895740509033e-02
2.315783128142356873e-02
2.140882052481174469e-02
1.488585304468870163e-02
2.066631987690925598e-02
2.189482003450393677e-02
2.164831012487411499e-02
8.481360040605068207e-03
2.206415869295597076e-02
2.263022772967815399e-02
2.394907921552658081e-02
2.471739798784255981e-02
2.763919159770011902e-02
1.303835213184356689e-02
2.452733740210533142e-02
1.553808897733688354e-02
1.176390703767538071e-02
1.344513334333896637e-02
1.257541216909885406e-02
1.128703355789184570e-02
1.531026326119899750e-02
1.040527876466512680e-02
1.859800890088081360e-02
1.255008857697248459e-02
1.997552067041397095e-02
1.638925448060035706e-02
1.971988007426261902e-02
1.468798890709877014e-02
2.142154425382614136e-02
2.225129678845405579e-02
1.910710893571376801e-02
2.170707285404205322e-02
2.113041281700134277e-02
2.182409167289733887e-02
1.986316591501235962e-02
2.665159478783607483e-02
2.152512595057487488e-02
2.322348579764366150e-02
2.259581536054611206e-02
2.688880264759063721e-02
2.411194518208503723e-02
2.290653064846992493e-02
2.122899703681468964e-02
2.645065635442733765e-02
2.516923844814300537e-02
2.183191478252410889e-02
2.822077646851539612e-02
2.330845594406127930e-02
1.841079443693161011e-02
1.507059950381517410e-02
1.869609765708446503e-02
1.678053289651870728e-02
2.077426761388778687e-02
1.622607558965682983e-02
2.332314662635326385e-02
1.617545448243618011e-02
2.408308163285255432e-02
1.403519604355096817e-02
2.457348629832267761e-02
2.531590871512889862e-02
2.218081802129745483e-02
1.660425961017608643e-02
2.580054476857185364e-02
2.163417823612689972e-02
2.075547911226749420e-02
2.345853298902511597e-02
2.019796893000602722e-02
1.279487926512956619e-02
2.039322629570960999e-02
2.010991796851158142e-02
2.088998258113861084e-02
8.612694218754768372e-03
2.124964073300361633e-02
1.891281083226203918e-02
2.221530303359031677e-02
1.989805512130260468e-02
2.037200704216957092e-02
1.496683154255151749e-02
2.044447697699069977e-02
1.337314024567604065e-02
1.667860150337219238e-02
1.619955524802207947e-02
1.642943918704986572e-02
1.400868408381938934e-02
2.093865722417831421e-02
1.357492711395025253e-02
1.911768689751625061e-02
1.675487309694290161e-02
2.122034132480621338e-02
2.372750081121921539e-02
2.037835493683815002e-02
1.544346846640110016e-02
2.069074660539627075e-02
2.814171463251113892e-02
1.958181336522102356e-02
2.236292138695716858e-02
2.222980558872222900e-02
2.062452957034111023e-02
2.074569277465343475e-02
3.061488270759582520e-02
2.164586260914802551e-02
2.039995416998863220e-02
2.143017761409282684e-02
2.795150317251682281e-02
2.082483470439910889e-02
1.977678015828132629e-02
2.163944020867347717e-02
2.277059480547904968e-02
2.042577043175697327e-02
2.045871689915657043e-02
2.409544587135314941e-02
1.954952441155910492e-02
1.495559234172105789e-02
1.195105817168951035e-02
1.620298624038696289e-02
1.485480926930904388e-02
1.826424524188041687e-02
1.483111456036567688e-02
2.328116819262504578e-02
1.352326385676860809e-02
2.185119315981864929e-02
1.546368934214115143e-02
2.296460606157779694e-02
2.299313433468341827e-02
2.325273677706718445e-02
1.427721977233886719e-02
2.194166928529739380e-02
2.290756814181804657e-02
2.046580240130424500e-02
2.275112085044384003e-02
2.182883024215698242e-02
1.299344748258590698e-02
2.143018692731857300e-02
2.177727222442626953e-02
1.984675042331218719e-02
7.862591184675693512e-03
2.077430859208106995e-02
1.989116892218589783e-02
2.168510854244232178e-02
1.917822659015655518e-02
2.086814306676387787e-02
1.330115646123886108e-02
1.971587166190147400e-02
1.395404525101184845e-02
1.559275761246681213e-02
1.505445316433906555e-02
1.524483598768711090e-02
1.120943389832973480e-02
1.795547083020210266e-02
1.252600084990262985e-02
1.888040825724601746e-02
1.467265747487545013e-02
2.198965474963188171e-02
2.177239581942558289e-02
2.016299962997436523e-02
1.526128780096769333e-02
2.176347374916076660e-02
2.611076273024082184e-02
1.991435885429382324e-02
2.217908389866352081e-02
2.112418785691261292e-02
2.043299376964569092e-02
1.965538784861564636e-02
3.104349225759506226e-02
2.151438966393470764e-02
1.994396001100540161e-02
2.053892612457275391e-02
2.513730153441429138e-02
2.221319265663623810e-02
2.068378031253814697e-02
2.078382298350334167e-02
2.139304205775260925e-02
1.979811303317546844e-02
2.281402796506881714e-02
2.073677815496921539e-02
2.042905986309051514e-02
1.704510487616062164e-02
1.377954706549644470e-02
1.680474728345870972e-02
1.641908101737499237e-02
2.053578570485115051e-02
1.599493995308876038e-02
2.416646853089332581e-02
1.385094225406646729e-02
2.394675463438034058e-02
1.350216567516326904e-02
2.450740523636341095e-02
2.505898289382457733e-02
2.530454844236373901e-02
1.517979335039854050e-02
2.441633865237236023e-02
2.283832430839538574e-02
2.179943397641181946e-02
2.452205680310726166e-02
2.123248204588890076e-02
1.441676728427410126e-02
2.105634100735187531e-02
2.174238488078117371e-02
2.094680443406105042e-02
7.841533049941062927e-03
2.432184666395187378e-02
2.062681503593921661e-02
2.235623449087142944e-02
2.068399451673030853e-02
2.223664149641990662e-02
1.366245560348033905e-02
2.019855938851833344e-02
1.243249885737895966e-02
1.478316914290189743e-02
1.694926619529724121e-02
1.487521175295114517e-02
1.327151805162429810e-02
1.939196139574050903e-02
1.258002314716577530e-02
2.077828347682952881e-02
1.629820466041564941e-02
2.325864508748054504e-02
2.206904068589210510e-02
2.232566103339195251e-02
1.460944302380084991e-02
2.362258732318878174e-02
2.887968719005584717e-02
2.041417919099330902e-02
2.322978898882865906e-02
2.367476373910903931e-02
2.236588485538959503e-02
2.123907953500747681e-02
3.430018201470375061e-02
2.387154474854469299e-02
2.159564569592475891e-02
2.133151143789291382e-02
2.552025020122528076e-02
2.228195965290069580e-02
2.204309776425361633e-02
2.327078953385353088e-02
2.338931895792484283e-02
2.203927189111709595e-02
2.147324755787849426e-02
2.214667759835720062e-02
2.116367407143115997e-02
1.334050390869379044e-02
1.261872518807649612e-02
1.348254643380641937e-02
1.306097675114870071e-02
1.615573838353157043e-02
1.366579718887805939e-02
1.817081868648529053e-02
1.310799922794103622e-02
2.109552547335624695e-02
1.513240672647953033e-02
2.303446456789970398e-02
2.175350859761238098e-02
2.401079237461090088e-02
1.615851372480392456e-02
2.509793266654014587e-02
2.465261518955230713e-02
2.604616060853004456e-02
2.655529603362083435e-02
2.683890610933303833e-02
1.579588651657104492e-02
2.571843750774860382e-02
2.626160532236099243e-02
2.507126331329345703e-02
9.697227738797664642e-03
2.763673849403858185e-02
2.726962044835090637e-02
2.691942267119884491e-02
2.705467492341995239e-02
2.914175763726234436e-02
1.443991065025329590e-02
2.618948370218276978e-02
1.607355289161205292e-02
1.336312294006347656e-02
1.307274959981441498e-02
1.389671396464109421e-02
1.240162551403045654e-02
1.463126298040151596e-02
1.196775119751691818e-02
1.669167913496494293e-02
1.340367086231708527e-02
2.084951102733612061e-02
1.974124088883399963e-02
2.092649228870868683e-02
1.572787202894687653e-02
2.452108263969421387e-02
2.544304169714450836e-02
2.314516343176364899e-02
2.540408261120319366e-02
2.643045224249362946e-02
2.589048817753791809e-02
2.568316832184791565e-02
3.104201704263687134e-02
2.775810286402702332e-02
2.624652348458766937e-02
2.542251721024513245e-02
2.885899320244789124e-02
2.634907327592372894e-02
2.714877016842365265e-02
2.527310326695442200e-02
3.003660403192043304e-02
2.866569906473159790e-02
2.690033242106437683e-02
2.790404111146926880e-02
2.620035409927368164e-02
9.369714185595512390e-03
8.672861382365226746e-03
8.859694004058837891e-03
9.725383482873439789e-03
8.620060980319976807e-03
9.953813627362251282e-03
7.350243628025054932e-03
1.336304098367691040e-02
8.709182031452655792e-03
1.288469322025775909e-02
1.145609281957149506e-02
1.207378506660461426e-02
1.563594117760658264e-02
1.476997509598731995e-02
1.651348918676376343e-02
1.911848038434982300e-02
1.300174370408058167e-02
2.032544463872909546e-02
2.683637291193008423e-02
2.064160257577896118e-02
2.342851273715496063e-02
2.253991737961769104e-02
2.571474015712738037e-02
2.751047164201736450e-02
2.708739787340164185e-02
1.897342316806316376e-02
2.825147472321987152e-02
2.806729450821876526e-02
2.891222573816776276e-02
2.571496367454528809e-02
2.858239598572254181e-02
2.548426203429698944e-02
7.376812864094972610e-03
9.600805118680000305e-03
7.503771223127841949e-03
8.586080744862556458e-03
8.332939818501472473e-03
1.005255710333585739e-02
7.938113063573837280e-03
1.322042196989059448e-02
9.150033816695213318e-03
1.139392051845788956e-02
1.163948886096477509e-02
1.097491662949323654e-02
1.578516513109207153e-02
1.371870096772909164e-02
1.872321963310241699e-02
1.691353134810924530e-02
1.664031483232975006e-02
1.996130868792533875e-02
2.526622265577316284e-02
1.174854673445224762e-02
2.429889328777790070e-02
2.317335456609725952e-02
1.044698245823383331e-02
2.611833810806274414e-02
2.576456964015960693e-02
8.972126990556716919e-03
2.900675684213638306e-02
2.918987721204757690e-02
2.733281999826431274e-02
2.886615134775638580e-02
2.851924672722816467e-02
2.871012687683105469e-02
1.357416063547134399e-02
1.456307433545589447e-02
1.395052857697010040e-02
1.401198189705610275e-02
1.643218100070953369e-02
1.440683938562870026e-02
1.299316808581352234e-02
2.245909348130226135e-02
1.539001520723104477e-02
2.178591117262840271e-02
1.949338614940643311e-02
2.347106859087944031e-02
1.999981515109539032e-02
2.440365590155124664e-02
1.792333461344242096e-02
2.616864442825317383e-02
1.533970423042774200e-02
2.178554609417915344e-02
2.597558870911598206e-02
3.046653047204017639e-02
2.311180718243122101e-02
2.050840854644775391e-02
3.660928457975387573e-02
2.379786968231201172e-02
2.288240194320678711e-02
1.860724762082099915e-02
2.339125797152519226e-02
2.177866175770759583e-02
2.373174019157886505e-02
2.063172310590744019e-02
2.421670220792293549e-02
2.117378823459148407e-02
1.471449527889490128e-02
1.366853434592485428e-02
1.464213244616985321e-02
1.344771869480609894e-02
1.416994724422693253e-02
1.674935407936573029e-02
1.612816192209720612e-02
1.937183924019336700e-02
1.836136355996131897e-02
1.757512427866458893e-02
1.792947202920913696e-02
1.599568128585815430e-02
2.328120172023773193e-02
1.559691317379474640e-02
2.329344116151332855e-02
1.840472966432571411e-02
2.886245027184486389e-02
2.290325239300727844e-02
2.476125024259090424e-02
1.229359395802021027e-02
2.376650646328926086e-02
2.502679638564586639e-02
1.045703981071710587e-02
2.309147641062736511e-02
2.304036915302276611e-02
8.639818057417869568e-03
2.535000070929527283e-02
2.276472374796867371e-02
2.341331355273723602e-02
2.358169853687286377e-02
2.298689261078834534e-02
2.309141866862773895e-02
6.244378630071878433e-03
6.514326203614473343e-03
6.683801766484975815e-03
7.677419111132621765e-03
8.369837887585163116e-03
9.347846731543540955e-03
9.553603827953338623e-03
1.143585890531539917e-02
1.211470738053321838e-02
1.619623787701129913e-02
1.172674447298049927e-02
1.782545447349548340e-02
1.484217494726181030e-02
2.006166428327560425e-02
1.971141621470451355e-02
2.329130284488201141e-02
2.675490826368331909e-02
2.803207561373710632e-02
2.925895154476165771e-02
3.464914113283157349e-02
2.933354862034320831e-02
3.390382602810859680e-02
3.722389042377471924e-02
4.726249352097511292e-02
4.512911289930343628e-02
2.821487747132778168e-02
5.188009887933731079e-02
5.113947391510009766e-02
5.175511911511421204e-02
5.190115422010421753e-02
4.966738075017929077e-02
5.075702816247940063e-02
5.657724104821681976e-03
7.004132028669118881e-03
6.754998583346605301e-03
6.935526616871356964e-03
8.252261206507682800e-03
9.455529972910881042e-03
8.989620953798294067e-03
1.210581138730049133e-02
1.382747758179903030e-02
1.730568334460258484e-02
1.294437609612941742e-02
1.696990057826042175e-02
1.493016071617603302e-02
2.026464603841304779e-02
1.984493061900138855e-02
2.352004870772361755e-02
2.746614627540111542e-02
2.762693539261817932e-02
2.888941392302513123e-02
2.741728350520133972e-02
3.035046160221099854e-02
3.713515773415565491e-02
2.269984781742095947e-02
4.868858307600021362e-02
5.001154914498329163e-02
1.906384155154228210e-02
5.117686837911605835e-02
4.929390549659729004e-02
4.818500950932502747e-02
5.129556357860565186e-02
5.476994812488555908e-02
5.086358636617660522e-02
1.242504734545946121e-02
1.184067688882350922e-02
1.217581052333116531e-02
1.318652275949716568e-02
1.347675733268260956e-02
1.639652624726295471e-02
1.378897950053215027e-02
2.125301584601402283e-02
1.614040881395339966e-02
2.235849574208259583e-02
1.860083639621734619e-02
2.119502797722816467e-02
2.125276997685432434e-02
2.459399960935115814e-02
2.192067727446556091e-02
2.826963737607002258e-02
1.645607687532901764e-02
2.400323376059532166e-02
2.679794654250144958e-02
3.415093198418617249e-02
2.611067891120910645e-02
2.572042122483253479e-02
3.924880921840667725e-02
2.735315263271331787e-02
2.718673646450042725e-02
2.054316364228725433e-02
2.727855183184146881e-02
2.653053589165210724e-02
2.774666808545589447e-02
2.773932740092277527e-02
2.963931113481521606e-02
2.668087743222713470e-02
1.251827180385589600e-02
1.304041221737861633e-02
1.158927101641893387e-02
1.225922815501689911e-02
1.346986554563045502e-02
1.700108870863914490e-02
1.527996081858873367e-02
1.907876692712306976e-02
1.815008372068405151e-02
1.864725910127162933e-02
1.938859000802040100e-02
1.719498075544834137e-02
2.412151545286178589e-02
1.702799275517463684e-02
2.540698088705539703e-02
2.074126526713371277e-02
2.928085997700691223e-02
2.493530884385108948e-02
2.651204168796539307e-02
1.634043827652931213e-02
2.443510293960571289e-02
2.478825673460960388e-02
1.426653005182743073e-02
2.726248838007450104e-02
2.834611944854259491e-02
9.540493600070476532e-03
2.918581292033195496e-02
2.868878282606601715e-02
2.716524340212345123e-02
2.727935835719108582e-02
2.685636654496192932e-02
2.740489691495895386e-02
1.851150393486022949e-02
1.511530205607414246e-02
1.579844579100608826e-02
2.049509622156620026e-02
2.565000206232070923e-02
1.468452997505664825e-02
1.447346620261669159e-02
2.267716825008392334e-02
1.434892788529396057e-02
2.406723611056804657e-02
1.869147457182407379e-02
2.239180728793144226e-02
1.593461073935031891e-02
2.247707173228263855e-02
1.586003229022026062e-02
1.935636810958385468e-02
1.153965853154659271e-02
1.704231277108192444e-02
1.788824237883090973e-02
2.776516228914260864e-02
1.864536292850971222e-02
1.463360339403152466e-02
3.288119286298751831e-02
1.457836013287305832e-02
1.427299249917268753e-02
1.769511029124259949e-02
1.289633661508560181e-02
1.185094378888607025e-02
1.252282224595546722e-02
1.281708665192127228e-02
1.337144337594509125e-02
1.376469619572162628e-02
1.631672307848930359e-02
1.482831500470638275e-02
2.097594738006591797e-02
1.760446093976497650e-02
1.700050011277198792e-02
2.109857648611068726e-02
2.399284392595291138e-02
1.730974949896335602e-02
2.041408233344554901e-02
1.222853735089302063e-02
1.469128951430320740e-02
1.024374458938837051e-02
2.165330201387405396e-02
1.225173845887184143e-02
1.912263780832290649e-02
1.442267745733261108e-02
2.517533674836158752e-02
1.749972999095916748e-02
1.763036660850048065e-02
7.996257394552230835e-03
1.659664325416088104e-02
1.841766573488712311e-02
8.059630170464515686e-03
1.409409753978252411e-02
1.422545127570629120e-02
6.818642374128103256e-03
1.353499758988618851e-02
1.317055523395538330e-02
1.340982690453529358e-02
1.299702934920787811e-02
1.361880172044038773e-02
1.270750910043716431e-02
9.379027411341667175e-03
8.596640080213546753e-03
9.317687712609767914e-03
1.031729765236377716e-02
9.773151949048042297e-03
1.407447922974824905e-02
9.004605934023857117e-03
1.707504130899906158e-02
1.197741273790597916e-02
1.489567197859287262e-02
1.698491349816322327e-02
1.857363618910312653e-02
1.754967123270034790e-02
1.769701577723026276e-02
1.689677126705646515e-02
1.883446425199508667e-02
1.098464895039796829e-02
1.754976063966751099e-02
1.710374839603900909e-02
2.378430776298046112e-02
1.720566302537918091e-02
1.370517909526824951e-02
3.227614611387252808e-02
1.388523634523153305e-02
1.449766755104064941e-02
1.763414777815341949e-02
1.378468982875347137e-02
1.221457589417695999e-02
1.329873222857713699e-02
1.269892044365406036e-02
1.306045241653919220e-02
1.352782733738422394e-02
8.620780892670154572e-03
9.588199667632579803e-03
7.956228218972682953e-03
9.396085515618324280e-03
8.939746767282485962e-03
1.346373651176691055e-02
9.392481297254562378e-03
1.593121327459812164e-02
1.241069007664918900e-02
1.200391072779893875e-02
1.613802649080753326e-02
1.453469507396221161e-02
2.032738924026489258e-02
1.223517209291458130e-02
2.289192378520965576e-02
1.792305335402488708e-02
2.154844813048839569e-02
1.654152572154998779e-02
1.879682205617427826e-02
9.314483031630516052e-03
1.612182706594467163e-02
1.648897677659988403e-02
8.252020925283432007e-03
1.458784751594066620e-02
1.413130201399326324e-02
7.676202338188886642e-03
1.301291398704051971e-02
1.318289153277873993e-02
1.329702138900756836e-02
1.348971202969551086e-02
1.371862366795539856e-02
1.309820450842380524e-02
1.520420238375663757e-02
1.684323884546756744e-02
1.472673192620277405e-02
1.737222447991371155e-02
1.917331665754318237e-02
1.564954034984111786e-02
1.396542880684137344e-02
2.330243214964866638e-02
1.388211175799369812e-02
2.251412719488143921e-02
2.064491435885429382e-02
2.331371605396270752e-02
1.847616210579872131e-02
2.397059090435504913e-02
1.859993487596511841e-02
2.219318225979804993e-02
1.247724331915378571e-02
1.786590367555618286e-02
1.871955581009387970e-02
2.578810416162014008e-02
1.831315085291862488e-02
1.502046734094619751e-02
3.708248957991600037e-02
1.452273130416870117e-02
1.431434508413076401e-02
1.659658737480640411e-02
1.303878985345363617e-02
1.283092424273490906e-02
1.301103923469781876e-02
1.254205685108900070e-02
1.310555078089237213e-02
1.332074776291847229e-02
1.505092158913612366e-02
1.580440439283847809e-02
1.529971510171890259e-02
1.484897360205650330e-02
1.541840098798274994e-02
1.838194765150547028e-02
1.850188523530960083e-02
2.001814171671867371e-02
2.030937187373638153e-02
1.519881747663021088e-02
1.888933405280113220e-02
1.257382147014141083e-02
2.354620397090911865e-02
1.459493860602378845e-02
2.415260672569274902e-02
1.649492792785167694e-02
2.681369893252849579e-02
2.091434597969055176e-02
1.909909397363662720e-02
9.465461596846580505e-03
1.655616238713264465e-02
1.903691515326499939e-02
8.400345221161842346e-03
1.490996778011322021e-02
1.363778207451105118e-02
6.804610602557659149e-03
1.312008686363697052e-02
1.370380632579326630e-02
1.328076329082250595e-02
1.218870934098958969e-02
1.391092594712972641e-02
1.315623708069324493e-02
1.690309680998325348e-02
1.498417556285858154e-02
1.771636679768562317e-02
1.476369332522153854e-02
1.775870099663734436e-02
1.912393048405647278e-02
1.608969643712043762e-02
2.543648146092891693e-02
1.634714007377624512e-02
2.549165487289428711e-02
2.485422976315021515e-02
2.613630890846252441e-02
2.131162025034427643e-02
2.823667787015438080e-02
2.084915712475776672e-02
2.610306069254875183e-02
1.381470821797847748e-02
2.090579643845558167e-02
2.100826799869537354e-02
2.858006954193115234e-02
2.054086327552795410e-02
1.959967240691184998e-02
3.643473982810974121e-02
2.003930509090423584e-02
1.826118491590023041e-02
1.893053576350212097e-02
1.798886060714721680e-02
1.598602905869483948e-02
1.859314180910587311e-02
1.702539063990116119e-02
1.872614957392215729e-02
1.836038008332252502e-02
1.660451292991638184e-02
1.587367057800292969e-02
1.776994578540325165e-02
1.371791958808898926e-02
1.590693369507789612e-02
2.270046621561050415e-02
1.958130672574043274e-02
2.280219830572605133e-02
2.343467436730861664e-02
1.486984547227621078e-02
2.133655175566673279e-02
1.344650052487850189e-02
2.741555497050285339e-02
1.431170105934143066e-02
2.725020051002502441e-02
2.058796584606170654e-02
3.106985799968242645e-02
2.059377916157245636e-02
2.159584313631057739e-02
1.134047098457813263e-02
1.962374150753021240e-02
2.284175902605056763e-02
9.593132883310317993e-03
1.875937357544898987e-02
1.794959604740142822e-02
7.292040623724460602e-03
1.878140866756439209e-02
1.761526800692081451e-02
1.815554127097129822e-02
1.809225976467132568e-02
1.737810671329498291e-02
1.805211044847965240e-02
