<system>Protocol: Active. Attitude: Sassy.</system>
8.570167236030101776e-03
8.315395563840866089e-03
9.024107828736305237e-03
8.461042307317256927e-03
8.608544245362281799e-03
8.686965331435203552e-03
8.546714670956134796e-03
8.699377998709678650e-03
8.617317304015159607e-03
8.486907929182052612e-03
8.725546300411224365e-03
8.588830009102821350e-03
8.363645523786544800e-03
8.616980165243148804e-03
8.996617048978805542e-03
8.544559590518474579e-03
8.478200063109397888e-03
8.566629141569137573e-03
8.507555350661277771e-03
8.579502813518047333e-03
8.685769513249397278e-03
8.577978238463401794e-03
8.550066500902175903e-03
8.594323880970478058e-03
8.524375967681407928e-03
8.526649326086044312e-03
8.801958523690700531e-03
8.606102317571640015e-03
8.585533127188682556e-03
8.488493040204048157e-03
8.677013218402862549e-03
8.352930657565593719e-03
8.782931603491306305e-03
8.663510903716087341e-03
8.598880842328071594e-03
8.612830191850662231e-03
8.733754977583885193e-03
8.401660248637199402e-03
8.679033257067203522e-03
8.530748076736927032e-03
8.226490579545497894e-03
8.540497161448001862e-03
8.550887927412986755e-03
8.588436990976333618e-03
8.399646729230880737e-03
8.719982579350471497e-03
8.550111204385757446e-03
8.378583937883377075e-03
8.570773527026176453e-03
8.518532849848270416e-03
8.548969402909278870e-03
8.253185078501701355e-03
8.788572624325752258e-03
8.378762751817703247e-03
8.516781963407993317e-03
7.648664060980081558e-03
8.571412414312362671e-03
8.588689379394054413e-03
8.586868643760681152e-03
8.583212271332740784e-03
8.407250978052616119e-03
9.677284397184848785e-03
8.562994189560413361e-03
8.539712056517601013e-03
1.087571494281291962e-02
1.092035323381423950e-02
1.115491520613431931e-02
1.104701124131679535e-02
1.124784722924232483e-02
1.145564951002597809e-02
1.124325767159461975e-02
1.121654454618692398e-02
1.152547914534807205e-02
1.103748753666877747e-02
1.111303828656673431e-02
1.112169120460748672e-02
1.079082395881414413e-02
1.076562330126762390e-02
1.121157780289649963e-02
1.137712225317955017e-02
1.112477853894233704e-02
1.115842163562774658e-02
1.092422381043434143e-02
1.102465949952602386e-02
1.092397142201662064e-02
1.122939120978116989e-02
1.097519509494304657e-02
1.102694310247898102e-02
1.048296224325895309e-02
1.092902757227420807e-02
1.142525207251310349e-02
1.119928434491157532e-02
1.108764111995697021e-02
1.110469736158847809e-02
1.123594678938388824e-02
1.101793162524700165e-02
1.134451106190681458e-02
1.084963232278823853e-02
1.080222427845001221e-02
1.123744249343872070e-02
1.136410050094127655e-02
1.087683252990245819e-02
1.103912945836782455e-02
1.104978285729885101e-02
1.026772614568471909e-02
1.127151958644390106e-02
1.129445806145668030e-02
1.136452239006757736e-02
1.104874629527330399e-02
1.100200973451137543e-02
1.097938232123851776e-02
1.107404474169015884e-02
1.107090152800083160e-02
1.092769019305706024e-02
1.134419348090887070e-02
1.117931678891181946e-02
1.091540604829788208e-02
1.100880838930606842e-02
1.107689738273620605e-02
1.091170590370893478e-02
1.121164299547672272e-02
1.087866071611642838e-02
1.082050800323486328e-02
1.095630694180727005e-02
1.118632499128580093e-02
1.091507077217102051e-02
1.104139164090156555e-02
1.098890602588653564e-02
9.669201448559761047e-03
9.813806042075157166e-03
9.451591409742832184e-03
9.620876982808113098e-03
9.459474124014377594e-03
9.785578586161136627e-03
9.055828675627708435e-03
9.444941766560077667e-03
9.384389966726303101e-03
9.611412882804870605e-03
9.586163796484470367e-03
6.807432044297456741e-03
9.743718430399894714e-03
9.766450151801109314e-03
9.755574166774749756e-03
9.517069905996322632e-03
9.734319522976875305e-03
9.616433642804622650e-03
9.675037115812301636e-03
9.507168084383010864e-03
9.657415561378002167e-03
9.413752704858779907e-03
9.595961309969425201e-03
9.698072448372840881e-03
9.561829268932342529e-03
9.698291309177875519e-03
9.755856357514858246e-03
9.677005931735038757e-03
9.771087206900119781e-03
9.767114184796810150e-03
9.975726716220378876e-03
9.745860472321510315e-03
9.538381360471248627e-03
9.615923278033733368e-03
9.440649300813674927e-03
9.507786482572555542e-03
9.487852454185485840e-03
9.856382384896278381e-03
9.440386667847633362e-03
9.611148387193679810e-03
9.773571044206619263e-03
9.670773521065711975e-03
9.690921753644943237e-03
9.514990262687206268e-03
9.521744213998317719e-03
9.688175283372402191e-03
9.606303647160530090e-03
9.668813087046146393e-03
9.551477618515491486e-03
9.377189911901950836e-03
9.639616124331951141e-03
9.741583839058876038e-03
9.774350561201572418e-03
9.443871676921844482e-03
9.467311203479766846e-03
9.815852157771587372e-03
9.993106126785278320e-03
9.526845999062061310e-03
9.644485078752040863e-03
9.582726284861564636e-03
9.448979981243610382e-03
9.778335690498352051e-03
9.310839697718620300e-03
9.531891904771327972e-03
9.599484503269195557e-03
9.211370721459388733e-03
9.501272812485694885e-03
9.244378656148910522e-03
9.692972525954246521e-03
9.354930371046066284e-03
9.473391808569431305e-03
9.446321986615657806e-03
6.640523672103881836e-03
9.410279802978038788e-03
9.245208464562892914e-03
9.243059903383255005e-03
9.817138314247131348e-03
9.656821377575397491e-03
9.251297451555728912e-03
9.469511918723583221e-03
9.567027911543846130e-03
9.447667747735977173e-03
9.645285084843635559e-03
9.732549078762531281e-03
9.153098799288272858e-03
9.421511553227901459e-03
8.982894010841846466e-03
9.616325609385967255e-03
9.126256220042705536e-03
9.469939395785331726e-03
9.653408080339431763e-03
9.542239829897880554e-03
9.878014214336872101e-03
9.282317943871021271e-03
9.068159386515617371e-03
9.536160156130790710e-03
9.377022273838520050e-03
9.516145102679729462e-03
9.364399127662181854e-03
8.586600422859191895e-03
9.668981656432151794e-03
9.798258543014526367e-03
9.677296504378318787e-03
9.447623975574970245e-03
9.448220953345298767e-03
9.550141170620918274e-03
9.311867877840995789e-03
9.510535746812820435e-03
9.288208559155464172e-03
9.201977401971817017e-03
9.438542649149894714e-03
9.539917111396789551e-03
9.452917613089084625e-03
9.411167353391647339e-03
9.943492710590362549e-03
9.184211492538452148e-03
9.938532486557960510e-03
9.243493899703025818e-03
9.420869871973991394e-03
9.170872159302234650e-03
9.659373201429843903e-03
9.698173962533473969e-03
9.432115592062473297e-03
9.638201445341110229e-03
9.593626484274864197e-03
9.459185414016246796e-03
9.654216468334197998e-03
9.825924411416053772e-03
