<system>Protocol: Active. Attitude: Sassy.</system>
1.342792995274066925e-02
1.335220970213413239e-02
1.232297439128160477e-02
1.240974664688110352e-02
1.337947137653827667e-02
1.348893344402313232e-02
1.283829472959041595e-02
1.128851622343063354e-02
1.314209494739770889e-02
1.427674386650323868e-02
1.249295845627784729e-02
1.302677486091852188e-02
1.025072485208511353e-02
1.314387284219264984e-02
1.372906938195228577e-02
1.282157655805349350e-02
1.041562482714653015e-02
1.276198215782642365e-02
1.286565046757459641e-02
1.357934065163135529e-02
1.324511133134365082e-02
1.253526378422975540e-02
1.289556082338094711e-02
1.259929314255714417e-02
1.254251413047313690e-02
1.263738051056861877e-02
1.337236724793910980e-02
1.245273184031248093e-02
1.330197416245937347e-02
1.339107193052768707e-02
8.917268365621566772e-03
1.268258970230817795e-02
1.173953711986541748e-02
1.394741795957088470e-02
1.319644041359424591e-02
5.186137743294239044e-03
1.187585666775703430e-02
1.264407485723495483e-02
1.281431224197149277e-02
1.087064296007156372e-02
1.291169412434101105e-02
1.184134464710950851e-02
1.351435761898756027e-02
1.277482230216264725e-02
1.106552686542272568e-02
1.215879991650581360e-02
1.226125657558441162e-02
6.706022657454013824e-03
1.315218023955821991e-02
1.276836358010768890e-02
1.249586418271064758e-02
1.296397484838962555e-02
1.314302720129489899e-02
1.246803812682628632e-02
1.208754535764455795e-02
1.268985681235790253e-02
1.240606978535652161e-02
1.277521252632141113e-02
1.242218259721994400e-02
1.166433468461036682e-02
1.313689909875392914e-02
1.283523999154567719e-02
1.280738040804862976e-02
1.287480723112821579e-02
1.311773248016834259e-02
1.275434438139200211e-02
1.299461722373962402e-02
1.253408379852771759e-02
1.342632248997688293e-02
1.126022450625896454e-02
1.195490639656782150e-02
7.123041898012161255e-03
1.192397437989711761e-02
1.331442408263683319e-02
1.229830179363489151e-02
1.283347886055707932e-02
1.235744822770357132e-02
1.323590241372585297e-02
1.348521746695041656e-02
5.662645213305950165e-03
1.369295828044414520e-02
1.310611143708229065e-02
1.289942488074302673e-02
1.205362472683191299e-02
1.364802848547697067e-02
1.304349675774574280e-02
1.243701204657554626e-02
1.313119754195213318e-02
1.439186371862888336e-02
1.088744401931762695e-02
1.209742762148380280e-02
1.219946891069412231e-02
1.314726844429969788e-02
1.345033012330532074e-02
1.272830739617347717e-02
1.325310766696929932e-02
1.344490703195333481e-02
1.197698526084423065e-02
1.518219057470560074e-02
9.961009025573730469e-03
1.278826501220464706e-02
1.337454840540885925e-02
1.400127075612545013e-02
1.266414299607276917e-02
1.285665109753608704e-02
1.244112290441989899e-02
1.310040708631277084e-02
1.339158788323402405e-02
1.372957974672317505e-02
1.329547353088855743e-02
1.137740537524223328e-02
1.105006784200668335e-02
1.107313670217990875e-02
9.457832202315330505e-03
1.193959638476371765e-02
1.244926825165748596e-02
1.256274431943893433e-02
1.129063032567501068e-02
1.135183125734329224e-02
1.152928639203310013e-02
1.262727007269859314e-02
1.235216110944747925e-02
1.195448171347379684e-02
1.286551728844642639e-02
1.285655423998832703e-02
1.191202551126480103e-02
1.357728801667690277e-02
1.221379823982715607e-02
1.271565165370702744e-02
1.190648414194583893e-02
1.347727794200181961e-02
1.238187402486801147e-02
1.226057950407266617e-02
1.324174273759126663e-02
1.179015543311834335e-02
1.301879622042179108e-02
1.339146960526704788e-02
1.362130884081125259e-02
1.327088288962841034e-02
1.221126224845647812e-02
1.287381350994110107e-02
1.332165393978357315e-02
1.265209354460239410e-02
1.193627156317234039e-02
1.268615294247865677e-02
1.235008984804153442e-02
1.054328866302967072e-02
1.022768579423427582e-02
1.362797897309064865e-02
1.201972179114818573e-02
9.497327730059623718e-03
1.366180554032325745e-02
1.293338183313608170e-02
1.355393510311841965e-02
1.148895639926195145e-02
1.123708859086036682e-02
9.975199587643146515e-03
1.260246243327856064e-02
1.323675550520420074e-02
1.205162610858678818e-02
1.307390164583921432e-02
1.277868263423442841e-02
1.144390925765037537e-02
1.290275156497955322e-02
1.381463184952735901e-02
1.379540283232927322e-02
1.611348241567611694e-02
1.276445854455232620e-02
1.308443211019039154e-02
1.252296939492225647e-02
1.381803955882787704e-02
1.191522553563117981e-02
1.493054721504449844e-02
1.303166989237070084e-02
1.304175332188606262e-02
1.260129176080226898e-02
1.148344203829765320e-02
1.338549517095088959e-02
1.242392696440219879e-02
1.330388896167278290e-02
1.277669519186019897e-02
1.293072663247585297e-02
1.393893826752901077e-02
1.229843869805335999e-02
1.386058237403631210e-02
1.253488659858703613e-02
1.304353587329387665e-02
1.288734097033739090e-02
1.226256787776947021e-02
9.757377207279205322e-03
1.237772312015295029e-02
1.128677092492580414e-02
1.130197010934352875e-02
1.259169541299343109e-02
1.127235591411590576e-02
1.171129941940307617e-02
1.221498847007751465e-02
1.145939715206623077e-02
1.008489355444908142e-02
1.156006287783384323e-02
1.281972415745258331e-02
1.314742770045995712e-02
9.458166547119617462e-03
1.185047999024391174e-02
1.231745257973670959e-02
1.282678730785846710e-02
1.285489089787006378e-02
1.222444325685501099e-02
1.306447945535182953e-02
1.345702446997165680e-02
1.321198511868715286e-02
1.132907345890998840e-02
9.634165093302726746e-03
1.222412846982479095e-02
9.482356719672679901e-03
1.275737769901752472e-02
1.240580249577760696e-02
1.216819509863853455e-02
1.233529485762119293e-02
9.669374674558639526e-03
8.581834845244884491e-03
1.506850589066743851e-02
1.287868898361921310e-02
6.791607476770877838e-03
1.319324038922786713e-02
1.308860816061496735e-02
1.298416592180728912e-02
1.431645825505256653e-02
1.278018020093441010e-02
1.137223560363054276e-02
1.264018192887306213e-02
8.835351094603538513e-03
1.252390816807746887e-02
1.373566873371601105e-02
1.175868883728981018e-02
1.355239469558000565e-02
1.205644197762012482e-02
1.305793225765228271e-02
1.114946790039539337e-02
1.076164282858371735e-02
1.283123344182968140e-02
1.284867990761995316e-02
1.376091316342353821e-02
1.074633002281188965e-02
1.252299360930919647e-02
1.073710434138774872e-02
1.311855949461460114e-02
1.029620412737131119e-02
1.388376951217651367e-02
1.384480111300945282e-02
1.288054045289754868e-02
1.143933553248643875e-02
1.154523342847824097e-02
1.217209734022617340e-02
1.248223334550857544e-02
1.171931996941566467e-02
1.231864839792251587e-02
1.145311258733272552e-02
1.492894254624843597e-02
1.271590031683444977e-02
1.240591704845428467e-02
1.229584682732820511e-02
1.255947723984718323e-02
1.206954009830951691e-02
1.208310108631849289e-02
1.337571162730455399e-02
1.285387668758630753e-02
1.280982699245214462e-02
1.340232416987419128e-02
1.318611763417720795e-02
1.265831105411052704e-02
1.329131238162517548e-02
1.303631532937288284e-02
1.148685067892074585e-02
1.199698448181152344e-02
7.775890640914440155e-03
1.340437121689319611e-02
1.306797750294208527e-02
1.351425051689147949e-02
1.146204769611358643e-02
1.304804161190986633e-02
1.139484532177448273e-02
1.271756272763013840e-02
1.282166503369808197e-02
1.219367235898971558e-02
1.204281020909547806e-02
1.250613667070865631e-02
1.302729360759258270e-02
1.339895650744438171e-02
1.317300833761692047e-02
1.159274578094482422e-02
1.291176583617925644e-02
1.227458007633686066e-02
1.416577491909265518e-02
8.862745948135852814e-03
1.237224601209163666e-02
1.151707582175731659e-02
1.010823249816894531e-02
1.342962309718132019e-02
1.165678445249795914e-02
1.218506321310997009e-02
1.284970715641975403e-02
1.356599107384681702e-02
1.271404512226581573e-02
1.146439835429191589e-02
1.180979982018470764e-02
1.378129236400127411e-02
1.312848459929227829e-02
1.215073838829994202e-02
1.210951711982488632e-02
1.299786288291215897e-02
1.135098375380039215e-02
1.240549050271511078e-02
1.144665945321321487e-02
1.226781867444515228e-02
1.198208332061767578e-02
1.198136620223522186e-02
1.311499439179897308e-02
1.227330695837736130e-02
1.253326423466205597e-02
1.267325878143310547e-02
1.199650391936302185e-02
1.243504136800765991e-02
1.121736317873001099e-02
1.337747462093830109e-02
1.281131058931350708e-02
1.373570878058671951e-02
1.258800365030765533e-02
1.263073738664388657e-02
1.263379771262407303e-02
1.279790326952934265e-02
1.308123581111431122e-02
1.290355063974857330e-02
1.223314180970191956e-02
1.309671904891729355e-02
1.349111553281545639e-02
1.032886374741792679e-02
1.242989767342805862e-02
1.213074102997779846e-02
1.397725380957126617e-02
1.167485769838094711e-02
9.249586611986160278e-03
1.309602055698633194e-02
1.254715118557214737e-02
1.067922729998826981e-02
1.233110018074512482e-02
1.342000439763069153e-02
1.173535734415054321e-02
1.190516352653503418e-02
1.298575103282928467e-02
1.194412261247634888e-02
1.327889598906040192e-02
1.200897432863712311e-02
1.157836243510246277e-02
1.276710722595453262e-02
1.435153000056743622e-02
1.385113596916198730e-02
1.396138221025466919e-02
1.387832500040531158e-02
1.286767423152923584e-02
1.345415040850639343e-02
1.238462608307600021e-02
1.279066316783428192e-02
1.213606260716915131e-02
1.237316243350505829e-02
1.253947615623474121e-02
1.311277411878108978e-02
1.378696784377098083e-02
1.278908737003803253e-02
1.022344641387462616e-02
1.307697966694831848e-02
1.506739575415849686e-02
1.280431263148784637e-02
1.222937740385532379e-02
1.248261518776416779e-02
1.287729665637016296e-02
1.255942694842815399e-02
1.305424328893423080e-02
1.033757627010345459e-02
1.340286992490291595e-02
9.071522392332553864e-03
1.233929581940174103e-02
1.303747668862342834e-02
1.263755001127719879e-02
1.356919854879379272e-02
1.097008958458900452e-02
1.277163438498973846e-02
8.047148585319519043e-03
1.354727800935506821e-02
1.093921251595020294e-02
1.275799237191677094e-02
1.370910741388797760e-02
1.199318561702966690e-02
1.239204220473766327e-02
1.396597642451524734e-02
1.282059401273727417e-02
1.336270570755004883e-02
1.279067061841487885e-02
1.132512278854846954e-02
1.295895688235759735e-02
1.265141461044549942e-02
1.217713765799999237e-02
1.243927143514156342e-02
1.302247308194637299e-02
1.281074527651071548e-02
1.332978159189224243e-02
1.238586939871311188e-02
1.219245605170726776e-02
1.164723932743072510e-02
1.131406985223293304e-02
9.312063455581665039e-03
2.949504926800727844e-02
1.285444758832454681e-02
7.918302901089191437e-03
1.164124812930822372e-02
1.204376667737960815e-02
1.195795368403196335e-02
1.306916587054729462e-02
1.234865747392177582e-02
1.002234686166048050e-02
1.216686051338911057e-02
1.336877234280109406e-02
1.207388099282979965e-02
1.178637333214282990e-02
1.287276856601238251e-02
1.270511746406555176e-02
6.772009190171957016e-03
1.287986151874065399e-02
1.285975612699985504e-02
9.717497043311595917e-03
1.171658281236886978e-02
1.363624259829521179e-02
1.154276076704263687e-02
1.255208346992731094e-02
1.272054761648178101e-02
1.281049847602844238e-02
1.213615387678146362e-02
1.301847584545612335e-02
7.634715177118778229e-03
1.271854713559150696e-02
1.324478164315223694e-02
1.401141099631786346e-02
1.351768523454666138e-02
1.303153391927480698e-02
8.057626895606517792e-03
4.719494841992855072e-03
1.291819475591182709e-02
1.163272000849246979e-02
1.139961276203393936e-02
1.127481274306774139e-02
1.376129873096942902e-02
1.288978941738605499e-02
1.357577927410602570e-02
1.387358456850051880e-02
1.203493773937225342e-02
1.284861471503973007e-02
1.103663258254528046e-02
1.234153844416141510e-02
1.243366487324237823e-02
1.301842089742422104e-02
1.222385838627815247e-02
1.236857660114765167e-02
9.744375944137573242e-03
6.183637306094169617e-03
1.320232264697551727e-02
1.262250728905200958e-02
7.522983942180871964e-03
1.036458276212215424e-02
1.198952179402112961e-02
7.096953224390745163e-03
1.376220025122165680e-02
1.286750286817550659e-02
1.173266768455505371e-02
1.229060348123311996e-02
1.158188655972480774e-02
1.254144590348005295e-02
1.323769520968198776e-02
6.048290524631738663e-03
1.318815443664789200e-02
1.385777443647384644e-02
1.268643606454133987e-02
1.190637145191431046e-02
1.209218334406614304e-02
1.306164357811212540e-02
1.268103532493114471e-02
1.255112327635288239e-02
1.216372102499008179e-02
1.287050545215606689e-02
1.282117329537868500e-02
1.022993959486484528e-02
1.349325478076934814e-02
1.317857485264539719e-02
1.163272280246019363e-02
1.246723718941211700e-02
1.215534936636686325e-02
1.268093660473823547e-02
1.274040155112743378e-02
1.111577637493610382e-02
1.307043991982936859e-02
1.078513544052839279e-02
1.342515740543603897e-02
5.031601525843143463e-03
1.307898201048374176e-02
1.331506296992301941e-02
1.099608652293682098e-02
1.284748036414384842e-02
1.151993684470653534e-02
1.176349353045225143e-02
1.180106773972511292e-02
1.302194222807884216e-02
1.262742001563310623e-02
1.367740891873836517e-02
9.932318702340126038e-03
9.342166595160961151e-03
1.362664438784122467e-02
1.315868273377418518e-02
1.289988495409488678e-02
1.055569201707839966e-02
1.364114508032798767e-02
1.055770460516214371e-02
1.356619130820035934e-02
9.555366821587085724e-03
1.422887202352285385e-02
1.329011656343936920e-02
1.333169359713792801e-02
6.402532570064067841e-03
1.194104738533496857e-02
1.296052802354097366e-02
1.287086959928274155e-02
1.229292806237936020e-02
1.256453059613704681e-02
1.307556219398975372e-02
1.400538813322782516e-02
1.369567029178142548e-02
1.331666763871908188e-02
1.288969442248344421e-02
1.237645745277404785e-02
1.450075116008520126e-02
1.264466345310211182e-02
1.523009128868579865e-02
1.333949156105518341e-02
1.096993684768676758e-02
1.262447796761989594e-02
1.280696503818035126e-02
1.003206893801689148e-02
1.272143796086311340e-02
1.218787021934986115e-02
1.047663763165473938e-02
1.291150972247123718e-02
1.328048855066299438e-02
1.305101253092288971e-02
1.287777535617351532e-02
1.305615343153476715e-02
1.143600419163703918e-02
1.367292646318674088e-02
1.231127977371215820e-02
1.243169419467449188e-02
1.210252474993467331e-02
1.389980036765336990e-02
1.278562471270561218e-02
1.208066381514072418e-02
1.170417666435241699e-02
1.299980282783508301e-02
1.371443085372447968e-02
1.250383816659450531e-02
1.262130960822105408e-02
1.687540858983993530e-02
1.200000289827585220e-02
1.332060061395168304e-02
1.275170687586069107e-02
1.214232109487056732e-02
1.370480656623840332e-02
1.093990355730056763e-02
1.264375820755958557e-02
1.343954540789127350e-02
1.295434962958097458e-02
1.245056372135877609e-02
1.345149800181388855e-02
1.271998416632413864e-02
1.150641497224569321e-02
1.140493992716073990e-02
1.049750857055187225e-02
1.226958818733692169e-02
1.233891397714614868e-02
1.397375576198101044e-02
1.228916458785533905e-02
1.278473995625972748e-02
1.220397371798753738e-02
1.282995007932186127e-02
1.289422996342182159e-02
1.406702026724815369e-02
1.163275726139545441e-02
1.140748523175716400e-02
1.391677744686603546e-02
1.341706980019807816e-02
1.289809681475162506e-02
1.390367466956377029e-02
1.240405626595020294e-02
1.229947712272405624e-02
1.053104549646377563e-02
1.213099434971809387e-02
1.288769952952861786e-02
1.248611696064472198e-02
1.373104006052017212e-02
1.366325002163648605e-02
1.256343442946672440e-02
1.366570778191089630e-02
1.256589498370885849e-02
1.263444870710372925e-02
1.288709603250026703e-02
1.172237843275070190e-02
1.321761775761842728e-02
1.225725561380386353e-02
1.178624760359525681e-02
1.223208941519260406e-02
1.284688152372837067e-02
1.275221724063158035e-02
1.204998418688774109e-02
1.083352603018283844e-02
1.270745322108268738e-02
1.221638359129428864e-02
9.917029179632663727e-03
1.269980985671281815e-02
1.356529071927070618e-02
9.477754123508930206e-03
1.312468014657497406e-02
1.085095480084419250e-02
1.084973849356174469e-02
1.205749250948429108e-02
1.027836278080940247e-02
1.211230829358100891e-02
1.100559998303651810e-02
1.297227293252944946e-02
1.263606548309326172e-02
1.283197477459907532e-02
1.262189634144306183e-02
1.281613670289516449e-02
1.159265264868736267e-02
1.092348061501979828e-02
1.311228051781654358e-02
1.363481115549802780e-02
1.183151267468929291e-02
1.241133548319339752e-02
9.092978201806545258e-03
1.169180683791637421e-02
8.671781048178672791e-03
1.128188893198966980e-02
1.099587418138980865e-02
1.248406991362571716e-02
1.127259805798530579e-02
1.056578010320663452e-02
9.236603975296020508e-03
1.463577710092067719e-02
1.367535535246133804e-02
1.260339096188545227e-02
1.257577165961265564e-02
1.263440027832984924e-02
1.334882527589797974e-02
1.295348070561885834e-02
1.241805404424667358e-02
1.110866852104663849e-02
6.613073870539665222e-03
1.306176371872425079e-02
6.994083523750305176e-03
1.158870756626129150e-02
1.225422415882349014e-02
1.232556439936161041e-02
1.335676107555627823e-02
1.066411659121513367e-02
9.273448958992958069e-03
1.103815063834190369e-02
1.260098069906234741e-02
1.184039097279310226e-02
1.167270448058843613e-02
1.224651932716369629e-02
1.215018518269062042e-02
1.223756559193134308e-02
1.222468726336956024e-02
1.267575472593307495e-02
1.217477023601531982e-02
1.313461456447839737e-02
1.235833019018173218e-02
1.238262094557285309e-02
1.018705591559410095e-02
1.282259263098239899e-02
1.262192986905574799e-02
1.243091747164726257e-02
1.113619282841682434e-02
1.217801123857498169e-02
1.428187824785709381e-02
1.240869332104921341e-02
1.309841126203536987e-02
1.279379613697528839e-02
1.371002756059169769e-02
1.339072175323963165e-02
1.263337582349777222e-02
1.279105432331562042e-02
1.236906554549932480e-02
1.207267399877309799e-02
1.291093789041042328e-02
1.175088435411453247e-02
1.391592249274253845e-02
1.178336609154939651e-02
1.063151750713586807e-02
1.203482691198587418e-02
1.262825541198253632e-02
1.257737539708614349e-02
1.085158623754978180e-02
8.092721924185752869e-03
4.839436151087284088e-03
1.334711909294128418e-02
1.284361258149147034e-02
1.205573137849569321e-02
1.268792897462844849e-02
1.223221980035305023e-02
1.245923526585102081e-02
9.899199008941650391e-03
1.343846693634986877e-02
1.223096158355474472e-02
1.299082674086093903e-02
1.293309871107339859e-02
1.109558343887329102e-02
1.357936672866344452e-02
1.168234273791313171e-02
1.288718730211257935e-02
1.252181921154260635e-02
1.287065818905830383e-02
1.329264976084232330e-02
1.340202149003744125e-02
1.052624173462390900e-02
1.219987217336893082e-02
1.316004246473312378e-02
1.107287406921386719e-02
1.196780428290367126e-02
1.083354838192462921e-02
5.091607104986906052e-03
1.307732984423637390e-02
1.170486398041248322e-02
4.432143177837133408e-03
1.230453699827194214e-02
1.207905635237693787e-02
1.310820505023002625e-02
1.254641823470592499e-02
1.374142151325941086e-02
7.191119715571403503e-03
1.270088739693164825e-02
1.094937883317470551e-02
1.461944449692964554e-02
1.075825281441211700e-02
9.614618495106697083e-03
1.216108445078134537e-02
1.312053576111793518e-02
1.242991071194410324e-02
1.085913926362991333e-02
1.149676553905010223e-02
1.287956070154905319e-02
6.820164155215024948e-03
1.287570409476757050e-02
9.777005761861801147e-03
1.347977854311466217e-02
1.021307334303855896e-02
1.188849098980426788e-02
1.243244390934705734e-02
1.270341966301202774e-02
9.279781952500343323e-03
1.086887251585721970e-02
1.227358449250459671e-02
1.349604222923517227e-02
1.124641858041286469e-02
1.104439795017242432e-02
1.232888177037239075e-02
1.168723870068788528e-02
1.103428658097982407e-02
1.283919252455234528e-02
6.491233594715595245e-03
1.339995488524436951e-02
1.221769489347934723e-02
1.285512093454599380e-02
8.918703533709049225e-03
9.335063397884368896e-03
1.383422873914241791e-02
1.233778987079858780e-02
1.306018233299255371e-02
1.244728639721870422e-02
1.296511664986610413e-02
1.295647490769624710e-02
1.245124265551567078e-02
1.269550342112779617e-02
1.257903873920440674e-02
8.963196538388729095e-03
1.292730960994958878e-02
1.294993981719017029e-02
1.191737409681081772e-02
1.330527290701866150e-02
1.115396991372108459e-02
1.250775065273046494e-02
9.105106815695762634e-03
1.380619034171104431e-02
1.305145677179098129e-02
1.171886175870895386e-02
1.184073649346828461e-02
1.111446786671876907e-02
1.312393322587013245e-02
1.322951354086399078e-02
1.194514241069555283e-02
1.275075878947973251e-02
1.119397021830081940e-02
1.239255443215370178e-02
1.116779725998640060e-02
1.281314715743064880e-02
1.291038375347852707e-02
1.170843653380870819e-02
1.349770464003086090e-02
1.321915909647941589e-02
1.265862584114074707e-02
1.199601218104362488e-02
1.397552713751792908e-02
1.276257447898387909e-02
1.281252037733793259e-02
1.322516985237598419e-02
1.179681345820426941e-02
6.393648218363523483e-03
1.298302691429853439e-02
1.226168870925903320e-02
1.252664159983396530e-02
1.290645357221364975e-02
1.302622072398662567e-02
1.089325267821550369e-02
1.268361415714025497e-02
1.169512514024972916e-02
1.320611685514450073e-02
1.211151015013456345e-02
1.098830439150333405e-02
1.026313193142414093e-02
7.717305794358253479e-03
1.216634549200534821e-02
1.082611456513404846e-02
1.104906573891639709e-02
1.283453498035669327e-02
1.261492911726236343e-02
1.192981097847223282e-02
1.234723441302776337e-02
1.174731552600860596e-02
9.593335911631584167e-03
1.240978948771953583e-02
1.496879570186138153e-02
1.421388238668441772e-02
1.064341329038143158e-02
1.324603054672479630e-02
1.211440842598676682e-02
1.275101117789745331e-02
1.251910440623760223e-02
1.306367106735706329e-02
1.370239071547985077e-02
1.303983479738235474e-02
1.348712109029293060e-02
1.273432560265064240e-02
1.367418188601732254e-02
1.331733539700508118e-02
1.388132665306329727e-02
1.193552371114492416e-02
1.203785464167594910e-02
1.419203542172908783e-02
1.294239237904548645e-02
9.065613150596618652e-03
1.057459227740764618e-02
1.091728918254375458e-02
1.591755263507366180e-02
1.327740959823131561e-02
1.237328629940748215e-02
1.095127500593662262e-02
1.152761094272136688e-02
1.194492354989051819e-02
1.231475174427032471e-02
1.382204331457614899e-02
1.221897453069686890e-02
1.342440489679574966e-02
1.320310682058334351e-02
1.335929334163665771e-02
1.224473863840103149e-02
1.166887301951646805e-02
1.224958710372447968e-02
1.387641206383705139e-02
1.257542707026004791e-02
1.070135831832885742e-02
1.278449967503547668e-02
1.220076158642768860e-02
1.185722276568412781e-02
1.174324005842208862e-02
1.237274799495935440e-02
8.666524663567543030e-03
1.319036260247230530e-02
1.322005875408649445e-02
1.301664113998413086e-02
1.273796427994966507e-02
1.229079999029636383e-02
1.408445276319980621e-02
1.113233342766761780e-02
1.304878480732440948e-02
1.197573542594909668e-02
1.212539337575435638e-02
1.344061270356178284e-02
1.274197921156883240e-02
1.239621639251708984e-02
1.460614521056413651e-02
1.305781863629817963e-02
1.264922041445970535e-02
1.221302617341279984e-02
9.088469669222831726e-03
1.152291987091302872e-02
1.427135244011878967e-02
1.219924539327621460e-02
1.280960999429225922e-02
1.265854202210903168e-02
1.282832026481628418e-02
1.366388984024524689e-02
1.160539314150810242e-02
1.228467188775539398e-02
1.120710838586091995e-02
1.290012430399656296e-02
1.195133943110704422e-02
1.067804545164108276e-02
1.301573216915130615e-02
1.248069386929273605e-02
1.337218284606933594e-02
1.139056589454412460e-02
1.245908252894878387e-02
1.195695437490940094e-02
5.449188407510519028e-03
1.245432533323764801e-02
1.316369418054819107e-02
1.197806000709533691e-02
1.178800966590642929e-02
1.153667643666267395e-02
1.302745565772056580e-02
1.280811522156000137e-02
1.394588593393564224e-02
1.324078999459743500e-02
1.240948494523763657e-02
1.381037756800651550e-02
1.257402822375297546e-02
1.196816097944974899e-02
5.939078517258167267e-03
1.466076076030731201e-02
1.398592442274093628e-02
1.165487617254257202e-02
1.201764866709709167e-02
6.595008075237274170e-03
1.233144849538803101e-02
1.222225930541753769e-02
1.312008872628211975e-02
1.019258238375186920e-02
1.339470222592353821e-02
1.002324745059013367e-02
1.379526592791080475e-02
8.737518452107906342e-03
1.147326827049255371e-02
1.295698061585426331e-02
1.379973441362380981e-02
1.105496101081371307e-02
1.281161792576313019e-02
1.281321048736572266e-02
1.230958476662635803e-02
1.216809637844562531e-02
1.262211985886096954e-02
1.273582875728607178e-02
1.209078542888164520e-02
1.138227153569459915e-02
1.352237444370985031e-02
1.252502202987670898e-02
1.450835447758436203e-02
1.293990202248096466e-02
1.241473667323589325e-02
1.348356530070304871e-02
1.063844189047813416e-02
1.168442703783512115e-02
1.287088915705680847e-02
1.363365352153778076e-02
1.356469187885522842e-02
1.135087013244628906e-02
1.226970367133617401e-02
1.345513388514518738e-02
1.355379913002252579e-02
9.620696306228637695e-03
1.305294688791036606e-02
1.362214796245098114e-02
1.261072605848312378e-02
1.303296629339456558e-02
1.241962984204292297e-02
1.149570941925048828e-02
1.292423158884048462e-02
1.313288696110248566e-02
1.108730398118495941e-02
1.181766390800476074e-02
1.023587025701999664e-02
1.202236674726009369e-02
1.349225081503391266e-02
1.257359515875577927e-02
1.274978369474411011e-02
1.268825493752956390e-02
1.384720485657453537e-02
1.219830103218555450e-02
1.092067081481218338e-02
1.296210754662752151e-02
1.284033991396427155e-02
1.371751073747873306e-02
1.191396266222000122e-02
1.083744317293167114e-02
1.324068661779165268e-02
1.122034061700105667e-02
1.298453845083713531e-02
1.152152288705110550e-02
1.340752094984054565e-02
1.306691672652959824e-02
1.313978619873523712e-02
1.318187825381755829e-02
1.320613641291856766e-02
1.297586597502231598e-02
1.251471787691116333e-02
1.241458952426910400e-02
1.278014481067657471e-02
1.345168985426425934e-02
1.289406791329383850e-02
7.321719080209732056e-03
1.333700865507125854e-02
1.360003091394901276e-02
1.284421794116497040e-02
1.128604263067245483e-02
1.065601501613855362e-02
1.271623652428388596e-02
1.267119124531745911e-02
1.422181352972984314e-02
1.350819785147905350e-02
1.326917391270399094e-02
1.348997466266155243e-02
1.328558847308158875e-02
1.214591320604085922e-02
1.216042321175336838e-02
1.250094734132289886e-02
1.282618753612041473e-02
1.287880912423133850e-02
1.150423381477594376e-02
1.187333278357982635e-02
1.321967598050832748e-02
1.241089776158332825e-02
8.796390146017074585e-03
1.137409359216690063e-02
1.303854957222938538e-02
1.309365499764680862e-02
9.588310495018959045e-03
1.316003501415252686e-02
1.340208761394023895e-02
1.393136754631996155e-02
5.470674950629472733e-03
1.274693757295608521e-02
1.098302844911813736e-02
1.278699934482574463e-02
1.150449458509683609e-02
1.405761111527681351e-02
1.321420818567276001e-02
1.118304207921028137e-02
1.311256177723407745e-02
1.298168022185564041e-02
5.503194872289896011e-03
1.163128204643726349e-02
1.290358789265155792e-02
1.377087086439132690e-02
1.263669691979885101e-02
1.020299084484577179e-02
1.214553602039813995e-02
9.326782077550888062e-03
1.059360802173614502e-02
1.330613717436790466e-02
9.580044075846672058e-03
1.452341489493846893e-02
1.207824330776929855e-02
1.246356405317783356e-02
1.403702236711978912e-02
1.304749120026826859e-02
1.223865523934364319e-02
1.131962984800338745e-02
1.198983192443847656e-02
1.206154283136129379e-02
1.410678680986166000e-02
1.309182494878768921e-02
1.368480175733566284e-02
9.954856708645820618e-03
1.198176294565200806e-02
1.323107071220874786e-02
1.268390193581581116e-02
1.313008461147546768e-02
1.011805050075054169e-02
1.189859677106142044e-02
1.338114961981773376e-02
1.214367523789405823e-02
1.412076875567436218e-02
1.387033518403768539e-02
1.259220857173204422e-02
1.300234720110893250e-02
1.054733619093894958e-02
1.301229465752840042e-02
1.236181799322366714e-02
9.929339401423931122e-03
1.165820565074682236e-02
1.288155186921358109e-02
1.210626214742660522e-02
1.339908596128225327e-02
1.335417386144399643e-02
1.220724731683731079e-02
1.380794867873191833e-02
1.427942328155040741e-02
1.223901845514774323e-02
1.375259365886449814e-02
1.349483802914619446e-02
1.355085242539644241e-02
1.128171198070049286e-02
1.347503531724214554e-02
1.028831116855144501e-02
1.214499771595001221e-02
9.691009297966957092e-03
1.353550702333450317e-02
1.506254449486732483e-02
1.167270261794328690e-02
1.346616260707378387e-02
1.224461756646633148e-02
1.264442875981330872e-02
1.241812109947204590e-02
1.215326040983200073e-02
1.245037280023097992e-02
1.258608698844909668e-02
1.377301476895809174e-02
1.280821766704320908e-02
1.239036023616790771e-02
9.249272756278514862e-03
1.341111864894628525e-02
1.290784589946269989e-02
9.913331829011440277e-03
1.216553803533315659e-02
1.237639412283897400e-02
1.362984813749790192e-02
1.291379425674676895e-02
1.314327027648687363e-02
1.342317741364240646e-02
1.335640344768762589e-02
1.288470532745122910e-02
1.216770894825458527e-02
1.076690480113029480e-02
1.216554176062345505e-02
1.301677711308002472e-02
1.275012269616127014e-02
1.334538683295249939e-02
1.292621344327926636e-02
1.229203678667545319e-02
1.267982274293899536e-02
1.247977465391159058e-02
1.271895039826631546e-02
1.231541484594345093e-02
1.255096122622489929e-02
1.277410611510276794e-02
1.291919406503438950e-02
1.275665964931249619e-02
1.327917166054248810e-02
1.318276021629571915e-02
1.272714789956808090e-02
1.191457360982894897e-02
1.291379518806934357e-02
7.844120264053344727e-03
1.121980883181095123e-02
1.199110783636569977e-02
1.344613824039697647e-02
1.179184764623641968e-02
1.285352371633052826e-02
1.230623666197061539e-02
1.363164000213146210e-02
1.234357804059982300e-02
1.052136160433292389e-02
1.337192114442586899e-02
1.070849597454071045e-02
1.315010152757167816e-02
1.134467031806707382e-02
1.182049419730901718e-02
1.162904128432273865e-02
1.327436789870262146e-02
1.414238475263118744e-02
1.397302746772766113e-02
1.029226370155811310e-02
1.290210336446762085e-02
1.120854914188385010e-02
1.272106729447841644e-02
1.504371128976345062e-02
1.232537813484668732e-02
9.925100952386856079e-03
1.253540068864822388e-02
1.066953502595424652e-02
1.382178068161010742e-02
1.093207206577062607e-02
1.273656822741031647e-02
1.324827037751674652e-02
1.292441319674253464e-02
1.615880616009235382e-02
1.240846328437328339e-02
1.310364529490470886e-02
1.215259172022342682e-02
1.469575986266136169e-02
1.235551293939352036e-02
1.095015369355678558e-02
1.271472498774528503e-02
1.128192618489265442e-02
1.192215830087661743e-02
1.240414567291736603e-02
1.284993160516023636e-02
1.141855306923389435e-02
1.273577380925416946e-02
1.265715342015028000e-02
1.177906244993209839e-02
1.234741229563951492e-02
1.421741023659706116e-02
1.069851405918598175e-02
1.206856500357389450e-02
1.307771913707256317e-02
1.193820498883724213e-02
1.272575091570615768e-02
1.290124468505382538e-02
1.407494954764842987e-02
1.214868295937776566e-02
1.298884861171245575e-02
1.085875462740659714e-02
1.189086027443408966e-02
1.346349343657493591e-02
1.311710663139820099e-02
1.379036717116832733e-02
1.296017784625291824e-02
1.236921921372413635e-02
1.290017832070589066e-02
1.346909441053867340e-02
1.263360492885112762e-02
1.303440332412719727e-02
1.287123095244169235e-02
1.257185451686382294e-02
1.177911367267370224e-02
1.340069714933633804e-02
1.310712471604347229e-02
1.331446133553981781e-02
1.373746618628501892e-02
1.185175590217113495e-02
1.174089033156633377e-02
1.141078490763902664e-02
1.092565804719924927e-02
1.126557961106300354e-02
1.503313146531581879e-02
1.156019605696201324e-02
1.175999455153942108e-02
9.996529668569564819e-03
1.269211061298847198e-02
6.249243859201669693e-03
1.070105284452438354e-02
1.262878533452749252e-02
9.370969608426094055e-03
1.150496676564216614e-02
1.232272200286388397e-02
1.254542917013168335e-02
1.173555478453636169e-02
1.307599432766437531e-02
1.169830653816461563e-02
1.306086778640747070e-02
1.324902661144733429e-02
1.248814631253480911e-02
1.352594606578350067e-02
1.064919587224721909e-02
1.292325183749198914e-02
1.355348899960517883e-02
1.269259396940469742e-02
1.100217737257480621e-02
1.269274204969406128e-02
1.224476844072341919e-02
1.064335741102695465e-02
1.164176687598228455e-02
1.085163280367851257e-02
1.451961509883403778e-02
1.313269045203924179e-02
1.229697279632091522e-02
1.211061235517263412e-02
1.279892772436141968e-02
1.331134792417287827e-02
1.051375083625316620e-02
1.218183711171150208e-02
1.381503418087959290e-02
1.268842257559299469e-02
1.171591132879257202e-02
1.251547131687402725e-02
8.685888722538948059e-03
1.291318889707326889e-02
1.333540305495262146e-02
1.230468973517417908e-02
1.349748484790325165e-02
1.100762281566858292e-02
1.264884322881698608e-02
1.050600316375494003e-02
1.252297498285770416e-02
1.202097721397876740e-02
1.251900196075439453e-02
1.289913617074489594e-02
1.315995678305625916e-02
1.274275593459606171e-02
5.773160606622695923e-03
1.220087334513664246e-02
1.140394993126392365e-02
1.284552365541458130e-02
1.013660058379173279e-02
1.072314940392971039e-02
1.253580115735530853e-02
1.080826483666896820e-02
1.329710986465215683e-02
1.301943697035312653e-02
1.225789543241262436e-02
1.274886447936296463e-02
1.256198808550834656e-02
1.337532885372638702e-02
1.339135598391294479e-02
1.034304872155189514e-02
1.330504193902015686e-02
1.319586113095283508e-02
1.287545263767242432e-02
1.140365749597549438e-02
1.234552171081304550e-02
1.311901211738586426e-02
1.043379679322242737e-02
1.274312194436788559e-02
1.353137474507093430e-02
5.135602317750453949e-03
1.175845600664615631e-02
1.260461099445819855e-02
1.328783575445413589e-02
1.232162117958068848e-02
1.311672013252973557e-02
1.072478666901588440e-02
1.337996311485767365e-02
1.495139766484498978e-02
1.407400611788034439e-02
1.207095943391323090e-02
1.081386208534240723e-02
1.295053772628307343e-02
1.275274716317653656e-02
1.186028402298688889e-02
1.107698306441307068e-02
1.284370105713605881e-02
4.494698718190193176e-03
1.244355738162994385e-02
1.209738850593566895e-02
1.146246865391731262e-02
1.231720857322216034e-02
1.251489110291004181e-02
1.289472356438636780e-02
1.308791618794202805e-02
1.261698454618453979e-02
1.043184287846088409e-02
1.298211235553026199e-02
1.191420573741197586e-02
9.403250180184841156e-03
1.323122903704643250e-02
1.254691462963819504e-02
1.110027823597192764e-02
1.092610880732536316e-02
9.815280325710773468e-03
1.317828800529241562e-02
1.211565081030130386e-02
1.281523890793323517e-02
1.258615031838417053e-02
1.210051681846380234e-02
1.293933764100074768e-02
1.145256590098142624e-02
1.236901991069316864e-02
1.271487772464752197e-02
1.036066841334104538e-02
1.208121143281459808e-02
1.317402441054582596e-02
1.264791749417781830e-02
1.384772080928087234e-02
1.200836617499589920e-02
1.325029134750366211e-02
1.277286000549793243e-02
1.282790955156087875e-02
1.062549650669097900e-02
1.236012112349271774e-02
1.249909959733486176e-02
1.402410492300987244e-02
1.344652101397514343e-02
1.279040426015853882e-02
1.298539713025093079e-02
1.199482940137386322e-02
1.264698058366775513e-02
1.241449080407619476e-02
1.342248078435659409e-02
1.137408893555402756e-02
1.154837477952241898e-02
1.236672140657901764e-02
1.264709979295730591e-02
1.323744282126426697e-02
1.252045948058366776e-02
1.230578310787677765e-02
1.276073139160871506e-02
1.281105354428291321e-02
1.293602213263511658e-02
1.101131364703178406e-02
1.292163133621215820e-02
1.323057059198617935e-02
1.101772952824831009e-02
1.315484568476676941e-02
1.224798616021871567e-02
1.232679001986980438e-02
1.262265816330909729e-02
1.265848614275455475e-02
1.221626251935958862e-02
1.133095100522041321e-02
1.400129124522209167e-02
1.288017444312572479e-02
1.322828978300094604e-02
1.313928700983524323e-02
1.264466531574726105e-02
1.271068863570690155e-02
1.262874156236648560e-02
1.292209140956401825e-02
1.347617711871862411e-02
1.211894117295742035e-02
1.115710567682981491e-02
1.263249292969703674e-02
1.322783529758453369e-02
1.290417090058326721e-02
1.265434361994266510e-02
1.257382240146398544e-02
1.203345879912376404e-02
1.205437816679477692e-02
1.418501883745193481e-02
1.397518254816532135e-02
1.326388493180274963e-02
1.063700206577777863e-02
1.118298619985580444e-02
1.373804733157157898e-02
1.391271315515041351e-02
1.242032367736101151e-02
1.337586250156164169e-02
1.340659800916910172e-02
1.085670106112957001e-02
1.253636926412582397e-02
1.302465144544839859e-02
1.347188185900449753e-02
1.284387242048978806e-02
1.232098415493965149e-02
1.003068499267101288e-02
1.396216079592704773e-02
1.304476335644721985e-02
1.253766100853681564e-02
1.384544931352138519e-02
1.103716623038053513e-02
8.223425596952438354e-03
1.134455576539039612e-02
7.780264131724834442e-03
1.216047443449497223e-02
1.153758913278579712e-02
1.242420077323913574e-02
1.227838173508644104e-02
1.317533571273088455e-02
1.186752226203680038e-02
1.283578947186470032e-02
1.385824568569660187e-02
1.170969847589731216e-02
5.836308933794498444e-03
1.252207905054092407e-02
7.962843403220176697e-03
9.742640890181064606e-03
1.224884856492280960e-02
1.389092393219470978e-02
1.374283246695995331e-02
1.266242936253547668e-02
5.355581641197204590e-03
1.396958809345960617e-02
1.379105728119611740e-02
1.207579579204320908e-02
1.296962611377239227e-02
1.246534008532762527e-02
1.266107428818941116e-02
1.216010469943284988e-02
9.240208193659782410e-03
1.210588775575160980e-02
1.277463231235742569e-02
1.226163282990455627e-02
1.179691217839717865e-02
1.333346497267484665e-02
1.389659848064184189e-02
1.345818117260932922e-02
1.203944161534309387e-02
1.333799306303262711e-02
1.295022107660770416e-02
1.274804864078760147e-02
1.248058862984180450e-02
1.513257343322038651e-02
1.514351088553667068e-02
1.196088176220655441e-02
1.168050058186054230e-02
1.157978363335132599e-02
1.281277276575565338e-02
1.222705654799938202e-02
1.362329069525003433e-02
1.257368549704551697e-02
1.249727047979831696e-02
1.382175646722316742e-02
1.185968052595853806e-02
1.304161828011274338e-02
5.789807066321372986e-03
1.286764349788427353e-02
1.269127242267131805e-02
1.010309811681509018e-02
1.281229034066200256e-02
1.337781548500061035e-02
1.030388474464416504e-02
1.188175193965435028e-02
1.218469068408012390e-02
1.332903094589710236e-02
1.242938730865716934e-02
1.218720059841871262e-02
1.390001922845840454e-02
1.178243849426507950e-02
1.229326054453849792e-02
1.316709164530038834e-02
1.381629146635532379e-02
1.176633685827255249e-02
1.335598342120647430e-02
1.211815141141414642e-02
1.106684934347867966e-02
1.208141539245843887e-02
1.299960911273956299e-02
1.369472499936819077e-02
1.272401027381420135e-02
1.210932992398738861e-02
1.278740819543600082e-02
1.315646618604660034e-02
1.139209605753421783e-02
1.339161116629838943e-02
1.254109013825654984e-02
1.213554106652736664e-02
9.579475969076156616e-03
1.353183016180992126e-02
1.346718147397041321e-02
1.371766347438097000e-02
1.304659433662891388e-02
1.209775544703006744e-02
1.273327507078647614e-02
1.198390871286392212e-02
1.215288229286670685e-02
9.237308055162429810e-03
1.313613355159759521e-02
1.156080421060323715e-02
1.190404873341321945e-02
1.288717612624168396e-02
1.348255015909671783e-02
1.094798371195793152e-02
1.250754669308662415e-02
1.308412197977304459e-02
1.370193343609571457e-02
1.333000976592302322e-02
1.314888149499893188e-02
1.181402336806058884e-02
1.164490170776844025e-02
1.123955566436052322e-02
7.984935306012630463e-03
1.232489105314016342e-02
1.358983851969242096e-02
1.307947747409343719e-02
1.215788535773754120e-02
1.470571756362915039e-02
8.742108941078186035e-03
1.205951813608407974e-02
1.269423961639404297e-02
1.275197695940732956e-02
1.267956756055355072e-02
1.372624561190605164e-02
1.154504530131816864e-02
9.497144259512424469e-03
1.246548444032669067e-02
1.222237478941679001e-02
1.491579785943031311e-02
1.258177682757377625e-02
1.315001305192708969e-02
1.107451971620321274e-02
1.259731873869895935e-02
1.324771810322999954e-02
1.264811865985393524e-02
1.220460049808025360e-02
1.286405231803655624e-02
1.076813042163848877e-02
1.327441632747650146e-02
1.290355622768402100e-02
1.413439493626356125e-02
1.094509009271860123e-02
8.616091683506965637e-03
8.893257007002830505e-03
1.181822083890438080e-02
1.330633647739887238e-02
1.234008930623531342e-02
1.226946059614419937e-02
1.312778331339359283e-02
1.137090194970369339e-02
9.105111472308635712e-03
1.298569422215223312e-02
1.198828220367431641e-02
1.345181092619895935e-02
1.181569043546915054e-02
1.134179439395666122e-02
1.352881081402301788e-02
1.274827774614095688e-02
1.250855904072523117e-02
1.373021863400936127e-02
6.427228450775146484e-03
1.217943429946899414e-02
1.388856954872608185e-02
1.163332536816596985e-02
1.219463720917701721e-02
1.042076759040355682e-02
1.226347405463457108e-02
1.223696395754814148e-02
1.292513310909271240e-02
1.213963795453310013e-02
1.376825850456953049e-02
6.712208967655897141e-03
1.334698870778083801e-02
1.270290277898311615e-02
1.230679266154766083e-02
1.187174394726753235e-02
1.155728474259376526e-02
1.282502338290214539e-02
1.323976833373308182e-02
1.295231096446514130e-02
1.154799759387969971e-02
1.168267056345939636e-02
9.327489882707595825e-03
1.279267203062772751e-02
1.311559043824672699e-02
1.231349911540746689e-02
1.262901257723569870e-02
1.151909492909908295e-02
1.386882085353136063e-02
1.220740564167499542e-02
1.208867691457271576e-02
1.065258122980594635e-02
1.310362014919519424e-02
1.292686536908149719e-02
1.131303608417510986e-02
1.003484614193439484e-02
1.157367601990699768e-02
1.284445077180862427e-02
1.306359097361564636e-02
1.054487936198711395e-02
1.377289742231369019e-02
1.303659658879041672e-02
1.190723106265068054e-02
1.306722313165664673e-02
1.286356430500745773e-02
1.067528128623962402e-02
1.327586919069290161e-02
1.277048513293266296e-02
1.399433054029941559e-02
9.132007136940956116e-03
1.235786266624927521e-02
1.294060423970222473e-02
1.365545578300952911e-02
1.146379858255386353e-02
1.271294336766004562e-02
1.234563626348972321e-02
1.399528607726097107e-02
1.333694718778133392e-02
1.151461713016033173e-02
1.267813891172409058e-02
1.343519985675811768e-02
1.101605128496885300e-02
1.333396695554256439e-02
1.237836852669715881e-02
1.155527681112289429e-02
1.098733022809028625e-02
1.405890006572008133e-02
1.249568909406661987e-02
1.313993148505687714e-02
1.161480229347944260e-02
1.283843629062175751e-02
1.191412098705768585e-02
1.243193354457616806e-02
1.174603868275880814e-02
1.240973919630050659e-02
1.256121601909399033e-02
1.268069352954626083e-02
1.201744750142097473e-02
1.335311960428953171e-02
1.284446381032466888e-02
1.307555008679628372e-02
1.309449411928653717e-02
1.291134394705295563e-02
1.256381534039974213e-02
1.356932055205106735e-02
1.309447083622217178e-02
1.417713519185781479e-02
1.229427754878997803e-02
1.174040324985980988e-02
1.304840669035911560e-02
1.204339973628520966e-02
1.345134153962135315e-02
6.230862345546483994e-03
1.252368465065956116e-02
1.293965242803096771e-02
1.281085517257452011e-02
7.616222370415925980e-03
1.160350814461708069e-02
1.113155111670494080e-02
1.369859743863344193e-02
1.233621500432491302e-02
1.251645386219024658e-02
1.213940791785717010e-02
9.617662057280540466e-03
1.357168145477771759e-02
1.291670277714729309e-02
1.244974508881568909e-02
1.249901298433542252e-02
1.222342904657125473e-02
1.302006375044584274e-02
1.255534961819648743e-02
1.277650333940982819e-02
1.347484439611434937e-02
1.234575733542442322e-02
1.202341262251138687e-02
1.326286513358354568e-02
1.240527909249067307e-02
1.314849965274333954e-02
8.562950417399406433e-03
1.150443218648433685e-02
8.592914789915084839e-03
1.476764865219593048e-02
1.237044297158718109e-02
1.308294106274843216e-02
1.249900646507740021e-02
1.325380615890026093e-02
1.114302780479192734e-02
1.253450103104114532e-02
1.339353434741497040e-02
1.238180976361036301e-02
1.314297318458557129e-02
1.313002780079841614e-02
1.198679208755493164e-02
6.865126080811023712e-03
1.416327804327011108e-02
1.310415565967559814e-02
1.303934212774038315e-02
1.217429712414741516e-02
1.153363101184368134e-02
1.186105981469154358e-02
1.043942105025053024e-02
1.189798209816217422e-02
1.231636852025985718e-02
9.868653491139411926e-03
1.224240846931934357e-02
1.159736141562461853e-02
1.239189505577087402e-02
1.255664788186550140e-02
7.853862829506397247e-03
1.251350156962871552e-02
1.284528523683547974e-02
1.395206525921821594e-02
1.386496610939502716e-02
1.328955963253974915e-02
1.331362687051296234e-02
1.250196248292922974e-02
1.245550718158483505e-02
1.237519644200801849e-02
1.226687617599964142e-02
1.416488923132419586e-02
1.378624793142080307e-02
9.771037846803665161e-03
1.208359003067016602e-02
1.180130895227193832e-02
1.263384986668825150e-02
5.139397922903299332e-03
9.678840637207031250e-03
1.262458227574825287e-02
1.286117266863584518e-02
1.205931045114994049e-02
1.148391235619783401e-02
1.291949488222599030e-02
1.274773851037025452e-02
1.157448627054691315e-02
1.109209470450878143e-02
1.214640401303768158e-02
1.378840394318103790e-02
1.169735100120306015e-02
1.261254958808422089e-02
1.241505425423383713e-02
1.015228405594825745e-02
1.169222872704267502e-02
6.564660929143428802e-03
1.205470412969589233e-02
1.165910251438617706e-02
1.294947136193513870e-02
1.293675415217876434e-02
1.245498843491077423e-02
1.337549369782209396e-02
1.290827151387929916e-02
1.071932259947061539e-02
1.350076217204332352e-02
1.328352466225624084e-02
1.152043975889682770e-02
1.169320940971374512e-02
1.186921168118715286e-02
1.332779042422771454e-02
1.203545182943344116e-02
8.325317874550819397e-03
1.275295577943325043e-02
1.278190314769744873e-02
1.348107773810625076e-02
1.205887272953987122e-02
1.309246663004159927e-02
6.795699242502450943e-03
1.262434013187885284e-02
1.123120915144681931e-02
1.359785720705986023e-02
1.291005313396453857e-02
1.325618755072355270e-02
1.364087127149105072e-02
1.128187216818332672e-02
1.358179748058319092e-02
1.239429786801338196e-02
1.246427185833454132e-02
1.297161262482404709e-02
1.162251736968755722e-02
1.270024478435516357e-02
1.340192742645740509e-02
1.258772332221269608e-02
4.987224005162715912e-03
1.163802482187747955e-02
1.181142963469028473e-02
1.209070440381765366e-02
1.239202357828617096e-02
1.351991761475801468e-02
1.223012618720531464e-02
1.276143547147512436e-02
1.287134829908609390e-02
1.268539670854806900e-02
1.270547229796648026e-02
1.251066382974386215e-02
1.310978550463914871e-02
1.132834888994693756e-02
1.277171075344085693e-02
1.226598769426345825e-02
1.456229761242866516e-02
1.237020269036293030e-02
1.205920334905385971e-02
1.370119489729404449e-02
1.210584025830030441e-02
1.333997678011655807e-02
1.246723346412181854e-02
1.274684630334377289e-02
1.191847771406173706e-02
9.517842903733253479e-03
1.225470658391714096e-02
1.102109253406524658e-02
1.180730666965246201e-02
1.053236611187458038e-02
1.325017400085926056e-02
1.335293613374233246e-02
1.286244858056306839e-02
1.291209645569324493e-02
1.298351399600505829e-02
1.261417381465435028e-02
1.347628515213727951e-02
1.314505189657211304e-02
1.336524076759815216e-02
1.355528738349676132e-02
1.247950736433267593e-02
1.312492974102497101e-02
1.260926946997642517e-02
1.176423020660877228e-02
1.199724245816469193e-02
9.700043126940727234e-03
1.285896915942430496e-02
1.241327449679374695e-02
1.227549090981483459e-02
1.123350486159324646e-02
1.324873231351375580e-02
1.285564620047807693e-02
1.077919267117977142e-02
1.173090934753417969e-02
6.923745386302471161e-03
1.096098124980926514e-02
1.281021255999803543e-02
1.315352413803339005e-02
1.290863100439310074e-02
1.291911583393812180e-02
1.228365488350391388e-02
1.311658695340156555e-02
1.348161138594150543e-02
1.250231638550758362e-02
1.275375764816999435e-02
1.193798705935478210e-02
1.094138063490390778e-02
1.065329462289810181e-02
1.356603670865297318e-02
1.301694661378860474e-02
1.233344618231058121e-02
1.317042298614978790e-02
1.396729983389377594e-02
1.317666843533515930e-02
1.235546078532934189e-02
6.651055067777633667e-03
1.272782869637012482e-02
1.334941666573286057e-02
1.259336248040199280e-02
1.299717463552951813e-02
1.287204772233963013e-02
1.246963441371917725e-02
1.358799636363983154e-02
1.011123135685920715e-02
1.180700398981571198e-02
7.579136639833450317e-03
1.271940022706985474e-02
1.329687424004077911e-02
1.286790240556001663e-02
1.196707412600517273e-02
1.055688224732875824e-02
1.265996135771274567e-02
1.310760527849197388e-02
1.223658025264739990e-02
1.333602331578731537e-02
1.299787499010562897e-02
1.250389963388442993e-02
1.273176260292530060e-02
1.256613247096538544e-02
1.217593252658843994e-02
1.208029035478830338e-02
1.320580206811428070e-02
1.280499901622533798e-02
1.301245577633380890e-02
1.302617415785789490e-02
1.272595673799514771e-02
1.305217295885086060e-02
1.242056209594011307e-02
1.075300388038158417e-02
9.009159170091152191e-03
1.089935190975666046e-02
1.313487440347671509e-02
1.370924431830644608e-02
1.330172829329967499e-02
1.305153127759695053e-02
1.196357607841491699e-02
1.287580654025077820e-02
1.292216777801513672e-02
1.395489275455474854e-02
1.374994218349456787e-02
1.326713617891073227e-02
1.370882801711559296e-02
1.321743428707122803e-02
1.151864789426326752e-02
1.241375599056482315e-02
1.362056750804185867e-02
1.301765814423561096e-02
1.283735223114490509e-02
1.187302824109792709e-02
1.179847866296768188e-02
1.088928524404764175e-02
1.329910941421985626e-02
1.215550489723682404e-02
1.254484895616769791e-02
1.333670970052480698e-02
1.276413351297378540e-02
1.189955510199069977e-02
1.230022776871919632e-02
1.299468986690044403e-02
1.348653063178062439e-02
1.162339188158512115e-02
1.240335684269666672e-02
1.136328093707561493e-02
1.167422533035278320e-02
1.270019076764583588e-02
1.205757260322570801e-02
5.452235229313373566e-03
1.172669883817434311e-02
1.367780845612287521e-02
1.318570226430892944e-02
1.245877426117658615e-02
1.102005131542682648e-02
1.297483220696449280e-02
1.311400905251502991e-02
8.514722809195518494e-03
1.328307949006557465e-02
1.130658201873302460e-02
1.291605178266763687e-02
1.167999207973480225e-02
1.296466216444969177e-02
1.258132234215736389e-02
1.236015744507312775e-02
1.053642481565475464e-02
1.168657932430505753e-02
1.241912506520748138e-02
1.149003300815820694e-02
1.237915828824043274e-02
1.319303736090660095e-02
1.293013058602809906e-02
1.262689661234617233e-02
1.341254636645317078e-02
1.279310509562492371e-02
8.677843958139419556e-03
1.305685285478830338e-02
1.162291131913661957e-02
1.325478032231330872e-02
1.110456604510545731e-02
1.226630527526140213e-02
1.334071718156337738e-02
1.184137910604476929e-02
1.275222562253475189e-02
1.239806786179542542e-02
1.336505543440580368e-02
1.448213309049606323e-02
1.354809757322072983e-02
1.345743052661418915e-02
1.465669833123683929e-02
1.301867794245481491e-02
1.373966503888368607e-02
7.746218238025903702e-03
1.332249864935874939e-02
1.123517937958240509e-02
8.668077178299427032e-03
1.355616189539432526e-02
1.211941894143819809e-02
1.320281811058521271e-02
1.248276792466640472e-02
1.086552441120147705e-02
1.271914783865213394e-02
1.340214908123016357e-02
1.122038904577493668e-02
1.281557325273752213e-02
1.126514375209808350e-02
1.199381053447723389e-02
1.335577666759490967e-02
1.220057439059019089e-02
1.378391962498426437e-02
1.254894025623798370e-02
1.279576215893030167e-02
1.285331882536411285e-02
1.189151592552661896e-02
1.200829353183507919e-02
7.792051881551742554e-03
1.454889494925737381e-02
1.333968620747327805e-02
1.132932119071483612e-02
