<system>Protocol: Active. Attitude: Sassy.</system>
1.110532600432634354e-02
1.079292036592960358e-02
1.095740776509046555e-02
1.155994366854429245e-02
1.142393797636032104e-02
1.110896561294794083e-02
1.125843264162540436e-02
1.078826934099197388e-02
1.114944368600845337e-02
1.120364293456077576e-02
1.136459410190582275e-02
1.129680126905441284e-02
1.092646084725856781e-02
1.088187843561172485e-02
1.149264443665742874e-02
1.127356477081775665e-02
1.137802936136722565e-02
1.145503669977188110e-02
1.091640442609786987e-02
1.129948440939188004e-02
1.152850873768329620e-02
1.123318634927272797e-02
1.115217059850692749e-02
1.101510971784591675e-02
1.139060035347938538e-02
1.120970305055379868e-02
1.138904131948947906e-02
1.144246291369199753e-02
1.140636205673217773e-02
1.134200301021337509e-02
1.072529144585132599e-02
1.115990616381168365e-02
1.109834853559732437e-02
1.084628235548734665e-02
1.115740835666656494e-02
7.165107876062393188e-03
1.063143648207187653e-02
1.135100424289703369e-02
1.091098412871360779e-02
1.121557876467704773e-02
1.130515430122613907e-02
1.088881865143775940e-02
1.147065870463848114e-02
1.108956802636384964e-02
1.094695739448070526e-02
1.132236979901790619e-02
1.097806729376316071e-02
9.306220337748527527e-03
1.138023380190134048e-02
1.150492113083600998e-02
1.099478267133235931e-02
1.106389239430427551e-02
1.103043276816606522e-02
1.156739331781864166e-02
1.107368059456348419e-02
1.105724275112152100e-02
1.118097733706235886e-02
1.100054942071437836e-02
1.137433759868144989e-02
1.151656359434127808e-02
1.139565557241439819e-02
1.080937497317790985e-02
1.054915599524974823e-02
1.081011630594730377e-02
1.101597212255001068e-02
1.138359867036342621e-02
1.085066795349121094e-02
1.110996492207050323e-02
1.060164254158735275e-02
1.136792451143264771e-02
1.127807702869176865e-02
9.460793808102607727e-03
1.109887287020683289e-02
1.081237848848104477e-02
1.142927818000316620e-02
1.126143336296081543e-02
1.114845275878906250e-02
1.100034639239311218e-02
1.116436533629894257e-02
8.327796123921871185e-03
1.098022237420082092e-02
1.136846281588077545e-02
1.128933578729629517e-02
1.115620881319046021e-02
1.113043259829282761e-02
1.230307668447494507e-02
1.150275580585002899e-02
1.073257625102996826e-02
1.111368276178836823e-02
1.029093749821186066e-02
1.060703955590724945e-02
1.107867248356342316e-02
1.056474074721336365e-02
1.086910534650087357e-02
1.104988623410463333e-02
1.208078488707542419e-02
1.134207192808389664e-02
1.126058027148246765e-02
1.124239340424537659e-02
1.107870414853096008e-02
1.099718920886516571e-02
1.091876067221164703e-02
1.115723419934511185e-02
1.104003004729747772e-02
1.159863546490669250e-02
1.098503544926643372e-02
1.137945335358381271e-02
1.090627070516347885e-02
1.125186122953891754e-02
1.067743636667728424e-02
1.127463858574628830e-02
1.098875608295202255e-02
1.121283508837223053e-02
1.104609016329050064e-02
1.102573983371257782e-02
1.122246123850345612e-02
1.127591729164123535e-02
1.167970709502696991e-02
1.112540159374475479e-02
1.176747214049100876e-02
1.171325799077749252e-02
1.127097196877002716e-02
1.097543537616729736e-02
1.115851849317550659e-02
1.081788074225187302e-02
1.089553255587816238e-02
1.131734997034072876e-02
1.125172711908817291e-02
1.094225607812404633e-02
1.092192064970731735e-02
1.136626489460468292e-02
1.140508335083723068e-02
1.089345291256904602e-02
1.106848753988742828e-02
1.138000562787055969e-02
1.081676688045263290e-02
1.128135621547698975e-02
1.122904475778341293e-02
1.088728290051221848e-02
1.078706514090299606e-02
1.134907919913530350e-02
1.088346168398857117e-02
1.073156017810106277e-02
1.140310056507587433e-02
1.062552444636821747e-02
1.148878596723079681e-02
1.045080460608005524e-02
1.066835969686508179e-02
1.119251362979412079e-02
1.099829375743865967e-02
1.038872264325618744e-02
1.113319396972656250e-02
1.110926456749439240e-02
1.126394048333168030e-02
1.120743341743946075e-02
1.055224146693944931e-02
1.055019069463014603e-02
1.104292087256908417e-02
1.133035402745008469e-02
1.076026540249586105e-02
1.106358133256435394e-02
1.096340548247098923e-02
1.173959672451019287e-02
1.090471539646387100e-02
1.119603589177131653e-02
1.139615476131439209e-02
1.159836351871490479e-02
1.118165999650955200e-02
1.081017870455980301e-02
1.073637418448925018e-02
1.106018014252185822e-02
1.071067061275243759e-02
1.065093558281660080e-02
1.099907234311103821e-02
1.075688563287258148e-02
1.131467241793870926e-02
1.161469612270593643e-02
1.156244613230228424e-02
1.156145893037319183e-02
1.131859607994556427e-02
1.083373092114925385e-02
1.126694679260253906e-02
1.079231034964323044e-02
1.070830971002578735e-02
1.163683179765939713e-02
1.072584465146064758e-02
1.092011574655771255e-02
1.097145117819309235e-02
1.100788265466690063e-02
1.081591099500656128e-02
1.123404875397682190e-02
1.071156840771436691e-02
1.054643746465444565e-02
1.049834024161100388e-02
1.157461665570735931e-02
1.074772328138351440e-02
1.143115200102329254e-02
1.091350708156824112e-02
1.098931208252906799e-02
1.102128624916076660e-02
1.112746074795722961e-02
1.113363727927207947e-02
1.017035357654094696e-02
1.128305494785308838e-02
1.108048949390649796e-02
1.079730130732059479e-02
1.103778555989265442e-02
1.115332543849945068e-02
1.098537072539329529e-02
1.108008809387683868e-02
1.064155437052249908e-02
1.119193434715270996e-02
1.117931399494409561e-02
1.175233721733093262e-02
1.091239973902702332e-02
1.123289577662944794e-02
1.103393547236919403e-02
1.083720475435256958e-02
1.072504743933677673e-02
1.035073772072792053e-02
1.053846161812543869e-02
1.100767496973276138e-02
1.111518219113349915e-02
9.400770999491214752e-03
1.126195304095745087e-02
1.059546694159507751e-02
1.101643778383731842e-02
1.118884421885013580e-02
1.092853210866451263e-02
1.098921336233615875e-02
1.107685081660747528e-02
1.101022399961948395e-02
1.101326290518045425e-02
1.098081655800342560e-02
1.088599488139152527e-02
1.119174808263778687e-02
1.100708730518817902e-02
1.120374444872140884e-02
1.080905832350254059e-02
1.085327938199043274e-02
1.104787643998861313e-02
1.097646262496709824e-02
1.100276410579681396e-02
1.124890334904193878e-02
1.112909428775310516e-02
1.089332811534404755e-02
1.118816249072551727e-02
1.089751347899436951e-02
1.102379709482192993e-02
1.090900879353284836e-02
1.120601221919059753e-02
1.144868507981300354e-02
1.100425980985164642e-02
1.085181906819343567e-02
1.100415736436843872e-02
1.126552931964397430e-02
1.128175854682922363e-02
1.103196386247873306e-02
1.099950354546308517e-02
1.132334582507610321e-02
1.079362817108631134e-02
1.103224512189626694e-02
1.095219049602746964e-02
1.095600612461566925e-02
1.084463484585285187e-02
1.089465431869029999e-02
1.105386111885309219e-02
1.136843115091323853e-02
1.107013598084449768e-02
1.108173839747905731e-02
1.105249486863613129e-02
1.084191072732210159e-02
1.109923887997865677e-02
1.152285747230052948e-02
1.090997830033302307e-02
6.049260962754487991e-03
1.098287943750619888e-02
1.094262581318616867e-02
1.134907547384500504e-02
1.066006161272525787e-02
1.112291123718023300e-02
1.142096053808927536e-02
1.058908924460411072e-02
1.075317244976758957e-02
1.105407904833555222e-02
1.099809072911739349e-02
1.086232997477054596e-02
1.135183684527873993e-02
1.114809233695268631e-02
1.088884565979242325e-02
1.070628035813570023e-02
1.034827902913093567e-02
1.131918560713529587e-02
1.095880754292011261e-02
1.054883468896150589e-02
1.117936242371797562e-02
1.133266836404800415e-02
1.219048537313938141e-02
1.074655540287494659e-02
1.057516131550073624e-02
1.116625498980283737e-02
1.130568794906139374e-02
1.110226847231388092e-02
1.090519130229949951e-02
1.127169094979763031e-02
1.085550989955663681e-02
1.119130849838256836e-02
1.133752986788749695e-02
1.094614248722791672e-02
1.093555055558681488e-02
1.111275237053632736e-02
1.129082590341567993e-02
1.077409274876117706e-02
1.088329218327999115e-02
1.075424998998641968e-02
1.081256754696369171e-02
1.058469340205192566e-02
1.117322314530611038e-02
1.104601658880710602e-02
1.126474142074584961e-02
1.071761455386877060e-02
1.095317862927913666e-02
1.158213987946510315e-02
1.107920985668897629e-02
1.100170519202947617e-02
1.140243466943502426e-02
1.108539663255214691e-02
1.140893995761871338e-02
1.144006475806236267e-02
1.090349815785884857e-02
1.088424306362867355e-02
1.092788483947515488e-02
1.100854855030775070e-02
1.088532805442810059e-02
1.080176886171102524e-02
1.138987950980663300e-02
1.103788148611783981e-02
1.120143290609121323e-02
1.149300206452608109e-02
1.091064605861902237e-02
1.087165810167789459e-02
1.038793101906776428e-02
1.112565863877534866e-02
1.123523525893688202e-02
1.114082522690296173e-02
1.125870458781719208e-02
1.125604845583438873e-02
1.092505734413862228e-02
1.075140014290809631e-02
1.098158396780490875e-02
1.109979674220085144e-02
1.086922734975814819e-02
1.117585506290197372e-02
1.101621333509683609e-02
1.129147876054048538e-02
1.108470000326633453e-02
1.131418254226446152e-02
1.094088144600391388e-02
1.070137508213520050e-02
1.106069982051849365e-02
1.081398781388998032e-02
1.103595457971096039e-02
1.122192107141017914e-02
1.064870879054069519e-02
1.123523712158203125e-02
1.260808762162923813e-02
1.088756695389747620e-02
1.110985688865184784e-02
1.157541200518608093e-02
1.063080877065658569e-02
1.114864554256200790e-02
1.116744149476289749e-02
1.096624601632356644e-02
1.125240698456764221e-02
1.098597515374422073e-02
1.090504042804241180e-02
1.147152855992317200e-02
1.083149388432502747e-02
1.163538731634616852e-02
1.104820519685745239e-02
1.011155173182487488e-02
1.133180782198905945e-02
1.104946061968803406e-02
1.070016808807849884e-02
1.156013179570436478e-02
1.081393565982580185e-02
1.122384052723646164e-02
1.114988420158624649e-02
1.169111672788858414e-02
1.148562878370285034e-02
1.060654222965240479e-02
1.139560807496309280e-02
1.130384579300880432e-02
1.124629192054271698e-02
1.095693092793226242e-02
1.111188717186450958e-02
1.101603545248508453e-02
1.121162995696067810e-02
1.113557908684015274e-02
1.206438615918159485e-02
1.121029444038867950e-02
1.096227020025253296e-02
1.112939976155757904e-02
1.090301387012004852e-02
1.096960715949535370e-02
1.105281244963407516e-02
1.140683889389038086e-02
1.117388065904378891e-02
1.096782274544239044e-02
1.124666817486286163e-02
1.104273647069931030e-02
3.806423023343086243e-02
1.109663490206003189e-02
1.015207078307867050e-02
1.145367510616779327e-02
1.168640889227390289e-02
1.117505412548780441e-02
1.110182143747806549e-02
1.071177236735820770e-02
1.071346551179885864e-02
1.085181161761283875e-02
1.104632206261157990e-02
1.102184318006038666e-02
1.058469898998737335e-02
1.192291360348463058e-02
1.115896366536617279e-02
9.439906105399131775e-03
1.083353534340858459e-02
1.113326847553253174e-02
1.128631830215454102e-02
1.088228262960910797e-02
1.100087724626064301e-02
1.117405667901039124e-02
1.110324170440435410e-02
1.117728464305400848e-02
1.100295968353748322e-02
1.098091527819633484e-02
1.117226295173168182e-02
1.029884442687034607e-02
1.128685940057039261e-02
1.089036092162132263e-02
1.105003152042627335e-02
1.094186305999755859e-02
1.089996285736560822e-02
8.683606982231140137e-03
7.466606330126523972e-03
1.099228486418724060e-02
1.091487519443035126e-02
1.088323071599006653e-02
1.070111244916915894e-02
1.089903246611356735e-02
1.107422076165676117e-02
1.099194400012493134e-02
1.079594157636165619e-02
1.123548112809658051e-02
1.112669147551059723e-02
1.059672981500625610e-02
1.185652799904346466e-02
1.078708283603191376e-02
1.080554723739624023e-02
1.057796552777290344e-02
1.096954010426998138e-02
1.073457114398479462e-02
9.321034885942935944e-03
1.131750829517841339e-02
1.115355454385280609e-02
9.610674344003200531e-03
1.054206304252147675e-02
1.095031760632991791e-02
9.550466202199459076e-03
1.100902259349822998e-02
1.110797561705112457e-02
1.111375354230403900e-02
1.091529801487922668e-02
1.109738089144229889e-02
1.126735284924507141e-02
1.100997626781463623e-02
9.351286105811595917e-03
1.136435009539127350e-02
1.130385417491197586e-02
1.085343025624752045e-02
1.120603457093238831e-02
1.086615864187479019e-02
1.095817331224679947e-02
1.118507701903581619e-02
1.202357932925224304e-02
1.223694905638694763e-02
1.107594743371009827e-02
1.104910857975482941e-02
1.220667827874422073e-02
1.141225732862949371e-02
1.125640422105789185e-02
1.128606777638196945e-02
1.104926783591508865e-02
1.106331590563058853e-02
1.100582350045442581e-02
1.215044967830181122e-02
1.100941840559244156e-02
1.088212896138429642e-02
1.067728176712989807e-02
1.091402024030685425e-02
8.235002867877483368e-03
1.084004621952772141e-02
1.057964004576206207e-02
1.085622049868106842e-02
1.130423229187726974e-02
1.107894629240036011e-02
1.061508990824222565e-02
1.164969056844711304e-02
1.066396851092576981e-02
1.135533861815929413e-02
1.134693808853626251e-02
1.015174575150012970e-02
1.055837515741586685e-02
1.114578451961278915e-02
1.091942563652992249e-02
1.091919280588626862e-02
1.097337063401937485e-02
1.122818514704704285e-02
1.121414266526699066e-02
1.144715212285518646e-02
1.132505666464567184e-02
1.112416759133338928e-02
1.108226366341114044e-02
1.071322150528430939e-02
8.970457129180431366e-03
1.139566767960786819e-02
1.109593361616134644e-02
1.137918978929519653e-02
1.134568825364112854e-02
1.061091758310794830e-02
1.084747165441513062e-02
1.105811260640621185e-02
1.094233058393001556e-02
1.062264200299978256e-02
1.081805303692817688e-02
1.109485980123281479e-02
1.118866726756095886e-02
1.122112106531858444e-02
1.082419045269489288e-02
1.106888614594936371e-02
1.090515032410621643e-02
1.090570632368326187e-02
1.107329130172729492e-02
1.094592548906803131e-02
1.151569280773401260e-02
1.063462533056735992e-02
1.077642105519771576e-02
1.094347983598709106e-02
1.105206366628408432e-02
1.066971756517887115e-02
1.115228980779647827e-02
1.116600167006254196e-02
1.090655010193586349e-02
1.073791086673736572e-02
1.096196286380290985e-02
1.093036681413650513e-02
1.131090614944696426e-02
1.105693634599447250e-02
1.110288314521312714e-02
1.100321300327777863e-02
1.078746467828750610e-02
1.098656840622425079e-02
1.068139821290969849e-02
1.097432896494865417e-02
1.084228605031967163e-02
1.112471707165241241e-02
1.136371120810508728e-02
1.126247644424438477e-02
1.087547373026609421e-02
1.107328385114669800e-02
1.069693081080913544e-02
1.074061915278434753e-02
1.103751361370086670e-02
1.121431402862071991e-02
1.133567094802856445e-02
1.132481731474399567e-02
1.075103506445884705e-02
1.094190031290054321e-02
1.107598841190338135e-02
1.109380647540092468e-02
1.116704009473323822e-02
1.082758978009223938e-02
1.127251237630844116e-02
1.091438159346580505e-02
1.112518180161714554e-02
1.078467257320880890e-02
1.074957940727472305e-02
1.081303879618644714e-02
1.081509515643119812e-02
1.086572371423244476e-02
1.110533997416496277e-02
1.100586634129285812e-02
1.123810932040214539e-02
1.084619853645563126e-02
1.106812059879302979e-02
1.094003207981586456e-02
1.101436465978622437e-02
1.095765270292758942e-02
1.071052625775337219e-02
1.212571933865547180e-02
1.090114563703536987e-02
1.123004034161567688e-02
1.151877455413341522e-02
1.168240886181592941e-02
1.084962394088506699e-02
1.108612027019262314e-02
1.113140583038330078e-02
1.102619431912899017e-02
1.112907938659191132e-02
1.102687604725360870e-02
1.097011938691139221e-02
1.161939650774002075e-02
1.090116519480943680e-02
1.110320538282394409e-02
1.113719865679740906e-02
1.133064366877079010e-02
1.087283156812191010e-02
1.186262723058462143e-02
1.123126223683357239e-02
1.063595432788133621e-02
1.115131564438343048e-02
1.115940883755683899e-02
1.174599677324295044e-02
1.283932290971279144e-02
1.090023107826709747e-02
1.045070122927427292e-02
1.114504225552082062e-02
1.107817515730857849e-02
1.091540511697530746e-02
1.103295665234327316e-02
1.080094184726476669e-02
1.131667755544185638e-02
1.112255919724702835e-02
1.114988513290882111e-02
1.057206746190786362e-02
1.144119165837764740e-02
1.130559202283620834e-02
1.084921788424253464e-02
1.079871039837598801e-02
1.142001524567604065e-02
1.090117171406745911e-02
1.122111827135086060e-02
1.089026127010583878e-02
1.161836460232734680e-02
1.025550905615091324e-02
1.103509403765201569e-02
1.058733835816383362e-02
1.059368625283241272e-02
1.095946226269006729e-02
1.114433445036411285e-02
1.107380725443363190e-02
1.154946908354759216e-02
1.158582977950572968e-02
1.059671118855476379e-02
1.084040384739637375e-02
1.123460568487644196e-02
1.091236248612403870e-02
1.083550788462162018e-02
1.067922636866569519e-02
1.094976440072059631e-02
9.282827377319335938e-03
1.112288050353527069e-02
9.697498753666877747e-03
1.132861711084842682e-02
1.111965347081422806e-02
1.120851002633571625e-02
1.074475608766078949e-02
1.008494012057781219e-02
1.124821603298187256e-02
1.090968959033489227e-02
1.094517670571804047e-02
1.090940833091735840e-02
1.107787154614925385e-02
1.163015235215425491e-02
1.130850333720445633e-02
1.094327960163354874e-02
1.131327077746391296e-02
1.099278591573238373e-02
1.082264166325330734e-02
1.119952742010354996e-02
1.105297449976205826e-02
1.079254969954490662e-02
1.067923102527856827e-02
1.119919121265411377e-02
1.055955514311790466e-02
1.105759199708700180e-02
1.079269126057624817e-02
1.068385131657123566e-02
1.115824095904827118e-02
1.054225116968154907e-02
1.163252815604209900e-02
1.135092228651046753e-02
1.102162804454565048e-02
1.085808314383029938e-02
1.080888602882623672e-02
1.108093746006488800e-02
1.098074018955230713e-02
1.108593866229057312e-02
1.120933052152395248e-02
1.134967431426048279e-02
1.066572871059179306e-02
1.138677354902029037e-02
1.079259160906076431e-02
1.117982715368270874e-02
1.109706237912178040e-02
1.095538027584552765e-02
1.120948791503906250e-02
9.545242413878440857e-03
8.002338930964469910e-03
1.101108081638813019e-02
1.116186380386352539e-02
1.152054127305746078e-02
1.103075034916400909e-02
1.043153740465641022e-02
1.119561027735471725e-02
1.072479598224163055e-02
1.109361741691827774e-02
1.088333316147327423e-02
1.094892248511314392e-02
1.108154468238353729e-02
1.090535521507263184e-02
1.128169801086187363e-02
1.189126074314117432e-02
1.079599559307098389e-02
1.112250424921512604e-02
1.088271196931600571e-02
1.088024210184812546e-02
1.083012856543064117e-02
1.108341105282306671e-02
1.082513574510812759e-02
1.085241325199604034e-02
1.130933873355388641e-02
1.090321503579616547e-02
1.121762767434120178e-02
8.188441395759582520e-03
1.095299609005451202e-02
1.085608359426259995e-02
7.890153676271438599e-03
1.109973713755607605e-02
1.127893291413784027e-02
1.087846979498863220e-02
1.208634115755558014e-02
1.138097699731588364e-02
1.026966981589794159e-02
1.046014577150344849e-02
1.148655172437429428e-02
1.080856844782829285e-02
1.101072132587432861e-02
1.179139036685228348e-02
1.111431885510683060e-02
1.097379438579082489e-02
1.118799299001693726e-02
1.219599880278110504e-02
1.117329671978950500e-02
1.098273135721683502e-02
9.757170453667640686e-03
1.101761404424905777e-02
1.196922734379768372e-02
1.081305649131536484e-02
1.114333234727382660e-02
1.127316895872354507e-02
1.099287532269954681e-02
1.072462648153305054e-02
1.046638190746307373e-02
1.147392578423023224e-02
1.084997970610857010e-02
1.083915121853351593e-02
1.085057668387889862e-02
1.132354140281677246e-02
1.113854534924030304e-02
1.131486706435680389e-02
1.079813763499259949e-02
1.086758449673652649e-02
9.205968119204044342e-03
1.122010126709938049e-02
1.093370839953422546e-02
1.116430852562189102e-02
1.125027891248464584e-02
1.066254545003175735e-02
1.107751019299030304e-02
1.075495593249797821e-02
1.125938724726438522e-02
1.101653650403022766e-02
1.095306966453790665e-02
1.070884056389331818e-02
1.130967121571302414e-02
1.117020286619663239e-02
1.095821522176265717e-02
1.095519028604030609e-02
1.107790693640708923e-02
1.104817539453506470e-02
1.087472867220640182e-02
1.086772792041301727e-02
1.086910441517829895e-02
1.101476326584815979e-02
1.178320962935686111e-02
1.129299029707908630e-02
1.139700226485729218e-02
1.098361052572727203e-02
1.073890086263418198e-02
1.088390499353408813e-02
1.197772379964590073e-02
1.105487626045942307e-02
1.103839837014675140e-02
1.103343442082405090e-02
1.031671650707721710e-02
1.073467917740345001e-02
1.089676469564437866e-02
1.140565611422061920e-02
1.157918106764554977e-02
1.093273330479860306e-02
1.127062924206256866e-02
1.115696970373392105e-02
1.086152717471122742e-02
1.084816269576549530e-02
1.120259426534175873e-02
1.117560453712940216e-02
1.076444704085588455e-02
1.108441874384880066e-02
1.098575070500373840e-02
9.269054979085922241e-03
1.116288267076015472e-02
1.144726295024156570e-02
1.105111278593540192e-02
1.126007735729217529e-02
1.123472303152084351e-02
1.133142318576574326e-02
1.108487602323293686e-02
1.058449782431125641e-02
1.090062223374843597e-02
1.067870482802391052e-02
1.118544582277536392e-02
1.072404161095619202e-02
8.967919275164604187e-03
1.085615716874599457e-02
1.073017716407775879e-02
1.100649684667587280e-02
1.067118532955646515e-02
1.113423518836498260e-02
1.096632331609725952e-02
1.129434257745742798e-02
1.085341349244117737e-02
1.121997274458408356e-02
1.075905933976173401e-02
1.162008941173553467e-02
1.145392283797264099e-02
1.049887575209140778e-02
1.075512915849685669e-02
1.124316826462745667e-02
1.090775802731513977e-02
1.107908226549625397e-02
1.099373772740364075e-02
1.172476727515459061e-02
1.083124987781047821e-02
1.112915296107530594e-02
1.110930554568767548e-02
1.110018696635961533e-02
1.107610110193490982e-02
1.115251239389181137e-02
1.135064102709293365e-02
1.118637155741453171e-02
1.083742175251245499e-02
1.097267959266901016e-02
1.059360988438129425e-02
1.097862143069505692e-02
1.054816786199808121e-02
1.109231263399124146e-02
1.075509935617446899e-02
1.215832307934761047e-02
1.067221909761428833e-02
1.117695681750774384e-02
1.138603501021862030e-02
1.128957141190767288e-02
1.098326314240694046e-02
1.124047674238681793e-02
1.103243231773376465e-02
1.119005307555198669e-02
1.134855300188064575e-02
1.129071507602930069e-02
1.095839962363243103e-02
1.178062334656715393e-02
1.113361585885286331e-02
1.103769335895776749e-02
9.891553781926631927e-03
1.130537129938602448e-02
1.102332863956689835e-02
1.116367336362600327e-02
1.140486635267734528e-02
1.114570442587137222e-02
1.081194821745157242e-02
1.129595562815666199e-02
1.066261157393455505e-02
1.171363983303308487e-02
1.070378441363573074e-02
1.119827851653099060e-02
1.175890397280454636e-02
1.047094631940126419e-02
1.096697803586721420e-02
1.101414579898118973e-02
1.067318208515644073e-02
1.113083772361278534e-02
1.129893399775028229e-02
1.107249036431312561e-02
1.135366596281528473e-02
1.120012626051902771e-02
1.104319561272859573e-02
1.108427159488201141e-02
1.037400215864181519e-02
1.117023173719644547e-02
1.106588914990425110e-02
1.115197129547595978e-02
1.098830252885818481e-02
1.111654099076986313e-02
1.123928651213645935e-02
1.107239164412021637e-02
1.172870863229036331e-02
1.086215861141681671e-02
9.324548766016960144e-03
1.140692457556724548e-02
1.128415018320083618e-02
1.109653059393167496e-02
1.099433191120624542e-02
1.151065621525049210e-02
1.120164990425109863e-02
1.079477742314338684e-02
1.098472252488136292e-02
1.124732941389083862e-02
7.081259042024612427e-03
1.056292466819286346e-02
1.103934273123741150e-02
1.074502896517515182e-02
1.120380498468875885e-02
1.045741513371467590e-02
1.108203455805778503e-02
1.143697835505008698e-02
1.104811765253543854e-02
1.100938580930233002e-02
1.092312671244144440e-02
1.119944918900728226e-02
1.138985157012939453e-02
1.095485128462314606e-02
8.805790916085243225e-03
1.127803605049848557e-02
1.125100348144769669e-02
1.118045207113027573e-02
1.091123558580875397e-02
8.970048278570175171e-03
1.066009141504764557e-02
1.098859775811433792e-02
1.193749625235795975e-02
1.099099218845367432e-02
1.090450398623943329e-02
1.158971153199672699e-02
1.085834763944149017e-02
1.102981902658939362e-02
1.141642779111862183e-02
1.073109917342662811e-02
1.126132626086473465e-02
1.097696460783481598e-02
1.068878825753927231e-02
1.133831217885017395e-02
1.078884303569793701e-02
1.142507791519165039e-02
1.109792664647102356e-02
1.097746565937995911e-02
1.098365895450115204e-02
1.107556000351905823e-02
1.101219467818737030e-02
1.110083796083927155e-02
1.101884618401527405e-02
1.045247167348861694e-02
1.122123375535011292e-02
1.128640212118625641e-02
1.023762486875057220e-02
1.093703880906105042e-02
1.125007122755050659e-02
1.104772649705410004e-02
1.138485316187143326e-02
1.131601817905902863e-02
1.090442575514316559e-02
1.081107184290885925e-02
1.095521822571754456e-02
1.048391591757535934e-02
1.124784164130687714e-02
1.108317077159881592e-02
1.088506169617176056e-02
1.113370992243289948e-02
1.109217759221792221e-02
1.138481311500072479e-02
1.119256392121315002e-02
1.163794659078121185e-02
1.062811538577079773e-02
1.124525442719459534e-02
1.068549510091543198e-02
1.109161600470542908e-02
1.075470075011253357e-02
1.108491979539394379e-02
1.121959649026393890e-02
1.100586168467998505e-02
1.162830367684364319e-02
1.108856126666069031e-02
1.127116288989782333e-02
1.114391535520553589e-02
1.119908690452575684e-02
1.093110255897045135e-02
1.097375340759754181e-02
1.198625750839710236e-02
1.109637040644884109e-02
1.090297289192676544e-02
1.095840148627758026e-02
1.089590694755315781e-02
1.094391290098428726e-02
1.104913093149662018e-02
1.088409963995218277e-02
1.093357894569635391e-02
1.135223358869552612e-02
1.116741448640823364e-02
1.072299946099519730e-02
1.108222268521785736e-02
1.137314923107624054e-02
1.107618771493434906e-02
1.115250121802091599e-02
1.013280265033245087e-02
1.100539229810237885e-02
1.085918582975864410e-02
1.101382076740264893e-02
1.149160508066415787e-02
1.056654192507266998e-02
1.090173982083797455e-02
1.099206134676933289e-02
1.147358864545822144e-02
1.084886305034160614e-02
1.126072369515895844e-02
1.130327489227056503e-02
1.084008254110813141e-02
1.150093879550695419e-02
1.110506244003772736e-02
1.115792430937290192e-02
1.150374487042427063e-02
1.144546363502740860e-02
1.126495562493801117e-02
1.102484017610549927e-02
1.105727814137935638e-02
9.239479899406433105e-03
1.026643812656402588e-02
1.108803041279315948e-02
1.089103147387504578e-02
1.109871454536914825e-02
1.080305036157369614e-02
1.100657135248184204e-02
1.111131627112627029e-02
1.133431307971477509e-02
8.880235254764556885e-03
1.095169410109519958e-02
1.079994253814220428e-02
1.084707770496606827e-02
1.128299534320831299e-02
1.137846056371927261e-02
1.090151164680719376e-02
1.093045808374881744e-02
1.131849363446235657e-02
1.126413512974977493e-02
8.797729387879371643e-03
1.103240437805652618e-02
1.146671548485755920e-02
1.139627210795879364e-02
1.078639086335897446e-02
1.059740968048572540e-02
1.086555980145931244e-02
1.125940401107072830e-02
1.117688603699207306e-02
1.200354937463998795e-02
1.109477505087852478e-02
1.106163579970598221e-02
1.128099113702774048e-02
1.119293831288814545e-02
1.114243548363447189e-02
1.070083677768707275e-02
1.101189944893121719e-02
1.117861270904541016e-02
1.102253794670104980e-02
1.108131557703018188e-02
1.140058413147926331e-02
1.094318367540836334e-02
1.174345612525939941e-02
9.873921051621437073e-03
1.126120705157518387e-02
1.103035174310207367e-02
1.101163215935230255e-02
1.111808046698570251e-02
1.212504971772432327e-02
1.107562426477670670e-02
1.141353417187929153e-02
1.113954093307256699e-02
1.090619713068008423e-02
1.105509698390960693e-02
1.105845719575881958e-02
1.118138432502746582e-02
1.071389019489288330e-02
1.099147740751504898e-02
1.095870696008205414e-02
1.098175719380378723e-02
1.090456359088420868e-02
1.096299104392528534e-02
1.114179566502571106e-02
1.110570505261421204e-02
1.119580678641796112e-02
1.107761450111865997e-02
1.109527051448822021e-02
1.152687147259712219e-02
1.086090318858623505e-02
1.130723580718040466e-02
1.129506528377532959e-02
1.069580484181642532e-02
1.093019545078277588e-02
1.094933040440082550e-02
1.127979345619678497e-02
1.106335222721099854e-02
1.180821470916271210e-02
1.132539939135313034e-02
1.074886415153741837e-02
1.112875901162624359e-02
1.077817380428314209e-02
1.072399411350488663e-02
1.069965213537216187e-02
1.161201298236846924e-02
1.117730140686035156e-02
1.122537627816200256e-02
1.106577739119529724e-02
1.068395748734474182e-02
1.115151960402727127e-02
1.149379462003707886e-02
1.048328168690204620e-02
1.113471202552318573e-02
1.136776991188526154e-02
1.088636834174394608e-02
1.119705196470022202e-02
1.067970320582389832e-02
1.059382222592830658e-02
1.124109327793121338e-02
1.094408612698316574e-02
1.098195742815732956e-02
1.107655093073844910e-02
1.113938167691230774e-02
1.100426167249679565e-02
1.071209646761417389e-02
1.117935311049222946e-02
1.164865866303443909e-02
1.151174306869506836e-02
1.208753231912851334e-02
1.079929061233997345e-02
1.098253391683101654e-02
1.132516656070947647e-02
1.103494968265295029e-02
1.123462989926338196e-02
1.121189631521701813e-02
1.117319799959659576e-02
1.097737811505794525e-02
1.099796406924724579e-02
1.069089956581592560e-02
1.084184274077415466e-02
1.110026240348815918e-02
1.117943227291107178e-02
1.128740608692169189e-02
1.087423227727413177e-02
1.068709418177604675e-02
1.059384271502494812e-02
1.106634736061096191e-02
1.101945992559194565e-02
1.105204597115516663e-02
1.133830472826957703e-02
1.078878436237573624e-02
1.106235291808843613e-02
1.113305985927581787e-02
1.056132465600967407e-02
1.107965968549251556e-02
1.038867980241775513e-02
1.170323230326175690e-02
1.106004230678081512e-02
1.068666297942399979e-02
1.101529598236083984e-02
1.094199530780315399e-02
1.137578859925270081e-02
1.095148082822561264e-02
1.086481474339962006e-02
1.109969243407249451e-02
1.085146423429250717e-02
1.096741855144500732e-02
1.105428487062454224e-02
1.111881248652935028e-02
1.099468953907489777e-02
1.113851927220821381e-02
1.058007404208183289e-02
1.146545074880123138e-02
1.120787672698497772e-02
1.095284149050712585e-02
1.197416335344314575e-02
1.086955145001411438e-02
1.111635379493236542e-02
1.145047321915626526e-02
1.108100358396768570e-02
1.110289990901947021e-02
1.125057600438594818e-02
1.092386245727539062e-02
1.086906064301729202e-02
1.091248821467161179e-02
1.108444202691316605e-02
1.123954355716705322e-02
1.097734645009040833e-02
1.090014167129993439e-02
1.159836072474718094e-02
1.105397567152976990e-02
1.092078536748886108e-02
1.161871291697025299e-02
1.112587004899978638e-02
1.111933961510658264e-02
1.068637054413557053e-02
1.094515249133110046e-02
1.128529757261276245e-02
1.126390323042869568e-02
1.097450219094753265e-02
1.116115972399711609e-02
1.134198904037475586e-02
1.089646853506565094e-02
1.079679187387228012e-02
1.145641691982746124e-02
1.090868003666400909e-02
1.131874509155750275e-02
1.105593238025903702e-02
1.117683108896017075e-02
1.107845827937126160e-02
1.095984503626823425e-02
1.083286292850971222e-02
1.109848357737064362e-02
1.134261302649974823e-02
1.096826232969760895e-02
1.132672280073165894e-02
1.080829091370105743e-02
1.109821256250143051e-02
1.093197800219058990e-02
1.123156212270259857e-02
1.135210692882537842e-02
1.098838262259960175e-02
1.079806126654148102e-02
1.044469326734542847e-02
1.110280305147171021e-02
1.069225464016199112e-02
1.125196926295757294e-02
1.132048107683658600e-02
1.118753384798765182e-02
1.133065856993198395e-02
1.095480844378471375e-02
1.155135221779346466e-02
9.139852598309516907e-03
1.104118581861257553e-02
1.146086864173412323e-02
1.071731746196746826e-02
1.098216231912374496e-02
1.102710235863924026e-02
1.171670202165842056e-02
1.083238236606121063e-02
1.107560843229293823e-02
1.081547327339649200e-02
1.150782313197851181e-02
1.094189099967479706e-02
1.107399724423885345e-02
1.111890375614166260e-02
1.092586293816566467e-02
1.122334599494934082e-02
1.120250485837459564e-02
1.050570234656333923e-02
1.109181717038154602e-02
1.081080175936222076e-02
1.087796874344348907e-02
1.144260168075561523e-02
1.142369024455547333e-02
1.102502271533012390e-02
1.272106077522039413e-02
1.179210469126701355e-02
1.107194740325212479e-02
1.138435676693916321e-02
1.130969170480966568e-02
1.137785241007804871e-02
1.142909098416566849e-02
1.125087402760982513e-02
1.103236153721809387e-02
1.154129207134246826e-02
1.144843362271785736e-02
1.104112155735492706e-02
1.049448549747467041e-02
1.129767484962940216e-02
1.084985025227069855e-02
1.139159128069877625e-02
1.112777926027774811e-02
1.109907776117324829e-02
1.112339645624160767e-02
1.124629192054271698e-02
1.119802333414554596e-02
1.067590154707431793e-02
1.102625392377376556e-02
1.122605614364147186e-02
1.103259064257144928e-02
1.091896649450063705e-02
8.662153035402297974e-03
1.081970147788524628e-02
1.136553660035133362e-02
1.185692753642797470e-02
8.479960262775421143e-03
1.167663559317588806e-02
1.069351471960544586e-02
1.097003184258937836e-02
1.139055658131837845e-02
1.129006780683994293e-02
1.078986562788486481e-02
1.166312769055366516e-02
1.080246549099683762e-02
1.137544400990009308e-02
1.090834289789199829e-02
1.114850863814353943e-02
1.085404399782419205e-02
1.119549386203289032e-02
1.129167713224887848e-02
1.101641450077295303e-02
1.136620342731475830e-02
1.120647601783275604e-02
1.199249271303415298e-02
1.121638156473636627e-02
1.093862578272819519e-02
6.720771081745624542e-03
1.086977310478687286e-02
1.059616636484861374e-02
1.075330749154090881e-02
1.112900115549564362e-02
1.128508336842060089e-02
1.145480573177337646e-02
1.090292073786258698e-02
1.145319826900959015e-02
1.052496582269668579e-02
1.069066207855939865e-02
1.093798503279685974e-02
1.091300696134567261e-02
1.134624052792787552e-02
1.127067208290100098e-02
1.078998576849699020e-02
1.075291540473699570e-02
7.513566408306360245e-03
1.114794425666332245e-02
1.099101267755031586e-02
1.118499599397182465e-02
1.096201688051223755e-02
1.108468696475028992e-02
1.114598289132118225e-02
1.128159463405609131e-02
1.117374189198017120e-02
1.093145273625850677e-02
1.139692217111587524e-02
1.116012036800384521e-02
1.123048178851604462e-02
1.131862401962280273e-02
1.076028030365705490e-02
1.110866852104663849e-02
1.045135781168937683e-02
1.069494523108005524e-02
1.131470687687397003e-02
1.053511723875999451e-02
1.100377365946769714e-02
1.135158259421586990e-02
1.111549418419599533e-02
1.106479205191135406e-02
1.101492717862129211e-02
1.108170393854379654e-02
1.092841848731040955e-02
1.104242540895938873e-02
1.040933188050985336e-02
1.103037036955356598e-02
1.069003716111183167e-02
1.069699414074420929e-02
1.083659846335649490e-02
1.140225678682327271e-02
1.120156235992908478e-02
1.097660511732101440e-02
1.085139717906713486e-02
1.109723001718521118e-02
1.078664325177669525e-02
1.063436549156904221e-02
1.116353645920753479e-02
1.064202375710010529e-02
1.135506667196750641e-02
1.089896634221076965e-02
1.108486950397491455e-02
1.135971490293741226e-02
1.130076032131910324e-02
1.114958338439464569e-02
1.060397457331418991e-02
1.079177483916282654e-02
1.112261507660150528e-02
1.121824886649847031e-02
1.126758567988872528e-02
1.097865402698516846e-02
1.141392625868320465e-02
1.076947711408138275e-02
1.144877169281244278e-02
1.105135120451450348e-02
1.086653210222721100e-02
1.123545132577419281e-02
1.141144055873155594e-02
1.162940915673971176e-02
1.120592653751373291e-02
1.104069966822862625e-02
1.085343491286039352e-02
1.128532178699970245e-02
1.083724386990070343e-02
1.097605936229228973e-02
1.114531420171260834e-02
1.128714717924594879e-02
1.120094023644924164e-02
1.065633259713649750e-02
1.138777192682027817e-02
1.126644760370254517e-02
1.117451675236225128e-02
1.069719344377517700e-02
1.103223301470279694e-02
1.079914253205060959e-02
1.083624642342329025e-02
1.108441501855850220e-02
1.097725611180067062e-02
1.107583381235599518e-02
1.126105617731809616e-02
1.091002393513917923e-02
1.080598868429660797e-02
1.128476671874523163e-02
1.105200313031673431e-02
1.086695957928895950e-02
1.126881875097751617e-02
1.094252802431583405e-02
1.176903024315834045e-02
1.053083315491676331e-02
1.068515144288539886e-02
1.106608286499977112e-02
1.095841545611619949e-02
1.114456355571746826e-02
1.073851622641086578e-02
1.068335864692926407e-02
1.128401327878236771e-02
1.104423403739929199e-02
1.106406003236770630e-02
1.291584689170122147e-02
1.100066583603620529e-02
1.118048094213008881e-02
1.148603484034538269e-02
1.102895475924015045e-02
1.100983750075101852e-02
1.099203806370496750e-02
1.576098799705505371e-02
1.118534058332443237e-02
9.970251470804214478e-03
1.102738268673419952e-02
1.151865627616643906e-02
1.117101125419139862e-02
1.086954586207866669e-02
1.098618283867835999e-02
1.070261746644973755e-02
1.112186536192893982e-02
1.200861204415559769e-02
1.080259960144758224e-02
8.458672091364860535e-03
1.083077210932970047e-02
9.597368538379669189e-03
1.135292090475559235e-02
1.140713784843683243e-02
1.140300929546356201e-02
1.118034869432449341e-02
1.105437241494655609e-02
8.398267440497875214e-03
1.090988051146268845e-02
1.147848181426525116e-02
1.100417971611022949e-02
1.117745600640773773e-02
1.094697788357734680e-02
1.093400735408067703e-02
1.119658723473548889e-02
1.137779839336872101e-02
1.086761988699436188e-02
1.141224242746829987e-02
1.080375909805297852e-02
1.102197729051113129e-02
1.136456709355115891e-02
1.171599701046943665e-02
1.086796075105667114e-02
1.139786932617425919e-02
1.103159599006175995e-02
1.101472973823547363e-02
1.104320213198661804e-02
1.081347465515136719e-02
1.130563858896493912e-02
1.191916968673467636e-02
1.104397419840097427e-02
1.117025688290596008e-02
1.098023355007171631e-02
1.105875615030527115e-02
1.120429672300815582e-02
1.115041133016347885e-02
1.097940560430288315e-02
1.140170171856880188e-02
1.106363069266080856e-02
1.091709546744823456e-02
1.108396612107753754e-02
6.989098154008388519e-03
1.117471139878034592e-02
1.077931374311447144e-02
1.124681066721677780e-02
1.119377464056015015e-02
1.131407264620065689e-02
1.077776961028575897e-02
1.114414911717176437e-02
1.073954068124294281e-02
1.104758866131305695e-02
1.113905478268861771e-02
1.087652798742055893e-02
1.111602410674095154e-02
1.077704038470983505e-02
1.123727113008499146e-02
1.133999135345220566e-02
1.125216018408536911e-02
1.113199815154075623e-02
1.143460068851709366e-02
1.135408505797386169e-02
1.079120114445686340e-02
1.115538738667964935e-02
1.102625112980604172e-02
1.114563178271055222e-02
1.091814227402210236e-02
1.115278899669647217e-02
1.103160530328750610e-02
1.126614771783351898e-02
1.146694924682378769e-02
1.122495997697114944e-02
1.057249493896961212e-02
1.129705831408500671e-02
7.918996736407279968e-03
1.181637868285179138e-02
1.082129310816526413e-02
1.077737845480442047e-02
1.074846461415290833e-02
1.088643074035644531e-02
1.103959605097770691e-02
1.101432833820581436e-02
1.071165781468153000e-02
1.076492667198181152e-02
1.097429916262626648e-02
1.117731817066669464e-02
1.127935200929641724e-02
1.101269107311964035e-02
1.131623983383178711e-02
1.132620684802532196e-02
1.116485986858606339e-02
1.111155562102794647e-02
1.092127896845340729e-02
1.120597496628761292e-02
1.120265945792198181e-02
1.114028878509998322e-02
1.125586405396461487e-02
1.130013354122638702e-02
1.067903172224760056e-02
1.074467506259679794e-02
1.065543945878744125e-02
1.076685078442096710e-02
1.116305775940418243e-02
1.124394685029983521e-02
1.043791975826025009e-02
1.176171656697988510e-02
1.089486293494701385e-02
1.171980053186416626e-02
1.091600675135850906e-02
1.129948906600475311e-02
1.107836328446865082e-02
9.267922490835189819e-03
1.098827645182609558e-02
1.096370443701744080e-02
1.092217583209276199e-02
1.120726764202117920e-02
1.095089409500360489e-02
1.084114611148834229e-02
1.188642624765634537e-02
1.092232670634984970e-02
1.076548919081687927e-02
1.084737759083509445e-02
1.085483282804489136e-02
1.060766540467739105e-02
1.167543232440948486e-02
1.101556979119777679e-02
1.100658439099788666e-02
1.197865605354309082e-02
9.346663951873779297e-03
1.080482825636863708e-02
1.122059486806392670e-02
1.090111490339040756e-02
1.115766540169715881e-02
1.134237647056579590e-02
1.114575937390327454e-02
1.112038269639015198e-02
1.024174317717552185e-02
1.091351080685853958e-02
1.091694831848144531e-02
1.052248477935791016e-02
1.082922890782356262e-02
1.097626332193613052e-02
1.109941210597753525e-02
1.091875880956649780e-02
1.148294936865568161e-02
1.125429477542638779e-02
9.738957509398460388e-03
1.114796008914709091e-02
1.104434952139854431e-02
1.101167872548103333e-02
1.081521157175302505e-02
1.087627373635768890e-02
1.107033621519804001e-02
1.121004391461610794e-02
1.121492125093936920e-02
1.068278867751359940e-02
1.111674681305885315e-02
9.328523650765419006e-03
1.109129749238491058e-02
1.089628227055072784e-02
1.099001802504062653e-02
1.132032647728919983e-02
1.090460829436779022e-02
1.088403444737195969e-02
1.117952819913625717e-02
1.111487485468387604e-02
1.121095940470695496e-02
1.089170854538679123e-02
1.098212599754333496e-02
1.108828745782375336e-02
1.119082607328891754e-02
1.120163872838020325e-02
1.108221150934696198e-02
1.087902113795280457e-02
1.122828386723995209e-02
1.170015335083007812e-02
1.092347502708435059e-02
1.091242767870426178e-02
1.124493032693862915e-02
1.121973246335983276e-02
1.066412031650543213e-02
1.065697427839040756e-02
1.092561893165111542e-02
1.143030449748039246e-02
1.122939400374889374e-02
1.093603949993848801e-02
1.090021617710590363e-02
1.078559178858995438e-02
1.086515374481678009e-02
1.073300838470458984e-02
1.114452537149190903e-02
1.162120141088962555e-02
1.129377819597721100e-02
1.163497101515531540e-02
1.082024537026882172e-02
1.321109477430582047e-02
1.081719715148210526e-02
1.108792703598737717e-02
1.126151997596025467e-02
1.099421177059412003e-02
1.123818382620811462e-02
1.083790510892868042e-02
1.142683438956737518e-02
1.098549365997314453e-02
1.100708078593015671e-02
1.135984621942043304e-02
1.106701605021953583e-02
1.108007133007049561e-02
1.085793226957321167e-02
1.119586825370788574e-02
1.093918643891811371e-02
1.070350687950849533e-02
1.120483130216598511e-02
1.115584187209606171e-02
1.118956319987773895e-02
1.054350193589925766e-02
1.124737132340669632e-02
1.089345850050449371e-02
1.097949314862489700e-02
1.080815307796001434e-02
1.142481155693531036e-02
1.087825279682874680e-02
1.057471986860036850e-02
1.171362772583961487e-02
1.122496090829372406e-02
1.115734782069921494e-02
1.100702583789825439e-02
1.074360124766826630e-02
1.069973595440387726e-02
1.101807132363319397e-02
1.103818137198686600e-02
1.150741707533597946e-02
1.109980419278144836e-02
1.118244603276252747e-02
1.086356490850448608e-02
1.103911921381950378e-02
1.112587470561265945e-02
1.147881057113409042e-02
7.940705865621566772e-03
1.100701466202735901e-02
1.127801463007926941e-02
1.097294781357049942e-02
1.013487018644809723e-02
1.008305232971906662e-02
1.101258862763643265e-02
1.081847585737705231e-02
1.067453902214765549e-02
1.115945633500814438e-02
1.120837964117527008e-02
1.132890209555625916e-02
1.152524165809154510e-02
1.112940721213817596e-02
1.066261157393455505e-02
1.107756420969963074e-02
1.083842385560274124e-02
1.112334895879030228e-02
1.099578291177749634e-02
1.074524316936731339e-02
1.240450702607631683e-02
1.100575923919677734e-02
1.106221415102481842e-02
1.088899374008178711e-02
1.126318518072366714e-02
1.068409718573093414e-02
1.006227917969226837e-02
1.123170275241136551e-02
1.002776063978672028e-02
1.136164739727973938e-02
1.107310224324464798e-02
1.083736214786767960e-02
1.095886901021003723e-02
1.088279858231544495e-02
1.095372065901756287e-02
1.100939046591520309e-02
1.102026365697383881e-02
1.118429191410541534e-02
1.095017232000827789e-02
1.103673502802848816e-02
1.176121644675731659e-02
9.702015668153762817e-03
1.119004096835851669e-02
1.121214032173156738e-02
1.123897731304168701e-02
1.116170361638069153e-02
1.126308180391788483e-02
1.104714162647724152e-02
1.104034855961799622e-02
1.062766462564468384e-02
1.081939414143562317e-02
1.145668514072895050e-02
1.083843782544136047e-02
1.067434065043926239e-02
1.119941938668489456e-02
1.145377010107040405e-02
8.028628304600715637e-03
1.080997567623853683e-02
1.123498100787401199e-02
1.098990906029939651e-02
1.071275584399700165e-02
1.096059195697307587e-02
1.164294779300689697e-02
1.122475508600473404e-02
1.145409513264894485e-02
1.133057475090026855e-02
1.095696818083524704e-02
1.083044707775115967e-02
1.087771914899349213e-02
1.128945685923099518e-02
1.136963255703449249e-02
1.061629876494407654e-02
1.114414818584918976e-02
8.892379701137542725e-03
1.083519309759140015e-02
1.131952553987503052e-02
1.108442619442939758e-02
1.096879411488771439e-02
1.088173966854810715e-02
1.088387239724397659e-02
1.092007942497730255e-02
1.111317425966262817e-02
1.095788925886154175e-02
1.089407689869403839e-02
1.098947972059249878e-02
1.156152971088886261e-02
1.100754179060459137e-02
1.106660999357700348e-02
1.109291985630989075e-02
1.078502461314201355e-02
8.654799312353134155e-03
1.124767586588859558e-02
1.065187808126211166e-02
1.125393714755773544e-02
1.110541075468063354e-02
1.130568608641624451e-02
1.131866127252578735e-02
1.254309061914682388e-02
1.089992560446262360e-02
1.125895697623491287e-02
1.099078543484210968e-02
1.037113834172487259e-02
1.158156991004943848e-02
1.102641504257917404e-02
1.131865195930004120e-02
1.110910624265670776e-02
1.050800830125808716e-02
1.079302653670310974e-02
1.152659766376018524e-02
1.128492504358291626e-02
1.162726804614067078e-02
1.155591569840908051e-02
9.300881996750831604e-03
1.118137687444686890e-02
1.032872777432203293e-02
1.108522526919841766e-02
1.166475471109151840e-02
1.143568567931652069e-02
1.091104932129383087e-02
1.142232120037078857e-02
1.094806380569934845e-02
1.128965895622968674e-02
1.068776007741689682e-02
1.089519914239645004e-02
1.067825965583324432e-02
1.062672678381204605e-02
1.089937798678874969e-02
1.107273623347282410e-02
8.616819977760314941e-03
1.101809553802013397e-02
1.118900999426841736e-02
1.093555614352226257e-02
1.114992052316665649e-02
1.102138776332139969e-02
1.090696919709444046e-02
1.086571812629699707e-02
1.132953539490699768e-02
1.051006838679313660e-02
1.120892725884914398e-02
1.129995845258235931e-02
1.117654237896203995e-02
1.096718758344650269e-02
1.150808855891227722e-02
1.056761667132377625e-02
1.120391301810741425e-02
1.118440367281436920e-02
1.104252971708774567e-02
1.118937227874994278e-02
1.060627587139606476e-02
1.111913472414016724e-02
1.072677783668041229e-02
1.089208107441663742e-02
1.117484085261821747e-02
1.096003409475088120e-02
1.155161485075950623e-02
1.120474748313426971e-02
1.105091534554958344e-02
1.101716421544551849e-02
1.076292991638183594e-02
1.111284829676151276e-02
1.078052166849374771e-02
1.091663073748350143e-02
1.133462321013212204e-02
1.110412180423736572e-02
1.126680150628089905e-02
1.080370042473077774e-02
1.125766988843679428e-02
1.101249828934669495e-02
1.165851205587387085e-02
1.134066656231880188e-02
1.092084683477878571e-02
1.127541251480579376e-02
1.121640205383300781e-02
1.150187291204929352e-02
1.099463831633329391e-02
1.116655115038156509e-02
1.135725341737270355e-02
1.080042310059070587e-02
1.132710091769695282e-02
1.120892446488142014e-02
1.063889171928167343e-02
1.091372687369585037e-02
9.465193375945091248e-03
1.062075141817331314e-02
1.141302473843097687e-02
1.112577877938747406e-02
1.092928182333707809e-02
1.093931589275598526e-02
1.049418933689594269e-02
1.089901104569435120e-02
1.107387617230415344e-02
1.099915709346532822e-02
1.133195403963327408e-02
1.131902169436216354e-02
1.086539961397647858e-02
1.122252270579338074e-02
1.127454545348882675e-02
1.156716234982013702e-02
1.136119663715362549e-02
1.110210362821817398e-02
1.086477190256118774e-02
1.105950772762298584e-02
1.082594413310289383e-02
9.228496812283992767e-03
1.076195668429136276e-02
1.095993071794509888e-02
1.133604533970355988e-02
1.075221970677375793e-02
1.066008117049932480e-02
1.050646603107452393e-02
1.055802870541810989e-02
1.174755953252315521e-02
1.104016881436109543e-02
9.851653128862380981e-03
1.128102466464042664e-02
1.099159475415945053e-02
1.074084267020225525e-02
1.074782293289899826e-02
1.064527872949838638e-02
1.124105788767337799e-02
1.117712631821632385e-02
1.088194921612739563e-02
1.236103381961584091e-02
1.079248078167438507e-02
1.112222950905561447e-02
1.113436836749315262e-02
1.137567870318889618e-02
1.111191138625144958e-02
1.131170429289340973e-02
1.106163486838340759e-02
1.151370443403720856e-02
1.144529785960912704e-02
1.108192279934883118e-02
1.101113110780715942e-02
1.091827172785997391e-02
1.090670749545097351e-02
1.079620234668254852e-02
1.066443137824535370e-02
1.066554337739944458e-02
1.059691514819860458e-02
1.093219779431819916e-02
1.100191287696361542e-02
1.087058614939451218e-02
1.068641431629657745e-02
1.095490250736474991e-02
1.112626958638429642e-02
1.108761411160230637e-02
1.053527370095252991e-02
1.081069279462099075e-02
1.107133924961090088e-02
1.064621098339557648e-02
1.116378419101238251e-02
1.122075319290161133e-02
1.130396872758865356e-02
1.083501521497964859e-02
1.110584475100040436e-02
1.088041346520185471e-02
1.115588843822479248e-02
1.074120961129665375e-02
1.084431260824203491e-02
1.109912991523742676e-02
1.102908328175544739e-02
1.126829348504543304e-02
1.175276748836040497e-02
1.117816753685474396e-02
1.082238275557756424e-02
1.124479249119758606e-02
1.126290485262870789e-02
1.083868928253650665e-02
1.103235967457294464e-02
1.092073414474725723e-02
1.104082446545362473e-02
1.101733371615409851e-02
1.103384699672460556e-02
8.370090276002883911e-03
1.035870146006345749e-02
1.088552549481391907e-02
1.069102436304092407e-02
1.119396090507507324e-02
1.140126213431358337e-02
1.081138662993907928e-02
1.109578646719455719e-02
1.083091273903846741e-02
1.124563999474048615e-02
1.112129446119070053e-02
1.112054660916328430e-02
1.108121499419212341e-02
1.071340218186378479e-02
1.136431284248828888e-02
1.086633652448654175e-02
1.091757975518703461e-02
1.088051125407218933e-02
1.245392858982086182e-02
1.081190258264541626e-02
1.111080683767795563e-02
1.112675946205854416e-02
1.097125280648469925e-02
1.121550984680652618e-02
1.131075434386730194e-02
1.094413641840219498e-02
1.091629266738891602e-02
1.118738576769828796e-02
1.131337229162454605e-02
1.123940944671630859e-02
1.157767325639724731e-02
1.128337346017360687e-02
1.111048646271228790e-02
1.147078443318605423e-02
1.071491092443466187e-02
1.097983866930007935e-02
8.655903860926628113e-03
1.092666387557983398e-02
1.110178884118795395e-02
1.147498562932014465e-02
1.181884761899709702e-02
1.086757145822048187e-02
1.101137883961200714e-02
1.029942929744720459e-02
1.115437503904104233e-02
1.092620566487312317e-02
1.096972823143005371e-02
1.118247024714946747e-02
1.097836717963218689e-02
1.094773039221763611e-02
1.120329648256301880e-02
1.063991617411375046e-02
1.121543813496828079e-02
1.095297187566757202e-02
1.091288682073354721e-02
1.140537671744823456e-02
1.043262891471385956e-02
1.056313514709472656e-02
1.084356661885976791e-02
1.089661382138729095e-02
1.121081970632076263e-02
1.102328579872846603e-02
1.101124100387096405e-02
1.069355662912130356e-02
1.070068031549453735e-02
1.112300157546997070e-02
8.633272722363471985e-03
1.122446730732917786e-02
1.101445034146308899e-02
1.066340506076812744e-02
