<system>Protocol: Active. Attitude: Sassy.</system>
2.548449859023094177e-02
2.580736950039863586e-02
1.881537958979606628e-02
2.696685120463371277e-02
2.709673531353473663e-02
3.409893065690994263e-02
2.846535295248031616e-02
3.153972327709197998e-02
2.898584865033626556e-02
3.405597060918807983e-02
3.354106843471527100e-02
2.451599761843681335e-02
3.194261342287063599e-02
3.497988358139991760e-02
3.680311143398284912e-02
3.412242978811264038e-02
3.421590477228164673e-02
3.532637655735015869e-02
3.499477356672286987e-02
1.798836514353752136e-02
3.586561977863311768e-02
3.416329249739646912e-02
3.577864542603492737e-02
5.025229975581169128e-02
3.421276062726974487e-02
3.686308115720748901e-02
3.555266931653022766e-02
3.629831224679946899e-02
3.515065461397171021e-02
3.294428065419197083e-02
3.365147113800048828e-02
3.466813266277313232e-02
2.357574366033077240e-02
2.344648540019989014e-02
2.909673564136028290e-02
2.597558684647083282e-02
2.816432341933250427e-02
2.909212186932563782e-02
2.931082993745803833e-02
3.635786846280097961e-02
2.730046585202217102e-02
3.284413367509841919e-02
3.409091383218765259e-02
3.294524922966957092e-02
3.386098518967628479e-02
3.462650254368782043e-02
2.226492203772068024e-02
3.267343714833259583e-02
3.385070338845252991e-02
3.492867946624755859e-02
3.441074490547180176e-02
3.946312516927719116e-02
3.416091203689575195e-02
3.319794312119483948e-02
3.507920354604721069e-02
1.247402466833591461e-02
3.456293791532516479e-02
1.887843944132328033e-02
3.428251296281814575e-02
3.471515327692031860e-02
3.439354896545410156e-02
3.442293033003807068e-02
3.294153511524200439e-02
3.160331398248672485e-02
1.827878132462501526e-02
2.071481384336948395e-02
1.799975521862506866e-02
2.020563930273056030e-02
2.674765139818191528e-02
2.137496881186962128e-02
2.901136316359043121e-02
2.171758934855461121e-02
2.578749880194664001e-02
2.406873926520347595e-02
3.249605000019073486e-02
3.545517101883888245e-02
3.021647781133651733e-02
3.345441445708274841e-02
4.092702269554138184e-02
3.578497469425201416e-02
4.151060804724693298e-02
4.291663318872451782e-02
4.163112491369247437e-02
2.946605905890464783e-02
4.271100088953971863e-02
3.987483307719230652e-02
4.306859150528907776e-02
1.416556350886821747e-02
4.196897149085998535e-02
4.221360385417938232e-02
3.825266659259796143e-02
3.969569876790046692e-02
4.008763283491134644e-02
3.710575401782989502e-02
2.407248876988887787e-02
4.070597887039184570e-02
1.746657304465770721e-02
1.779602840542793274e-02
1.771570742130279541e-02
1.936789788305759430e-02
2.445574104785919189e-02
1.787364110350608826e-02
3.046872653067111969e-02
2.491455897688865662e-02
3.555479645729064941e-02
2.566150203347206116e-02
3.157909959554672241e-02
3.353477641940116882e-02
3.132503479719161987e-02
2.740765735507011414e-02
3.973876684904098511e-02
2.814346738159656525e-02
4.324961453676223755e-02
3.659702837467193604e-02
3.942883014678955078e-02
4.839853942394256592e-02
4.034301638603210449e-02
4.729730635881423950e-02
4.505552351474761963e-02
5.648305639624595642e-02
4.417003691196441650e-02
4.006738960742950439e-02
3.939122706651687622e-02
4.145322740077972412e-02
4.157223552465438843e-02
3.328576683998107910e-02
4.213305935263633728e-02
4.064156115055084229e-02
1.831744611263275146e-02
1.807588897645473480e-02
2.243086323142051697e-02
1.725874841213226318e-02
2.702952176332473755e-02
2.500241622328758240e-02
2.335282415151596069e-02
1.979181170463562012e-02
2.769907191395759583e-02
3.188296407461166382e-02
2.486943639814853668e-02
3.092426806688308716e-02
3.642412647604942322e-02
3.538923338055610657e-02
3.569210693240165710e-02
3.939075022935867310e-02
3.956283628940582275e-02
3.373050689697265625e-02
3.978165239095687866e-02
5.054580047726631165e-02
3.252781927585601807e-02
4.699491709470748901e-02
4.789942502975463867e-02
5.291938409209251404e-02
1.575950905680656433e-02
4.813642054796218872e-02
5.019548162817955017e-02
4.851372167468070984e-02
4.673756286501884460e-02
4.868824034929275513e-02
3.986040875315666199e-02
4.403527453541755676e-02
2.427806332707405090e-02
2.256491407752037048e-02
2.512777782976627350e-02
2.304070256650447845e-02
2.290064655244350433e-02
2.007283456623554230e-02
3.140445798635482788e-02
2.594317868351936340e-02
3.083016723394393921e-02
3.235537186264991760e-02
3.040297888219356537e-02
2.248338609933853149e-02
3.090422600507736206e-02
3.180748969316482544e-02
2.476272173225879669e-02
2.951021119952201843e-02
3.683182969689369202e-02
4.284670948982238770e-02
4.084341228008270264e-02
2.492430806159973145e-02
4.782938212156295776e-02
4.670964926481246948e-02
3.437492996454238892e-02
4.522902518510818481e-02
5.289303883910179138e-02
4.492183774709701538e-02
5.082832649350166321e-02
4.039613902568817139e-02
4.734212160110473633e-02
4.911691695451736450e-02
2.883217483758926392e-02
3.107589669525623322e-02
1.827679574489593506e-02
1.533887349069118500e-02
1.566321216523647308e-02
1.573567092418670654e-02
1.614303700625896454e-02
2.017139457166194916e-02
2.694387920200824738e-02
2.383636310696601868e-02
2.870716899633407593e-02
3.124322555959224701e-02
3.689312189817428589e-02
3.609555214643478394e-02
4.311285167932510376e-02
4.207137972116470337e-02
4.620577767491340637e-02
4.340295493602752686e-02
4.633302614092826843e-02
4.969806224107742310e-02
4.924367740750312805e-02
5.557517707347869873e-02
5.260087549686431885e-02
5.993989855051040649e-02
6.009300425648689270e-02
6.386740505695343018e-02
6.277490407228469849e-02
6.521574407815933228e-02
6.350027024745941162e-02
5.976911634206771851e-02
4.670222848653793335e-02
5.352355539798736572e-02
4.784773290157318115e-02
6.101605296134948730e-02
1.576028019189834595e-02
1.522762700915336609e-02
1.666280999779701233e-02
1.508533302694559097e-02
1.942050643265247345e-02
1.696348562836647034e-02
2.336371317505836487e-02
2.572589367628097534e-02
2.713457681238651276e-02
3.450787812471389771e-02
3.532566875219345093e-02
3.607861325144767761e-02
3.707211837172508240e-02
4.020574316382408142e-02
4.340783506631851196e-02
4.485293477773666382e-02
4.506307467818260193e-02
4.997198656201362610e-02
4.738889634609222412e-02
5.655622482299804688e-02
4.990909993648529053e-02
6.269097328186035156e-02
6.400614976882934570e-02
5.899784713983535767e-02
6.507516652345657349e-02
2.955332770943641663e-02
6.003693491220474243e-02
6.202415004372596741e-02
4.822368174791336060e-02
6.171294301748275757e-02
4.611775279045104980e-02
5.306661874055862427e-02
