<system>Protocol: Active. Attitude: Sassy.</system>
1.621831580996513367e-02
1.718541793525218964e-02
1.470375247299671173e-02
1.844125054776668549e-02
1.729008927941322327e-02
2.113521099090576172e-02
1.363217085599899292e-02
2.557434141635894775e-02
1.768600195646286011e-02
2.474570274353027344e-02
2.193428017199039459e-02
1.406155060976743698e-02
2.115023136138916016e-02
2.407586202025413513e-02
3.223945945501327515e-02
2.577827125787734985e-02
2.349193021655082703e-02
3.170840442180633545e-02
2.499606646597385406e-02
2.237356454133987427e-02
1.873817108571529388e-02
2.000726200640201569e-02
2.031671255826950073e-02
2.874344959855079651e-02
2.037095278501510620e-02
1.940514892339706421e-02
1.970048621296882629e-02
1.756476797163486481e-02
1.780723966658115387e-02
2.007693424820899963e-02
1.681190170347690582e-02
1.775014027953147888e-02
1.424126606434583664e-02
1.575968787074089050e-02
1.715090125799179077e-02
1.542382594197988510e-02
1.368703600019216537e-02
2.224249206483364105e-02
2.000779658555984497e-02
2.036813646554946899e-02
2.166302315890789032e-02
1.314796041697263718e-02
2.433570846915245056e-02
2.519749291241168976e-02
2.385901100933551788e-02
2.467871643602848053e-02
1.494706049561500549e-02
2.281693182885646820e-02
2.199965342879295349e-02
1.199771277606487274e-02
2.099600993096828461e-02
1.758232712745666504e-02
2.362396940588951111e-02
2.062638662755489349e-02
1.980543322861194611e-02
7.299088407307863235e-03
1.795769669115543365e-02
1.932703517377376556e-02
1.799711957573890686e-02
1.730591244995594025e-02
1.714524626731872559e-02
1.726664602756500244e-02
1.598786190152168274e-02
1.110409572720527649e-02
1.541225239634513855e-02
1.337119564414024353e-02
1.362854614853858948e-02
1.697940751910209656e-02
1.482625771313905716e-02
1.466583460569381714e-02
1.381647400557994843e-02
2.080804482102394104e-02
1.686448603868484497e-02
2.029527351260185242e-02
2.026172727346420288e-02
1.522160600870847702e-02
2.183997817337512970e-02
2.241515740752220154e-02
2.436798624694347382e-02
2.368951216340065002e-02
2.553102001547813416e-02
2.544606477022171021e-02
3.360795229673385620e-02
3.163819015026092529e-02
2.454866468906402588e-02
2.554290369153022766e-02
2.853596769273281097e-02
3.393829613924026489e-02
2.728810906410217285e-02
2.707665972411632538e-02
2.541167661547660828e-02
2.847925201058387756e-02
2.779964730143547058e-02
2.934477105736732483e-02
2.494357898831367493e-02
2.428304962813854218e-02
1.570781692862510681e-02
1.301651075482368469e-02
1.362521667033433914e-02
1.732052862644195557e-02
1.409830991178750992e-02
1.466090977191925049e-02
1.407949905842542648e-02
1.981505379080772400e-02
1.853240281343460083e-02
1.596384495496749878e-02
2.317429147660732269e-02
1.978456974029541016e-02
2.313194051384925842e-02
2.320163883268833160e-02
1.888747885823249817e-02
2.272057905793190002e-02
2.289393544197082520e-02
1.514676678925752640e-02
2.552704885601997375e-02
2.221620455384254456e-02
2.935760840773582458e-02
2.960723266005516052e-02
2.571213245391845703e-02
1.158285420387983322e-02
2.629902586340904236e-02
2.639856375753879547e-02
2.646258100867271423e-02
2.515769004821777344e-02
2.692744880914688110e-02
2.542616426944732666e-02
2.710293605923652649e-02
1.719741523265838623e-02
1.517697796225547791e-02
1.774838566780090332e-02
1.379676256328821182e-02
1.819531619548797607e-02
1.665557548403739929e-02
2.122913859784603119e-02
1.464430987834930420e-02
2.426807582378387451e-02
1.732563599944114685e-02
2.575539611279964447e-02
2.025452814996242523e-02
1.515058055520057678e-02
2.246419340372085571e-02
2.270602621138095856e-02
2.981055341660976410e-02
2.600042894482612610e-02
2.586056664586067200e-02
3.445398807525634766e-02
2.472900971770286560e-02
2.509335055947303772e-02
1.869310252368450165e-02
2.070792764425277710e-02
2.299440652132034302e-02
3.046263195574283600e-02
1.961874216794967651e-02
1.917519420385360718e-02
2.202183380722999573e-02
1.884466409683227539e-02
1.827127486467361450e-02
2.048598416149616241e-02
1.758183538913726807e-02
1.851309090852737427e-02
1.426528953015804291e-02
1.599000021815299988e-02
1.689780503511428833e-02
1.433694083243608475e-02
1.407644897699356079e-02
2.119910344481468201e-02
1.958847790956497192e-02
2.001002430915832520e-02
2.292232401669025421e-02
1.587820798158645630e-02
2.289406210184097290e-02
2.598335593938827515e-02
2.545794844627380371e-02
2.385441027581691742e-02
1.721362024545669556e-02
2.296255528926849365e-02
2.429765462875366211e-02
1.378460321575403214e-02
2.158484049141407013e-02
1.890615187585353851e-02
2.421889826655387878e-02
2.008152380585670471e-02
2.093150839209556580e-02
9.035384282469749451e-03
1.959395781159400940e-02
1.828617043793201447e-02
2.212769351899623871e-02
1.693794131278991699e-02
1.775006577372550964e-02
1.812796667218208313e-02
1.656380482017993927e-02
1.225468516349792480e-02
1.825580373406410217e-02
1.328773517161607742e-02
1.137566938996315002e-02
1.670183986425399780e-02
1.093261502683162689e-02
1.262531150132417679e-02
7.535149343311786652e-03
1.486433856189250946e-02
1.214211620390415192e-02
8.580058813095092773e-03
1.582076959311962128e-02
8.567361161112785339e-03
1.530497428029775620e-02
1.238684076815843582e-02
1.484292745590209961e-02
1.386557333171367645e-02
1.694921962916851044e-02
1.271694153547286987e-02
2.004547417163848877e-02
2.041239850223064423e-02
1.979955658316612244e-02
1.987764425575733185e-02
2.385843917727470398e-02
2.255600318312644958e-02
2.306830510497093201e-02
2.250582352280616760e-02
2.001868933439254761e-02
2.112210914492607117e-02
2.247044257819652557e-02
2.347755432128906250e-02
2.078063786029815674e-02
2.245149761438369751e-02
1.364742778241634369e-02
1.165205426514148712e-02
1.178204827010631561e-02
1.759643107652664185e-02
9.886367246508598328e-03
1.159662287682294846e-02
7.812567055225372314e-03
1.470785122364759445e-02
1.292069628834724426e-02
8.229468017816543579e-03
1.636314764618873596e-02
9.445950388908386230e-03
1.467785704880952835e-02
1.276899874210357666e-02
1.128475181758403778e-02
1.351175084710121155e-02
1.580103114247322083e-02
8.940013125538825989e-03
1.621476560831069946e-02
1.576880738139152527e-02
2.105632051825523376e-02
2.000294625759124756e-02
2.025696076452732086e-02
9.912001900374889374e-03
2.162311971187591553e-02
2.249578014016151428e-02
2.265283465385437012e-02
2.036170475184917450e-02
2.231110818684101105e-02
2.222017757594585419e-02
2.072741463780403137e-02
1.793716847896575928e-02
1.129459589719772339e-02
1.184755191206932068e-02
1.330803148448467255e-02
1.328933052718639374e-02
1.150054298341274261e-02
1.701401919126510620e-02
1.276655774563550949e-02
1.632129400968551636e-02
1.400279439985752106e-02
1.650382950901985168e-02
1.880933716893196106e-02
1.414414774626493454e-02
2.099001035094261169e-02
2.079724706709384918e-02
2.170514315366744995e-02
2.311247587203979492e-02
2.492839656770229340e-02
2.535917982459068298e-02
2.893288433551788330e-02
2.607433311641216278e-02
2.348443493247032166e-02
2.679521963000297546e-02
2.582345157861709595e-02
3.696019202470779419e-02
2.700780518352985382e-02
2.633369527757167816e-02
2.888564020395278931e-02
2.810789272189140320e-02
2.550183981657028198e-02
2.423372864723205566e-02
2.471251226961612701e-02
2.662862837314605713e-02
1.205933932214975357e-02
1.329434290528297424e-02
1.159770600497722626e-02
1.285749860107898712e-02
1.327391527593135834e-02
1.867191493511199951e-02
1.261362805962562561e-02
1.562125142663717270e-02
1.499467995017766953e-02
1.706922426819801331e-02
1.820681616663932800e-02
1.868742518126964569e-02
2.091980911791324615e-02
2.226379700005054474e-02
1.723897643387317657e-02
2.109884470701217651e-02
2.082266844809055328e-02
1.512031536549329758e-02
2.242493443191051483e-02
2.008440159261226654e-02
2.707236260175704956e-02
2.617904916405677795e-02
2.487249113619327545e-02
1.209674589335918427e-02
2.609994076192378998e-02
2.710101380944252014e-02
2.654604986310005188e-02
2.402536198496818542e-02
2.565088868141174316e-02
2.631145343184471130e-02
2.493396587669849396e-02
1.987610571086406708e-02
1.937731355428695679e-02
1.821901649236679077e-02
1.552046090364456177e-02
2.141022309660911560e-02
1.695391163229942322e-02
2.212337031960487366e-02
1.429189182817935944e-02
2.457604929804801941e-02
1.667164266109466553e-02
2.144634723663330078e-02
2.149187028408050537e-02
1.446383260190486908e-02
1.959652453660964966e-02
2.175707370042800903e-02
2.533491142094135284e-02
2.153835445642471313e-02
2.325023896992206573e-02
2.870786376297473907e-02
2.287620119750499725e-02
2.672372013330459595e-02
1.812499016523361206e-02
1.960897818207740784e-02
2.020741254091262817e-02
2.965894713997840881e-02
1.786815747618675232e-02
1.861670613288879395e-02
1.975096575915813446e-02
1.691040396690368652e-02
1.650229841470718384e-02
1.808198727667331696e-02
1.590675301849842072e-02
1.627102121710777283e-02
1.593964919447898865e-02
1.623018644750118256e-02
1.927770115435123444e-02
1.634858548641204834e-02
1.416223123669624329e-02
2.283041551709175110e-02
1.883485913276672363e-02
1.875787228345870972e-02
2.340389043092727661e-02
1.562727987766265869e-02
2.215249650180339813e-02
2.319893240928649902e-02
2.357497811317443848e-02
2.275322936475276947e-02
1.622051745653152466e-02
2.000724337995052338e-02
1.851930469274520874e-02
1.323099061846733093e-02
1.951950043439865112e-02
1.844158954918384552e-02
2.034446597099304199e-02
1.957824453711509705e-02
1.794052869081497192e-02
7.886972278356552124e-03
1.646639965474605560e-02
1.736463233828544617e-02
2.062188833951950073e-02
1.465845853090286255e-02
1.580367609858512878e-02
1.544942148029804230e-02
1.469236519187688828e-02
1.104971580207347870e-02
1.779711991548538208e-02
1.798675209283828735e-02
1.626506820321083069e-02
2.014404535293579102e-02
1.734165102243423462e-02
2.104458957910537720e-02
1.601676642894744873e-02
2.416041865944862366e-02
1.812742277979850769e-02
2.427926659584045410e-02
2.337731420993804932e-02
1.547965314239263535e-02
2.101931162178516388e-02
2.162867970764636993e-02
2.788215689361095428e-02
2.267432585358619690e-02
2.490926533937454224e-02
3.290848433971405029e-02
2.695390768349170685e-02
2.735595032572746277e-02
2.136328071355819702e-02
2.174362167716026306e-02
2.252935618162155151e-02
3.412383049726486206e-02
2.109928242862224579e-02
1.991561427712440491e-02
2.109249494969844818e-02
1.980100199580192566e-02
1.979769021272659302e-02
2.107302658259868622e-02
1.893383264541625977e-02
1.917185261845588684e-02
1.775084622204303741e-02
1.639147475361824036e-02
1.920719817280769348e-02
1.668738573789596558e-02
1.618953421711921692e-02
2.071019262075424194e-02
1.882795430719852448e-02
2.026655897498130798e-02
2.213744260370731354e-02
1.746517047286033630e-02
2.598502859473228455e-02
2.425786107778549194e-02
2.413143403828144073e-02
2.503278106451034546e-02
1.673158071935176849e-02
2.173726260662078857e-02
2.114002034068107605e-02
1.371016725897789001e-02
2.110786363482475281e-02
1.953219436109066010e-02
2.722807601094245911e-02
2.369997277855873108e-02
2.082943543791770935e-02
9.463859722018241882e-03
1.987679302692413330e-02
1.963790506124496460e-02
2.250246703624725342e-02
1.750684529542922974e-02
1.910197548568248749e-02
1.891790144145488739e-02
1.757275685667991638e-02
1.331502757966518402e-02
1.555262599140405655e-02
1.536347717046737671e-02
1.390294544398784637e-02
1.522609498351812363e-02
1.455763541162014008e-02
1.836824417114257812e-02
1.268220692873001099e-02
2.171451225876808167e-02
1.653913781046867371e-02
1.964695937931537628e-02
2.043109014630317688e-02
1.480541937053203583e-02
1.851294934749603271e-02
1.934717409312725067e-02
2.457675524055957794e-02
2.048957906663417816e-02
2.150584757328033447e-02
2.963138185441493988e-02
2.131905779242515564e-02
2.164515852928161621e-02
1.772797107696533203e-02
1.771934702992439270e-02
1.913332939147949219e-02
2.976707741618156433e-02
1.738608628511428833e-02
1.681661047041416168e-02
1.739499717950820923e-02
1.679429039359092712e-02
1.670180633664131165e-02
1.774781756103038788e-02
1.547025889158248901e-02
1.695162802934646606e-02
1.446082442998886108e-02
1.386922597885131836e-02
1.478948537260293961e-02
1.346271857619285583e-02
1.317754760384559631e-02
1.820689812302589417e-02
1.611766219139099121e-02
1.705833151936531067e-02
1.846303232014179230e-02
1.502308435738086700e-02
2.175987139344215393e-02
2.264672145247459412e-02
2.285933680832386017e-02
2.264055050909519196e-02
1.394996698945760727e-02
1.800958439707756042e-02
1.797739975154399872e-02
1.196519937366247177e-02
1.807331107556819916e-02
1.582118682563304901e-02
2.035014703869819641e-02
1.898604817688465118e-02
1.859070733189582825e-02
7.656941656023263931e-03
1.669454202055931091e-02
1.623930782079696655e-02
1.798745803534984589e-02
1.636984758079051971e-02
1.575419306755065918e-02
1.586877927184104919e-02
1.582353934645652771e-02
1.210203114897012711e-02
1.593452692031860352e-02
1.283891778439283371e-02
1.745343767106533051e-02
1.385017205029726028e-02
2.110347524285316467e-02
2.037289366126060486e-02
2.020516991615295410e-02
2.088684216141700745e-02
1.754714921116828918e-02
2.353759296238422394e-02
2.058406174182891846e-02
2.100614458322525024e-02
1.739188469946384430e-02
2.227189391851425171e-02
1.798723824322223663e-02
1.707848161458969116e-02
3.059146925806999207e-02
1.858434081077575684e-02
2.935893833637237549e-02
3.096554428339004517e-02
2.188917249441146851e-02
2.711601182818412781e-02
1.300402078777551651e-02
2.053808793425559998e-02
2.046080678701400757e-02
2.100355736911296844e-02
2.101898938417434692e-02
2.053011395037174225e-02
1.801780425012111664e-02
2.140090614557266235e-02
2.285331115126609802e-02
2.068563550710678101e-02
1.565667241811752319e-02
1.502512581646442413e-02
1.738296821713447571e-02
1.450006198137998581e-02
2.040234580636024475e-02
1.747310534119606018e-02
1.941793784499168396e-02
2.170485630631446838e-02
1.993217132985591888e-02
2.063670195639133453e-02
2.189326286315917969e-02
1.916089281439781189e-02
2.123503200709819794e-02
2.661751210689544678e-02
2.289034612476825714e-02
2.437509596347808838e-02
2.656342647969722748e-02
2.669481560587882996e-02
3.019401058554649353e-02
1.833132654428482056e-02
3.746031969785690308e-02
2.417487651109695435e-02
3.010922484099864960e-02
2.408069744706153870e-02
2.269518747925758362e-02
2.070611342787742615e-02
2.218288183212280273e-02
2.148334309458732605e-02
2.159914933145046234e-02
2.169721014797687531e-02
2.158986777067184448e-02
2.164942398667335510e-02
1.388170570135116577e-02
2.624928764998912811e-02
1.243631169199943542e-02
2.058333903551101685e-02
1.924918219447135925e-02
1.383730769157409668e-02
1.471610460430383682e-02
1.863017305731773376e-02
2.023049630224704742e-02
1.417822111397981644e-02
1.119343005120754242e-02
1.959798112511634827e-02
1.388014294207096100e-02
1.323550939559936523e-02
1.466349605470895767e-02
1.154150068759918213e-02
2.165321074426174164e-02
1.107097603380680084e-02
2.066377922892570496e-02
2.501804754137992859e-02
1.566424965858459473e-02
1.951527409255504608e-02
9.877588599920272827e-03
1.696335896849632263e-02
1.653064787387847900e-02
1.563720777630805969e-02
1.641770265996456146e-02
1.623697578907012939e-02
1.323785074055194855e-02
1.674264483153820038e-02
1.897525228559970856e-02
1.580404117703437805e-02
2.223457023501396179e-02
2.051919326186180115e-02
1.947307586669921875e-02
2.384905144572257996e-02
1.856750249862670898e-02
1.387602835893630981e-02
1.125460118055343628e-02
1.721532270312309265e-02
2.411631122231483459e-02
1.534240134060382843e-02
1.414190139621496201e-02
1.557656843215227127e-02
1.774776726961135864e-02
1.556899305433034897e-02
1.626914367079734802e-02
1.750680804252624512e-02
1.969020441174507141e-02
1.566471159458160400e-02
1.877720281481742859e-02
1.543586421757936478e-02
2.889555692672729492e-02
1.718952134251594543e-02
2.244173735380172729e-02
1.754061132669448853e-02
1.644136384129524231e-02
1.610843837261199951e-02
1.608630269765853882e-02
1.670306175947189331e-02
1.665593497455120087e-02
1.697864383459091187e-02
1.831790246069431305e-02
1.712021604180335999e-02
1.077047921717166901e-02
8.675334975123405457e-03
1.036616973578929901e-02
8.051293902099132538e-03
1.126652397215366364e-02
9.575679898262023926e-03
1.112792361527681351e-02
1.052949484437704086e-02
9.180674329400062561e-03
1.462919823825359344e-02
1.723697781562805176e-02
1.594012603163719177e-02
1.699590682983398438e-02
1.910439878702163696e-02
2.386264316737651825e-02
2.112312614917755127e-02
2.281443774700164795e-02
2.124103903770446777e-02
2.617905661463737488e-02
2.554599381983280182e-02
2.920495532453060150e-02
3.743067383766174316e-02
1.710166782140731812e-02
3.893619775772094727e-02
4.016006737947463989e-02
4.002727568149566650e-02
4.007611051201820374e-02
3.768386691808700562e-02
3.207942843437194824e-02
3.771784156560897827e-02
3.906635195016860962e-02
3.306140378117561340e-02
1.099366694688796997e-02
9.441044181585311890e-03
1.040046382695436478e-02
8.747134357690811157e-03
1.135148014873266220e-02
9.048728272318840027e-03
1.129132043570280075e-02
1.024811528623104095e-02
9.323298931121826172e-03
1.311300694942474365e-02
1.622734405100345612e-02
1.569582149386405945e-02
1.828321814537048340e-02
1.834217086434364319e-02
2.373728528618812561e-02
2.254745177924633026e-02
2.200279943645000458e-02
2.494057454168796539e-02
2.635083720088005066e-02
2.205904200673103333e-02
3.925887495279312134e-02
3.235154226422309875e-02
3.091304004192352295e-02
4.196579009294509888e-02
4.015227407217025757e-02
3.966853767633438110e-02
4.152367264032363892e-02
3.938844427466392517e-02
3.817683830857276917e-02
4.042059928178787231e-02
3.731083869934082031e-02
3.701687231659889221e-02
1.544975023716688156e-02
1.150469109416007996e-02
1.616459526121616364e-02
1.243239361792802811e-02
1.669156551361083984e-02
1.589599810540676117e-02
1.604551821947097778e-02
1.627037487924098969e-02
1.264573261141777039e-02
1.898960210382938385e-02
1.540245302021503448e-02
1.523302495479583740e-02
1.588615775108337402e-02
1.745793223381042480e-02
1.627180725336074829e-02
1.369245722889900208e-02
2.210682444274425507e-02
1.428412459790706635e-02
2.476822584867477417e-02
2.072238922119140625e-02
1.963104121387004852e-02
2.547012269496917725e-02
1.078774500638246536e-02
2.174791321158409119e-02
2.324019372463226318e-02
2.336378768086433411e-02
2.671410702168941498e-02
2.446374669671058655e-02
1.782738789916038513e-02
2.533311396837234497e-02
2.626942098140716553e-02
2.102917805314064026e-02
1.501895766705274582e-02
1.401425898075103760e-02
1.576084643602371216e-02
1.232833694666624069e-02
1.617795228958129883e-02
1.313012093305587769e-02
1.561079267412424088e-02
1.603115350008010864e-02
1.388495974242687225e-02
1.732753962278366089e-02
1.624575816094875336e-02
1.515970844775438309e-02
1.751621812582015991e-02
1.948704943060874939e-02
1.882695034146308899e-02
1.903740875422954559e-02
2.015679143369197845e-02
1.900861226022243500e-02
2.216520160436630249e-02
1.369864679872989655e-02
3.135017678141593933e-02
2.121904864907264709e-02
2.200127020478248596e-02
2.608609199523925781e-02
2.499643899500370026e-02
2.495037019252777100e-02
2.354239113628864288e-02
2.435871027410030365e-02
2.317627891898155212e-02
2.559254877269268036e-02
2.430618926882743835e-02
2.562946453690528870e-02
1.485383138060569763e-02
1.477647107094526291e-02
1.385349035263061523e-02
1.725225709378719330e-02
1.864912360906600952e-02
2.127727679908275604e-02
2.217171341180801392e-02
2.299482002854347229e-02
1.973521150648593903e-02
2.096907608211040497e-02
1.863215304911136627e-02
2.640966325998306274e-02
2.099474519491195679e-02
1.962085068225860596e-02
1.950814202427864075e-02
1.764428615570068359e-02
2.381908148527145386e-02
1.495008729398250580e-02
2.432462945580482483e-02
3.016388416290283203e-02
1.759862340986728668e-02
2.225875481963157654e-02
1.090487185865640640e-02
1.678615622222423553e-02
1.666763052344322205e-02
1.819727942347526550e-02
1.669513061642646790e-02
1.719638518989086151e-02
1.421041786670684814e-02
1.942124962806701660e-02
1.997205056250095367e-02
1.842444390058517456e-02
1.600641570985317230e-02
1.614589244127273560e-02
1.777320355176925659e-02
2.110491506755352020e-02
1.945223659276962280e-02
2.080763131380081177e-02
1.887875050306320190e-02
2.236494421958923340e-02
2.166122756898403168e-02
2.233125641942024231e-02
2.188853360712528229e-02
2.261528745293617249e-02
2.685216814279556274e-02
2.682233043015003204e-02
2.388824522495269775e-02
2.428857237100601196e-02
2.546428889036178589e-02
2.571891807019710541e-02
2.311121113598346710e-02
1.462854072451591492e-02
3.185945376753807068e-02
1.950832083821296692e-02
2.921098843216896057e-02
2.022428065538406372e-02
1.828377321362495422e-02
1.789411902427673340e-02
1.799102313816547394e-02
1.763222366571426392e-02
2.132243849337100983e-02
1.776158250868320465e-02
2.054722979664802551e-02
1.894369907677173615e-02
1.491423137485980988e-02
1.210277434438467026e-02
1.634207926690578461e-02
1.231705956161022186e-02
1.585263386368751526e-02
1.594199612736701965e-02
1.564887538552284241e-02
1.490604691207408905e-02
1.142292283475399017e-02
1.816330477595329285e-02
1.446422375738620758e-02
1.427745819091796875e-02
1.516215503215789795e-02
1.672780513763427734e-02
1.500444673001766205e-02
1.275070197880268097e-02
2.238528057932853699e-02
1.169903576374053955e-02
2.079709991812705994e-02
1.764749735593795776e-02
1.929664984345436096e-02
2.630438469350337982e-02
9.784338995814323425e-03
2.283742837607860565e-02
2.410947158932685852e-02
2.494509518146514893e-02
2.750871889293193817e-02
2.452784404158592224e-02
1.738686487078666687e-02
2.558239921927452087e-02
2.337567694485187531e-02
2.082497999072074890e-02
1.411229558289051056e-02
1.348399650305509567e-02
1.462512649595737457e-02
1.224086899310350418e-02
1.679319143295288086e-02
1.349433884024620056e-02
1.662722788751125336e-02
1.398886088281869888e-02
1.352225989103317261e-02
1.532649435102939606e-02
1.515295635908842087e-02
1.447609160095453262e-02
1.621247082948684692e-02
1.772462576627731323e-02
1.657098904252052307e-02
1.647641882300376892e-02
2.095372788608074188e-02
1.763032935559749603e-02
2.361759543418884277e-02
1.305044814944267273e-02
2.872554957866668701e-02
2.196640148758888245e-02
2.232793718576431274e-02
2.811716496944427490e-02
2.409109659492969513e-02
2.849181182682514191e-02
2.580602839589118958e-02
2.829697541892528534e-02
2.327315136790275574e-02
2.539568580687046051e-02
2.819398790597915649e-02
2.547712810337543488e-02
1.565793156623840332e-02
1.333151757717132568e-02
1.613786816596984863e-02
1.463928259909152985e-02
1.793238893151283264e-02
1.853114366531372070e-02
1.793166995048522949e-02
1.626301556825637817e-02
1.428574882447719574e-02
1.862685382366180420e-02
1.522397529333829880e-02
1.580425910651683807e-02
1.451297476887702942e-02
1.675338856875896454e-02
1.458523236215114594e-02
1.362417545169591904e-02
2.260180562734603882e-02
1.206212397664785385e-02
2.399588003754615784e-02
2.291087433695793152e-02
1.858387142419815063e-02
2.693646401166915894e-02
1.038703508675098419e-02
2.163529582321643829e-02
2.266462892293930054e-02
2.217027917504310608e-02
2.383461967110633850e-02
2.389143593609333038e-02
1.641868054866790771e-02
2.376333996653556824e-02
2.488830313086509705e-02
2.477590367197990417e-02
1.671526953577995300e-02
1.608760282397270203e-02
1.708230376243591309e-02
1.576665416359901428e-02
2.033619582653045654e-02
1.424443908035755157e-02
1.669226586818695068e-02
1.696191355586051941e-02
1.768462173640727997e-02
1.635614596307277679e-02
1.672419719398021698e-02
1.492166891694068909e-02
1.779870875179767609e-02
1.895624957978725433e-02
1.788604259490966797e-02
1.846067234873771667e-02
2.169720456004142761e-02
1.815222762525081635e-02
2.422207407653331757e-02
1.384483650326728821e-02
2.804508619010448456e-02
2.190370671451091766e-02
2.376874536275863647e-02
2.658592723309993744e-02
2.504672110080718994e-02
2.498012781143188477e-02
2.311534434556961060e-02
2.487198635935783386e-02
2.220156416296958923e-02
2.633994817733764648e-02
2.412011846899986267e-02
2.465812675654888153e-02
1.556818373501300812e-02
9.843340143561363220e-03
1.528497599065303802e-02
1.041979156434535980e-02
1.619114726781845093e-02
1.501392852514982224e-02
1.500084623694419861e-02
1.436982490122318268e-02
1.114990189671516418e-02
1.801281422376632690e-02
1.617055945098400116e-02
1.319876592606306076e-02
1.461642049252986908e-02
1.789573952555656433e-02
1.643072441220283508e-02
1.478382106870412827e-02
1.826542243361473083e-02
1.428527943789958954e-02
1.911259256303310394e-02
1.968454383313655853e-02
2.031585946679115295e-02
2.391226962208747864e-02
1.245428714901208878e-02
2.233447693288326263e-02
2.379454299807548523e-02
2.583703771233558655e-02
2.669525891542434692e-02
2.616912685334682465e-02
2.060513943433761597e-02
2.747816964983940125e-02
3.060268983244895935e-02
2.602234110236167908e-02
1.650932990014553070e-02
1.226297114044427872e-02
1.594790071249008179e-02
1.083117444068193436e-02
1.570016145706176758e-02
1.261922158300876617e-02
1.643035933375358582e-02
1.394646801054477692e-02
1.195981912314891815e-02
1.560229621827602386e-02
1.540884468704462051e-02
1.239374838769435883e-02
1.596755348145961761e-02
2.004636824131011963e-02
1.706625148653984070e-02
1.827895455062389374e-02
1.800273731350898743e-02
1.904237642884254456e-02
1.918659918010234833e-02
1.468217559158802032e-02
2.738050371408462524e-02
2.323109097778797150e-02
2.428203076124191284e-02
2.605247870087623596e-02
2.466476708650588989e-02
2.574156224727630615e-02
2.389241755008697510e-02
2.419794723391532898e-02
2.606003172695636749e-02
2.682263031601905823e-02
2.664792165160179138e-02
2.740648761391639709e-02
9.791018441319465637e-03
1.006928831338882446e-02
1.591707766056060791e-02
1.268811151385307312e-02
1.285285037010908127e-02
1.826060563325881958e-02
1.747692003846168518e-02
1.974267885088920593e-02
2.069449797272682190e-02
2.016032487154006958e-02
1.836184784770011902e-02
2.440971881151199341e-02
2.160883508622646332e-02
1.140661351382732391e-02
2.286019548773765564e-02
2.458461001515388489e-02
2.310295216739177704e-02
1.280496269464492798e-02
2.018515206873416901e-02
2.900191769003868103e-02
2.517925575375556946e-02
1.961708068847656250e-02
2.051353640854358673e-02
7.481976412236690521e-03
1.945597305893898010e-02
1.556476578116416931e-02
1.919627934694290161e-02
1.750806532800197601e-02
1.625562086701393127e-02
1.456563733518123627e-02
1.655792444944381714e-02
1.596141234040260315e-02
1.018391642719507217e-02
1.209364645183086395e-02
1.273103523999452591e-02
1.459319330751895905e-02
1.543569099158048630e-02
2.152884192764759064e-02
1.242755353450775146e-02
1.728362031280994415e-02
1.366344466805458069e-02
1.891085878014564514e-02
2.275072783231735229e-02
1.263820379972457886e-02
2.118976041674613953e-02
2.643434144556522369e-02
1.847590878605842590e-02
1.761482656002044678e-02
2.137003466486930847e-02
3.143960610032081604e-02
2.284619584679603577e-02
1.137087121605873108e-02
1.794715598225593567e-02
2.080285176634788513e-02
2.121736668050289154e-02
2.693408355116844177e-02
1.949290186166763306e-02
9.655453264713287354e-03
1.765851676464080811e-02
1.706579141318798065e-02
1.711610704660415649e-02
1.834979467093944550e-02
1.776412501931190491e-02
1.709591969847679138e-02
1.571011543273925781e-02
1.596466079354286194e-02
2.596676349639892578e-02
1.580411940813064575e-02
1.628146693110466003e-02
1.869856938719749451e-02
2.468049153685569763e-02
2.441413514316082001e-02
2.664750069379806519e-02
2.327994629740715027e-02
1.845140382647514343e-02
2.643744088709354401e-02
2.214833348989486694e-02
9.843371808528900146e-03
2.345696091651916504e-02
2.378643490374088287e-02
1.856378652155399323e-02
9.607840329408645630e-03
1.741137728095054626e-02
2.653772011399269104e-02
2.620180696249008179e-02
1.591756194829940796e-02
1.374140195548534393e-02
4.811892751604318619e-03
1.333288289606571198e-02
1.202983688563108444e-02
1.143423095345497131e-02
1.069690287113189697e-02
9.185845032334327698e-03
9.987931698560714722e-03
8.219478651881217957e-03
9.793348610401153564e-03
1.962591148912906647e-02
2.513848617672920227e-02
1.705213636159896851e-02
2.799433097243309021e-02
2.587975934147834778e-02
2.408938668668270111e-02
1.445260178297758102e-02
2.064543589949607849e-02
1.244988292455673218e-02
2.022627741098403931e-02
2.217788621783256531e-02
1.114977709949016571e-02
2.221605554223060608e-02
2.987725660204887390e-02
1.598278060555458069e-02
1.500149443745613098e-02
2.074128203094005585e-02
3.079834021627902985e-02
1.946645230054855347e-02
7.203107699751853943e-03
1.534430868923664093e-02
1.434806361794471741e-02
1.552287861704826355e-02
2.350803464651107788e-02
1.357605494558811188e-02
6.416145712137222290e-03
1.091950852423906326e-02
1.139604020863771439e-02
1.095265708863735199e-02
1.135428994894027710e-02
1.068104989826679230e-02
1.030924264341592789e-02
1.609942317008972168e-02
1.517449691891670227e-02
1.836915686726570129e-02
1.586883887648582458e-02
1.622642949223518372e-02
1.942413486540317535e-02
2.051995880901813507e-02
2.210148796439170837e-02
2.173915132880210876e-02
2.272740751504898071e-02
1.880817115306854248e-02
2.367717213928699493e-02
1.975973322987556458e-02
1.362664997577667236e-02
2.276050299406051636e-02
2.610504254698753357e-02
2.161815017461776733e-02
1.272886060178279877e-02
2.348515763878822327e-02
2.642278932034969330e-02
2.736426517367362976e-02
2.015927992761135101e-02
1.865395158529281616e-02
7.394446991384029388e-03
1.883213222026824951e-02
1.894092932343482971e-02
1.777652464807033539e-02
1.659898832440376282e-02
1.509231142699718475e-02
1.377747766673564911e-02
1.485291589051485062e-02
1.622754335403442383e-02
1.525496039539575577e-02
1.811628416180610657e-02
1.473461836576461792e-02
1.956295780837535858e-02
1.865601725876331329e-02
2.398354001343250275e-02
1.524764858186244965e-02
1.872551813721656799e-02
1.468964200466871262e-02
1.948289759457111359e-02
2.407623082399368286e-02
1.390011701732873917e-02
2.175719663500785828e-02
2.593412250280380249e-02
1.759287714958190918e-02
1.618175022304058075e-02
2.194073796272277832e-02
2.853053808212280273e-02
2.344639785587787628e-02
1.129999291151762009e-02
1.921736449003219604e-02
1.894175633788108826e-02
2.071345224976539612e-02
2.776066400110721588e-02
1.916256174445152283e-02
1.139099244028329849e-02
1.763247326016426086e-02
1.579152606427669525e-02
1.588417403399944305e-02
1.737163215875625610e-02
1.604754477739334106e-02
1.651033945381641388e-02
5.236001685261726379e-03
9.519713930785655975e-03
8.878186345100402832e-03
1.249362155795097351e-02
1.329767052084207535e-02
1.581951603293418884e-02
1.381616480648517609e-02
1.594106480479240417e-02
1.794120669364929199e-02
1.898353360593318939e-02
1.737117022275924683e-02
1.988485082983970642e-02
2.084627002477645874e-02
1.986788213253021240e-02
2.283160760998725891e-02
2.413975819945335388e-02
2.646149881184101105e-02
1.692591980099678040e-02
3.110448643565177917e-02
3.124077245593070984e-02
3.623702749609947205e-02
3.457848355174064636e-02
3.360228613018989563e-02
1.242095232009887695e-02
3.243559971451759338e-02
3.198314458131790161e-02
3.418069332838058472e-02
3.218874335289001465e-02
3.114534541964530945e-02
2.419391088187694550e-02
2.890010923147201538e-02
3.389336168766021729e-02
6.302759982645511627e-03
8.679958991706371307e-03
9.428352117538452148e-03
1.113284192979335785e-02
1.119730435311794281e-02
1.427960488945245743e-02
1.530113443732261658e-02
1.656057499349117279e-02
1.733855903148651123e-02
1.919035986065864563e-02
1.844350062310695648e-02
1.766097173094749451e-02
1.843339577317237854e-02
2.301611006259918213e-02
2.190305665135383606e-02
1.983311027288436890e-02
2.663865312933921814e-02
2.479582466185092926e-02
3.430499136447906494e-02
2.409216761589050293e-02
3.450836613774299622e-02
3.220407292246818542e-02
3.301280736923217773e-02
2.989039942622184753e-02
3.874197229743003845e-02
2.191069722175598145e-02
3.503619134426116943e-02
3.294100612401962280e-02
3.160794824361801147e-02
3.281438350677490234e-02
3.048580512404441833e-02
2.944565750658512115e-02
1.515616104006767273e-02
1.434741169214248657e-02
1.289804838597774506e-02
1.572897657752037048e-02
1.483821310102939606e-02
2.050282806158065796e-02
1.618710905313491821e-02
1.908151805400848389e-02
1.684562489390373230e-02
2.087063714861869812e-02
1.883745938539505005e-02
1.708884537220001221e-02
2.235161326825618744e-02
1.509502064436674118e-02
2.104900404810905457e-02
2.104869298636913300e-02
2.446483820676803589e-02
1.341350562870502472e-02
2.465334534645080566e-02
2.133142948150634766e-02
2.908866107463836670e-02
2.991813793778419495e-02
2.253099530935287476e-02
9.905204176902770996e-03
3.093242645263671875e-02
2.738663926720619202e-02
2.815706655383110046e-02
2.575309388339519501e-02
2.533111721277236938e-02
1.918421126902103424e-02
2.697367779910564423e-02
2.708194777369499207e-02
1.091780513525009155e-02
1.450060028582811356e-02
1.226814370602369308e-02
1.515111327171325684e-02
1.386712118983268738e-02
1.961682178080081940e-02
1.628234796226024628e-02
1.869211345911026001e-02
1.497261784970760345e-02
2.132789418101310730e-02
2.245001867413520813e-02
1.489309500902891159e-02
2.254573628306388855e-02
2.062484063208103180e-02
2.003258094191551208e-02
1.659879460930824280e-02
2.538164332509040833e-02
2.024761401116847992e-02
2.633839473128318787e-02
1.490819640457630157e-02
2.396908774971961975e-02
2.642506547272205353e-02
2.748145535588264465e-02
2.422590181231498718e-02
2.686918526887893677e-02
1.568412408232688904e-02
2.728013694286346436e-02
2.495783753693103790e-02
2.515683881938457489e-02
2.757489308714866638e-02
2.664014883339405060e-02
2.531244233250617981e-02
6.088200956583023071e-03
9.036920964717864990e-03
9.964722208678722382e-03
1.209960319101810455e-02
1.058605313301086426e-02
1.630872488021850586e-02
1.249527465552091599e-02
1.752974092960357666e-02
1.491494104266166687e-02
1.792839542031288147e-02
1.734592020511627197e-02
1.789488643407821655e-02
1.942731998860836029e-02
1.524296216666698456e-02
2.242462895810604095e-02
2.374123968183994293e-02
2.364085800945758820e-02
1.453753374516963959e-02
2.715976908802986145e-02
2.964585833251476288e-02
3.232185170054435730e-02
2.760510519146919250e-02
2.421623468399047852e-02
1.036814041435718536e-02
2.800232544541358948e-02
2.503380924463272095e-02
2.913119457662105560e-02
2.404674887657165527e-02
2.334127761423587799e-02
1.938489824533462524e-02
2.377166040241718292e-02
2.424237504601478577e-02
6.996839307248592377e-03
9.263434447348117828e-03
8.725743740797042847e-03
1.025511324405670166e-02
1.030837651342153549e-02
1.569456979632377625e-02
1.289388630539178848e-02
1.606266200542449951e-02
1.348127424716949463e-02
1.793432980775833130e-02
1.873477175831794739e-02
1.334605552256107330e-02
2.111312560737133026e-02
2.095445059239864349e-02
1.860212534666061401e-02
1.740358583629131317e-02
2.377630025148391724e-02
2.673146501183509827e-02
2.699560299515724182e-02
1.885031163692474365e-02
2.945801243185997009e-02
2.705904096364974976e-02
2.585853822529315948e-02
2.759943902492523193e-02
2.703848481178283691e-02
1.624536328017711639e-02
2.681449428200721741e-02
2.417694404721260071e-02
2.417007461190223694e-02
2.563472464680671692e-02
2.309617027640342712e-02
2.133100666105747223e-02
4.494391381740570068e-03
6.665525026619434357e-03
5.485706496983766556e-03
8.319941349327564240e-03
7.572605274617671967e-03
9.786335751414299011e-03
7.585812825709581375e-03
8.508461527526378632e-03
9.345091879367828369e-03
1.117336750030517578e-02
1.074057910591363907e-02
1.229747757315635681e-02
1.418186537921428680e-02
1.424454525113105774e-02
1.650085486471652985e-02
1.766386628150939941e-02
1.533087901771068573e-02
1.328074932098388672e-02
1.731564104557037354e-02
1.745480485260486603e-02
2.410069853067398071e-02
2.138364873826503754e-02
2.159947901964187622e-02
1.033420115709304810e-02
2.469391748309135437e-02
3.057489916682243347e-02
2.519492805004119873e-02
2.578796446323394775e-02
2.577425166964530945e-02
1.926808059215545654e-02
2.439166232943534851e-02
2.418473735451698303e-02
5.001778714358806610e-03
6.360472179949283600e-03
6.105035077780485153e-03
6.963795982301235199e-03
6.162638310343027115e-03
8.288525044918060303e-03
9.641349315643310547e-03
9.371735155582427979e-03
1.044213678687810898e-02
1.124857552349567413e-02
1.056485809385776520e-02
1.221327763050794601e-02
1.335786469280719757e-02
1.553032174706459045e-02
1.646956428885459900e-02
1.499753817915916443e-02
1.585865393280982971e-02
1.679727435111999512e-02
1.724981516599655151e-02
1.418624445796012878e-02
1.955518871545791626e-02
2.112647332251071930e-02
2.554206550121307373e-02
1.829306408762931824e-02
2.378551661968231201e-02
2.128594927489757538e-02
2.646243385970592499e-02
2.394710294902324677e-02
2.386230789124965668e-02
2.580578997731208801e-02
2.478262223303318024e-02
2.519252896308898926e-02
1.696127653121948242e-02
1.404124498367309570e-02
2.155299484729766846e-02
1.456808112561702728e-02
1.425662450492382050e-02
1.802935823798179626e-02
2.014989405870437622e-02
2.018265053629875183e-02
2.296261116862297058e-02
2.084873989224433899e-02
1.575911045074462891e-02
2.330697700381278992e-02
1.788172870874404907e-02
9.351292625069618225e-03
2.013177424669265747e-02
2.058830857276916504e-02
1.725201867520809174e-02
8.839776739478111267e-03
1.636313647031784058e-02
2.475241199135780334e-02
2.173613384366035461e-02
1.641601696610450745e-02
1.429944764822721481e-02
4.791973624378442764e-03
1.411234028637409210e-02
1.211274228990077972e-02
1.248692721128463745e-02
1.183155179023742676e-02
1.017781905829906464e-02
1.084402482956647873e-02
9.461178444325923920e-03
1.084579341113567352e-02
1.741848886013031006e-02
2.000104077160358429e-02
1.518427021801471710e-02
2.258321642875671387e-02
2.048846334218978882e-02
2.091373875737190247e-02
1.286417059600353241e-02
1.730515621602535248e-02
1.105057448148727417e-02
1.747373864054679871e-02
1.822542212903499603e-02
9.990740567445755005e-03
1.951797679066658020e-02
2.610947750508785248e-02
1.474090665578842163e-02
1.326240599155426025e-02
1.927122846245765686e-02
2.945131994783878326e-02
1.923780702054500580e-02
7.108767516911029816e-03
1.481538452208042145e-02
1.479393709450960159e-02
1.680393517017364502e-02
2.269818261265754700e-02
1.395410206168889999e-02
6.687479559332132339e-03
1.257778424769639969e-02
1.242159493267536163e-02
1.124338712543249130e-02
1.210444420576095581e-02
1.168749295175075531e-02
1.178480684757232666e-02
1.624348573386669159e-02
1.669282466173171997e-02
1.676688715815544128e-02
1.803377829492092133e-02
1.576381549239158630e-02
1.968529447913169861e-02
1.840682327747344971e-02
1.884202472865581512e-02
2.112041413784027100e-02
2.346679382026195526e-02
2.237886935472488403e-02
2.154421620070934296e-02
2.495038695633411407e-02
2.493224479258060455e-02
2.332899346947669983e-02
2.700820565223693848e-02
3.144299983978271484e-02
2.715241536498069763e-02
2.726173773407936096e-02
3.383012488484382629e-02
3.480840474367141724e-02
2.191464230418205261e-02
3.437072783708572388e-02
3.735473752021789551e-02
3.438954800367355347e-02
3.513878583908081055e-02
3.477625548839569092e-02
3.616070002317428589e-02
3.732544928789138794e-02
3.640900552272796631e-02
3.159898519515991211e-02
2.753240615129470825e-02
1.721459627151489258e-02
1.517640985548496246e-02
1.900551468133926392e-02
1.632798090577125549e-02
1.655407994985580444e-02
2.020389959216117859e-02
1.690839603543281555e-02
1.952490955591201782e-02
1.807107776403427124e-02
2.476845309138298035e-02
2.080739103257656097e-02
2.051199041306972504e-02
2.222931757569313049e-02
2.359502390027046204e-02
2.367578446865081787e-02
2.488562092185020447e-02
2.780522219836711884e-02
2.200273051857948303e-02
2.530877664685249329e-02
3.474312275648117065e-02
3.697692975401878357e-02
3.043238632380962372e-02
3.587606549263000488e-02
3.738132491707801819e-02
3.626261651515960693e-02
3.771675378084182739e-02
3.503914549946784973e-02
3.554079681634902954e-02
3.426237404346466064e-02
3.577326238155364990e-02
2.979298494756221771e-02
3.129636496305465698e-02
1.164579205214977264e-02
1.252629980444908142e-02
1.126963924616575241e-02
1.519035175442695618e-02
1.211218722164630890e-02
1.596445962786674500e-02
1.325654424726963043e-02
1.649491116404533386e-02
1.618818566203117371e-02
1.407995447516441345e-02
1.491976901888847351e-02
1.420310884714126587e-02
1.721587218344211578e-02
2.138911373913288116e-02
1.526119187474250793e-02
2.014245837926864624e-02
2.231293916702270508e-02
2.128903567790985107e-02
2.005171775817871094e-02
2.568004652857780457e-02
2.732561901211738586e-02
1.971670798957347870e-02
3.312846273183822632e-02
3.526214137673377991e-02
3.689562901854515076e-02
3.781197592616081238e-02
3.688450157642364502e-02
3.798611834645271301e-02
3.539461642503738403e-02
3.726002946496009827e-02
3.518336266279220581e-02
2.950299531221389771e-02
1.249297335743904114e-02
1.225917041301727295e-02
1.244925148785114288e-02
1.529479771852493286e-02
1.288022566586732864e-02
1.611521467566490173e-02
1.169962808489799500e-02
1.680511608719825745e-02
1.553381420671939850e-02
1.529467571526765823e-02
1.664140820503234863e-02
1.453333254903554916e-02
1.607456058263778687e-02
1.908174529671669006e-02
1.617308147251605988e-02
2.009930834174156189e-02
2.076889574527740479e-02
1.759096235036849976e-02
1.888163387775421143e-02
2.785019390285015106e-02
2.720391936600208282e-02
2.350896224379539490e-02
3.046128898859024048e-02
3.525339439511299133e-02
3.684881702065467834e-02
3.930221125483512878e-02
3.607811033725738525e-02
3.784271329641342163e-02
3.760432451963424683e-02
3.581643849611282349e-02
3.274385631084442139e-02
2.811512723565101624e-02
1.364909671247005463e-02
1.080874633044004440e-02
1.021209638565778732e-02
1.944497041404247284e-02
7.459205575287342072e-03
1.168183144181966782e-02
1.052708923816680908e-02
1.188025437295436859e-02
1.014220807701349258e-02
8.885945193469524384e-03
1.189211010932922363e-02
7.807991467416286469e-03
1.133454311639070511e-02
1.378046721220016479e-02
8.805965073406696320e-03
1.321048382669687271e-02
1.741168461740016937e-02
1.615860313177108765e-02
1.581834256649017334e-02
2.354367449879646301e-02
2.363246679306030273e-02
1.560707949101924896e-02
2.179879695177078247e-02
2.533919923007488251e-02
2.265537902712821960e-02
2.610490843653678894e-02
2.084576338529586792e-02
2.446146123111248016e-02
2.371381595730781555e-02
2.307220920920372009e-02
2.239715307950973511e-02
2.036159113049507141e-02
1.247446797788143158e-02
1.219127327203750610e-02
1.348625682294368744e-02
1.551751047372817993e-02
9.521799162030220032e-03
1.268714480102062225e-02
1.002144813537597656e-02
1.164228096604347229e-02
8.359242230653762817e-03
1.065373048186302185e-02
1.069065183401107788e-02
9.235030040144920349e-03
1.148898899555206299e-02
1.222014520317316055e-02
9.514041244983673096e-03
1.406827196478843689e-02
1.709748245775699615e-02
1.267974544316530228e-02
1.755368709564208984e-02
2.234229072928428650e-02
2.533484250307083130e-02
1.945334672927856445e-02
2.388377860188484192e-02
2.320237457752227783e-02
2.572115138173103333e-02
2.713612653315067291e-02
2.241351269185543060e-02
2.222730591893196106e-02
2.485743165016174316e-02
2.112515084445476532e-02
1.945662125945091248e-02
2.248548343777656555e-02
1.087583880871534348e-02
1.150058582425117493e-02
9.897314012050628662e-03
1.259065605700016022e-02
1.144172251224517822e-02
1.228026114404201508e-02
1.357217971235513687e-02
1.272857561707496643e-02
1.645957678556442261e-02
1.147968880832195282e-02
1.395150460302829742e-02
1.563220471143722534e-02
1.575070060789585114e-02
1.836614683270454407e-02
1.557134743779897690e-02
1.686512120068073273e-02
2.106072753667831421e-02
2.230673283338546753e-02
1.879363879561424255e-02
2.369760721921920776e-02
2.161036618053913116e-02
1.688703149557113647e-02
2.224598452448844910e-02
2.170017547905445099e-02
2.266331762075424194e-02
2.348685078322887421e-02
2.413549460470676422e-02
2.441342733800411224e-02
2.361123636364936829e-02
2.404014952480792999e-02
2.217986062169075012e-02
2.063360810279846191e-02
1.218866370618343353e-02
1.339396089315414429e-02
1.034074090421199799e-02
1.409403607249259949e-02
1.407227292656898499e-02
1.223461329936981201e-02
1.155591942369937897e-02
1.425542309880256653e-02
1.450194325298070908e-02
1.341214589774608612e-02
1.500602811574935913e-02
1.502344384789466858e-02
1.642147265374660492e-02
1.665169373154640198e-02
1.610838249325752258e-02
1.650909334421157837e-02
2.133167907595634460e-02
1.708570495247840881e-02
1.603461988270282745e-02
2.282222360372543335e-02
2.068488299846649170e-02
2.077927440404891968e-02
2.215448394417762756e-02
2.215483039617538452e-02
2.156506478786468506e-02
2.250409685075283051e-02
2.308530360460281372e-02
2.385776117444038391e-02
2.427003346383571625e-02
2.475722879171371460e-02
2.086360938847064972e-02
2.184649929404258728e-02
7.247195113450288773e-03
7.349223829805850983e-03
7.107500452548265457e-03
8.165752515196800232e-03
6.626397836953401566e-03
7.938301190733909607e-03
7.890943437814712524e-03
8.715279400348663330e-03
8.169878274202346802e-03
7.037571165710687637e-03
7.562305778264999390e-03
5.955345463007688522e-03
6.664105691015720367e-03
9.134653024375438690e-03
7.850777357816696167e-03
1.203469093888998032e-02
1.247709989547729492e-02
1.463317032903432846e-02
1.470215804874897003e-02
1.568925008177757263e-02
1.907729357481002808e-02
2.114822342991828918e-02
3.520717844367027283e-02
4.092768952250480652e-02
4.073932766914367676e-02
4.390762746334075928e-02
3.959270566701889038e-02
4.009805992245674133e-02
3.819293156266212463e-02
4.156961292028427124e-02
3.216149657964706421e-02
3.172220289707183838e-02
6.887797731906175613e-03
6.909474730491638184e-03
7.387176156044006348e-03
8.044099435210227966e-03
7.206265814602375031e-03
8.740071207284927368e-03
7.251675240695476532e-03
8.361075073480606079e-03
7.700060959905385971e-03
7.584444247186183929e-03
7.205514237284660339e-03
5.844740197062492371e-03
7.108003366738557816e-03
9.167355485260486603e-03
8.141511119902133942e-03
1.222597248852252960e-02
1.229340024292469025e-02
1.487492024898529053e-02
1.524816639721393585e-02
1.441909000277519226e-02
2.045755274593830109e-02
2.125691249966621399e-02
3.498153761029243469e-02
4.075749590992927551e-02
4.151076823472976685e-02
4.238801077008247375e-02
3.944204747676849365e-02
4.186920076608657837e-02
3.945321589708328247e-02
3.861286118626594543e-02
3.320436552166938782e-02
3.238892555236816406e-02
1.778596267104148865e-02
1.979617960751056671e-02
1.719781383872032166e-02
2.307038754224777222e-02
1.890052855014801025e-02
2.157695963978767395e-02
2.140207402408123016e-02
2.436743490397930145e-02
2.148975804448127747e-02
2.124022319912910461e-02
2.428471483290195465e-02
2.260244451463222504e-02
2.343691885471343994e-02
2.444288879632949829e-02
1.611739397048950195e-02
2.062665298581123352e-02
2.200619876384735107e-02
2.093255333602428436e-02
1.739902608096599579e-02
2.050986327230930328e-02
1.812268793582916260e-02
1.127872057259082794e-02
1.500019989907741547e-02
1.491685491055250168e-02
1.561831962317228317e-02
1.476086862385272980e-02
1.575178653001785278e-02
1.632416993379592896e-02
1.670469343662261963e-02
1.617374271154403687e-02
1.830151677131652832e-02
1.291995681822299957e-02
1.670761406421661377e-02
1.678573712706565857e-02
1.591318473219871521e-02
2.213562093675136566e-02
1.788845099508762360e-02
2.059495635330677032e-02
2.473546192049980164e-02
2.220086380839347839e-02
2.546394802629947662e-02
2.289150655269622803e-02
2.486004307866096497e-02
2.172173932194709778e-02
2.074654959142208099e-02
2.087729424238204956e-02
2.228033915162086487e-02
1.726552844047546387e-02
2.041552215814590454e-02
1.261456683278083801e-02
1.428636536002159119e-02
1.965380832552909851e-02
1.805980876088142395e-02
1.777413114905357361e-02
1.481111533939838409e-02
1.479336526244878769e-02
1.437378302216529846e-02
1.582296937704086304e-02
1.574457809329032898e-02
1.532908901572227478e-02
1.559310127049684525e-02
1.582789048552513123e-02
1.414767187088727951e-02
1.644168794155120850e-02
7.824451662600040436e-03
8.849456906318664551e-03
8.158287033438682556e-03
9.406415745615959167e-03
9.194565005600452423e-03
1.043289713561534882e-02
1.141615770757198334e-02
1.355299539864063263e-02
1.427783723920583725e-02
1.343154534697532654e-02
1.584108360111713409e-02
1.888177916407585144e-02
1.986242458224296570e-02
2.059726417064666748e-02
2.252104505896568298e-02
2.184048108756542206e-02
2.209678292274475098e-02
2.383585646748542786e-02
2.323697507381439209e-02
2.437082491815090179e-02
3.170878812670707703e-02
2.483097091317176819e-02
4.144170135259628296e-02
4.008719697594642639e-02
4.123077541589736938e-02
4.311762005090713501e-02
4.359269514679908752e-02
4.439022392034530640e-02
4.112344235181808472e-02
4.361192882061004639e-02
3.229331970214843750e-02
3.361628949642181396e-02
8.843429386615753174e-03
9.589266031980514526e-03
8.138258941471576691e-03
1.008798368275165558e-02
9.433126077055931091e-03
1.029786653816699982e-02
1.020430214703083038e-02
1.264428533613681793e-02
1.188967749476432800e-02
1.474483963102102280e-02
1.687109097838401794e-02
1.864429935812950134e-02
2.064855210483074188e-02
1.851607114076614380e-02
2.292487025260925293e-02
2.139375172555446625e-02
2.008750662207603455e-02
1.994732022285461426e-02
2.194397523999214172e-02
2.420802786946296692e-02
2.729076519608497620e-02
3.105983138084411621e-02
4.050406813621520996e-02
4.192554205656051636e-02
4.117413237690925598e-02
4.140141978859901428e-02
4.183880984783172607e-02
4.344934970140457153e-02
4.275701567530632019e-02
4.367921128869056702e-02
3.640872985124588013e-02
3.424227237701416016e-02
1.738624833524227142e-02
1.456093974411487579e-02
1.970220729708671570e-02
1.638490892946720123e-02
1.498073246330022812e-02
1.656640693545341492e-02
1.924924179911613464e-02
1.773170381784439087e-02
2.003970369696617126e-02
1.630135625600814819e-02
1.695073395967483521e-02
1.599293947219848633e-02
1.772170327603816986e-02
1.936268806457519531e-02
1.385750621557235718e-02
1.822897046804428101e-02
2.289481833577156067e-02
2.178409695625305176e-02
2.102820575237274170e-02
2.577384933829307556e-02
2.669559232890605927e-02
1.761706545948982239e-02
2.472735941410064697e-02
2.709579095244407654e-02
2.918052673339843750e-02
2.930654212832450867e-02
2.783279865980148315e-02
3.061920218169689178e-02
2.822376042604446411e-02
3.012759424746036530e-02
2.204558625817298889e-02
2.317485772073268890e-02
2.430702187120914459e-02
1.594008505344390869e-02
2.285342663526535034e-02
1.668891124427318573e-02
1.563435792922973633e-02
2.157502248883247375e-02
1.668130606412887573e-02
1.917648687958717346e-02
1.616806350648403168e-02
1.937214285135269165e-02
1.746632531285285950e-02
1.525081042200326920e-02
1.631296798586845398e-02
1.843928173184394836e-02
1.475250348448753357e-02
1.753777265548706055e-02
2.347599342465400696e-02
1.719712838530540466e-02
1.787743344902992249e-02
2.763462625443935394e-02
2.786005847156047821e-02
2.436646446585655212e-02
2.761206217110157013e-02
2.831251174211502075e-02
2.722942456603050232e-02
2.916355617344379425e-02
3.009217791259288788e-02
2.848239801824092865e-02
3.053573705255985260e-02
2.985849976539611816e-02
2.767006307840347290e-02
2.389533817768096924e-02
