<system>Protocol: Active. Attitude: Sassy.</system>
1.372943539172410965e-02
1.353241410106420517e-02
1.407082099467515945e-02
1.415566727519035339e-02
1.360827777534723282e-02
1.372681651264429092e-02
1.358344778418540955e-02
1.394535694271326065e-02
1.384968776255846024e-02
1.361146196722984314e-02
1.367007289081811905e-02
1.361720915883779526e-02
1.408503390848636627e-02
1.369266305118799210e-02
1.363368239253759384e-02
1.359093468636274338e-02
1.428988017141819000e-02
1.358500402420759201e-02
1.376657187938690186e-02
1.354763470590114594e-02
1.366488542407751083e-02
1.378751453012228012e-02
1.350983045995235443e-02
1.387716736644506454e-02
1.362175401300191879e-02
1.370110735297203064e-02
1.378543023020029068e-02
1.383431348949670792e-02
1.370103377848863602e-02
1.357955299317836761e-02
1.346751768141984940e-02
1.390512380748987198e-02
1.378821954131126404e-02
1.343294978141784668e-02
1.370060723274946213e-02
1.167994458228349686e-02
1.392083987593650818e-02
1.394167169928550720e-02
1.393420062959194183e-02
1.423174142837524414e-02
1.360242720693349838e-02
1.386385038495063782e-02
1.370012201368808746e-02
1.362893264740705490e-02
1.420065760612487793e-02
1.450672093778848648e-02
1.363085117191076279e-02
1.386829651892185211e-02
1.384822092950344086e-02
1.386597752571105957e-02
1.375540811568498611e-02
1.407984737306833267e-02
1.410190388560295105e-02
1.378395874053239822e-02
1.398789044469594955e-02
1.395071949809789658e-02
1.350722834467887878e-02
1.400037016719579697e-02
1.410850230604410172e-02
1.358849089592695236e-02
1.396006904542446136e-02
1.380949653685092926e-02
1.361874304711818695e-02
1.410387083888053894e-02
1.342617347836494446e-02
1.373853441327810287e-02
1.362709980458021164e-02
1.375169493257999420e-02
1.353236753493547440e-02
1.436058524996042252e-02
1.451759133487939835e-02
1.326977647840976715e-02
1.358753442764282227e-02
1.363928709179162979e-02
1.376987714320421219e-02
1.389635447412729263e-02
1.421113684773445129e-02
1.361862383782863617e-02
1.342940889298915863e-02
1.342557463794946671e-02
1.383409462869167328e-02
1.374442502856254578e-02
1.379766408354043961e-02
1.391581818461418152e-02
1.381765399128198624e-02
1.463527139276266098e-02
1.364306733012199402e-02
1.353640202432870865e-02
1.374836917966604233e-02
1.400053407996892929e-02
1.379322633147239685e-02
1.334272325038909912e-02
1.369588170200586319e-02
1.352960802614688873e-02
1.363969128578901291e-02
1.459001377224922180e-02
1.386537030339241028e-02
1.403983496129512787e-02
1.314951106905937195e-02
1.411413587629795074e-02
1.379246357828378677e-02
1.356555428355932236e-02
1.399340108036994934e-02
1.338312029838562012e-02
1.428474858403205872e-02
1.379469595849514008e-02
1.367020048201084137e-02
1.355698052793741226e-02
1.367494184523820877e-02
1.355519331991672516e-02
1.407309994101524353e-02
1.348324213176965714e-02
1.376844849437475204e-02
1.401591859757900238e-02
1.387541648000478745e-02
1.343123987317085266e-02
1.377188041806221008e-02
1.428428012877702713e-02
1.418296992778778076e-02
1.384946145117282867e-02
1.436656340956687927e-02
1.353533193469047546e-02
1.356651540845632553e-02
1.387960091233253479e-02
1.349058374762535095e-02
1.394124887883663177e-02
1.350353565067052841e-02
1.405284367501735687e-02
1.381643489003181458e-02
1.405812427401542664e-02
1.388492342084646225e-02
1.359549723565578461e-02
1.351442839950323105e-02
1.398063544183969498e-02
1.374644972383975983e-02
1.375286560505628586e-02
1.390920020639896393e-02
1.366942562162876129e-02
1.367199141532182693e-02
1.372862420976161957e-02
1.371327321976423264e-02
1.344982348382472992e-02
1.348782982677221298e-02
1.377531886100769043e-02
1.400925312191247940e-02
1.384099479764699936e-02
1.398272439837455750e-02
1.359502039849758148e-02
1.382600143551826477e-02
1.393837295472621918e-02
1.379178557544946671e-02
1.362949889153242111e-02
1.387953665107488632e-02
1.371523179113864899e-02
1.395093277096748352e-02
1.396913174539804459e-02
1.391325518488883972e-02
1.375680603086948395e-02
1.362097263336181641e-02
1.340247597545385361e-02
1.366880442947149277e-02
1.316871307790279388e-02
1.378647051751613617e-02
1.378304325044155121e-02
1.368249859660863876e-02
1.359237637370824814e-02
1.401097699999809265e-02
1.372762303799390793e-02
1.387483160942792892e-02
1.334857661277055740e-02
1.354535203427076340e-02
1.400678511708974838e-02
1.339616533368825912e-02
1.388000324368476868e-02
1.357011124491691589e-02
1.384608726948499680e-02
1.397928874939680099e-02
1.360770780593156815e-02
1.387058291584253311e-02
1.364641822874546051e-02
1.381167676299810410e-02
1.379297766834497452e-02
1.358768437057733536e-02
1.383456587791442871e-02
1.319211628288030624e-02
1.373374368995428085e-02
1.346042659133672714e-02
1.351530011743307114e-02
1.377014815807342529e-02
1.388395112007856369e-02
1.349361613392829895e-02
1.394963916391134262e-02
1.403442025184631348e-02
1.399519387632608414e-02
1.434594113379716873e-02
1.363009214401245117e-02
1.445291005074977875e-02
1.375641766935586929e-02
1.435620710253715515e-02
1.360431592911481857e-02
1.372850779443979263e-02
1.381022669374942780e-02
1.430713851004838943e-02
1.387423276901245117e-02
1.371378824114799500e-02
1.378194708377122879e-02
1.387238781899213791e-02
1.373457629233598709e-02
1.361148431897163391e-02
1.372751872986555099e-02
1.385568920522928238e-02
1.399658620357513428e-02
1.468876376748085022e-02
1.362268906086683273e-02
1.409183070063591003e-02
1.380065176635980606e-02
1.382615603506565094e-02
1.351833064109086990e-02
1.359656453132629395e-02
1.401750836521387100e-02
1.445345580577850342e-02
1.367492973804473877e-02
1.369495969265699387e-02
1.049691811203956604e-02
1.374246086925268173e-02
1.337789651006460190e-02
1.383178029209375381e-02
1.340632233768701553e-02
1.388933975249528885e-02
1.347794011235237122e-02
1.355344150215387344e-02
1.447448786348104477e-02
1.362228486686944962e-02
1.364639680832624435e-02
1.372717600315809250e-02
1.378420088440179825e-02
1.384026091545820236e-02
1.368133164942264557e-02
1.392669603228569031e-02
1.399734336882829666e-02
1.353670284152030945e-02
1.375407632440328598e-02
1.368651166558265686e-02
1.362174656242132187e-02
1.373793836683034897e-02
1.409526262432336807e-02
1.396011188626289368e-02
1.403647102415561676e-02
1.376655139029026031e-02
1.352549437433481216e-02
1.360419951379299164e-02
1.399873290210962296e-02
1.393215265125036240e-02
1.388560608029365540e-02
1.370448805391788483e-02
1.345166191458702087e-02
1.359087228775024414e-02
1.387467700988054276e-02
1.364903524518013000e-02
1.390263158828020096e-02
1.395043451339006424e-02
1.363143604248762131e-02
1.354011334478855133e-02
1.408257242292165756e-02
1.391146145761013031e-02
1.367546711117029190e-02
1.346963085234165192e-02
1.388654764741659164e-02
1.371536869555711746e-02
1.367285847663879395e-02
1.386903598904609680e-02
1.373904943466186523e-02
1.381561160087585449e-02
1.399779319763183594e-02
1.408105529844760895e-02
6.786954123526811600e-03
1.361195091158151627e-02
1.369113661348819733e-02
1.361563801765441895e-02
1.393784582614898682e-02
1.355860754847526550e-02
1.389853935688734055e-02
1.386538427323102951e-02
1.381672360002994537e-02
1.358274184167385101e-02
1.349854748696088791e-02
1.386740803718566895e-02
1.376245263963937759e-02
1.365268602967262268e-02
1.381974015384912491e-02
1.396198943257331848e-02
1.350204739719629288e-02
1.385674998164176941e-02
1.364035252481698990e-02
1.352950278669595718e-02
1.374767348170280457e-02
1.358565129339694977e-02
1.421468332409858704e-02
1.351293362677097321e-02
1.384378969669342041e-02
1.439590472728013992e-02
1.354656182229518890e-02
1.395489368587732315e-02
1.346435304731130600e-02
1.377623993903398514e-02
1.395310834050178528e-02
1.355125103145837784e-02
1.394771691411733627e-02
1.397923193871974945e-02
1.354108657687902451e-02
1.363625843077898026e-02
1.421775296330451965e-02
1.367164496332406998e-02
1.374364551156759262e-02
1.367024797946214676e-02
1.392655447125434875e-02
1.430052798241376877e-02
1.388219837099313736e-02
1.385682262480258942e-02
1.385251339524984360e-02
1.371946651488542557e-02
1.380652748048305511e-02
1.378805655986070633e-02
1.409442443400621414e-02
1.379841193556785583e-02
1.407660450786352158e-02
1.369366608560085297e-02
1.395504456013441086e-02
1.390166953206062317e-02
1.363412663340568542e-02
1.377829071134328842e-02
1.382084842771291733e-02
1.387504581362009048e-02
1.384246628731489182e-02
1.363021973520517349e-02
1.369285304099321365e-02
1.401827856898307800e-02
1.361749414354562759e-02
1.380682270973920822e-02
1.371280476450920105e-02
1.414101943373680115e-02
1.397807896137237549e-02
1.371815241873264313e-02
1.364633813500404358e-02
1.416678819805383682e-02
1.363049354404211044e-02
1.369047816842794418e-02
1.403369940817356110e-02
1.370542962104082108e-02
1.367850974202156067e-02
1.413059327751398087e-02
1.343971863389015198e-02
1.390055939555168152e-02
1.359257102012634277e-02
1.394172571599483490e-02
1.332637108862400055e-02
1.342726964503526688e-02
1.387949660420417786e-02
1.370400469750165939e-02
1.354213431477546692e-02
1.356343924999237061e-02
1.374792493879795074e-02
1.395773608237504959e-02
1.359179336577653885e-02
1.383452117443084717e-02
1.574471779167652130e-02
1.389961503446102142e-02
1.385049615055322647e-02
1.406543888151645660e-02
1.423056703060865402e-02
1.401175931096076965e-02
1.372364722192287445e-02
1.390540599822998047e-02
1.359801646322011948e-02
1.372654456645250320e-02
1.375183835625648499e-02
1.400536671280860901e-02
1.373360399156808853e-02
1.363913435488939285e-02
1.346818730235099792e-02
1.105419639497995377e-02
1.395308133214712143e-02
1.379039045423269272e-02
1.367611251771450043e-02
1.371263805776834488e-02
1.370341144502162933e-02
1.384543534368276596e-02
1.340749766677618027e-02
1.359983161091804504e-02
1.414582412689924240e-02
1.358772721141576767e-02
1.344427466392517090e-02
1.385861914604902267e-02
1.370744500309228897e-02
1.372460369020700455e-02
1.376642566174268723e-02
1.369189657270908356e-02
1.363918464630842209e-02
1.408711355179548264e-02
1.407361030578613281e-02
1.349420286715030670e-02
1.375503279268741608e-02
1.371718570590019226e-02
1.376498583704233170e-02
1.370909530669450760e-02
1.371828280389308929e-02
1.391138229519128799e-02
1.368048693984746933e-02
1.389938872307538986e-02
1.392276026308536530e-02
1.422144751995801926e-02
3.147692978382110596e-02
1.385287940502166748e-02
1.414408441632986069e-02
1.364415977150201797e-02
1.381495501846075058e-02
1.397570129483938217e-02
1.359188463538885117e-02
1.379968132823705673e-02
1.410853210836648941e-02
1.408293005079030991e-02
1.374023593962192535e-02
1.409074664115905762e-02
1.377430185675621033e-02
1.309184730052947998e-02
1.369518041610717773e-02
1.326405629515647888e-02
1.359173562377691269e-02
1.379052456468343735e-02
1.435839012265205383e-02
1.390749868005514145e-02
1.345783751457929611e-02
1.379047706723213196e-02
1.368171814829111099e-02
1.377207040786743164e-02
1.380343735218048096e-02
1.360215619206428528e-02
1.364697888493537903e-02
1.426713820546865463e-02
1.352026499807834625e-02
1.383593119680881500e-02
1.402232609689235687e-02
1.346099935472011566e-02
1.374433282762765884e-02
1.135431602597236633e-02
1.187674980610609055e-02
1.358739379793405533e-02
1.376448478549718857e-02
1.344460528343915939e-02
1.408234890550374985e-02
1.375958602875471115e-02
1.359426416456699371e-02
1.368229370564222336e-02
1.334471441805362701e-02
1.378135383129119873e-02
1.409920491278171539e-02
1.370739936828613281e-02
1.421570498496294022e-02
1.367873512208461761e-02
1.393999531865119934e-02
1.394892018288373947e-02
1.384811941534280777e-02
1.404605247080326080e-02
1.338077429682016373e-02
1.393270865082740784e-02
1.404506061226129532e-02
1.371108368039131165e-02
1.415213942527770996e-02
1.415631454437971115e-02
1.297298911958932877e-02
1.365699712187051773e-02
1.365604344755411148e-02
1.368539873510599136e-02
1.389998197555541992e-02
1.404150947928428650e-02
1.409964356571435928e-02
1.340624410659074783e-02
1.427792944014072418e-02
1.369323767721652985e-02
1.373747922480106354e-02
1.421925704926252365e-02
1.382332388311624527e-02
1.374779269099235535e-02
1.385973114520311356e-02
1.365756429731845856e-02
1.379486080259084702e-02
9.981923736631870270e-03
1.358031947165727615e-02
1.375264860689640045e-02
1.374184992164373398e-02
1.377625763416290283e-02
1.353941485285758972e-02
1.374247949570417404e-02
1.359055098146200180e-02
1.359408535063266754e-02
1.401898171752691269e-02
1.409255061298608780e-02
1.425785385072231293e-02
1.371536776423454285e-02
1.394939143210649490e-02
1.400676369667053223e-02
1.317028980702161789e-02
1.371578220278024673e-02
1.379803102463483810e-02
1.390925887972116470e-02
1.406248286366462708e-02
1.407346036285161972e-02
1.372455991804599762e-02
1.404474023729562759e-02
1.357519254088401794e-02
1.385000348091125488e-02
1.360314432531595230e-02
8.508509956300258636e-03
1.381760556250810623e-02
1.354064140468835831e-02
1.361623127013444901e-02
1.373335719108581543e-02
1.397420838475227356e-02
1.362398546189069748e-02
1.416953280568122864e-02
1.372426375746726990e-02
1.402336359024047852e-02
1.388904545456171036e-02
1.363493129611015320e-02
1.364546734839677811e-02
1.418786682188510895e-02
1.387616153806447983e-02
1.367012783885002136e-02
1.370968762785196304e-02
1.396717503666877747e-02
1.370108127593994141e-02
1.382786966860294342e-02
1.365299616008996964e-02
1.348205562680959702e-02
1.369237527251243591e-02
1.394918840378522873e-02
1.341655757278203964e-02
1.359003409743309021e-02
1.400293689221143723e-02
1.316868420690298080e-02
1.370852347463369370e-02
1.400410011410713196e-02
1.378720439970493317e-02
1.372162438929080963e-02
1.430359482765197754e-02
1.402568165212869644e-02
1.387798227369785309e-02
1.397967059165239334e-02
1.341365370899438858e-02
1.357074175029993057e-02
1.370084285736083984e-02
1.374735310673713684e-02
1.395488344132900238e-02
1.362129766494035721e-02
1.352602895349264145e-02
1.408472936600446701e-02
1.385867595672607422e-02
1.377196703106164932e-02
1.382388733327388763e-02
1.394892856478691101e-02
1.390612125396728516e-02
1.398273464292287827e-02
1.375897601246833801e-02
1.360069215297698975e-02
1.369299087673425674e-02
1.367635652422904968e-02
1.306093297898769379e-02
1.364398840814828873e-02
1.368845626711845398e-02
1.362382527440786362e-02
1.379428245127201080e-02
1.348311081528663635e-02
1.414796430617570877e-02
1.396251004189252853e-02
1.398936752229928970e-02
1.378949824720621109e-02
1.357346866279840469e-02
1.368806604295969009e-02
1.350606605410575867e-02
1.417988259345293045e-02
1.451680716127157211e-02
1.449899747967720032e-02
1.377956196665763855e-02
1.378810312598943710e-02
1.402825396507978439e-02
1.383921504020690918e-02
1.393950544297695160e-02
1.382466033101081848e-02
1.373366639018058777e-02
1.366564538329839706e-02
1.365921460092067719e-02
1.382044516503810883e-02
1.431800331920385361e-02
1.373243611305952072e-02
1.363103184849023819e-02
1.382504776120185852e-02
1.362025737762451172e-02
1.390792801976203918e-02
1.360994856804609299e-02
1.393989007920026779e-02
1.429856661707162857e-02
1.362459361553192139e-02
1.337657868862152100e-02
1.368448697030544281e-02
1.400912739336490631e-02
1.382849179208278656e-02
1.362294796854257584e-02
1.395966485142707825e-02
1.368065271526575089e-02
1.356951519846916199e-02
1.386634167283773422e-02
1.397485099732875824e-02
1.347858086228370667e-02
1.387624815106391907e-02
1.372827589511871338e-02
1.371608767658472061e-02
1.384513359516859055e-02
1.387476269155740738e-02
1.444746647030115128e-02
1.371116098016500473e-02
1.352942362427711487e-02
1.405328512191772461e-02
1.397485751658678055e-02
1.364883407950401306e-02
1.333553437143564224e-02
1.362541597336530685e-02
1.323169376701116562e-02
1.489364169538021088e-02
1.374386344105005264e-02
1.385880913585424423e-02
1.395265664905309677e-02
1.368777081370353699e-02
1.398521941155195236e-02
1.384342554956674576e-02
1.359618827700614929e-02
1.382715068757534027e-02
1.346117630600929260e-02
1.378554943948984146e-02
1.382154505699872971e-02
1.355218235403299332e-02
1.375158503651618958e-02
1.362058520317077637e-02
1.375801488757133484e-02
1.425938587635755539e-02
1.402293518185615540e-02
1.451012212783098221e-02
1.414341107010841370e-02
1.353915035724639893e-02
1.384314615279436111e-02
1.411081477999687195e-02
1.386595051735639572e-02
1.486658211797475815e-02
1.371870562434196472e-02
1.366825122386217117e-02
1.402793172746896744e-02
1.359162572771310806e-02
1.384051516652107239e-02
1.373369060456752777e-02
1.383482851088047028e-02
1.388120651245117188e-02
1.394242700189352036e-02
1.329900044947862625e-02
1.349479518830776215e-02
1.317548844963312149e-02
1.388072408735752106e-02
1.358139794319868088e-02
1.394564192742109299e-02
1.373857259750366211e-02
8.272902108728885651e-03
1.317191217094659805e-02
1.392767671495676041e-02
1.390895154327154160e-02
1.368671003729104996e-02
1.399384159594774246e-02
1.336342468857765198e-02
1.400551293045282364e-02
1.368083711713552475e-02
1.378038153052330017e-02
1.352886762470006943e-02
1.351202931255102158e-02
1.392878219485282898e-02
1.359011791646480560e-02
1.388842146843671799e-02
1.382168475538492203e-02
1.363936718553304672e-02
1.367847621440887451e-02
1.387195382267236710e-02
9.184543043375015259e-03
1.383615937083959579e-02
1.367624104022979736e-02
1.390061620622873306e-02
1.372740231454372406e-02
1.403625588864088058e-02
1.353007555007934570e-02
1.361174602061510086e-02
1.420502644032239914e-02
1.375655177980661392e-02
1.395424082875251770e-02
1.381305698305368423e-02
1.352788601070642471e-02
1.412482652813196182e-02
1.365473028272390366e-02
1.396871823817491531e-02
1.434530969709157944e-02
1.379021164029836655e-02
1.397097483277320862e-02
1.362419407814741135e-02
1.404623035341501236e-02
1.188340876251459122e-02
1.347661577165126801e-02
1.391211152076721191e-02
1.371101103723049164e-02
1.363703329116106033e-02
1.373451389372348785e-02
1.359087228775024414e-02
1.404249388724565506e-02
1.436264161020517349e-02
1.362022478133440018e-02
1.378561463207006454e-02
1.371770445257425308e-02
1.405781414359807968e-02
1.389968302100896835e-02
1.359445136040449142e-02
1.451149582862854004e-02
1.378929894417524338e-02
1.362895872443914413e-02
1.394701562821865082e-02
1.391184050589799881e-02
1.357031427323818207e-02
1.407866273075342178e-02
1.383728627115488052e-02
1.351276692003011703e-02
1.397808734327554703e-02
1.383472047746181488e-02
1.385315693914890289e-02
1.231863815337419510e-02
1.384926680475473404e-02
1.383541151881217957e-02
1.280238386243581772e-02
1.369806844741106033e-02
1.397714018821716309e-02
1.343956962227821350e-02
1.392353978008031845e-02
1.374570373445749283e-02
1.451998390257358551e-02
1.378198899328708649e-02
1.415517274290323257e-02
1.368867512792348862e-02
1.382362004369497299e-02
1.456373371183872223e-02
1.379601750522851944e-02
1.366935763508081436e-02
1.398330368101596832e-02
1.454710122197866440e-02
1.382528617978096008e-02
1.383490487933158875e-02
1.378563884645700455e-02
1.362027879804372787e-02
1.173935178667306900e-02
1.337488088756799698e-02
1.421969011425971985e-02
1.389690395444631577e-02
1.360507961362600327e-02
1.382858492434024811e-02
1.372374687343835831e-02
1.483264565467834473e-02
1.364979799836874008e-02
1.371247693896293640e-02
1.368786953389644623e-02
1.393099036067724228e-02
1.376273389905691147e-02
1.410304661840200424e-02
1.399268116801977158e-02
1.366023626178503036e-02
1.297825574874877930e-02
1.375891640782356262e-02
1.366782467812299728e-02
1.362260803580284119e-02
1.450423244386911392e-02
1.469514984637498856e-02
1.377370581030845642e-02
1.371317263692617416e-02
1.373543683439493179e-02
1.383512094616889954e-02
1.387415733188390732e-02
1.360593736171722412e-02
1.405630446970462799e-02
1.392525713890790939e-02
1.340956334024667740e-02
1.405668631196022034e-02
1.377956662327051163e-02
1.363171357661485672e-02
1.389633771032094955e-02
1.399610377848148346e-02
1.399962510913610458e-02
1.360741257667541504e-02
1.386148110032081604e-02
1.390533987432718277e-02
1.387497223913669586e-02
1.402542274445295334e-02
1.357164885848760605e-02
1.394320651888847351e-02
1.435475982725620270e-02
1.355144381523132324e-02
1.360664982348680496e-02
1.346091553568840027e-02
1.400303561240434647e-02
1.358865108340978622e-02
1.401180960237979889e-02
1.366313919425010681e-02
1.390658691525459290e-02
1.389337982982397079e-02
1.354756858199834824e-02
1.380432024598121643e-02
1.372437085956335068e-02
1.360820326954126358e-02
1.344474498182535172e-02
1.379111409187316895e-02
1.365280523896217346e-02
1.349572557955980301e-02
1.380939688533544540e-02
1.347233075648546219e-02
1.372741535305976868e-02
1.393186207860708237e-02
1.371355727314949036e-02
1.380639150738716125e-02
1.362561900168657303e-02
1.399652287364006042e-02
1.380452793091535568e-02
1.389095559716224670e-02
1.386744342744350433e-02
1.382658444344997406e-02
1.438350696116685867e-02
1.402925606817007065e-02
8.493185043334960938e-03
1.380025222897529602e-02
1.426414772868156433e-02
1.376956608146429062e-02
1.362833008170127869e-02
1.380607113242149353e-02
1.388239581137895584e-02
1.402629539370536804e-02
1.409137342125177383e-02
1.280638575553894043e-02
1.396909449249505997e-02
1.383146084845066071e-02
1.367032527923583984e-02
1.383611001074314117e-02
1.371790375560522079e-02
1.380386948585510254e-02
1.405593473464250565e-02
1.378125231713056564e-02
1.390918530523777008e-02
1.371919550001621246e-02
1.367649156600236893e-02
1.375320553779602051e-02
1.391302328556776047e-02
1.399740483611822128e-02
1.351914089173078537e-02
1.353219989687204361e-02
1.372658926993608475e-02
1.392024196684360504e-02
1.383537054061889648e-02
1.362462714314460754e-02
1.441149786114692688e-02
1.437373086810112000e-02
1.412469148635864258e-02
1.356940902769565582e-02
1.348776184022426605e-02
1.420901343226432800e-02
1.419103797525167465e-02
1.383031811565160751e-02
1.388247683644294739e-02
1.364889461547136307e-02
1.371896918863058090e-02
1.408545952290296555e-02
1.385229267179965973e-02
1.370045822113752365e-02
1.379103399813175201e-02
1.364419423043727875e-02
1.381039898842573166e-02
1.374333258718252182e-02
1.346368249505758286e-02
1.383474189788103104e-02
1.097280904650688171e-02
1.361004449427127838e-02
1.357329543679952621e-02
1.380111370235681534e-02
1.340679451823234558e-02
1.378683373332023621e-02
1.424694899469614029e-02
1.362708769738674164e-02
1.357280090451240540e-02
1.398947183042764664e-02
1.374916825443506241e-02
1.389197632670402527e-02
1.360155362635850906e-02
1.402224879711866379e-02
1.406289264559745789e-02
1.373375020921230316e-02
1.366618182510137558e-02
1.367935258895158768e-02
1.399148907512426376e-02
1.370410993695259094e-02
1.380156073719263077e-02
1.343355141580104828e-02
1.375462394207715988e-02
1.372958626598119736e-02
1.384889148175716400e-02
1.391305401921272278e-02
1.355662662535905838e-02
1.381800416857004166e-02
1.378847286105155945e-02
1.405239757150411606e-02
1.342843845486640930e-02
1.387796364724636078e-02
1.434144750237464905e-02
1.387558225542306900e-02
9.240973740816116333e-03
1.412157341837882996e-02
1.375661790370941162e-02
1.389172300696372986e-02
1.364311575889587402e-02
1.366983726620674133e-02
1.356451120227575302e-02
1.379463635385036469e-02
1.370779797434806824e-02
1.367766782641410828e-02
8.918592706322669983e-03
1.362180151045322418e-02
1.393278501927852631e-02
1.363937463611364365e-02
1.386802829802036285e-02
1.403331756591796875e-02
1.363047305494546890e-02
1.354457996785640717e-02
1.372221391648054123e-02
1.369459368288516998e-02
1.348853390663862228e-02
1.376098394393920898e-02
1.393635943531990051e-02
1.397429034113883972e-02
1.419267058372497559e-02
1.355436723679304123e-02
1.390858087688684464e-02
1.387971360236406326e-02
1.387901697307825089e-02
1.365344133228063583e-02
1.366721652448177338e-02
1.378220599144697189e-02
1.459712628275156021e-02
1.417477056384086609e-02
1.363623701035976410e-02
1.291907113045454025e-02
1.380810979753732681e-02
1.416917052119970322e-02
1.368438266217708588e-02
1.369843725115060806e-02
1.379446312785148621e-02
1.383537333458662033e-02
1.395106874406337738e-02
1.352078001946210861e-02
1.379112526774406433e-02
1.411535777151584625e-02
1.406517624855041504e-02
1.392723526805639267e-02
1.367448177188634872e-02
1.419898588210344315e-02
1.380452886223793030e-02
1.386003755033016205e-02
1.353141106665134430e-02
1.389019191265106201e-02
1.351459231227636337e-02
1.376524847000837326e-02
1.392797194421291351e-02
1.375057082623243332e-02
1.378315128386020660e-02
1.367990765720605850e-02
1.382496394217014313e-02
1.368296239525079727e-02
1.360910013318061829e-02
1.361863221973180771e-02
1.371445413678884506e-02
1.382650341838598251e-02
1.382054015994071960e-02
1.427835319191217422e-02
1.364047173410654068e-02
1.362344715744256973e-02
1.378123089671134949e-02
1.470418833196163177e-02
1.366145629435777664e-02
1.368607021868228912e-02
1.399811543524265289e-02
1.366301532834768295e-02
1.449757162481546402e-02
1.379133109003305435e-02
1.338965073227882385e-02
1.376376114785671234e-02
1.367408595979213715e-02
1.335000433027744293e-02
1.379970554262399673e-02
1.418477389961481094e-02
1.337752956897020340e-02
1.375052053481340408e-02
1.386326272040605545e-02
1.373462378978729248e-02
1.379616837948560715e-02
1.474033202975988388e-02
1.361808553338050842e-02
1.378950476646423340e-02
1.374134980142116547e-02
1.439994294196367264e-02
1.383845135569572449e-02
1.385367196053266525e-02
1.394619047641754150e-02
1.371183991432189941e-02
1.388212479650974274e-02
1.363805308938026428e-02
1.376576628535985947e-02
1.383545715361833572e-02
1.398948766291141510e-02
1.395486667752265930e-02
1.357355806976556778e-02
1.439096406102180481e-02
1.368996500968933105e-02
1.390664186328649521e-02
1.382597163319587708e-02
1.420139055699110031e-02
1.371772959828376770e-02
1.402422413229942322e-02
1.381503883749246597e-02
1.362090744078159332e-02
1.377951819449663162e-02
1.389894168823957443e-02
1.391307637095451355e-02
1.358546316623687744e-02
1.395101472735404968e-02
1.396123971790075302e-02
1.401630882173776627e-02
1.391093060374259949e-02
1.351137086749076843e-02
1.392043195664882660e-02
1.416236162185668945e-02
1.363850198686122894e-02
8.337187580764293671e-03
1.416360680013895035e-02
1.412221789360046387e-02
1.355963665992021561e-02
1.379803661257028580e-02
1.439982932060956955e-02
1.362898852676153183e-02
1.381766702979803085e-02
1.371428929269313812e-02
1.369615551084280014e-02
1.342262886464595795e-02
1.403469685465097427e-02
1.358851790428161621e-02
1.413303706794977188e-02
1.367741730064153671e-02
1.360836531966924667e-02
1.378612313419580460e-02
1.403301861137151718e-02
1.350447535514831543e-02
1.347586605697870255e-02
1.386362407356500626e-02
1.372045557945966721e-02
1.365244109183549881e-02
1.346400380134582520e-02
1.380614284425973892e-02
1.367493625730276108e-02
1.339720189571380615e-02
1.412161532789468765e-02
7.827655412256717682e-03
1.338165067136287689e-02
1.360041182488203049e-02
1.396501716226339340e-02
1.380042824894189835e-02
1.363880559802055359e-02
1.388606149703264236e-02
1.384550612419843674e-02
1.365522481501102448e-02
1.403585914522409439e-02
1.385207567363977432e-02
1.359383855015039444e-02
1.375629100948572159e-02
1.357478182762861252e-02
1.191528234630823135e-02
1.395762059837579727e-02
1.342315319925546646e-02
1.393864676356315613e-02
1.365622971206903458e-02
1.499174814671278000e-02
1.396431121975183487e-02
1.409833226352930069e-02
1.372947730123996735e-02
1.377952937036752701e-02
1.375295873731374741e-02
1.359245181083679199e-02
1.376809086650609970e-02
1.375706493854522705e-02
1.339082047343254089e-02
1.394209265708923340e-02
1.426072698086500168e-02
1.417105272412300110e-02
1.359131094068288803e-02
1.378561928868293762e-02
1.366622466593980789e-02
1.364158093929290771e-02
1.378796156495809555e-02
1.334979012608528137e-02
1.005483046174049377e-02
1.374439988285303116e-02
1.360651012510061264e-02
1.404711231589317322e-02
1.389254257082939148e-02
1.401101611554622650e-02
1.395115349441766739e-02
1.412810105830430984e-02
1.356635335832834244e-02
1.343495771288871765e-02
1.362872216850519180e-02
1.347083412110805511e-02
1.404215767979621887e-02
1.361151412129402161e-02
1.386962272226810455e-02
1.381339691579341888e-02
1.414467487484216690e-02
1.358255650848150253e-02
1.393231377005577087e-02
1.396507583558559418e-02
1.371097937226295471e-02
1.392991188913583755e-02
1.417630631476640701e-02
1.423506531864404678e-02
1.345282886177301407e-02
1.373463030904531479e-02
1.418627146631479263e-02
1.405822113156318665e-02
1.370590645819902420e-02
1.354963425546884537e-02
1.363449636846780777e-02
1.360350940376520157e-02
1.409474853426218033e-02
1.378972455859184265e-02
1.366994716227054596e-02
1.391426101326942444e-02
1.337303873151540756e-02
1.373155508190393448e-02
1.351949013769626617e-02
1.390766538679599762e-02
1.389638427644968033e-02
1.377627532929182053e-02
1.354096457362174988e-02
1.396403275430202484e-02
1.372464280575513840e-02
1.395678520202636719e-02
1.356038358062505722e-02
1.414663810282945633e-02
1.379166822880506516e-02
1.383423525840044022e-02
1.399120688438415527e-02
1.364344079047441483e-02
1.379152573645114899e-02
1.369052287191152573e-02
1.349892653524875641e-02
1.361942384392023087e-02
1.490600779652595520e-02
1.421613991260528564e-02
1.375817693769931793e-02
1.379907224327325821e-02
1.427745539695024490e-02
1.371796987950801849e-02
1.392371300607919693e-02
1.371392328292131424e-02
1.369829196482896805e-02
1.403083559125661850e-02
1.399833895266056061e-02
1.382982730865478516e-02
1.419729553163051605e-02
1.388338301330804825e-02
1.345529034733772278e-02
1.380884926766157150e-02
1.372012775391340256e-02
1.383706647902727127e-02
1.374026853591203690e-02
1.404857076704502106e-02
1.393961068242788315e-02
1.351296342909336090e-02
1.388182118535041809e-02
1.351778116077184677e-02
1.379538420587778091e-02
1.361167803406715393e-02
1.375499647110700607e-02
1.400652155280113220e-02
1.388005539774894714e-02
1.393404323607683182e-02
1.353664789348840714e-02
1.422484777867794037e-02
1.371196191757917404e-02
1.251030806452035904e-02
1.360618229955434799e-02
1.382737793028354645e-02
1.350331585854291916e-02
1.362486090511083603e-02
1.382506731897592545e-02
1.396039966493844986e-02
1.383068878203630447e-02
1.378446258604526520e-02
1.375374104827642441e-02
1.371902227401733398e-02
1.348793134093284607e-02
1.352180447429418564e-02
1.379095856100320816e-02
1.398349087685346603e-02
1.387456152588129044e-02
1.357888896018266678e-02
1.381066814064979553e-02
1.422584056854248047e-02
1.359085086733102798e-02
1.034264918416738510e-02
1.337655819952487946e-02
1.377694308757781982e-02
1.353737153112888336e-02
1.349560357630252838e-02
1.386984344571828842e-02
1.342448964715003967e-02
1.430805120617151260e-02
1.392415817826986313e-02
1.352388784289360046e-02
1.374562177807092667e-02
1.356002409011125565e-02
1.379184331744909286e-02
1.385655719786882401e-02
1.386395469307899475e-02
1.362647768110036850e-02
1.362485811114311218e-02
1.364987436681985855e-02
1.365442201495170593e-02
1.387578248977661133e-02
1.377318147569894791e-02
1.341862324625253677e-02
1.380005758255720139e-02
1.382944267243146896e-02
1.384805236011743546e-02
1.402058079838752747e-02
1.377864275127649307e-02
1.394738629460334778e-02
1.426140312105417252e-02
1.442066393792629242e-02
1.406508032232522964e-02
1.421261765062808990e-02
1.396097149699926376e-02
1.393543835729360580e-02
1.365711167454719543e-02
1.316407974809408188e-02
1.424444280564785004e-02
1.378524303436279297e-02
1.461083255708217621e-02
1.412911713123321533e-02
1.375335454940795898e-02
1.422244403511285782e-02
1.368579268455505371e-02
1.370954234153032303e-02
1.410653349012136459e-02
1.370756607502698898e-02
1.365111116319894791e-02
1.363935787230730057e-02
1.355249807238578796e-02
1.394150499254465103e-02
1.347425673156976700e-02
1.360890828073024750e-02
1.373311039060354233e-02
1.382732950150966644e-02
1.386033371090888977e-02
1.395123545080423355e-02
1.195048168301582336e-02
1.348963752388954163e-02
1.387546025216579437e-02
1.318333111703395844e-02
1.366395037621259689e-02
1.352804061025381088e-02
1.394809689372777939e-02
1.359262969344854355e-02
1.374330557882785797e-02
1.432823576033115387e-02
1.385780237615108490e-02
1.376242283731698990e-02
1.395160797983407974e-02
1.366711221635341644e-02
1.352087873965501785e-02
1.420460361987352371e-02
1.389555353671312332e-02
1.354110240936279297e-02
1.371705904603004456e-02
1.364851556718349457e-02
1.401369925588369370e-02
1.372096501290798187e-02
1.426572725176811218e-02
1.342284958809614182e-02
1.371278427541255951e-02
1.370241958647966385e-02
1.415838953107595444e-02
1.389560755342245102e-02
1.384339854121208191e-02
1.270455960184335709e-02
1.379461959004402161e-02
1.435672398656606674e-02
1.378473639488220215e-02
7.030170876532793045e-03
1.414186693727970123e-02
1.367040351033210754e-02
1.387101691216230392e-02
1.377009786665439606e-02
1.365433260798454285e-02
1.373537536710500717e-02
1.382082328200340271e-02
1.398103591054677963e-02
1.391652505844831467e-02
1.386283431202173233e-02
1.429559662938117981e-02
1.362969912588596344e-02
1.355162356048822403e-02
1.345426961779594421e-02
1.364771090447902679e-02
1.405841112136840820e-02
1.407300308346748352e-02
1.447309833019971848e-02
1.410992071032524109e-02
1.368177589029073715e-02
9.325584396719932556e-03
1.390814222395420074e-02
1.367856469005346298e-02
1.360133197158575058e-02
1.394397858530282974e-02
1.389278192073106766e-02
1.368483994156122208e-02
1.371519919484853745e-02
1.412038598209619522e-02
1.331671141088008881e-02
1.395779196172952652e-02
1.422350946813821793e-02
1.354019716382026672e-02
1.357474271208047867e-02
1.426277402788400650e-02
1.374622806906700134e-02
1.374938990920782089e-02
1.191386301070451736e-02
1.384951267391443253e-02
1.381717994809150696e-02
1.371244154870510101e-02
1.341872476041316986e-02
1.393762510269880295e-02
1.381144206970930099e-02
1.402511540800333023e-02
1.326116546988487244e-02
1.385720726102590561e-02
1.367332693189382553e-02
1.401078142225742340e-02
1.243644300848245621e-02
1.346805691719055176e-02
1.362068578600883484e-02
1.412319298833608627e-02
1.400791760534048080e-02
1.449860725551843643e-02
1.386970560997724533e-02
1.385132037103176117e-02
1.365337334573268890e-02
1.384712196886539459e-02
1.371007319539785385e-02
1.384930219501256943e-02
1.374449767172336578e-02
1.406474318355321884e-02
1.391566917300224304e-02
1.392169203609228134e-02
1.408297102898359299e-02
1.436558458954095840e-02
1.360217947512865067e-02
1.348989084362983704e-02
1.382191572338342667e-02
1.360052824020385742e-02
1.360362209379673004e-02
1.369210239499807358e-02
1.423614658415317535e-02
1.349900010973215103e-02
1.386404316872358322e-02
1.390372868627309799e-02
1.379259489476680756e-02
1.380982622504234314e-02
1.385846734046936035e-02
1.385724637657403946e-02
1.403172221034765244e-02
1.395100262016057968e-02
1.386421266943216324e-02
1.367876771837472916e-02
1.360419299453496933e-02
1.369585003703832626e-02
1.411326602101325989e-02
1.380796823650598526e-02
1.370994094759225845e-02
1.392342150211334229e-02
1.367644965648651123e-02
1.381885632872581482e-02
1.371540222316980362e-02
1.450313348323106766e-02
1.381927169859409332e-02
1.381922978907823563e-02
1.484001893550157547e-02
1.405392866581678391e-02
1.384617760777473450e-02
1.367460191249847412e-02
1.379517558962106705e-02
1.360449753701686859e-02
1.358645036816596985e-02
1.382385473698377609e-02
1.351706404238939285e-02
1.387022342532873154e-02
1.420987490564584732e-02
1.367715094238519669e-02
1.345120929181575775e-02
1.378108933568000793e-02
1.366651989519596100e-02
1.390021201223134995e-02
1.380857452750205994e-02
1.372656505554914474e-02
1.397270057350397110e-02
1.373015716671943665e-02
1.363942585885524750e-02
1.372957229614257812e-02
1.408424880355596542e-02
1.349738799035549164e-02
1.373827084898948669e-02
1.386188901960849762e-02
1.341850124299526215e-02
1.398008503019809723e-02
1.369691174477338791e-02
1.395948138087987900e-02
1.332028489559888840e-02
1.358498074114322662e-02
1.381583418697118759e-02
1.367696002125740051e-02
1.372941955924034119e-02
1.352882664650678635e-02
1.414936874061822891e-02
1.389629486948251724e-02
1.364601589739322662e-02
1.402221526950597763e-02
1.363776344805955887e-02
1.401386782526969910e-02
1.429940387606620789e-02
1.357238925993442535e-02
1.371673401445150375e-02
1.372286397963762283e-02
1.390178222209215164e-02
1.402656082063913345e-02
1.608719676733016968e-02
1.412261649966239929e-02
1.449834741652011871e-02
1.392874494194984436e-02
1.395723782479763031e-02
1.390973012894392014e-02
1.417711377143859863e-02
1.380666159093379974e-02
1.394119579344987869e-02
1.365728303790092468e-02
1.390027720481157303e-02
1.416852790862321854e-02
1.270550396293401718e-02
1.372267212718725204e-02
1.237162668257951736e-02
1.350443996489048004e-02
1.361673232167959213e-02
1.400221046060323715e-02
1.380416750907897949e-02
1.383102219551801682e-02
1.253377832472324371e-02
1.362797245383262634e-02
1.369625609368085861e-02
1.388723775744438171e-02
1.369584724307060242e-02
1.372138876467943192e-02
1.345231756567955017e-02
1.410203333944082260e-02
1.047436427325010300e-02
1.385385636240243912e-02
1.409324724227190018e-02
1.401313487440347672e-02
1.359037682414054871e-02
1.374569814652204514e-02
1.391220930963754654e-02
1.361135486513376236e-02
1.365263666957616806e-02
1.369279529899358749e-02
1.383534166961908340e-02
1.375318691134452820e-02
1.342510525137186050e-02
1.364893279969692230e-02
1.375618018209934235e-02
1.366588566452264786e-02
1.411410328000783920e-02
1.372734084725379944e-02
1.391119603067636490e-02
1.372204814106225967e-02
1.380181591957807541e-02
1.391004677861928940e-02
1.378884259611368179e-02
1.334558427333831787e-02
1.406542304903268814e-02
1.353325881063938141e-02
8.608294650912284851e-03
1.344214286655187607e-02
1.358736958354711533e-02
1.432056631892919540e-02
1.377816777676343918e-02
1.353755034506320953e-02
1.376578491181135178e-02
1.380527298897504807e-02
1.381576340645551682e-02
1.355813071131706238e-02
1.365825813263654709e-02
1.365149300545454025e-02
1.361849624663591385e-02
1.411626301705837250e-02
1.392445899546146393e-02
1.415205653756856918e-02
1.358676049858331680e-02
1.391118764877319336e-02
1.352125685662031174e-02
1.390016451478004456e-02
1.381720975041389465e-02
1.355517562478780746e-02
1.357944309711456299e-02
1.377438660711050034e-02
1.370195951312780380e-02
1.389690954238176346e-02
1.361023541539907455e-02
1.358281169086694717e-02
1.430802326649427414e-02
1.366943027824163437e-02
1.371935382485389709e-02
1.407277956604957581e-02
8.758929558098316193e-03
1.399710867553949356e-02
1.387963909655809402e-02
1.386137213557958603e-02
1.378490962088108063e-02
1.363878231495618820e-02
1.350440178066492081e-02
1.382976211607456207e-02
1.366155501455068588e-02
1.394076738506555557e-02
1.375550869852304459e-02
1.402841415256261826e-02
1.366766169667243958e-02
1.359087228775024414e-02
1.347205881029367447e-02
1.380033418536186218e-02
1.376630272716283798e-02
1.367679238319396973e-02
1.378886774182319641e-02
1.375983748584985733e-02
1.341130677610635757e-02
1.420507673174142838e-02
1.385551411658525467e-02
1.419190503656864166e-02
1.441223639994859695e-02
1.358170714229345322e-02
1.351302769035100937e-02
1.368182338774204254e-02
1.383287273347377777e-02
1.369443815201520920e-02
1.421082671731710434e-02
1.419856864959001541e-02
1.363868638873100281e-02
1.255793962627649307e-02
1.360979676246643066e-02
1.383385341614484787e-02
1.405277010053396225e-02
1.115326490253210068e-02
1.401460170745849609e-02
1.411361619830131531e-02
1.351849455386400223e-02
1.377684157341718674e-02
1.382435765117406845e-02
1.390147488564252853e-02
1.431415323168039322e-02
1.343933586031198502e-02
1.379718817770481110e-02
1.372982654720544815e-02
1.353644393384456635e-02
1.384067907929420471e-02
1.384490448981523514e-02
1.347985956817865372e-02
1.375523488968610764e-02
1.021325495094060898e-02
8.448987267911434174e-03
1.337621547281742096e-02
1.385244075208902359e-02
1.371547859162092209e-02
1.400465890765190125e-02
1.392198726534843445e-02
1.378169097006320953e-02
1.401391997933387756e-02
1.439712848514318466e-02
1.349190436303615570e-02
1.356245670467615128e-02
1.365030650049448013e-02
1.386408135294914246e-02
1.391827501356601715e-02
1.391282957047224045e-02
1.351668778806924820e-02
1.364480331540107727e-02
1.377807930111885071e-02
1.443726662546396255e-02
1.422036532312631607e-02
1.358871255069971085e-02
1.381146907806396484e-02
1.391499955207109451e-02
1.430510077625513077e-02
1.392249856144189835e-02
1.378817204385995865e-02
1.363525912165641785e-02
1.368499360978603363e-02
1.364461146295070648e-02
1.362601760774850845e-02
1.364053692668676376e-02
1.342647615820169449e-02
1.382459606975317001e-02
1.415356900542974472e-02
1.371735893189907074e-02
1.354441139847040176e-02
1.356647536158561707e-02
1.375414710491895676e-02
1.360250078141689301e-02
1.400502864271402359e-02
1.379675231873989105e-02
1.363511011004447937e-02
1.366285141557455063e-02
1.386224012821912766e-02
1.374198123812675476e-02
1.373120862990617752e-02
1.361021678894758224e-02
1.374281011521816254e-02
1.358131133019924164e-02
1.342560630291700363e-02
1.396946702152490616e-02
1.359072607010602951e-02
1.363653037697076797e-02
1.407425198704004288e-02
1.361798681318759918e-02
1.376814208924770355e-02
1.368515193462371826e-02
1.432317215949296951e-02
1.368106808513402939e-02
1.356569770723581314e-02
1.452013757079839706e-02
1.365237310528755188e-02
1.345044374465942383e-02
1.389960851520299911e-02
1.394375041127204895e-02
1.348248403519392014e-02
1.351168751716613770e-02
1.276670116931200027e-02
1.371570583432912827e-02
1.395244244486093521e-02
1.385172083973884583e-02
1.401297096163034439e-02
1.371100544929504395e-02
1.382317859679460526e-02
1.391867734491825104e-02
1.330436673015356064e-02
1.376739423722028732e-02
1.368910446763038635e-02
1.403530314564704895e-02
1.474640052765607834e-02
1.343644503504037857e-02
1.396182551980018616e-02
1.389665808528661728e-02
1.416138932108879089e-02
1.367195788770914078e-02
1.396745815873146057e-02
1.359195727854967117e-02
1.386977173388004303e-02
1.380789000540971756e-02
1.364824827760457993e-02
1.376149617135524750e-02
1.353438571095466614e-02
1.334741711616516113e-02
1.362262945622205734e-02
1.383068319410085678e-02
1.380296703428030014e-02
1.364653743803501129e-02
1.395101472735404968e-02
1.391079742461442947e-02
1.376210525631904602e-02
1.397392246872186661e-02
1.374378800392150879e-02
1.328675728291273117e-02
1.405299548059701920e-02
1.381861325353384018e-02
1.384098734706640244e-02
1.399319525808095932e-02
1.323209330439567566e-02
1.371232513338327408e-02
1.383298356086015701e-02
1.061040721833705902e-02
1.379045285284519196e-02
1.376118417829275131e-02
1.381314918398857117e-02
1.369970757514238358e-02
9.533879347145557404e-03
1.382759120315313339e-02
1.383616961538791656e-02
1.395484153181314468e-02
1.399531681090593338e-02
1.380741037428379059e-02
1.437244098633527756e-02
1.371248904615640640e-02
1.369679812341928482e-02
1.379863545298576355e-02
1.377812586724758148e-02
1.409682724624872208e-02
1.352517865598201752e-02
1.379935536533594131e-02
1.348784659057855606e-02
1.303935330361127853e-02
1.359448116272687912e-02
1.379886548966169357e-02
1.360748801380395889e-02
1.377675589174032211e-02
1.375761348754167557e-02
1.392971072345972061e-02
1.402232050895690918e-02
1.373554766178131104e-02
1.388328429311513901e-02
1.373651344329118729e-02
1.359377708286046982e-02
1.361020002514123917e-02
1.367859635502099991e-02
1.395499054342508316e-02
1.355580426752567291e-02
1.369769312441349030e-02
1.394534204155206680e-02
1.383657101541757584e-02
1.362730655819177628e-02
1.406388357281684875e-02
1.371533237397670746e-02
1.363853272050619125e-02
1.369681674987077713e-02
1.350865047425031662e-02
1.401762757450342178e-02
1.431323681026697159e-02
1.385298091918230057e-02
1.386535074561834335e-02
1.388653833419084549e-02
1.398616749793291092e-02
1.434226706624031067e-02
1.397471502423286438e-02
1.374844275414943695e-02
1.382071897387504578e-02
1.319694519042968750e-02
9.688719175755977631e-03
1.380176749080419540e-02
1.354808267205953598e-02
1.390128117054700851e-02
1.359193678945302963e-02
1.365213189274072647e-02
1.353222224861383438e-02
1.411049999296665192e-02
1.351883448660373688e-02
1.383023057132959366e-02
1.381685491651296616e-02
1.366981863975524902e-02
1.386728603392839432e-02
1.441729441285133362e-02
1.368804182857275009e-02
1.374937687069177628e-02
1.390841882675886154e-02
1.496877986937761307e-02
1.448751427233219147e-02
1.387950126081705093e-02
1.367952860891819000e-02
1.374963484704494476e-02
1.382573042064905167e-02
1.352573558688163757e-02
1.368396356701850891e-02
1.359971798956394196e-02
1.389574352651834488e-02
1.395194139331579208e-02
1.372686587274074554e-02
1.412575226277112961e-02
1.394040230661630630e-02
1.370415370911359787e-02
1.431080792099237442e-02
1.330963149666786194e-02
1.310788933187723160e-02
1.379371620714664459e-02
1.373633649200201035e-02
1.376123819500207901e-02
1.421045698225498199e-02
1.380572281777858734e-02
1.383757591247558594e-02
1.430525258183479309e-02
1.367608550935983658e-02
1.363495271652936935e-02
1.362401526421308517e-02
1.397314295172691345e-02
1.362814940512180328e-02
1.416409015655517578e-02
1.375000551342964172e-02
1.398779824376106262e-02
1.104013435542583466e-02
1.372227631509304047e-02
1.369802094995975494e-02
1.369108539074659348e-02
1.385115459561347961e-02
1.380628719925880432e-02
1.167543139308691025e-02
1.377818081527948380e-02
1.380004640668630600e-02
1.369373593479394913e-02
1.390427909791469574e-02
1.418680604547262192e-02
1.340055465698242188e-02
1.381161436438560486e-02
1.363494154065847397e-02
1.345054153352975845e-02
1.357301510870456696e-02
1.378072425723075867e-02
1.353553868830204010e-02
1.390129327774047852e-02
1.385689992457628250e-02
1.368576940149068832e-02
1.332645211368799210e-02
1.382201910018920898e-02
1.365810725837945938e-02
1.366317551583051682e-02
1.337138377130031586e-02
1.361844874918460846e-02
1.385353412479162216e-02
1.362613681703805923e-02
1.377862598747014999e-02
1.357086654752492905e-02
1.367952860891819000e-02
1.386645715683698654e-02
1.369497459381818771e-02
1.389172673225402832e-02
1.397176645696163177e-02
1.380040124058723450e-02
1.374266669154167175e-02
1.353380363434553146e-02
1.368869747966527939e-02
1.367882732301950455e-02
1.379738654941320419e-02
1.366521790623664856e-02
1.419608853757381439e-02
1.385704334825277328e-02
1.355107501149177551e-02
1.402965467423200607e-02
1.404358167201280594e-02
1.388638094067573547e-02
1.376479864120483398e-02
1.354107260704040527e-02
1.363799069076776505e-02
1.365798618644475937e-02
1.398323383182287216e-02
1.365868188440799713e-02
1.392881851643323898e-02
1.375931128859519958e-02
1.382735930383205414e-02
1.354684215039014816e-02
1.341375708580017090e-02
1.351217832416296005e-02
1.411333028227090836e-02
1.360773202031850815e-02
1.390659250319004059e-02
1.385526731610298157e-02
1.375845354050397873e-02
1.337903458625078201e-02
1.366577763110399246e-02
1.375574152916669846e-02
1.355123613029718399e-02
1.387315988540649414e-02
1.372929569333791733e-02
1.403595414012670517e-02
1.404467504471540451e-02
1.407537702471017838e-02
1.318351831287145615e-02
1.411972846835851669e-02
1.377289090305566788e-02
1.387591939419507980e-02
1.360447052866220474e-02
1.379476860165596008e-02
1.361669972538948059e-02
1.375482324510812759e-02
1.358877215534448624e-02
1.411235332489013672e-02
1.377830188721418381e-02
1.375896297395229340e-02
1.387734618037939072e-02
1.408439222723245621e-02
1.361483428627252579e-02
1.353435870260000229e-02
1.371336262673139572e-02
1.360194664448499680e-02
1.370815839618444443e-02
1.363987661898136139e-02
1.383470650762319565e-02
1.352332439273595810e-02
1.404157560318708420e-02
1.365457382053136826e-02
1.401125732809305191e-02
1.380490139126777649e-02
1.389052066951990128e-02
1.392593700438737869e-02
1.350731588900089264e-02
1.465143635869026184e-02
1.372152846306562424e-02
1.425449457019567490e-02
1.373656746000051498e-02
1.371831819415092468e-02
1.358417794108390808e-02
1.391533017158508301e-02
1.430294476449489594e-02
1.356814149767160416e-02
1.372780185192823410e-02
1.370222959667444229e-02
1.430591102689504623e-02
1.386126596480607986e-02
1.380139868706464767e-02
1.362090464681386948e-02
1.377921178936958313e-02
1.400367822498083115e-02
1.379203516989946365e-02
1.395021751523017883e-02
1.350016519427299500e-02
1.374972704797983170e-02
1.378364209085702896e-02
1.374627556651830673e-02
1.372581161558628082e-02
1.409565005451440811e-02
1.404389739036560059e-02
1.377491001039743423e-02
1.390024181455373764e-02
1.391751505434513092e-02
1.346567925065755844e-02
1.369398552924394608e-02
1.387991663068532944e-02
1.401613280177116394e-02
1.373650226742029190e-02
1.375046651810407639e-02
1.353214029222726822e-02
1.372910663485527039e-02
1.367285009473562241e-02
1.371766254305839539e-02
1.354009192436933517e-02
1.386967673897743225e-02
1.349264755845069885e-02
1.348797883838415146e-02
1.379876211285591125e-02
1.394498627632856369e-02
1.404531951993703842e-02
1.412056665867567062e-02
1.390215195715427399e-02
1.383504830300807953e-02
1.391247473657131195e-02
1.371837221086025238e-02
1.367756444960832596e-02
1.376853045076131821e-02
1.408807095140218735e-02
1.365812029689550400e-02
1.336744800209999084e-02
1.368011627346277237e-02
1.380012556910514832e-02
1.383204385638237000e-02
1.411950867623090744e-02
1.396888215094804764e-02
1.384687423706054688e-02
1.406418066471815109e-02
1.246479805558919907e-02
1.395324245095252991e-02
1.375399436801671982e-02
1.373892091214656830e-02
1.395529881119728088e-02
1.382265891879796982e-02
1.368492934852838516e-02
1.349398586899042130e-02
1.398841664195060730e-02
1.375673059374094009e-02
1.372612919658422470e-02
1.385302748531103134e-02
1.395684853196144104e-02
1.361403707414865494e-02
1.371523458510637283e-02
1.386797521263360977e-02
1.391340792179107666e-02
1.370239630341529846e-02
1.444236095994710922e-02
1.405114866793155670e-02
1.342491153627634048e-02
1.361686550080776215e-02
1.399877760559320450e-02
1.386800128966569901e-02
1.341021340340375900e-02
1.341194007545709610e-02
1.464807055890560150e-02
1.385487709194421768e-02
1.342569664120674133e-02
1.351176854223012924e-02
1.369958184659481049e-02
1.388777699321508408e-02
1.385701540857553482e-02
1.380850467830896378e-02
1.364377979189157486e-02
1.351165212690830231e-02
1.006294880062341690e-02
1.352497283369302750e-02
1.360052730888128281e-02
1.375906541943550110e-02
1.408173236995935440e-02
1.391272153705358505e-02
1.353074517101049423e-02
1.393945794552564621e-02
1.335799135267734528e-02
1.405622903257608414e-02
1.428881660103797913e-02
1.366797089576721191e-02
1.387528795748949051e-02
1.361812930554151535e-02
1.377530302852392197e-02
1.399962697178125381e-02
1.369094010442495346e-02
1.357944402843713760e-02
1.385574974119663239e-02
1.383362803608179092e-02
1.418324466794729233e-02
1.395079214125871658e-02
1.375468168407678604e-02
1.398296281695365906e-02
1.370120700448751450e-02
1.362824067473411560e-02
1.371524855494499207e-02
1.348463539034128189e-02
1.374999526888132095e-02
1.352763455361127853e-02
1.195744797587394714e-02
1.345886290073394775e-02
1.374732796102762222e-02
1.376172900199890137e-02
