<system>Protocol: Active. Attitude: Sassy.</system>
1.376247778534889221e-02
1.340122241526842117e-02
1.395169738680124283e-02
1.420695148408412933e-02
1.373831927776336670e-02
1.413901988416910172e-02
1.380175352096557617e-02
1.408562343567609787e-02
1.375705841928720474e-02
1.382454391568899155e-02
1.398879010230302811e-02
1.338446140289306641e-02
1.383770722895860672e-02
1.377960667014122009e-02
1.368911936879158020e-02
1.363110542297363281e-02
1.436812244355678558e-02
1.373253855854272842e-02
1.348360255360603333e-02
1.386756822466850281e-02
1.370791438966989517e-02
1.394517812877893448e-02
1.349133532494306564e-02
1.365824136883020401e-02
1.369022764265537262e-02
1.358962710946798325e-02
1.402966398745775223e-02
1.407364290207624435e-02
1.377844717353582382e-02
1.394293550401926041e-02
1.344945374876260757e-02
1.390511915087699890e-02
1.388954557478427887e-02
1.369964238256216049e-02
1.374529395252466202e-02
1.162447687238454819e-02
1.387098710983991623e-02
1.384477410465478897e-02
1.397469080984592438e-02
1.420338451862335205e-02
1.380284223705530167e-02
1.392963435500860214e-02
1.385206822305917740e-02
1.370754837989807129e-02
1.393220480531454086e-02
1.531930174678564072e-02
1.386253908276557922e-02
1.398539915680885315e-02
1.396914478391408920e-02
1.412919256836175919e-02
1.402060408145189285e-02
1.391673367470502853e-02
1.386307831853628159e-02
1.396814268082380295e-02
1.387122552841901779e-02
1.377732213586568832e-02
1.394217927008867264e-02
1.414476986974477768e-02
1.410327199846506119e-02
1.385183539241552353e-02
1.390829030424356461e-02
1.376816909760236740e-02
1.351410057395696640e-02
1.395753398537635803e-02
1.369242370128631592e-02
1.379041466861963272e-02
1.374195795506238937e-02
1.381920650601387024e-02
1.403907872736454010e-02
1.408237498253583908e-02
1.458322722464799881e-02
1.349360868334770203e-02
1.367744803428649902e-02
1.365521457046270370e-02
1.381852664053440094e-02
1.361668016761541367e-02
1.390421390533447266e-02
1.355605386197566986e-02
1.388615090399980545e-02
1.272401306778192520e-02
1.379143353551626205e-02
1.380137261003255844e-02
1.381480321288108826e-02
1.410508435219526291e-02
1.380785927176475525e-02
1.409824565052986145e-02
1.382577978074550629e-02
1.368708815425634384e-02
1.380937453359365463e-02
1.410746201872825623e-02
1.372634433209896088e-02
1.366458460688591003e-02
1.368043106049299240e-02
1.407774072140455246e-02
1.383427064865827560e-02
1.537043694406747818e-02
1.373651996254920959e-02
1.394046191126108170e-02
1.352648064494132996e-02
1.421289518475532532e-02
1.385207846760749817e-02
1.400009635835886002e-02
1.394289173185825348e-02
1.363844238221645355e-02
1.491794083267450333e-02
1.356838271021842957e-02
1.396351773291826248e-02
1.384977996349334717e-02
1.371973473578691483e-02
1.396817807108163834e-02
1.401086058467626572e-02
1.366292778402566910e-02
1.371122524142265320e-02
1.412511151283979416e-02
1.383365411311388016e-02
1.409466285258531570e-02
1.373632904142141342e-02
1.401331927627325058e-02
1.386967580765485764e-02
1.377421058714389801e-02
1.394726056605577469e-02
1.362717058509588242e-02
1.363617461174726486e-02
1.373654510825872421e-02
1.402566395699977875e-02
1.407231763005256653e-02
1.382241584360599518e-02
1.450873818248510361e-02
1.394922100007534027e-02
1.398676075041294098e-02
1.363138481974601746e-02
1.375987008213996887e-02
1.367058791220188141e-02
1.393898762762546539e-02
1.370134856551885605e-02
1.403998769819736481e-02
1.404882036149501801e-02
1.384085323661565781e-02
1.392304617911577225e-02
1.366860046982765198e-02
1.370696630328893661e-02
1.372867543250322342e-02
1.385158579796552658e-02
1.358653698116540909e-02
1.369997020810842514e-02
1.361595746129751205e-02
1.438013836741447449e-02
1.435131393373012543e-02
1.374616101384162903e-02
1.384972687810659409e-02
1.410575211048126221e-02
1.377795264124870300e-02
1.370193064212799072e-02
1.354796253144741058e-02
1.434349734336137772e-02
1.418088469654321671e-02
1.379870809614658356e-02
1.390017010271549225e-02
1.397432480007410049e-02
1.377664133906364441e-02
1.405781786888837814e-02
1.373453065752983093e-02
1.368343271315097809e-02
1.380703225731849670e-02
1.377115771174430847e-02
1.382462773472070694e-02
1.363883633166551590e-02
1.412529312074184418e-02
1.365847978740930557e-02
1.382873300462961197e-02
1.367678120732307434e-02
1.401649788022041321e-02
1.357729826122522354e-02
1.357632596045732498e-02
1.369206048548221588e-02
1.428324822336435318e-02
1.417650375515222549e-02
1.355175301432609558e-02
1.403027772903442383e-02
1.373084168881177902e-02
1.375715341418981552e-02
1.394918002188205719e-02
1.384556572884321213e-02
1.391925476491451263e-02
1.356276310980319977e-02
1.367253903299570084e-02
1.395878102630376816e-02
1.391897443681955338e-02
1.382320560514926910e-02
1.433690264821052551e-02
1.378825306892395020e-02
1.390219852328300476e-02
1.394670084118843079e-02
1.379813160747289658e-02
1.401070039719343185e-02
1.379357185214757919e-02
1.438283361494541168e-02
1.393453404307365417e-02
1.394294481724500656e-02
1.390980836004018784e-02
1.401216071099042892e-02
1.379087287932634354e-02
1.390359085053205490e-02
1.387773826718330383e-02
1.377706602215766907e-02
1.408308837562799454e-02
1.403483375906944275e-02
1.386297307908535004e-02
1.416413765400648117e-02
1.384039595723152161e-02
1.404082216322422028e-02
1.407248433679342270e-02
1.412620861083269119e-02
1.373240072280168533e-02
1.373573578894138336e-02
1.395571231842041016e-02
1.415282394737005234e-02
1.415933016687631607e-02
1.386587414890527725e-02
1.389724295586347580e-02
1.445759460330009460e-02
1.365768630057573318e-02
1.411912962794303894e-02
1.110417209565639496e-02
1.385665219277143478e-02
1.363799814134836197e-02
1.401123311370611191e-02
1.366672758013010025e-02
1.374155934900045395e-02
1.366550289094448090e-02
1.405167486518621445e-02
1.396305020898580551e-02
1.403896138072013855e-02
1.419910416007041931e-02
1.364792883396148682e-02
1.392993610352277756e-02
1.380026619881391525e-02
1.414023339748382568e-02
1.395009551197290421e-02
1.433685142546892166e-02
1.380742155015468597e-02
1.396602950990200043e-02
1.394314691424369812e-02
1.388343051075935364e-02
1.392460241913795471e-02
1.417682133615016937e-02
1.393015123903751373e-02
1.384349446743726730e-02
1.381035801023244858e-02
1.389883086085319519e-02
1.393612101674079895e-02
1.409023720771074295e-02
1.399761997163295746e-02
1.406275108456611633e-02
1.386083010584115982e-02
1.403215155005455017e-02
1.397887151688337326e-02
1.353608723729848862e-02
1.373253669589757919e-02
1.351080276072025299e-02
1.420223992317914963e-02
1.379450317472219467e-02
1.374067459255456924e-02
1.358519587665796280e-02
1.386170461773872375e-02
1.376618817448616028e-02
1.384673919528722763e-02
1.399010978639125824e-02
1.366086676716804504e-02
1.359442248940467834e-02
1.384908799082040787e-02
1.383367460221052170e-02
1.401913166046142578e-02
1.404707133769989014e-02
1.406227704137563705e-02
7.960807532072067261e-03
1.409054920077323914e-02
1.386891398578882217e-02
1.364087779074907303e-02
1.391479372978210449e-02
1.373421866446733475e-02
1.378440763801336288e-02
1.367084775120019913e-02
1.352808438241481781e-02
1.376770343631505966e-02
1.406390033662319183e-02
1.371852681040763855e-02
1.353071257472038269e-02
1.406696066260337830e-02
1.378556806594133377e-02
1.401188690215349197e-02
1.395554933696985245e-02
1.370550785213708878e-02
1.384642999619245529e-02
1.418077666312456131e-02
1.387516222894191742e-02
1.357230544090270996e-02
1.507605332881212234e-02
1.403372362256050110e-02
1.379778981208801270e-02
1.393631380051374435e-02
1.361412648111581802e-02
1.361870765686035156e-02
1.397136133164167404e-02
1.378458365797996521e-02
1.425381377339363098e-02
1.393574196845293045e-02
1.347403321415185928e-02
1.402204390615224838e-02
1.358300354331731796e-02
1.377211604267358780e-02
1.446865778416395187e-02
1.370756700634956360e-02
1.389826554805040359e-02
1.430176105350255966e-02
1.370013132691383362e-02
1.405424252152442932e-02
1.432246807962656021e-02
1.366048119962215424e-02
1.383840478956699371e-02
1.378522440791130066e-02
1.375630125403404236e-02
1.384680066257715225e-02
1.485230401158332825e-02
1.364145800471305847e-02
1.403272151947021484e-02
1.360934413969516754e-02
1.364979986101388931e-02
1.348547544330358505e-02
1.375538669526576996e-02
1.368610467761754990e-02
1.408951543271541595e-02
1.391197461634874344e-02
1.382207777351140976e-02
1.379905361682176590e-02
1.378009002655744553e-02
1.402187626808881760e-02
1.358151156455278397e-02
1.344264391809701920e-02
1.420911774039268494e-02
1.396889332681894302e-02
1.396233402192592621e-02
1.374008134007453918e-02
1.402386743575334549e-02
1.439517363905906677e-02
1.410753093659877777e-02
1.382479630410671234e-02
1.390988565981388092e-02
1.415918394923210144e-02
1.372144743800163269e-02
1.404055953025817871e-02
1.361968740820884705e-02
1.396553311496973038e-02
1.407126151025295258e-02
1.383574679493904114e-02
1.380335446447134018e-02
1.375595945864915848e-02
1.374349836260080338e-02
1.343709323555231094e-02
1.359904091805219650e-02
1.371530070900917053e-02
1.376436930149793625e-02
1.378484908491373062e-02
1.392586622387170792e-02
1.394062582403421402e-02
1.475468277931213379e-02
1.379119977355003357e-02
1.349175814539194107e-02
1.410414278507232666e-02
1.410832069814205170e-02
1.374765019863843918e-02
1.491115894168615341e-02
1.373711600899696350e-02
1.424460392445325851e-02
1.383748371154069901e-02
1.389517728239297867e-02
1.418055687099695206e-02
1.389231998473405838e-02
1.333108823746442795e-02
1.380549650639295578e-02
1.314274314790964127e-02
1.394424960017204285e-02
1.371075119823217392e-02
1.389098074287176132e-02
1.406015083193778992e-02
1.388338115066289902e-02
1.380578521639108658e-02
1.436353009194135666e-02
1.370699703693389893e-02
1.465121842920780182e-02
1.392876543104648590e-02
1.367342751473188400e-02
1.365096215158700943e-02
1.386754587292671204e-02
1.385686080902814865e-02
1.412993669509887695e-02
1.375108119100332260e-02
1.387395337224006653e-02
1.373585499823093414e-02
1.511740684509277344e-02
1.388557627797126770e-02
1.433372497558593750e-02
1.376297511160373688e-02
1.377937756478786469e-02
1.354605238884687424e-02
1.393881160765886307e-02
1.394004747271537781e-02
1.389521267265081406e-02
1.405779644846916199e-02
1.393806654959917068e-02
1.430867891758680344e-02
2.976748161017894745e-02
1.374526228755712509e-02
1.408555824309587479e-02
1.361997053027153015e-02
1.363868918269872665e-02
1.390407420694828033e-02
1.386502385139465332e-02
1.396161876618862152e-02
1.405656244605779648e-02
1.407279167324304581e-02
1.383800897747278214e-02
1.411443389952182770e-02
1.395494025200605392e-02
1.286568306386470795e-02
1.402368210256099701e-02
1.308540161699056625e-02
1.398511510342359543e-02
1.380535401403903961e-02
1.422677282243967056e-02
1.397593878209590912e-02
1.357111614197492599e-02
1.410863175988197327e-02
1.382262911647558212e-02
1.378026045858860016e-02
1.349984761327505112e-02
1.358147617429494858e-02
1.375074312090873718e-02
1.430518273264169693e-02
1.377775985747575760e-02
1.368311140686273575e-02
1.384423766285181046e-02
1.389830466359853745e-02
1.362950727343559265e-02
1.227739360183477402e-02
1.157166436314582825e-02
1.398429647088050842e-02
1.369215454906225204e-02
1.364411786198616028e-02
1.443158928304910660e-02
1.380530837923288345e-02
1.378093753010034561e-02
1.399892475455999374e-02
1.395453605800867081e-02
1.377647556364536285e-02
1.391205843538045883e-02
1.400113757699728012e-02
1.486278139054775238e-02
1.399765629321336746e-02
1.374872401356697083e-02
1.398661173880100250e-02
1.400546357035636902e-02
1.393132563680410385e-02
1.367531809955835342e-02
1.362524274736642838e-02
1.376818213611841202e-02
1.404429692775011063e-02
1.423645298928022385e-02
1.393813453614711761e-02
1.362698432058095932e-02
1.375261228531599045e-02
1.382224354892969131e-02
1.390490494668483734e-02
1.430437527596950531e-02
1.379443611949682236e-02
1.403077039867639542e-02
1.380352396517992020e-02
1.447432395070791245e-02
1.370338257402181625e-02
1.379717048257589340e-02
1.413226127624511719e-02
1.416228618472814560e-02
1.388279814273118973e-02
1.373773254454135895e-02
1.372706331312656403e-02
1.423839665949344635e-02
1.158786937594413757e-02
1.407165918499231339e-02
1.419712882488965988e-02
1.363361161202192307e-02
1.361182332038879395e-02
1.359440479427576065e-02
1.380428392440080643e-02
1.338556967675685883e-02
1.370846945792436600e-02
1.363276876509189606e-02
1.426795125007629395e-02
1.430635247379541397e-02
1.370776817202568054e-02
1.409213151782751083e-02
1.373168826103210449e-02
1.291915215551853180e-02
1.393990125507116318e-02
1.378969755023717880e-02
1.396522764116525650e-02
1.399264950305223465e-02
1.355300936847925186e-02
1.359835360199213028e-02
1.401145476847887039e-02
1.372330263257026672e-02
1.358422636985778809e-02
1.388273574411869049e-02
8.535829372704029083e-03
1.376486476510763168e-02
1.371817663311958313e-02
1.369751989841461182e-02
1.382173504680395126e-02
1.403494179248809814e-02
1.378902234137058258e-02
1.452635601162910461e-02
1.374349649995565414e-02
1.377005036920309067e-02
1.398553885519504547e-02
1.387468818575143814e-02
1.396367512643337250e-02
1.390263158828020096e-02
1.342254877090454102e-02
1.384394522756338120e-02
1.426106318831443787e-02
1.390374824404716492e-02
1.388367451727390289e-02
1.390379946678876877e-02
1.380218472331762314e-02
1.351183373481035233e-02
1.374457404017448425e-02
1.412216946482658386e-02
1.377594377845525742e-02
1.405011489987373352e-02
1.386305317282676697e-02
1.375257689505815506e-02
1.360194012522697449e-02
1.404972281306982040e-02
1.403911318629980087e-02
1.351812109351158142e-02
1.412477530539035797e-02
1.384915318340063095e-02
1.416572090238332748e-02
1.364145334810018539e-02
1.368488278239965439e-02
1.378627493977546692e-02
1.367703918367624283e-02
1.383365318179130554e-02
1.405202969908714294e-02
1.407324150204658508e-02
1.400487218052148819e-02
1.407437678426504135e-02
1.380010601133108139e-02
1.376066729426383972e-02
1.378065068274736404e-02
1.372455619275569916e-02
1.414666231721639633e-02
1.375778298825025558e-02
1.378380600363016129e-02
1.405542716383934021e-02
1.395643129944801331e-02
1.394123118370771408e-02
1.347842440009117126e-02
1.382125914096832275e-02
1.389923039823770523e-02
1.395697519183158875e-02
1.378948986530303955e-02
1.371667906641960144e-02
1.431638002395629883e-02
1.436417363584041595e-02
1.427358761429786682e-02
1.356699224561452866e-02
1.368548534810543060e-02
1.385387219488620758e-02
1.373898889869451523e-02
1.395727042108774185e-02
1.420535799115896225e-02
1.415078435093164444e-02
1.372089423239231110e-02
1.402093470096588135e-02
1.353903207927942276e-02
1.370758935809135437e-02
1.410138513892889023e-02
1.391003374010324478e-02
1.385646220296621323e-02
1.391656789928674698e-02
1.387787982821464539e-02
1.404432300478219986e-02
1.433764304965734482e-02
1.387395337224006653e-02
1.383840199559926987e-02
1.358503662049770355e-02
1.378796622157096863e-02
1.406466402113437653e-02
1.379486639052629471e-02
1.402293425053358078e-02
1.586705446243286133e-02
1.372804306447505951e-02
1.361545082181692123e-02
1.373857166618108749e-02
1.459494139999151230e-02
1.382101234048604965e-02
1.382896304130554199e-02
1.380092184990644455e-02
1.391897164285182953e-02
1.376026310026645660e-02
1.391705311834812164e-02
1.388675067573785782e-02
1.402707491070032120e-02
1.403256412595510483e-02
1.393403764814138412e-02
1.381028350442647934e-02
1.394924242049455643e-02
1.414827629923820496e-02
1.487587112933397293e-02
1.402859389781951904e-02
1.387690566480159760e-02
1.377791166305541992e-02
1.381074730306863785e-02
1.383244618773460388e-02
1.585838198661804199e-02
1.389388088136911392e-02
1.409247145056724548e-02
1.424544397741556168e-02
1.391036156564950943e-02
1.391023956239223480e-02
1.384520810097455978e-02
1.426590885967016220e-02
1.436513289809226990e-02
1.380800362676382065e-02
1.388732530176639557e-02
1.404646690934896469e-02
1.373235788196325302e-02
1.431216672062873840e-02
1.391566079109907150e-02
1.385888736695051193e-02
1.402363181114196777e-02
1.369489636272192001e-02
1.371906604617834091e-02
1.411627884954214096e-02
1.403851807117462158e-02
1.408804859966039658e-02
1.415997184813022614e-02
1.363513246178627014e-02
1.390855573117733002e-02
1.423358824104070663e-02
1.452520769089460373e-02
1.516864821314811707e-02
1.376663520932197571e-02
1.383298542350530624e-02
1.367804687470197678e-02
1.363092567771673203e-02
1.371602807193994522e-02
1.389001216739416122e-02
1.376619096845388412e-02
1.388382818549871445e-02
1.403430104255676270e-02
1.447690650820732117e-02
1.366124395281076431e-02
1.399698294699192047e-02
1.395753119140863419e-02
1.385697163641452789e-02
1.384193077683448792e-02
1.388019602745771408e-02
9.967869147658348083e-03
1.306286733597517014e-02
1.417242828756570816e-02
1.392365060746669769e-02
1.405994221568107605e-02
1.411768887192010880e-02
1.388675346970558167e-02
1.396792847663164139e-02
1.399132702499628067e-02
1.394376438111066818e-02
1.378641370683908463e-02
1.394039671868085861e-02
1.450029574334621429e-02
1.381579600274562836e-02
1.371228974312543869e-02
1.370483357459306717e-02
1.374560873955488205e-02
1.369727496057748795e-02
1.409989595413208008e-02
9.254959411919116974e-03
1.400961820036172867e-02
1.366653200238943100e-02
1.427817344665527344e-02
1.356751006096601486e-02
1.398826204240322113e-02
1.403801515698432922e-02
1.366520021110773087e-02
1.398428902029991150e-02
1.393069420009851456e-02
1.372379623353481293e-02
1.403306145220994949e-02
1.374734006822109222e-02
1.376473903656005859e-02
1.391443703323602676e-02
1.369045581668615341e-02
1.435203943401575089e-02
1.375378761440515518e-02
1.402048766613006592e-02
1.394631899893283844e-02
1.359415613114833832e-02
1.255384925752878189e-02
1.257734093815088272e-02
1.380968187004327774e-02
1.374578755348920822e-02
1.378622092306613922e-02
1.390755735337734222e-02
1.378198526799678802e-02
1.364901661872863770e-02
1.419102773070335388e-02
1.372294966131448746e-02
1.393204089254140854e-02
1.381208375096321106e-02
1.379559002816677094e-02
1.400351524353027344e-02
1.397522166371345520e-02
1.462081726640462875e-02
1.386393513530492783e-02
1.388557627797126770e-02
1.368424948304891586e-02
1.364805083721876144e-02
1.403585448861122131e-02
1.384825352579355240e-02
1.351820304989814758e-02
1.401477493345737457e-02
1.393463928252458572e-02
1.386729441583156586e-02
1.413875725120306015e-02
1.185941416770219803e-02
1.362762972712516785e-02
1.408184971660375595e-02
1.228110399097204208e-02
1.397861167788505554e-02
1.360347028821706772e-02
1.369924191385507584e-02
1.360744517296552658e-02
1.358668506145477295e-02
1.433428283780813217e-02
1.399529259651899338e-02
1.431934256106615067e-02
1.356376707553863525e-02
1.391020696610212326e-02
1.436292845755815506e-02
1.390922348946332932e-02
1.404820475727319717e-02
1.384238526225090027e-02
1.543575525283813477e-02
1.380286458879709244e-02
1.394797209650278091e-02
1.352936681360006332e-02
1.383226457983255386e-02
1.312103029340505600e-02
1.382164750248193741e-02
1.436582207679748535e-02
1.395728345960378647e-02
1.420584879815578461e-02
1.391786336898803711e-02
1.393479481339454651e-02
1.456569042056798935e-02
1.389605086296796799e-02
1.390189770609140396e-02
1.390117499977350235e-02
1.454568188637495041e-02
1.381190121173858643e-02
1.402749214321374893e-02
1.458002720028162003e-02
1.403675600886344910e-02
1.337350811809301376e-02
1.375268120318651199e-02
1.406528707593679428e-02
1.362840831279754639e-02
1.433091796934604645e-02
1.406733039766550064e-02
1.358768623322248459e-02
1.426818408071994781e-02
1.406660024076700211e-02
1.398492697626352310e-02
1.382709108293056488e-02
1.380501314997673035e-02
1.382370665669441223e-02
1.376526150852441788e-02
1.385219488292932510e-02
1.400113385170698166e-02
1.394389849156141281e-02
1.405522134155035019e-02
1.395760197192430496e-02
1.398106012493371964e-02
1.399887446314096451e-02
1.363486051559448242e-02
1.349522266536951065e-02
1.371963229030370712e-02
1.400002837181091309e-02
1.387950498610734940e-02
1.365561224520206451e-02
1.389245782047510147e-02
1.441998500376939774e-02
1.380744483321905136e-02
1.380203012377023697e-02
1.377475913614034653e-02
1.402514055371284485e-02
1.393093261867761612e-02
1.371300779283046722e-02
1.382206752896308899e-02
1.410451531410217285e-02
1.397077087312936783e-02
1.378384232521057129e-02
1.362115517258644104e-02
1.402252353727817535e-02
1.384653523564338684e-02
1.382212992757558823e-02
1.357872877269983292e-02
1.376400515437126160e-02
1.371186040341854095e-02
1.406602840870618820e-02
1.386198960244655609e-02
1.405086833983659744e-02
1.413656398653984070e-02
1.386160496622323990e-02
1.383932586759328842e-02
1.364163774996995926e-02
1.387791987508535385e-02
1.404250226914882660e-02
1.403141673654317856e-02
1.373865641653537750e-02
1.403261069208383560e-02
1.425649784505367279e-02
1.401615049690008163e-02
9.284480474889278412e-03
1.387229003012180328e-02
1.399952732026576996e-02
1.393218059092760086e-02
1.393471751362085342e-02
1.392910443246364594e-02
1.383514143526554108e-02
1.389179006218910217e-02
1.397602166980504990e-02
1.298427954316139221e-02
1.401982642710208893e-02
1.385646779090166092e-02
1.382030174136161804e-02
1.408822182565927505e-02
1.379217486828565598e-02
1.414703950285911560e-02
1.418486144393682480e-02
1.376904919743537903e-02
1.372221484780311584e-02
1.379849109798669815e-02
1.360285654664039612e-02
1.387730240821838379e-02
1.385011430829763412e-02
1.374653540551662445e-02
1.418882329016923904e-02
1.357766706496477127e-02
1.399006322026252747e-02
1.439390983432531357e-02
1.382419746369123459e-02
1.362953986972570419e-02
1.441577915102243423e-02
1.395616214722394943e-02
1.425805129110813141e-02
1.397139672189950943e-02
1.368286367505788803e-02
1.470098737627267838e-02
1.426056306809186935e-02
1.390296500176191330e-02
1.367240026593208313e-02
1.379089057445526123e-02
1.377820875495672226e-02
1.409967150539159775e-02
1.388666126877069473e-02
1.391767896711826324e-02
1.360472477972507477e-02
1.399100944399833679e-02
1.390042901039123535e-02
1.363319810479879379e-02
1.384651940315961838e-02
1.407282147556543350e-02
1.265180390328168869e-02
1.391094923019409180e-02
1.367158256471157074e-02
1.382196787744760513e-02
1.386424992233514786e-02
1.387300994247198105e-02
1.457252539694309235e-02
1.379210036247968674e-02
1.399433240294456482e-02
1.401404663920402527e-02
1.380576565861701965e-02
1.369069609791040421e-02
1.394683122634887695e-02
1.402251981198787689e-02
1.393534336239099503e-02
1.368257496505975723e-02
1.387843210250139236e-02
1.381415035575628281e-02
1.383227389305830002e-02
1.363526377826929092e-02
1.391321141272783279e-02
1.367761101573705673e-02
1.392666436731815338e-02
1.375250238925218582e-02
1.380618847906589508e-02
1.405381597578525543e-02
1.386152859777212143e-02
1.402398385107517242e-02
1.387049909681081772e-02
1.402217708528041840e-02
1.407289505004882812e-02
1.396558247506618500e-02
1.475381013005971909e-02
1.404820475727319717e-02
1.119904220104217529e-02
1.369616668671369553e-02
1.373866200447082520e-02
1.389721687883138657e-02
1.359497662633657455e-02
1.393579784780740738e-02
1.407938264310359955e-02
1.398767158389091492e-02
1.383106689900159836e-02
1.390607748180627823e-02
9.253351949155330658e-03
1.385233737528324127e-02
1.359825208783149719e-02
1.387932244688272476e-02
1.361325290054082870e-02
1.415919605642557144e-02
1.378728076815605164e-02
1.358146686106920242e-02
1.381030958145856857e-02
1.392035465687513351e-02
1.357362233102321625e-02
1.373536605387926102e-02
1.425056532025337219e-02
1.372070237994194031e-02
1.381135266274213791e-02
1.358473859727382660e-02
1.397873181849718094e-02
1.421849336475133896e-02
1.402630750089883804e-02
1.367321051657199860e-02
1.389038935303688049e-02
1.376416441053152084e-02
1.498941984027624130e-02
1.440736278891563416e-02
1.385037507861852646e-02
1.321085356175899506e-02
1.364477910101413727e-02
1.419642195105552673e-02
1.362457312643527985e-02
1.394413504749536514e-02
1.397240441292524338e-02
1.409554202109575272e-02
1.395140681415796280e-02
1.364625617861747742e-02
1.383427344262599945e-02
1.380391791462898254e-02
1.373489294201135635e-02
1.406016387045383453e-02
1.385360956192016602e-02
1.407345198094844818e-02
1.370790321379899979e-02
1.409582886844873428e-02
1.374930981546640396e-02
1.393175777047872543e-02
1.377020776271820068e-02
1.401849742978811264e-02
1.381049770861864090e-02
1.380601618438959122e-02
1.389161311089992523e-02
1.357018668204545975e-02
1.389724947512149811e-02
1.370991766452789307e-02
1.383137144148349762e-02
1.386393699795007706e-02
1.381080225110054016e-02
1.379482541233301163e-02
1.364005450159311295e-02
1.446769200265407562e-02
1.372900698333978653e-02
1.374449953436851501e-02
1.432752888649702072e-02
1.493354048579931259e-02
1.368392072618007660e-02
1.386419497430324554e-02
1.392745412886142731e-02
1.363675668835639954e-02
1.416558120399713516e-02
1.387064252048730850e-02
1.380546484142541885e-02
1.390037592500448227e-02
1.399470213800668716e-02
1.390403136610984802e-02
1.387224998325109482e-02
1.410576980561017990e-02
1.427629962563514709e-02
1.407696306705474854e-02
1.363197620958089828e-02
1.373960077762603760e-02
1.377852819859981537e-02
1.431468781083822250e-02
1.373761799186468124e-02
1.397508289664983749e-02
1.394356507807970047e-02
1.403788011521100998e-02
1.405029557645320892e-02
1.404737215489149094e-02
1.389044895768165588e-02
1.420939806848764420e-02
1.383250113576650620e-02
1.394332852214574814e-02
1.410235557705163956e-02
1.372006256133317947e-02
1.385127380490303040e-02
1.372290309518575668e-02
1.370147988200187683e-02
1.409143116325139999e-02
1.386105455458164215e-02
1.368513610213994980e-02
1.403733436018228531e-02
1.397698279470205307e-02
1.402919925749301910e-02
1.402732450515031815e-02
1.392379775643348694e-02
1.382995862513780594e-02
1.381362602114677429e-02
1.384260319173336029e-02
1.381033379584550858e-02
1.411346439272165298e-02
1.354765612632036209e-02
1.402711868286132812e-02
1.410899404436349869e-02
1.406038459390401840e-02
1.393551193177700043e-02
1.378934457898139954e-02
1.417635474354028702e-02
1.367941778153181076e-02
1.021171361207962036e-02
1.395733747631311417e-02
1.414001546800136566e-02
1.418349985033273697e-02
1.368180476129055023e-02
1.435609720647335052e-02
1.403856556862592697e-02
1.390905585139989853e-02
1.369542721658945084e-02
1.453506387770175934e-02
1.380421128123998642e-02
1.373647432774305344e-02
1.392166409641504288e-02
1.420533657073974609e-02
1.378311496227979660e-02
1.377738453447818756e-02
1.381168328225612640e-02
1.384959276765584946e-02
1.347788795828819275e-02
1.361366547644138336e-02
1.399558410048484802e-02
1.394262630492448807e-02
1.381909288465976715e-02
1.380840782076120377e-02
1.400020159780979156e-02
1.361859496682882309e-02
1.363027468323707581e-02
1.373971067368984222e-02
9.661370888352394104e-03
1.349196489900350571e-02
1.379758398979902267e-02
1.413995306938886642e-02
1.360792759805917740e-02
1.391282118856906891e-02
1.392256841063499451e-02
1.419729832559823990e-02
1.383631024509668350e-02
1.410933211445808411e-02
1.390640344470739365e-02
1.390436291694641113e-02
1.387847308069467545e-02
1.361953094601631165e-02
1.373552158474922180e-02
1.395136676728725433e-02
1.382985990494489670e-02
1.351720187813043594e-02
1.398529764264822006e-02
1.454372052103281021e-02
1.500924210995435715e-02
1.381568238139152527e-02
1.389719638973474503e-02
1.361084077507257462e-02
1.363061647862195969e-02
1.390682253986597061e-02
1.379271689802408218e-02
1.348093152046203613e-02
1.356084272265434265e-02
1.421386841684579849e-02
1.411562319844961166e-02
1.393447257578372955e-02
1.388024725019931793e-02
1.412487123161554337e-02
1.366462744772434235e-02
1.416223403066396713e-02
1.371407788246870041e-02
1.363241579383611679e-02
1.128361746668815613e-02
1.396269816905260086e-02
1.349837426096200943e-02
1.399978715926408768e-02
1.392802037298679352e-02
1.385176461189985275e-02
1.386177539825439453e-02
1.548027433454990387e-02
1.389896776527166367e-02
1.378072239458560944e-02
1.376378629356622696e-02
1.376338396221399307e-02
1.413107197731733322e-02
1.404616795480251312e-02
1.376716140657663345e-02
1.358454860746860504e-02
1.406730618327856064e-02
1.373282074928283691e-02
1.377747021615505219e-02
1.361155789345502853e-02
1.377717498689889908e-02
1.385931298136711121e-02
1.395168062299489975e-02
1.421322487294673920e-02
1.362180709838867188e-02
1.343227550387382507e-02
1.433992478996515274e-02
1.417917851358652115e-02
1.396207418292760849e-02
1.406661793589591980e-02
1.383060589432716370e-02
1.381734572350978851e-02
1.376995164901018143e-02
1.381640043109655380e-02
1.379630807787179947e-02
1.363338157534599304e-02
1.399656012654304504e-02
1.380252465605735779e-02
1.370671764016151428e-02
1.408961135894060135e-02
1.417393609881401062e-02
1.399995759129524231e-02
1.364396233111619949e-02
1.385369244962930679e-02
1.369800046086311340e-02
1.400127727538347244e-02
1.384454872459173203e-02
1.399540994316339493e-02
1.388932392001152039e-02
1.386069972068071365e-02
1.373673882335424423e-02
1.381145045161247253e-02
1.371820922940969467e-02
1.364210806787014008e-02
1.361574139446020126e-02
1.379114948213100433e-02
1.422668900340795517e-02
1.399415731430053711e-02
1.398808602243661880e-02
1.388916373252868652e-02
1.456164196133613586e-02
1.355119422078132629e-02
1.402002200484275818e-02
1.396757364273071289e-02
1.406717021018266678e-02
1.374258752912282944e-02
1.390912476927042007e-02
1.387204788625240326e-02
1.418812200427055359e-02
1.388470735400915146e-02
1.398655213415622711e-02
1.412534620612859726e-02
1.356971357017755508e-02
1.386907324194908142e-02
1.387440599501132965e-02
1.415930315852165222e-02
1.373831834644079208e-02
1.394759491086006165e-02
1.415376644581556320e-02
1.370419934391975403e-02
1.379921752959489822e-02
1.366977021098136902e-02
1.380508299916982651e-02
1.382457278668880463e-02
1.369731780141592026e-02
1.398761197924613953e-02
1.372016128152608871e-02
1.392445527017116547e-02
1.365083456039428711e-02
1.298985164612531662e-02
1.388271246105432510e-02
1.388126891106367111e-02
1.379483006894588470e-02
1.375189423561096191e-02
1.415812969207763672e-02
1.401652395725250244e-02
1.390538178384304047e-02
1.378591358661651611e-02
1.407758984714746475e-02
1.411974150687456131e-02
1.370787620544433594e-02
1.402521692216396332e-02
1.385533809661865234e-02
1.392294839024543762e-02
1.365331653505563736e-02
1.350161712616682053e-02
1.392601523548364639e-02
1.392421685159206390e-02
1.381591614335775375e-02
1.220367476344108582e-02
1.345399022102355957e-02
1.390547771006822586e-02
1.362766977399587631e-02
1.378634013235569000e-02
1.392487529665231705e-02
1.378689613193273544e-02
1.454026438295841217e-02
1.390575524419546127e-02
1.382561307400465012e-02
1.401250343769788742e-02
1.380309462547302246e-02
1.375824585556983948e-02
1.368210371583700180e-02
1.412525400519371033e-02
1.365150418132543564e-02
1.374549232423305511e-02
1.384542789310216904e-02
1.348833739757537842e-02
1.391473971307277679e-02
1.413562335073947906e-02
1.406574156135320663e-02
1.378665491938591003e-02
1.371593680232763290e-02
1.386559940874576569e-02
1.377660315483808517e-02
1.387228071689605713e-02
1.436613127589225769e-02
1.417960599064826965e-02
1.420627627521753311e-02
1.373632904142141342e-02
1.387622952461242676e-02
1.361592486500740051e-02
1.384455803781747818e-02
1.392497774213552475e-02
1.352169271558523178e-02
1.373255532234907150e-02
1.352984644472599030e-02
1.471693906933069229e-02
1.391669735312461853e-02
1.381658669561147690e-02
1.404371019452810287e-02
1.400721911340951920e-02
1.385950762778520584e-02
1.392638124525547028e-02
1.394046191126108170e-02
1.397058647125959396e-02
1.394182723015546799e-02
1.348391082137823105e-02
1.360358670353889465e-02
1.365703344345092773e-02
1.367698702961206436e-02
1.430033519864082336e-02
1.389080937951803207e-02
1.374926604330539703e-02
1.411909703165292740e-02
1.247492432594299316e-02
1.425393298268318176e-02
1.409042812883853912e-02
1.342110894620418549e-02
1.407972071319818497e-02
1.396036520600318909e-02
1.383580919355154037e-02
1.386955659836530685e-02
1.391466241329908371e-02
1.448807027190923691e-02
1.399451214820146561e-02
1.395708229392766953e-02
1.360646169632673264e-02
1.377171277999877930e-02
1.379582006484270096e-02
1.431591715663671494e-02
1.370324846357107162e-02
1.386375818401575089e-02
1.360359694808721542e-02
1.367806270718574524e-02
1.389959082007408142e-02
1.376889739185571671e-02
1.426480710506439209e-02
1.354885194450616837e-02
1.381883025169372559e-02
1.389247179031372070e-02
1.390127278864383698e-02
1.395925041288137436e-02
1.392357423901557922e-02
1.341232005506753922e-02
1.395117584615945816e-02
1.397675275802612305e-02
1.379595976322889328e-02
7.713658735156059265e-03
1.396764162927865982e-02
1.398844178766012192e-02
1.401549205183982849e-02
1.415915414690971375e-02
1.379843894392251968e-02
1.406410615891218185e-02
1.363608799874782562e-02
1.413678843528032303e-02
1.353813055902719498e-02
1.391071919351816177e-02
1.490708254277706146e-02
1.374963577836751938e-02
1.393105741590261459e-02
1.372978650033473969e-02
1.406217180192470551e-02
1.403193548321723938e-02
1.388945896178483963e-02
1.433068793267011642e-02
1.388784311711788177e-02
1.402939856052398682e-02
9.642953053116798401e-03
1.380357146263122559e-02
1.376096997410058975e-02
1.386771164834499359e-02
1.370419468730688095e-02
1.407090201973915100e-02
1.371122244745492935e-02
1.407484617084264755e-02
1.386017538607120514e-02
1.382226031273603439e-02
1.421206351369619370e-02
1.424942631274461746e-02
1.382134575396776199e-02
1.345828454941511154e-02
1.444348972290754318e-02
1.393886283040046692e-02
1.371223572641611099e-02
1.250605657696723938e-02
1.415324117988348007e-02
1.373559795320034027e-02
1.406450476497411728e-02
1.378241181373596191e-02
1.341512519866228104e-02
1.375099737197160721e-02
1.382257416844367981e-02
1.383769232779741287e-02
1.366811059415340424e-02
1.392747834324836731e-02
1.377416215837001801e-02
1.289759203791618347e-02
1.378983911126852036e-02
1.397139951586723328e-02
1.448764465749263763e-02
1.411979831755161285e-02
1.466265413910150528e-02
1.349821686744689941e-02
1.396614033728837967e-02
1.389700453728437424e-02
1.394198834896087646e-02
1.356546208262443542e-02
1.365249976515769958e-02
1.388344261795282364e-02
1.381789427250623703e-02
1.384286861866712570e-02
1.384214963763952255e-02
1.389471814036369324e-02
1.436340808868408203e-02
1.396190188825130463e-02
1.370595954358577728e-02
1.401508413255214691e-02
1.367875654250383377e-02
1.362792495638132095e-02
1.393275335431098938e-02
1.419089455157518387e-02
1.352272089570760727e-02
1.383856218308210373e-02
1.365920621901750565e-02
1.370607409626245499e-02
1.400161720812320709e-02
1.409457251429557800e-02
1.406002324074506760e-02
1.368999760597944260e-02
1.379417814314365387e-02
1.374591980129480362e-02
1.387914456427097321e-02
1.391484495252370834e-02
1.387415733188390732e-02
1.394946500658988953e-02
1.389349065721035004e-02
1.360742468386888504e-02
1.396222319453954697e-02
1.397670898586511612e-02
1.371381245553493500e-02
1.376566942781209946e-02
1.435647252947092056e-02
1.378680393099784851e-02
1.381758973002433777e-02
1.703039556741714478e-02
1.426898594945669174e-02
1.399182435125112534e-02
1.356392260640859604e-02
1.392455305904150009e-02
1.362855080515146255e-02
1.379796303808689117e-02
1.422638073563575745e-02
1.370513811707496643e-02
1.375282090157270432e-02
1.357357110828161240e-02
1.387647353112697601e-02
1.386548206210136414e-02
1.395120378583669662e-02
1.391609013080596924e-02
1.384664233773946762e-02
1.367275696247816086e-02
1.400654111057519913e-02
1.402825675904750824e-02
1.389882061630487442e-02
1.390708889812231064e-02
1.368684414774179459e-02
1.420769933611154556e-02
1.385586056858301163e-02
1.368831656873226166e-02
1.378976181149482727e-02
1.387799717485904694e-02
1.389140728861093521e-02
1.366564631462097168e-02
1.421988848596811295e-02
1.356723625212907791e-02
1.400755252689123154e-02
1.389316376298666000e-02
1.385011430829763412e-02
1.389764808118343353e-02
1.397361233830451965e-02
1.411592960357666016e-02
1.418019272387027740e-02
1.366848871111869812e-02
1.381953991949558258e-02
1.381412800401449203e-02
1.452485844492912292e-02
1.409001741558313370e-02
1.382541097700595856e-02
1.360180415213108063e-02
1.403610780835151672e-02
1.376301888376474380e-02
1.394848525524139404e-02
2.417224086821079254e-02
1.391205191612243652e-02
1.452874857932329178e-02
1.401171926409006119e-02
1.398192252963781357e-02
1.407276187092065811e-02
1.408247742801904678e-02
1.393562555313110352e-02
1.419524848461151123e-02
1.415698323398828506e-02
1.435890235006809235e-02
1.416656933724880219e-02
1.404127757996320724e-02
1.407322287559509277e-02
1.293201372027397156e-02
1.332224812358617783e-02
1.373204030096530914e-02
1.388653554022312164e-02
1.347564440220594406e-02
1.372688449919223785e-02
1.231046020984649658e-02
1.376854442059993744e-02
1.374936103820800781e-02
1.373572647571563721e-02
1.384609937667846680e-02
1.380458753556013107e-02
1.376576721668243408e-02
1.382997911423444748e-02
1.180175505578517914e-02
1.406535878777503967e-02
1.397928874939680099e-02
1.397646311670541763e-02
1.393803860992193222e-02
1.389253418892621994e-02
1.376084052026271820e-02
1.397186424583196640e-02
1.393532659858465195e-02
1.400689687579870224e-02
1.376401260495185852e-02
1.384050305932760239e-02
1.375465467572212219e-02
1.354666892439126968e-02
1.383428927510976791e-02
1.390809379518032074e-02
1.399901788681745529e-02
1.408924721181392670e-02
1.396701112389564514e-02
1.374332513660192490e-02
1.384682860225439072e-02
1.475001499056816101e-02
1.397011335939168930e-02
1.383039634674787521e-02
1.429359521716833115e-02
1.376962661743164062e-02
9.065435267984867096e-03
1.368648372590541840e-02
1.378708798438310623e-02
1.437737885862588882e-02
1.372244395315647125e-02
1.372308935970067978e-02
1.407965645194053650e-02
1.377027295529842377e-02
1.380540151149034500e-02
1.389242615550756454e-02
1.364322658628225327e-02
1.392431184649467468e-02
1.375953946262598038e-02
1.402266975492238998e-02
1.370721217244863510e-02
1.398380659520626068e-02
1.381768658757209778e-02
1.391878444701433182e-02
1.351712550967931747e-02
1.397806033492088318e-02
1.418735180050134659e-02
1.392113324254751205e-02
1.360393408685922623e-02
1.381621975451707840e-02
1.371686253696680069e-02
1.359860505908727646e-02
1.362466905266046524e-02
1.391770876944065094e-02
1.377806067466735840e-02
1.382040418684482574e-02
1.382248196750879288e-02
1.354557555168867111e-02
1.049806363880634308e-02
1.431597676128149033e-02
1.375753246247768402e-02
1.383837498724460602e-02
1.421304885298013687e-02
1.357045490294694901e-02
1.385030709207057953e-02
1.384933199733495712e-02
1.389803364872932434e-02
1.378062646836042404e-02
1.372333150357007980e-02
1.391389407217502594e-02
1.386215165257453918e-02
1.368902530521154404e-02
1.377203688025474548e-02
1.393337640911340714e-02
1.389161590486764908e-02
1.391108054667711258e-02
1.408759690821170807e-02
1.403045095503330231e-02
1.364169735461473465e-02
1.409417670220136642e-02
1.386073138564825058e-02
1.373378001153469086e-02
1.417385879904031754e-02
1.372775435447692871e-02
1.361931208521127701e-02
1.396811008453369141e-02
1.397780701518058777e-02
1.372703351080417633e-02
1.353601180016994476e-02
1.429868023842573166e-02
1.391164958477020264e-02
1.276038214564323425e-02
1.409905776381492615e-02
1.412640139460563660e-02
1.397587265819311142e-02
1.306572277098894119e-02
1.356772147119045258e-02
1.388179697096347809e-02
1.373144146054983139e-02
1.403835136443376541e-02
1.375603675842285156e-02
1.391710713505744934e-02
1.441066898405551910e-02
1.345865335315465927e-02
1.378152333199977875e-02
1.404953654855489731e-02
1.398815121501684189e-02
1.430879626423120499e-02
1.385033689439296722e-02
1.381221134215593338e-02
1.402630563825368881e-02
1.179373636841773987e-02
1.130335126072168350e-02
1.470126118510961533e-02
1.392608787864446640e-02
1.412714924663305283e-02
1.382592879235744476e-02
1.390394568443298340e-02
1.363549567759037018e-02
1.382374204695224762e-02
1.446893811225891113e-02
1.380247529596090317e-02
1.368265505880117416e-02
1.396241411566734314e-02
1.373079139739274979e-02
1.411297637969255447e-02
1.393034681677818298e-02
1.366231124848127365e-02
1.369849685579538345e-02
1.397097483277320862e-02
1.464512106031179428e-02
1.427857577800750732e-02
1.354396622627973557e-02
1.384396199136972427e-02
1.378407794982194901e-02
1.478291489183902740e-02
1.388847548514604568e-02
1.403719466179609299e-02
1.407608669251203537e-02
1.411573961377143860e-02
1.352366805076599121e-02
1.400817837566137314e-02
1.412509474903345108e-02
1.399663370102643967e-02
1.385577395558357239e-02
1.423177402466535568e-02
1.362008415162563324e-02
1.362178009003400803e-02
1.392964646220207214e-02
1.378040947020053864e-02
1.379954442381858826e-02
1.412717904895544052e-02
1.392971258610486984e-02
1.391156017780303955e-02
1.369397900998592377e-02
1.398772280663251877e-02
1.398979127407073975e-02
1.394935324788093567e-02
1.374847814440727234e-02
1.372489891946315765e-02
1.381939370185136795e-02
1.382041536271572113e-02
1.388823147863149643e-02
1.418587472289800644e-02
1.402406673878431320e-02
1.466064061969518661e-02
1.403404679149389267e-02
1.374138984829187393e-02
1.385714486241340637e-02
1.394930761307477951e-02
1.384356897324323654e-02
1.383934821933507919e-02
1.426014583557844162e-02
1.360545679926872253e-02
1.397193688899278641e-02
1.404531672596931458e-02
1.388752460479736328e-02
1.393089629709720612e-02
1.383472885936498642e-02
1.363100204616785049e-02
1.366580650210380554e-02
1.371504366397857666e-02
1.386594399809837341e-02
1.383647881448268890e-02
1.379768177866935730e-02
1.413929741829633713e-02
1.380712073296308517e-02
1.394513621926307678e-02
1.393191888928413391e-02
1.389839686453342438e-02
1.379179954528808594e-02
1.430268678814172745e-02
1.371112558990716934e-02
1.375106256455183029e-02
1.409736834466457367e-02
1.366392429918050766e-02
1.382403168827295303e-02
1.413445267826318741e-02
1.381034310907125473e-02
1.400451734662055969e-02
1.416894514113664627e-02
1.367993000894784927e-02
1.342457812279462814e-02
1.379552576690912247e-02
1.353951171040534973e-02
1.384663023054599762e-02
1.423058193176984787e-02
1.367914956063032150e-02
1.361447293311357498e-02
1.380024943500757217e-02
1.403101626783609390e-02
1.405610796064138412e-02
1.372512057423591614e-02
1.411256566643714905e-02
1.356053072959184647e-02
1.458661351352930069e-02
1.360052172094583511e-02
1.414056122303009033e-02
1.357195619493722916e-02
1.389408204704523087e-02
1.381526794284582138e-02
1.361595187336206436e-02
1.147544942796230316e-02
1.383140124380588531e-02
1.386799197643995285e-02
1.379157509654760361e-02
1.358198747038841248e-02
1.094107050448656082e-02
1.387075148522853851e-02
1.376752834767103195e-02
1.394601818174123764e-02
1.400984730571508408e-02
1.406608428806066513e-02
1.400891505181789398e-02
1.394123677164316177e-02
1.372446212917566299e-02
1.417997479438781738e-02
1.390843186527490616e-02
1.400338020175695419e-02
1.379540935158729553e-02
1.408694405108690262e-02
1.375146862119436264e-02
1.210961397737264633e-02
1.380520220845937729e-02
1.363860908895730972e-02
1.397434435784816742e-02
1.395238004624843597e-02
1.405976805835962296e-02
1.402525976300239563e-02
1.385147776454687119e-02
1.431956887245178223e-02
1.396436337381601334e-02
1.362761855125427246e-02
1.385108474642038345e-02
1.411027833819389343e-02
1.375319436192512512e-02
1.411973219364881516e-02
1.370690856128931046e-02
1.389108970761299133e-02
1.375444326549768448e-02
1.379993837326765060e-02
1.387278828769922256e-02
1.394597534090280533e-02
1.361194252967834473e-02
1.382382865995168686e-02
1.382924243807792664e-02
1.360824424773454666e-02
1.390508096665143967e-02
1.448015030473470688e-02
1.362574752420186996e-02
1.416681706905364990e-02
1.371409837156534195e-02
1.382165309041738510e-02
1.427873969078063965e-02
1.394524611532688141e-02
1.354056037962436676e-02
1.417151093482971191e-02
1.385559979826211929e-02
1.101796887814998627e-02
1.382066216319799423e-02
1.387671474367380142e-02
1.407795306295156479e-02
1.374472584575414658e-02
1.373072899878025055e-02
1.363738253712654114e-02
1.361928973346948624e-02
1.389522571116685867e-02
1.403008028864860535e-02
1.404979266226291656e-02
1.397537253797054291e-02
1.378752384334802628e-02
1.419204752892255783e-02
1.359938085079193115e-02
1.390441972762346268e-02
1.435479521751403809e-02
1.429408509284257889e-02
1.450749672949314117e-02
1.366365514695644379e-02
1.370476279407739639e-02
1.405646558851003647e-02
1.378106232732534409e-02
1.387487445026636124e-02
1.389309391379356384e-02
1.395110879093408585e-02
1.409450732171535492e-02
1.388100348412990570e-02
1.381681766360998154e-02
1.350331958383321762e-02
1.378473639488220215e-02
1.391383633017539978e-02
1.418783981353044510e-02
1.393900159746408463e-02
1.308257505297660828e-02
1.351271197199821472e-02
1.428509037941694260e-02
1.385811809450387955e-02
1.373028196394443512e-02
1.374007854610681534e-02
1.403820794075727463e-02
1.379138883203268051e-02
1.403144001960754395e-02
1.374598778784275055e-02
1.374373957514762878e-02
1.416689436882734299e-02
1.343946252018213272e-02
1.432344317436218262e-02
1.391197368502616882e-02
1.398915052413940430e-02
1.236252393573522568e-02
1.386741641908884048e-02
1.391910109668970108e-02
1.393464580178260803e-02
1.377215143293142319e-02
1.436297968029975891e-02
1.229408942162990570e-02
1.381913479417562485e-02
1.404025591909885406e-02
1.362207625061273575e-02
1.402046158909797668e-02
1.420981250703334808e-02
1.388854999095201492e-02
1.375928893685340881e-02
1.401485875248908997e-02
1.391259115189313889e-02
1.400893926620483398e-02
1.386084593832492828e-02
1.347945258021354675e-02
1.419574022293090820e-02
1.376719772815704346e-02
1.340060215443372726e-02
1.298992615193128586e-02
1.339151524007320404e-02
1.380987558513879776e-02
1.386583689600229263e-02
1.387824490666389465e-02
1.362086180597543716e-02
1.373424846678972244e-02
1.369309704750776291e-02
1.381943747401237488e-02
1.392409764230251312e-02
1.413615420460700989e-02
1.392543036490678787e-02
1.396002806723117828e-02
1.385958213359117508e-02
1.376239582896232605e-02
1.388237159699201584e-02
1.384157780557870865e-02
1.394853275269269943e-02
1.373994722962379456e-02
1.355938520282506943e-02
1.386718824505805969e-02
1.377109531313180923e-02
1.423161383718252182e-02
1.409377809613943100e-02
1.386232767254114151e-02
1.421184185892343521e-02
1.406769733875989914e-02
1.358597073704004288e-02
1.401504781097173691e-02
1.332635059952735901e-02
1.396450027823448181e-02
1.393576338887214661e-02
1.359400525689125061e-02
1.364726759493350983e-02
1.388066448271274567e-02
1.377625111490488052e-02
1.370229944586753845e-02
1.358077488839626312e-02
1.371296122670173645e-02
1.368303503841161728e-02
1.367748901247978210e-02
1.377893332391977310e-02
1.397269312292337418e-02
1.386066433042287827e-02
1.420382875949144363e-02
1.357772108167409897e-02
1.391671877354383469e-02
1.379940193146467209e-02
1.374746486544609070e-02
1.372840069234371185e-02
1.376907154917716980e-02
1.391888875514268875e-02
1.431020442396402359e-02
1.396055612713098526e-02
1.282154582440853119e-02
1.407010201364755630e-02
1.401219610124826431e-02
1.384143158793449402e-02
1.402145717293024063e-02
1.374459918588399887e-02
1.377362851053476334e-02
1.395865995436906815e-02
1.367706339806318283e-02
1.403410360217094421e-02
1.369754318147897720e-02
1.366033777594566345e-02
1.416288688778877258e-02
1.402818225324153900e-02
1.402831077575683594e-02
1.360787544399499893e-02
1.368635334074497223e-02
1.387615781277418137e-02
1.371943112462759018e-02
1.420494820922613144e-02
1.382871624082326889e-02
1.332955155521631241e-02
1.407548785209655762e-02
1.377995219081640244e-02
1.415191218256950378e-02
1.384013611823320389e-02
1.432913262397050858e-02
1.386765483766794205e-02
1.373702194541692734e-02
1.618333533406257629e-02
1.375276688486337662e-02
1.380138751119375229e-02
1.381250377744436264e-02
1.386099774390459061e-02
1.412608847022056580e-02
1.406830549240112305e-02
1.437459979206323624e-02
1.387271285057067871e-02
1.401983574032783508e-02
1.371147949248552322e-02
1.552715804427862167e-02
1.404644921422004700e-02
1.398355048149824142e-02
1.383252441883087158e-02
1.374546904116868973e-02
1.384505722671747208e-02
1.377069111913442612e-02
1.376268919557332993e-02
1.378280483186244965e-02
1.389695052057504654e-02
1.363816857337951660e-02
1.396322809159755707e-02
1.404654700309038162e-02
1.384854409843683243e-02
1.404931303113698959e-02
1.384334545582532883e-02
1.407390274107456207e-02
1.394663657993078232e-02
1.384167093783617020e-02
1.359460968524217606e-02
1.367843803018331528e-02
1.396740041673183441e-02
1.397994812577962875e-02
1.365064177662134171e-02
1.401507016271352768e-02
1.400817651301622391e-02
1.373162586241960526e-02
1.352408248931169510e-02
1.382008194923400879e-02
1.427693758159875870e-02
1.350260153412818909e-02
1.366641838103532791e-02
1.387552265077829361e-02
1.339301373809576035e-02
1.380136702209711075e-02
1.420747302472591400e-02
1.411462668329477310e-02
1.394768711179494858e-02
1.385861076414585114e-02
1.364988647401332855e-02
1.402305718511343002e-02
1.362995710223913193e-02
1.439581718295812607e-02
1.399035379290580750e-02
1.398949883878231049e-02
1.423319056630134583e-02
1.398271881043910980e-02
1.371105108410120010e-02
1.382429990917444229e-02
1.427640113979578018e-02
1.379395369440317154e-02
1.366366725414991379e-02
1.245077326893806458e-02
1.375274360179901123e-02
1.384713407605886459e-02
1.387140154838562012e-02
1.402345951646566391e-02
1.393767353147268295e-02
1.364603266119956970e-02
1.387207210063934326e-02
1.421623025089502335e-02
1.381466630846261978e-02
1.368490792810916901e-02
1.400236226618289948e-02
1.383868977427482605e-02
1.387994084507226944e-02
1.362663600593805313e-02
1.430914737284183502e-02
1.384852454066276550e-02
1.393851358443498611e-02
1.483835652470588684e-02
1.385060325264930725e-02
1.382306776940822601e-02
1.361623965203762054e-02
1.373209431767463684e-02
1.393634639680385590e-02
1.374557334929704666e-02
1.375699322670698166e-02
1.434226334095001221e-02
1.384858414530754089e-02
1.436156965792179108e-02
1.402519270777702332e-02
1.397501584142446518e-02
1.369920466095209122e-02
1.369667984545230865e-02
1.455155014991760254e-02
1.403644680976867676e-02
1.359504740685224533e-02
1.063575688749551773e-02
1.371972914785146713e-02
1.380180194973945618e-02
1.404357515275478363e-02
1.373725291341543198e-02
1.385650318115949631e-02
1.354272104799747467e-02
1.401287037879228592e-02
1.393609028309583664e-02
1.428900565952062607e-02
1.398038025945425034e-02
1.399023178964853287e-02
1.389189343899488449e-02
1.362097915261983871e-02
1.396519225090742111e-02
1.373700145632028580e-02
1.395774167031049728e-02
1.394835766404867172e-02
1.400947663933038712e-02
1.427912432700395584e-02
1.439209561794996262e-02
1.402665022760629654e-02
1.354237738996744156e-02
1.395577471703290939e-02
1.383280474692583084e-02
1.374481525272130966e-02
1.410357281565666199e-02
1.359541341662406921e-02
1.364218350499868393e-02
1.399942114949226379e-02
1.208381634205579758e-02
1.365550514310598373e-02
1.385938003659248352e-02
1.381150446832180023e-02
