<system>Protocol: Active. Attitude: Sassy.</system>
4.333327114582061768e-01
5.147151350975036621e-01
3.827157020568847656e-01
-3.758664131164550781e-01
-1.293280601501464844e+00
-6.617745161056518555e-01
4.834446310997009277e-01
7.143722176551818848e-01
5.106463432312011719e-01
-5.332742333412170410e-01
2.069882392883300781e+00
-8.498490452766418457e-01
-4.715441167354583740e-01
2.310305833816528320e+00
-3.488664031028747559e-01
-1.052375674247741699e+00
2.179341763257980347e-01
1.127029061317443848e+00
-5.591830611228942871e-01
1.100812196731567383e+00
-5.814439654350280762e-01
5.745601654052734375e-01
-7.392400503158569336e-01
-1.436919569969177246e+00
-9.310611486434936523e-01
-6.533184051513671875e-01
-1.522980630397796631e-01
1.565689444541931152e-01
-6.312326788902282715e-01
5.021793246269226074e-01
8.703970313072204590e-01
-4.355517029762268066e-01
1.135703682899475098e+00
1.380348682403564453e+00
-6.673282943665981293e-03
-7.320029735565185547e-01
-5.752997398376464844e-01
1.287922114133834839e-01
-3.149612247943878174e-01
7.494870424270629883e-01
-9.784361720085144043e-01
1.650049686431884766e-01
1.145973652601242065e-01
1.117701768875122070e+00
1.777233600616455078e+00
1.587100267410278320e+00
1.974858880043029785e+00
7.290604114532470703e-01
4.366059303283691406e-01
-8.640549331903457642e-02
-7.058923244476318359e-01
1.365148574113845825e-01
4.296205341815948486e-01
7.122521996498107910e-01
-4.255781471729278564e-01
-1.869239807128906250e+00
6.996526122093200684e-01
2.450900971889495850e-01
-3.504656851291656494e-01
8.318990468978881836e-01
-5.241593122482299805e-01
2.960392534732818604e-01
1.876512885093688965e+00
-1.526228189468383789e+00
-1.563478589057922363e+00
1.283239006996154785e+00
7.055609226226806641e-01
-4.562228173017501831e-02
8.407190442085266113e-01
1.098537087440490723e+00
7.312538027763366699e-01
-6.608914136886596680e-01
-5.440854430198669434e-01
5.364970564842224121e-01
-1.616581320762634277e+00
-7.437946200370788574e-01
-9.202530980110168457e-01
-5.381489992141723633e-01
4.475234746932983398e-01
1.550292849540710449e+00
-8.375626206398010254e-01
3.053161621093750000e+00
-6.735208630561828613e-01
5.292735695838928223e-01
7.521317005157470703e-01
-1.037322282791137695e+00
-1.879116743803024292e-01
-6.923750042915344238e-01
9.855205416679382324e-01
9.748631119728088379e-01
-6.908591091632843018e-02
4.915437996387481689e-01
-4.204303026199340820e-01
9.183837175369262695e-01
5.614705085754394531e-01
-2.100888937711715698e-01
-2.001647949218750000e-01
1.790568947792053223e+00
-2.165693491697311401e-01
-8.902997374534606934e-01
-7.187997698783874512e-01
3.662865608930587769e-02
1.621195912361145020e+00
1.285237312316894531e+00
5.159391164779663086e-01
-8.570583462715148926e-01
8.527771383523941040e-02
-1.521805047988891602e+00
1.592622846364974976e-01
-9.841782450675964355e-01
1.153733015060424805e+00
7.022643685340881348e-01
1.527358412742614746e+00
-6.646715402603149414e-01
-6.087795495986938477e-01
-1.226933121681213379e+00
-2.747323215007781982e-01
-7.468125224113464355e-01
6.852643489837646484e-01
9.494540095329284668e-01
2.055664546787738800e-02
2.127069711685180664e+00
-8.197889924049377441e-01
1.410368204116821289e+00
7.437478899955749512e-01
1.028495788574218750e+00
-7.786160707473754883e-01
2.476111352443695068e-01
