<system>Protocol: Active. Attitude: Sassy.</system>
1.301723718643188477e-02
1.363494433462619781e-02
1.261558756232261658e-02
1.771743036806583405e-02
1.468045543879270554e-02
1.535401120781898499e-02
2.141965553164482117e-02
1.491026487201452255e-02
2.716276422142982483e-02
1.333015505224466324e-02
2.628788352012634277e-02
2.299855090677738190e-02
2.431826665997505188e-02
2.535436488687992096e-02
2.578042447566986084e-02
2.647353336215019226e-02
2.538753859698772430e-02
2.627802640199661255e-02
2.818644419312477112e-02
3.117820248007774353e-02
2.600824274122714996e-02
2.591264992952346802e-02
2.978269942104816437e-02
2.690250799059867859e-02
1.730546355247497559e-02
2.924057655036449432e-02
2.737925201654434204e-02
2.949735149741172791e-02
2.762958407402038574e-02
2.784095704555511475e-02
2.974101901054382324e-02
2.547177113592624664e-02
1.349877007305622101e-02
1.455160230398178101e-02
1.304429490119218826e-02
1.636194996535778046e-02
1.375140622258186340e-02
1.541974209249019623e-02
2.120149880647659302e-02
1.673708856105804443e-02
2.231239713728427887e-02
1.926781609654426575e-02
2.504830248653888702e-02
1.518619153648614883e-02
2.704915963113307953e-02
1.671045459806919098e-02
2.583603002130985260e-02
2.708305604755878448e-02
2.736524865031242371e-02
2.426234260201454163e-02
2.588798291981220245e-02
1.675553433597087860e-02
2.999417856335639954e-02
2.845461294054985046e-02
2.969594299793243408e-02
2.784032560884952545e-02
8.667815476655960083e-03
2.933436259627342224e-02
2.813402935862541199e-02
2.893419191241264343e-02
2.706774696707725525e-02
2.877931855618953705e-02
2.861177362501621246e-02
2.920502051711082458e-02
1.021505333483219147e-02
1.300208456814289093e-02
1.072401460260152817e-02
1.623364724218845367e-02
1.321630366146564484e-02
1.341150049120187759e-02
1.792830973863601685e-02
1.217329595237970352e-02
2.194089442491531372e-02
1.278510875999927521e-02
2.350637316703796387e-02
2.022570371627807617e-02
1.873926073312759399e-02
2.320586144924163818e-02
2.274590730667114258e-02
2.088047564029693604e-02
2.016676962375640869e-02
2.104867249727249146e-02
2.314420230686664581e-02
2.674685046076774597e-02
2.141432091593742371e-02
2.102592960000038147e-02
2.200463786721229553e-02
2.160919085144996643e-02
1.570361852645874023e-02
2.133977785706520081e-02
2.145834825932979584e-02
2.304255217313766479e-02
2.141604572534561157e-02
2.167551964521408081e-02
2.228114008903503418e-02
2.114168927073478699e-02
1.129368320107460022e-02
1.339198648929595947e-02
1.028182730078697205e-02
1.412711851298809052e-02
1.128136366605758667e-02
1.381436362862586975e-02
1.745344325900077820e-02
1.520176045596599579e-02
2.110148221254348755e-02
2.104418724775314331e-02
1.903420872986316681e-02
1.272087451070547104e-02
2.177179232239723206e-02
1.346990093588829041e-02
2.081367187201976776e-02
2.252539061009883881e-02
2.226386964321136475e-02
1.820586994290351868e-02
2.053143084049224854e-02
1.457470003515481949e-02
2.233634516596794128e-02
2.188221551477909088e-02
2.162850648164749146e-02
2.189326286315917969e-02
7.154272869229316711e-03
2.287239581346511841e-02
2.239816077053546906e-02
2.237299084663391113e-02
2.183384820818901062e-02
2.156770601868629456e-02
2.279790490865707397e-02
2.080374956130981445e-02
1.725928485393524170e-02
1.473009120672941208e-02
1.661477610468864441e-02
1.658026687800884247e-02
1.523424685001373291e-02
1.108000986278057098e-02
1.602266356348991394e-02
1.071243174374103546e-02
2.130756340920925140e-02
1.115227118134498596e-02
2.120684832334518433e-02
2.052700333297252655e-02
1.823378913104534149e-02
2.485008165240287781e-02
1.980194635689258575e-02
2.006533369421958923e-02
1.926422305405139923e-02
2.063067257404327393e-02
2.228851802647113800e-02
2.802040427923202515e-02
2.065898105502128601e-02
1.937408745288848877e-02
2.102674730122089386e-02
2.120717242360115051e-02
1.521719433367252350e-02
2.139202505350112915e-02
2.052534371614456177e-02
2.017298340797424316e-02
2.084437757730484009e-02
2.175075188279151917e-02
2.114850282669067383e-02
2.113256603479385376e-02
1.228064578026533127e-02
1.246242783963680267e-02
1.041720807552337646e-02
1.759693771600723267e-02
1.006834581494331360e-02
1.503272261470556259e-02
1.824936829507350922e-02
1.551495492458343506e-02
1.980302482843399048e-02
2.070341259241104126e-02
1.933414489030838013e-02
1.230645459145307541e-02
2.177480980753898621e-02
1.256051659584045410e-02
1.877983100712299347e-02
1.960108801722526550e-02
2.148927189409732819e-02
1.634733565151691437e-02
2.065820060670375824e-02
1.259478926658630371e-02
1.990844681859016418e-02
1.978486776351928711e-02
2.031107246875762939e-02
2.115597203373908997e-02
6.326227448880672455e-03
2.080203220248222351e-02
2.067708969116210938e-02
2.031544968485832214e-02
2.050910145044326782e-02
2.000871673226356506e-02
2.135664224624633789e-02
2.031533792614936829e-02
1.490332931280136108e-02
1.593295112252235413e-02
1.735121756792068481e-02
1.813852414488792419e-02
1.490010321140289307e-02
1.456210855394601822e-02
2.144030667841434479e-02
1.813681051135063171e-02
2.734564617276191711e-02
1.504502072930335999e-02
2.723048999905586243e-02
2.658035792410373688e-02
2.662082761526107788e-02
3.355782851576805115e-02
2.840795181691646576e-02
3.042800351977348328e-02
2.882602252066135406e-02
2.963769063353538513e-02
3.068225644528865814e-02
3.673704713582992554e-02
3.010112978518009186e-02
3.120311535894870758e-02
3.077469021081924438e-02
3.107139840722084045e-02
1.946096122264862061e-02
3.181512653827667236e-02
3.142215311527252197e-02
3.062473796308040619e-02
3.211521357297897339e-02
3.001503646373748779e-02
3.173496201634407043e-02
3.014139086008071899e-02
1.623338088393211365e-02
1.731685176491737366e-02
1.779859885573387146e-02
1.792796328663825989e-02
1.431741286069154739e-02
1.633381843566894531e-02
2.474312111735343933e-02
2.007470652461051941e-02
2.372753806412220001e-02
2.358689531683921814e-02
2.684973739087581635e-02
1.816672831773757935e-02
2.774864807724952698e-02
1.895440183579921722e-02
2.910141274333000183e-02
2.834810502827167511e-02
2.992299012839794159e-02
2.770313248038291931e-02
3.022645413875579834e-02
1.950561255216598511e-02
2.946900948882102966e-02
3.119054064154624939e-02
3.079169616103172302e-02
2.905549481511116028e-02
1.004865951836109161e-02
3.081574849784374237e-02
3.023739159107208252e-02
3.094375878572463989e-02
3.219242021441459656e-02
3.064583986997604370e-02
2.951324731111526489e-02
3.141175955533981323e-02
1.404947228729724884e-02
1.710661128163337708e-02
1.610559225082397461e-02
1.938528940081596375e-02
1.891915872693061829e-02
1.434044167399406433e-02
1.725278981029987335e-02
1.177173014730215073e-02
2.237275615334510803e-02
1.127575710415840149e-02
2.224413305521011353e-02
2.495529130101203918e-02
1.811343804001808167e-02
2.688996121287345886e-02
1.979533582925796509e-02
2.023943513631820679e-02
2.051550336182117462e-02
1.953960768878459930e-02
1.950185373425483704e-02
2.489987388253211975e-02
1.975923404097557068e-02
1.962802000343799591e-02
2.101087756454944611e-02
1.884315907955169678e-02
1.590832136571407318e-02
1.882334426045417786e-02
1.984393969178199768e-02
2.105759829282760620e-02
2.164811827242374420e-02
2.010649628937244415e-02
2.081894874572753906e-02
1.869957707822322845e-02
1.520975306630134583e-02
1.657961495220661163e-02
1.417963020503520966e-02
1.903629116714000702e-02
1.510303374379873276e-02
1.792176440358161926e-02
2.120918035507202148e-02
1.887675002217292786e-02
2.127048932015895844e-02
2.513782307505607605e-02
1.925808936357498169e-02
1.244284864515066147e-02
2.084371447563171387e-02
1.292503997683525085e-02
2.049291320145130157e-02
2.062254957854747772e-02
1.946642249822616577e-02
1.787287555634975433e-02
1.974952593445777893e-02
1.382344868034124374e-02
1.896508410573005676e-02
2.018563449382781982e-02
1.955895125865936279e-02
2.101340144872665405e-02
7.319783326238393784e-03
1.887593045830726624e-02
2.074115164577960968e-02
1.910015754401683807e-02
2.081822045147418976e-02
1.974315941333770752e-02
1.938885822892189026e-02
2.015024423599243164e-02
2.282474935054779053e-02
2.143885567784309387e-02
2.543250471353530884e-02
2.255083806812763214e-02
2.544241026043891907e-02
1.608388498425483704e-02
2.016508392989635468e-02
1.197617314755916595e-02
2.626862563192844391e-02
1.108797360211610794e-02
2.325818315148353577e-02
2.434416487812995911e-02
2.001758478581905365e-02
2.476556599140167236e-02
2.052092179656028748e-02
2.147048339247703552e-02
2.017305232584476471e-02
2.048890292644500732e-02
1.987495087087154388e-02
2.819728478789329529e-02
1.949293538928031921e-02
1.951890997588634491e-02
2.033669315278530121e-02
1.877515949308872223e-02
1.739943772554397583e-02
1.891498826444149017e-02
2.061470411717891693e-02
1.951598748564720154e-02
1.999698579311370850e-02
1.880805939435958862e-02
1.921771839261054993e-02
1.939979381859302521e-02
2.496631257236003876e-02
1.754351146519184113e-02
1.875478401780128479e-02
3.074871376156806946e-02
1.529163680970668793e-02
2.421476691961288452e-02
2.718264050781726837e-02
2.580896392464637756e-02
2.402986027300357819e-02
2.630380168557167053e-02
2.313011512160301208e-02
1.167799811810255051e-02
2.235824242234230042e-02
1.485121622681617737e-02
2.271258458495140076e-02
1.988748833537101746e-02
2.103291638195514679e-02
1.789141073822975159e-02
2.023889496922492981e-02
1.256526727229356766e-02
1.956363208591938019e-02
1.999830082058906555e-02
1.935991086065769196e-02
2.135738171637058258e-02
7.679477334022521973e-03
1.907730102539062500e-02
1.939029991626739502e-02
1.916595920920372009e-02
1.909770444035530090e-02
1.922076568007469177e-02
1.891995221376419067e-02
2.000093087553977966e-02
1.056845672428607941e-02
1.295181456953287125e-02
1.052180491387844086e-02
1.500843185931444168e-02
1.318731065839529037e-02
1.484962366521358490e-02
1.973736658692359924e-02
1.375696249306201935e-02
2.621885016560554504e-02
1.498788222670555115e-02
2.792520076036453247e-02
2.527577802538871765e-02
2.526776865124702454e-02
3.085907548666000366e-02
3.172586113214492798e-02
2.912740409374237061e-02
2.943932078778743744e-02
3.012265637516975403e-02
3.313995525240898132e-02
3.524519130587577820e-02
3.012960776686668396e-02
2.918226271867752075e-02
3.024720586836338043e-02
3.202698379755020142e-02
1.756723970174789429e-02
3.245240077376365662e-02
3.126762807369232178e-02
2.928292937576770782e-02
3.280901163816452026e-02
3.151024132966995239e-02
3.158074617385864258e-02
3.067913651466369629e-02
1.060246955603361130e-02
1.383274421095848083e-02
1.006912440061569214e-02
1.382272969931364059e-02
1.216267608106136322e-02
1.455486565828323364e-02
1.902071200311183929e-02
1.551973260939121246e-02
2.223640121519565582e-02
2.097542956471443176e-02
2.259149588644504547e-02
1.788222417235374451e-02
3.001396916806697845e-02
1.826940849423408508e-02
2.831600047647953033e-02
2.964653819799423218e-02
3.053367137908935547e-02
2.384184114634990692e-02
3.009147942066192627e-02
1.901941373944282532e-02
3.037644922733306885e-02
3.154779225587844849e-02
3.130704164505004883e-02
3.096777200698852539e-02
8.903546258807182312e-03
3.195200487971305847e-02
3.359277546405792236e-02
3.118305280804634094e-02
3.203108161687850952e-02
3.163171932101249695e-02
3.307755663990974426e-02
3.129849582910537720e-02
2.059790119528770447e-02
2.005401998758316040e-02
2.161555364727973938e-02
2.285868301987648010e-02
2.336159348487854004e-02
1.499575190246105194e-02
2.123227342963218689e-02
1.287810225039720535e-02
2.545776218175888062e-02
1.186656951904296875e-02
2.444989047944545746e-02
2.504264563322067261e-02
2.263565734028816223e-02
2.723572775721549988e-02
2.425185777246952057e-02
2.285121381282806396e-02
2.251168712973594666e-02
2.392523176968097687e-02
2.311205118894577026e-02
2.908037230372428894e-02
2.366016060113906860e-02
2.329197153449058533e-02
2.429469302296638489e-02
2.193312160670757294e-02
1.716059446334838867e-02
2.129682712256908417e-02
2.334820106625556946e-02
2.271995320916175842e-02
2.304056659340858459e-02
2.295463532209396362e-02
2.398733422160148621e-02
2.084551751613616943e-02
2.285247854888439178e-02
1.936038210988044739e-02
1.479664258658885956e-02
2.559980005025863647e-02
1.571874693036079407e-02
2.251644805073738098e-02
2.700800634920597076e-02
2.286435291171073914e-02
2.570732310414314270e-02
2.784455008804798126e-02
2.191657572984695435e-02
1.184837147593498230e-02
2.476482465863227844e-02
1.483308896422386169e-02
2.299823239445686340e-02
2.267704159021377563e-02
2.345203608274459839e-02
1.927297189831733704e-02
2.241770178079605103e-02
1.467486470937728882e-02
2.266182377934455872e-02
2.303298562765121460e-02
2.303941175341606140e-02
2.359630353748798370e-02
7.855013012886047363e-03
2.247976325452327728e-02
2.352887950837612152e-02
2.200043201446533203e-02
2.283843979239463806e-02
2.213728800415992737e-02
2.316997200250625610e-02
2.292427420616149902e-02
2.574864774942398071e-02
2.955844625830650330e-02
1.253950875252485275e-02
1.009321026504039764e-02
2.754359506070613861e-02
8.033659309148788452e-03
8.127234876155853271e-03
7.738265674561262131e-03
8.070619776844978333e-03
2.429505810141563416e-02
1.844595745205879211e-02
2.288825623691082001e-02
8.187018334865570068e-03
7.073375396430492401e-03
1.524284482002258301e-02
1.669581234455108643e-02
9.562319144606590271e-03
1.120967417955398560e-02
1.277697831392288208e-02
1.147740706801414490e-02
1.483085192739963531e-02
9.987443685531616211e-03
8.617038838565349579e-03
8.712237700819969177e-03
7.511301431804895401e-03
7.233903743326663971e-03
6.760907359421253204e-03
6.549394689500331879e-03
6.675787735730409622e-03
8.243115618824958801e-03
7.136450149118900299e-03
7.448062766343355179e-03
1.481117215007543564e-02
1.155575271695852280e-02
2.613145112991333008e-02
2.787658199667930603e-02
7.923582568764686584e-03
2.100294455885887146e-02
1.927335932850837708e-02
2.052037417888641357e-02
2.313880622386932373e-02
7.788071408867835999e-03
9.768335148692131042e-03
6.607300601899623871e-03
1.709439978003501892e-02
1.402438990771770477e-02
7.044372148811817169e-03
7.033725269138813019e-03
9.767279028892517090e-03
1.200192701071500778e-02
6.971898488700389862e-03
1.061676442623138428e-02
6.908899173140525818e-03
9.227650240063667297e-03
8.710897527635097504e-03
8.789969608187675476e-03
9.332363493740558624e-03
7.323320489376783371e-03
7.538877427577972412e-03
6.612299010157585144e-03
7.391350809484720230e-03
7.520311977714300156e-03
8.679246529936790466e-03
8.491259068250656128e-03
5.144332069903612137e-03
4.754405003041028976e-03
5.341256037354469299e-03
4.769688472151756287e-03
4.471120424568653107e-03
4.778365138918161392e-03
4.462850280106067657e-03
4.024278372526168823e-03
4.052683245390653610e-03
4.765684716403484344e-03
4.911215975880622864e-03
4.833682440221309662e-03
5.355719476938247681e-03
6.456349976360797882e-03
1.132220774888992310e-02
1.224729698151350021e-02
8.592069149017333984e-03
1.659041456878185272e-02
1.664461567997932434e-02
1.833106577396392822e-02
1.953908242285251617e-02
1.937036216259002686e-02
1.698645018041133881e-02
1.743627712130546570e-02
1.591964438557624817e-02
1.477691717445850372e-02
1.374314818531274796e-02
1.318606734275817871e-02
1.334476284682750702e-02
1.331565156579017639e-02
1.385015435516834259e-02
1.367270201444625854e-02
5.627728998661041260e-03
5.210142582654953003e-03
4.600232932716608047e-03
4.302050918340682983e-03
4.965764936059713364e-03
4.262682516127824783e-03
4.039126913994550705e-03
3.870859509333968163e-03
3.787691704928874969e-03
4.833254963159561157e-03
4.491448868066072464e-03
5.660194903612136841e-03
5.183137953281402588e-03
7.240098901093006134e-03
1.051940768957138062e-02
1.092171762138605118e-02
9.078658185899257660e-03
1.612835936248302460e-02
1.752134785056114197e-02
2.229423634707927704e-02
2.082206681370735168e-02
1.671794801950454712e-02
1.664590463042259216e-02
1.721367053687572479e-02
1.723018474876880646e-02
1.442785747349262238e-02
1.468072086572647095e-02
1.360089611262083054e-02
1.529026031494140625e-02
1.468703243881464005e-02
1.348459813743829727e-02
1.340825669467449188e-02
2.087907306849956512e-02
1.973113417625427246e-02
2.046176232397556305e-02
2.398005500435829163e-02
1.659801602363586426e-02
1.474331319332122803e-02
1.072969008237123489e-02
1.350741088390350342e-02
1.032604090869426727e-02
3.246870264410972595e-02
1.726651936769485474e-02
2.198880165815353394e-02
1.057267375290393829e-02
1.337373070418834686e-02
2.747579663991928101e-02
3.436974063515663147e-02
3.074174560606479645e-02
2.292801253497600555e-02
2.965437993407249451e-02
2.423599548637866974e-02
2.364930696785449982e-02
1.464742235839366913e-02
1.020947657525539398e-02
9.039456024765968323e-03
8.102227933704853058e-03
8.445847779512405396e-03
6.990129128098487854e-03
6.289207842200994492e-03
6.547418422996997833e-03
1.187228783965110779e-02
8.258676156401634216e-03
8.492546156048774719e-03
2.426292933523654938e-02
2.337031811475753784e-02
1.625112444162368774e-02
1.924943178892135620e-02
1.540619321167469025e-02
1.451312564313411713e-02
1.158776879310607910e-02
1.381153147667646408e-02
1.270451955497264862e-02
1.875499822199344635e-02
1.159817911684513092e-02
1.139684580266475677e-02
1.402949728071689606e-02
2.587586268782615662e-02
1.183421723544597626e-02
1.193402893841266632e-02
3.816141933202743530e-02
3.085564449429512024e-02
1.312080398201942444e-02
2.230679430067539215e-02
1.214020606130361557e-02
1.217641122639179230e-02
9.874876588582992554e-03
1.037135254591703415e-02
1.016731094568967819e-02
7.377691566944122314e-03
7.001390215009450912e-03
6.481301970779895782e-03
7.865124382078647614e-03
8.618757128715515137e-03
1.160750351846218109e-02
1.121289096772670746e-02
6.031490396708250046e-03
5.590841174125671387e-03
5.582340992987155914e-03
4.953028634190559387e-03
5.104405805468559265e-03
4.947537556290626526e-03
4.799729213118553162e-03
4.420803859829902649e-03
4.217218607664108276e-03
4.645306617021560669e-03
4.263835959136486053e-03
4.099464043974876404e-03
3.599853720515966415e-03
4.064721055328845978e-03
4.523740615695714951e-03
5.545172840356826782e-03
8.265536278486251831e-03
1.160351745784282684e-02
9.592313319444656372e-03
1.167712081223726273e-02
1.912631280720233917e-02
1.648218929767608643e-02
1.835560239851474762e-02
1.991251856088638306e-02
2.198011055588722229e-02
1.856044121086597443e-02
1.832712627947330475e-02
1.671775430440902710e-02
1.758840307593345642e-02
1.660710945725440979e-02
1.827205345034599304e-02
1.745716482400894165e-02
5.794410593807697296e-03
5.774493329226970673e-03
5.556412506848573685e-03
5.046725273132324219e-03
5.372917279601097107e-03
4.968676716089248657e-03
4.717828705906867981e-03
4.458623006939888000e-03
4.214174114167690277e-03
4.744042642414569855e-03
4.037464037537574768e-03
4.079214297235012054e-03
3.776390571147203445e-03
4.000375047326087952e-03
4.647334571927785873e-03
5.242148879915475845e-03
8.408597670495510101e-03
9.392937645316123962e-03
1.414267718791961670e-02
1.244028098881244659e-02
1.752540655434131622e-02
1.821555197238922119e-02
1.841149479150772095e-02
2.072522044181823730e-02
1.851189881563186646e-02
1.721915788948535919e-02
1.747448556125164032e-02
1.722107827663421631e-02
1.867445185780525208e-02
1.971517316997051239e-02
1.691133901476860046e-02
1.722359657287597656e-02
5.240023136138916016e-03
4.907519556581974030e-03
6.627579219639301300e-03
6.030846387147903442e-03
5.358211230486631393e-03
6.590574979782104492e-03
6.498972419649362564e-03
6.235961802303791046e-03
6.605050526559352875e-03
1.091722585260868073e-02
1.206405460834503174e-02
1.557176373898983002e-02
1.243399083614349365e-02
1.316240150481462479e-02
1.457480341196060181e-02
1.574443094432353973e-02
1.820913329720497131e-02
2.499188855290412903e-02
1.952820643782615662e-02
2.079996839165687561e-02
2.117013186216354370e-02
1.700639352202415466e-02
1.437459141016006470e-02
1.433052029460668564e-02
1.196192298084497452e-02
1.152350939810276031e-02
1.073274947702884674e-02
1.048387214541435242e-02
1.043009012937545776e-02
1.124975271522998810e-02
1.097776368260383606e-02
1.117260754108428955e-02
6.311514414846897125e-03
5.955584347248077393e-03
5.167050287127494812e-03
4.416490904986858368e-03
7.259399630129337311e-03
6.305442191660404205e-03
7.368227932602167130e-03
7.610606495290994644e-03
7.925756275653839111e-03
9.714223444461822510e-03
1.011162623763084412e-02
1.193612441420555115e-02
1.569211669266223907e-02
1.336712390184402466e-02
1.586073823273181915e-02
1.579615473747253418e-02
1.856742054224014282e-02
2.276858687400817871e-02
1.612722128629684448e-02
2.087854593992233276e-02
1.616000011563301086e-02
1.471725292503833771e-02
1.412149984389543533e-02
1.434469223022460938e-02
1.462229900062084198e-02
1.154223270714282990e-02
1.172719988971948624e-02
1.062754914164543152e-02
1.205453369766473770e-02
1.170320902019739151e-02
1.164677552878856659e-02
1.143316179513931274e-02
1.513733435422182083e-02
1.365769654512405396e-02
1.635499298572540283e-02
1.358710136264562607e-02
2.133956551551818848e-02
1.734625361859798431e-02
1.891265250742435455e-02
1.940919831395149231e-02
1.942264474928379059e-02
1.618382334709167480e-02
1.880830153822898865e-02
1.673013903200626373e-02
1.969722099602222443e-02
1.659360527992248535e-02
2.213587239384651184e-02
2.317493967711925507e-02
2.017816528677940369e-02
2.225143834948539734e-02
2.170276269316673279e-02
1.970654726028442383e-02
1.806134916841983795e-02
1.503163762390613556e-02
1.203214190900325775e-02
1.172549743205308914e-02
9.425789117813110352e-03
9.161299094557762146e-03
8.418379351496696472e-03
8.060618303716182709e-03
8.105207234621047974e-03
9.943323209881782532e-03
9.327553212642669678e-03
9.838465601205825806e-03
1.412665005773305893e-02
1.464957930147647858e-02
1.615037769079208374e-02
1.783967576920986176e-02
1.655234023928642273e-02
2.249447256326675415e-02
2.160868234932422638e-02
1.897871121764183044e-02
1.850029826164245605e-02
1.857175305485725403e-02
2.028023079037666321e-02
1.761895418167114258e-02
2.040259167551994324e-02
2.650640904903411865e-02
1.406458206474781036e-02
1.340976357460021973e-02
2.048245444893836975e-02
2.798858471214771271e-02
1.198551803827285767e-02
2.113267593085765839e-02
1.147954538464546204e-02
1.341780088841915131e-02
1.207932922989130020e-02
1.183337997645139694e-02
1.232071034610271454e-02
9.198131039738655090e-03
9.302329272031784058e-03
8.276209235191345215e-03
9.267017245292663574e-03
9.539782069623470306e-03
1.037541963160037994e-02
1.031207758933305740e-02
2.696278505027294159e-02
2.544611692428588867e-02
2.618895284831523895e-02
2.827311493456363678e-02
2.114089205861091614e-02
2.207572013139724731e-02
2.059346809983253479e-02
2.002465911209583282e-02
1.847963966429233551e-02
1.787159405648708344e-02
1.915617659687995911e-02
2.013351768255233765e-02
1.112853735685348511e-02
1.397788152098655701e-02
2.362173795700073242e-02
2.154914289712905884e-02
4.506703466176986694e-02
2.972143888473510742e-02
3.316687047481536865e-02
3.245396912097930908e-02
2.910733222961425781e-02
3.675705194473266602e-02
3.589048236608505249e-02
3.374291956424713135e-02
2.910395339131355286e-02
2.974766492843627930e-02
2.845340408384799957e-02
2.741696313023567200e-02
2.569781057536602020e-02
1.944909244775772095e-02
1.925706118345260620e-02
1.533176284283399582e-02
2.784114703536033630e-02
2.400648593902587891e-02
2.215268462896347046e-02
2.622077986598014832e-02
2.466035075485706329e-02
2.158312313258647919e-02
2.013015747070312500e-02
1.740988902747631073e-02
1.688880659639835358e-02
1.888173818588256836e-02
1.889442466199398041e-02
1.597998663783073425e-02
2.084370516240596771e-02
2.630770206451416016e-02
1.305148191750049591e-02
1.545235607773065567e-02
5.848601460456848145e-02
3.755417838692665100e-02
1.448344159871339798e-02
4.316328465938568115e-02
1.458968408405780792e-02
3.957641124725341797e-02
3.507747128605842590e-02
2.695448882877826691e-02
2.885608002543449402e-02
2.953442931175231934e-02
2.714750356972217560e-02
2.666939422488212585e-02
2.810767292976379395e-02
2.277329191565513611e-02
1.742281392216682434e-02
1.723815873265266418e-02
1.459520310163497925e-02
1.447467133402824402e-02
1.620277948677539825e-02
1.804488524794578552e-02
1.597436703741550446e-02
1.666306704282760620e-02
1.639714650809764862e-02
1.526659820228815079e-02
1.406958233565092087e-02
1.505574211478233337e-02
1.348093152046203613e-02
1.462686061859130859e-02
1.265954785048961639e-02
1.414728723466396332e-02
1.563757658004760742e-02
1.638756692409515381e-02
2.788577415049076080e-02
2.479060553014278412e-02
2.483698353171348572e-02
2.727778628468513489e-02
2.368475310504436493e-02
2.192346006631851196e-02
2.003659866750240326e-02
1.892828196287155151e-02
1.771458052098751068e-02
1.706611365079879761e-02
1.572920754551887512e-02
1.559037622064352036e-02
1.602157950401306152e-02
1.444704085588455200e-02
1.309295929968357086e-02
1.187415607273578644e-02
1.535589899867773056e-02
1.573841460049152374e-02
1.426426321268081665e-02
1.556424144655466080e-02
1.797257922589778900e-02
1.496869325637817383e-02
1.399503927677869797e-02
1.213718205690383911e-02
1.111233141273260117e-02
1.525443606078624725e-02
1.496909186244010925e-02
1.697102561593055725e-02
1.492367871105670929e-02
1.800287142395973206e-02
1.156570203602313995e-02
1.598993130028247833e-02
2.858323231339454651e-02
3.280110284686088562e-02
1.684053242206573486e-02
2.749439887702465057e-02
1.609800755977630615e-02
2.021591737866401672e-02
2.006651833653450012e-02
1.809971034526824951e-02
1.815338060259819031e-02
1.505032554268836975e-02
1.598403044044971466e-02
1.615511067211627960e-02
1.676432043313980103e-02
1.543188281357288361e-02
1.318066753447055817e-02
1.373638212680816650e-02
1.565027795732021332e-02
1.528085395693778992e-02
2.060379087924957275e-02
1.701841503381729126e-02
2.035279572010040283e-02
1.826518401503562927e-02
1.979593187570571899e-02
2.111732773482799530e-02
1.786881312727928162e-02
2.376452088356018066e-02
2.136136032640933990e-02
2.291416563093662262e-02
1.402714941650629044e-02
2.689188718795776367e-02
2.319604344666004181e-02
1.884101331233978271e-02
2.662608027458190918e-02
2.738186344504356384e-02
2.447216957807540894e-02
2.451183088123798370e-02
2.744331397116184235e-02
2.276048064231872559e-02
2.793273702263832092e-02
2.360573410987854004e-02
2.736000344157218933e-02
2.688609808683395386e-02
2.264465764164924622e-02
2.717841975390911102e-02
2.721299044787883759e-02
2.037188410758972168e-02
2.894018776714801788e-02
1.309776492416858673e-02
1.851142011582851410e-02
1.496150344610214233e-02
2.087528258562088013e-02
1.524494774639606476e-02
2.392180263996124268e-02
1.677992381155490875e-02
2.322056889533996582e-02
2.028846740722656250e-02
1.484953425824642181e-02
2.480982616543769836e-02
1.525877602398395538e-02
2.628444880247116089e-02
2.126958966255187988e-02
2.580029703676700592e-02
2.527590095996856689e-02
2.637022361159324646e-02
2.231315523386001587e-02
2.222105488181114197e-02
2.433542907238006592e-02
1.153716258704662323e-02
2.471155300736427307e-02
2.656910195946693420e-02
2.555377781391143799e-02
8.528485894203186035e-03
2.589089795947074890e-02
2.618690952658653259e-02
2.773207426071166992e-02
2.416104637086391449e-02
2.640120312571525574e-02
1.531359553337097168e-02
2.195031940937042236e-02
2.394831366837024689e-02
2.199260890483856201e-02
2.364581078290939331e-02
2.521987259387969971e-02
2.816848829388618469e-02
2.700681425631046295e-02
2.963531762361526489e-02
2.401173114776611328e-02
3.011435270309448242e-02
3.574886918067932129e-02
2.873397618532180786e-02
3.185414522886276245e-02
2.821965888142585754e-02
1.266442984342575073e-02
2.890600822865962982e-02
2.683908864855766296e-02
2.409208938479423523e-02
2.794882468879222870e-02
2.511632256209850311e-02
2.652068063616752625e-02
2.805700711905956268e-02
2.490821853280067444e-02
1.691027358174324036e-02
2.300629578530788422e-02
2.061154507100582123e-02
2.262036874890327454e-02
2.393946610391139984e-02
1.885195262730121613e-02
2.347236126661300659e-02
2.197493240237236023e-02
1.629784330725669861e-02
2.295359224081039429e-02
9.572661481797695160e-03
2.023977413773536682e-02
1.628000661730766296e-02
1.539685763418674469e-02
1.487503573298454285e-02
2.695528231561183929e-02
1.623985730111598969e-02
2.919817157089710236e-02
2.982528135180473328e-02
1.267351955175399780e-02
3.242248296737670898e-02
2.217640727758407593e-02
3.172259405255317688e-02
3.496422618627548218e-02
2.936916612088680267e-02
2.620612457394599915e-02
2.897188439965248108e-02
2.676043100655078888e-02
2.552494406700134277e-02
2.646128088235855103e-02
8.458498865365982056e-03
2.446801215410232544e-02
1.799628883600234985e-02
2.044738270342350006e-02
6.182603538036346436e-03
2.389742620289325714e-02
2.397390268743038177e-02
2.133005112409591675e-02
2.015228010714054108e-02
2.252916991710662842e-02
1.058476231992244720e-02
2.588224783539772034e-02
2.344808727502822876e-02
1.583848148584365845e-02
1.643102243542671204e-02
2.206605859100818634e-02
1.688781753182411194e-02
2.234851382672786713e-02
1.747382432222366333e-02
2.114441245794296265e-02
2.134760655462741852e-02
1.877588406205177307e-02
2.354746870696544647e-02
2.032661251723766327e-02
2.306421846151351929e-02
1.722282543778419495e-02
2.640321478247642517e-02
2.464319206774234772e-02
2.299414202570915222e-02
2.638477832078933716e-02
2.886344678699970245e-02
2.746578678488731384e-02
2.328344434499740601e-02
2.693313360214233398e-02
2.264030836522579193e-02
2.538148313760757446e-02
2.778867632150650024e-02
3.000866435468196869e-02
3.269255906343460083e-02
2.672819420695304871e-02
3.185390681028366089e-02
3.132801502943038940e-02
2.250723727047443390e-02
3.358053043484687805e-02
1.499685645103454590e-02
1.727844029664993286e-02
1.564320363104343414e-02
2.017815783619880676e-02
1.636489108204841614e-02
2.314950525760650635e-02
1.746297255158424377e-02
2.345357276499271393e-02
2.169618755578994751e-02
1.734759286046028137e-02
2.549454942345619202e-02
1.932142674922943115e-02
2.411909960210323334e-02
2.007290348410606384e-02
2.528892830014228821e-02
2.506527677178382874e-02
2.451065555214881897e-02
2.660121209919452667e-02
2.184289693832397461e-02
2.667001262307167053e-02
1.395254395902156830e-02
2.662255801260471344e-02
2.468114718794822693e-02
2.593128383159637451e-02
9.182173758745193481e-03
2.957554906606674194e-02
3.061224520206451416e-02
2.863907441496849060e-02
2.574189379811286926e-02
2.983302250504493713e-02
1.740107499063014984e-02
2.329114638268947601e-02
2.891610190272331238e-02
3.061887621879577637e-02
3.145901858806610107e-02
3.124802187085151672e-02
3.112917765974998474e-02
2.275350317358970642e-02
2.204528450965881348e-02
1.936039701104164124e-02
2.143461443483829498e-02
2.369495108723640442e-02
2.303491719067096710e-02
2.151017822325229645e-02
2.146882936358451843e-02
1.101031154394149780e-02
2.346952259540557861e-02
2.122912555932998657e-02
2.262649685144424438e-02
2.182180434465408325e-02
2.028761245310306549e-02
2.478580176830291748e-02
1.279410906136035919e-02
2.223686315119266510e-02
1.959104090929031372e-02
2.253835275769233704e-02
1.572067290544509888e-02
2.642641589045524597e-02
2.856513299047946930e-02
2.472418174147605896e-02
3.226158022880554199e-02
2.764138206839561462e-02
2.200842648744583130e-02
2.728366479277610779e-02
1.167324744164943695e-02
2.903669886291027069e-02
2.658620104193687439e-02
2.073867619037628174e-02
1.538699120283126831e-02
2.482798695564270020e-02
1.336085237562656403e-02
2.336374670267105103e-02
2.296793647110462189e-02
1.329810544848442078e-02
2.166760526597499847e-02
1.508353743702173233e-02
2.171182818710803986e-02
1.880668662488460541e-02
2.279436960816383362e-02
2.328209392726421356e-02
2.483692020177841187e-02
2.113733626902103424e-02
2.063300274312496185e-02
2.466541528701782227e-02
8.439107798039913177e-03
2.431866340339183807e-02
2.082649990916252136e-02
2.209016308188438416e-02
5.674702115356922150e-03
2.580336108803749084e-02
2.573983371257781982e-02
2.468607388436794281e-02
2.222865074872970581e-02
2.674564160406589508e-02
1.112487912178039551e-02
2.256947010755538940e-02
2.112636342644691467e-02
1.006597094237804413e-02
1.149921305477619171e-02
1.520737353712320328e-02
1.183371990919113159e-02
1.444997079670429230e-02
1.328583341091871262e-02
1.455533504486083984e-02
1.442395336925983429e-02
1.168475486338138580e-02
1.554209738969802856e-02
1.719938032329082489e-02
1.418695598840713501e-02
1.682180911302566528e-02
1.953815296292304993e-02
1.768249459564685822e-02
1.746681518852710724e-02
1.707869395613670349e-02
1.966498419642448425e-02
2.301755920052528381e-02
1.679177768528461456e-02
2.520059049129486084e-02
2.172317355871200562e-02
2.061982825398445129e-02
2.571718581020832062e-02
2.654056064784526825e-02
2.986457943916320801e-02
2.870978415012359619e-02
2.594120614230632782e-02
2.695038169622421265e-02
3.021697141230106354e-02
3.052249923348426819e-02
1.581967808306217194e-02
1.078771892935037613e-02
1.045974809676408768e-02
1.565685123205184937e-02
1.236665621399879456e-02
1.420856826007366180e-02
1.270520780235528946e-02
1.461559068411588669e-02
1.642841100692749023e-02
1.361822709441184998e-02
1.652754470705986023e-02
1.618317142128944397e-02
1.549673639237880707e-02
1.822107285261154175e-02
1.743490621447563171e-02
1.936260238289833069e-02
1.805343292653560638e-02
2.032683789730072021e-02
1.759060844779014587e-02
2.192305773496627808e-02
1.364262495189905167e-02
2.299675345420837402e-02
2.305664308369159698e-02
2.066124975681304932e-02
9.523538872599601746e-03
2.643314376473426819e-02
2.841588854789733887e-02
2.806121110916137695e-02
2.700756490230560303e-02
2.845404297113418579e-02
2.620172128081321716e-02
2.190043777227401733e-02
2.996457368135452271e-02
1.878921315073966980e-02
1.801094599068164825e-02
2.520104497671127319e-02
2.116348594427108765e-02
2.440927922725677490e-02
2.116644755005836487e-02
2.379409596323966980e-02
2.538281306624412537e-02
1.920849829912185669e-02
2.359794639050960541e-02
2.232797071337699890e-02
2.391600050032138824e-02
1.578868180513381958e-02
2.485019527375698090e-02
2.539354190230369568e-02
2.398109994828701019e-02
2.421069331467151642e-02
2.812721207737922668e-02
2.854181826114654541e-02
2.726702764630317688e-02
2.933858521282672882e-02
2.524309605360031128e-02
3.181141242384910583e-02
2.728474512696266174e-02
3.228161484003067017e-02
3.487047553062438965e-02
2.858289517462253571e-02
3.455445915460586548e-02
3.555078059434890747e-02
2.649423293769359589e-02
3.858617693185806274e-02
1.529962010681629181e-02
1.860212348401546478e-02
1.509210374206304550e-02
1.821365579962730408e-02
1.409910805523395538e-02
2.534498646855354309e-02
1.602521911263465881e-02
2.504302375018596649e-02
2.210728451609611511e-02
1.577253825962543488e-02
2.711330913007259369e-02
1.988189294934272766e-02
2.391607314348220825e-02
2.210361324250698090e-02
2.397618070244789124e-02
2.840257249772548676e-02
2.725987136363983154e-02
2.510097995400428772e-02
2.778491005301475525e-02
2.656336128711700439e-02
1.515467930585145950e-02
2.723601274192333221e-02
2.762903645634651184e-02
2.650421299040317535e-02
1.015640515834093094e-02
3.048405423760414124e-02
3.283230587840080261e-02
3.220903873443603516e-02
2.910101227462291718e-02
3.327582776546478271e-02
1.576500758528709412e-02
2.184591814875602722e-02
2.968882396817207336e-02
1.304556429386138916e-02
1.453764270991086960e-02
1.969517022371292114e-02
1.546777226030826569e-02
2.185618504881858826e-02
1.917309500277042389e-02
2.447632700204849243e-02
2.342932671308517456e-02
2.180986478924751282e-02
2.601471170783042908e-02
2.529030479490756989e-02
2.392019331455230713e-02
1.397455297410488129e-02
2.583797648549079895e-02
2.883279882371425629e-02
1.723757013678550720e-02
2.758402004837989807e-02
2.852940931916236877e-02
2.770767733454704285e-02
3.507541120052337646e-02
2.718524634838104248e-02
1.892034709453582764e-02
2.726439759135246277e-02
2.713600732386112213e-02
2.623469568789005280e-02
2.629355713725090027e-02
2.504674717783927917e-02
2.630339376628398895e-02
2.481321617960929871e-02
2.302247285842895508e-02
2.785782888531684875e-02
9.293654933571815491e-03
1.180816628038883209e-02
1.279121171683073044e-02
2.012250386178493500e-02
1.685968041419982910e-02
2.211927250027656555e-02
1.661656983196735382e-02
2.338684350252151489e-02
2.031202986836433411e-02
1.542356982827186584e-02
2.633249014616012573e-02
1.584938913583755493e-02
3.072915412485599518e-02
2.953684143722057343e-02
2.693584933876991272e-02
3.052735701203346252e-02
3.160731121897697449e-02
2.645966410636901855e-02
2.505468949675559998e-02
2.734814397990703583e-02
1.104677002876996994e-02
2.617080137133598328e-02
2.226279303431510925e-02
2.379848062992095947e-02
7.555281743407249451e-03
2.423932030797004700e-02
2.458421513438224792e-02
2.637716382741928101e-02
2.560663595795631409e-02
2.766209095716476440e-02
1.245815493166446686e-02
2.497033774852752686e-02
1.824069768190383911e-02
1.509801298379898071e-02
2.178259938955307007e-02
2.319700457155704498e-02
2.373423427343368530e-02
2.213948592543601990e-02
2.354521676898002625e-02
1.679851859807968140e-02
2.123347483575344086e-02
2.395744621753692627e-02
1.920823007822036743e-02
2.104401960968971252e-02
1.865677163004875183e-02
7.791682146489620209e-03
1.866972446441650391e-02
1.689674146473407745e-02
1.852299086749553680e-02
2.013540826737880707e-02
1.676150783896446228e-02
1.762941107153892517e-02
2.579150721430778503e-02
1.839142292737960815e-02
1.386510767042636871e-02
1.693697646260261536e-02
1.933445781469345093e-02
1.695232838392257690e-02
1.681133732199668884e-02
1.921059191226959229e-02
1.671984419226646423e-02
1.554642897099256516e-02
1.966594718396663666e-02
1.617868617177009583e-02
8.922329172492027283e-03
1.582448557019233704e-02
1.054348610341548920e-02
8.829633705317974091e-03
8.536444976925849915e-03
1.724178344011306763e-02
9.281769394874572754e-03
1.850565895438194275e-02
2.110921964049339294e-02
8.344129659235477448e-03
1.940262317657470703e-02
1.488700695335865021e-02
2.282514050602912903e-02
2.673510834574699402e-02
1.877373084425926208e-02
1.843478903174400330e-02
1.968937739729881287e-02
1.945892721414566040e-02
1.779317110776901245e-02
1.758190244436264038e-02
6.842649541795253754e-03
1.787014119327068329e-02
1.557954587042331696e-02
1.475995592772960663e-02
5.623041652143001556e-03
1.654322817921638489e-02
1.540038362145423889e-02
1.724436692893505096e-02
1.646717078983783722e-02
1.783199794590473175e-02
9.814502671360969543e-03
1.826785318553447723e-02
1.648808270692825317e-02
1.669482141733169556e-02
1.494137942790985107e-02
2.005763351917266846e-02
1.689287647604942322e-02
1.564820855855941772e-02
2.477472275495529175e-02
1.891223527491092682e-02
1.440529432147741318e-02
2.770316973328590393e-02
1.428146567195653915e-02
3.023095056414604187e-02
3.147926181554794312e-02
2.861325815320014954e-02
1.557629369199275970e-02
3.245604038238525391e-02
3.244880214333534241e-02
2.745475992560386658e-02
1.534662116318941116e-02
3.613534197211265564e-02
3.334751725196838379e-02
3.454617410898208618e-02
3.026244044303894043e-02
1.501108799129724503e-02
3.220193088054656982e-02
2.999236434698104858e-02
1.637544110417366028e-02
3.331767022609710693e-02
3.084145858883857727e-02
3.299633413553237915e-02
3.018049523234367371e-02
2.753159031271934509e-02
2.799404039978981018e-02
2.091053687036037445e-02
2.051377296447753906e-02
1.741917990148067474e-02
1.512362249195575714e-02
2.083349041640758514e-02
2.586549520492553711e-02
1.392875146120786667e-02
2.353099361062049866e-02
2.822320163249969482e-02
2.583761140704154968e-02
2.360288426280021667e-02
1.650621555745601654e-02
2.861574478447437286e-02
3.292241320013999939e-02
3.077322989702224731e-02
3.421885147690773010e-02
3.024804592132568359e-02
3.672246634960174561e-02
3.271640464663505554e-02
3.415529057383537292e-02
3.580925613641738892e-02
3.531980887055397034e-02
3.711500391364097595e-02
2.965898066759109497e-02
3.198746591806411743e-02
8.309879340231418610e-03
3.108317032456398010e-02
3.056945465505123138e-02
3.024503588676452637e-02
2.884267270565032959e-02
2.761180326342582703e-02
2.860475517809391022e-02
1.473178900778293610e-02
1.813397556543350220e-02
1.870745606720447540e-02
1.735207997262477875e-02
1.489225216209888458e-02
2.024849504232406616e-02
2.263819240033626556e-02
1.656279340386390686e-02
2.474808692932128906e-02
1.532797049731016159e-02
2.520351856946945190e-02
2.538812346756458282e-02
2.419493347406387329e-02
1.931591518223285675e-02
2.354761213064193726e-02
2.414485067129135132e-02
2.504309639334678650e-02
1.620954647660255432e-02
2.682041749358177185e-02
2.382133528590202332e-02
2.459739148616790771e-02
2.624225616455078125e-02
1.572064682841300964e-02
2.551895752549171448e-02
2.545576356351375580e-02
1.595978811383247375e-02
2.654519677162170410e-02
2.570922300219535828e-02
2.509632147848606110e-02
2.525603771209716797e-02
2.616291679441928864e-02
2.444473467767238617e-02
1.585954241454601288e-02
2.090028673410415649e-02
1.797651126980781555e-02
1.949847489595413208e-02
2.058611437678337097e-02
2.255996130406856537e-02
1.686984673142433167e-02
2.240316942334175110e-02
2.155842073261737823e-02
2.410588413476943970e-02
2.368380129337310791e-02
1.501657441258430481e-02
2.450478821992874146e-02
2.573114633560180664e-02
2.349964156746864319e-02
2.428779564797878265e-02
2.480375207960605621e-02
2.688213065266609192e-02
2.372070774435997009e-02
2.589822188019752502e-02
2.408662252128124237e-02
2.500625327229499817e-02
2.480477094650268555e-02
2.575790695846080780e-02
2.569915354251861572e-02
8.676424622535705566e-03
2.643303386867046356e-02
2.563617005944252014e-02
2.518872544169425964e-02
2.727262303233146667e-02
2.643662132322788239e-02
2.341239526867866516e-02
1.316487230360507965e-02
1.858145743608474731e-02
1.510827150195837021e-02
1.724360883235931396e-02
1.689257100224494934e-02
2.161713317036628723e-02
1.419202424585819244e-02
1.652305014431476593e-02
2.429654635488986969e-02
1.118994504213333130e-02
1.938025467097759247e-02
1.424129307270050049e-02
2.042444609105587006e-02
1.932188123464584351e-02
1.796161755919456482e-02
2.854997850954532623e-02
2.544925361871719360e-02
1.507607940584421158e-02
3.082361072301864624e-02
2.539468184113502502e-02
2.744039893150329590e-02
3.182161599397659302e-02
1.280020456761121750e-02
3.186105936765670776e-02
3.295322135090827942e-02
2.212392538785934448e-02
3.582141920924186707e-02
3.801491111516952515e-02
3.900962322950363159e-02
3.610251471400260925e-02
3.573881089687347412e-02
3.687936812639236450e-02
1.530215889215469360e-02
2.224147133529186249e-02
1.635179482400417328e-02
1.781962066888809204e-02
1.663933321833610535e-02
1.978611201047897339e-02
1.445532962679862976e-02
1.547737047076225281e-02
2.173420041799545288e-02
1.182940788567066193e-02
1.980211213231086731e-02
1.393187232315540314e-02
2.091864123940467834e-02
2.105364948511123657e-02
2.175800129771232605e-02
2.525972202420234680e-02
2.382817491888999939e-02
2.123636007308959961e-02
2.834273502230644226e-02
2.864479646086692810e-02
2.893722057342529297e-02
3.448918089270591736e-02
2.398257702589035034e-02
3.189243376255035400e-02
3.648746758699417114e-02
1.082880049943923950e-02
3.530243039131164551e-02
3.695556148886680603e-02
3.586181998252868652e-02
3.667812794446945190e-02
3.419553861021995544e-02
2.998246811330318451e-02
1.444452069699764252e-02
1.878756657242774963e-02
1.839114539325237274e-02
1.871598325669765472e-02
1.502000540494918823e-02
2.172168903052806854e-02
2.658726274967193604e-02
1.434529013931751251e-02
2.361227944493293762e-02
1.371771376579999924e-02
2.496348693966865540e-02
2.464680001139640808e-02
2.515510097146034241e-02
1.861726678907871246e-02
2.462123706936836243e-02
2.341824024915695190e-02
2.145926281809806824e-02
1.749998889863491058e-02
2.517233043909072876e-02
2.462275885045528412e-02
2.428446337580680847e-02
2.462890744209289551e-02
1.640189066529273987e-02
2.490892633795738220e-02
2.485526725649833679e-02
1.594336889684200287e-02
2.473077364265918732e-02
2.426409348845481873e-02
2.370951324701309204e-02
2.532313019037246704e-02
2.264228090643882751e-02
2.298138663172721863e-02
1.426325272768735886e-02
1.884789578616619110e-02
1.950420066714286804e-02
2.054375782608985901e-02
1.967106014490127563e-02
2.451966330409049988e-02
1.763106323778629303e-02
2.479520626366138458e-02
2.286490052938461304e-02
2.563593164086341858e-02
2.273202128708362579e-02
1.594530977308750153e-02
2.365254610776901245e-02
2.581748925149440765e-02
2.224305272102355957e-02
2.477816678583621979e-02
2.398893982172012329e-02
2.351721003651618958e-02
2.368996292352676392e-02
2.510473132133483887e-02
2.438807860016822815e-02
2.423309162259101868e-02
2.268340066075325012e-02
2.451607584953308105e-02
2.507339976727962494e-02
7.854447700083255768e-03
2.384562045335769653e-02
2.437506616115570068e-02
2.388132549822330475e-02
2.409144490957260132e-02
2.502604946494102478e-02
2.500117756426334381e-02
1.997114345431327820e-02
1.950491219758987427e-02
2.255658991634845734e-02
1.996106281876564026e-02
2.029348909854888916e-02
2.547326870262622833e-02
1.861585490405559540e-02
1.689183153212070465e-02
2.589381858706474304e-02
1.503525301814079285e-02
3.343872725963592529e-02
2.945762313902378082e-02
2.942191250622272491e-02
2.073458768427371979e-02
3.090232983231544495e-02
3.365974873304367065e-02
3.257847577333450317e-02
1.794967427849769592e-02
3.243371099233627319e-02
3.179597854614257812e-02
2.687640115618705750e-02
2.728541754186153412e-02
1.634283363819122314e-02
3.403127938508987427e-02
3.213464468717575073e-02
2.100957557559013367e-02
3.837685286998748779e-02
3.393750265240669250e-02
3.396423161029815674e-02
3.444537147879600525e-02
3.403656557202339172e-02
3.280567377805709839e-02
2.181559242308139801e-02
2.294288203120231628e-02
1.953791454434394836e-02
1.733446121215820312e-02
2.168807946145534515e-02
2.616478502750396729e-02
1.674864999949932098e-02
2.403993532061576843e-02
2.560073882341384888e-02
2.445114962756633759e-02
2.323054894804954529e-02
1.791662350296974182e-02
3.038407862186431885e-02
3.373048454523086548e-02
3.149111568927764893e-02
2.960297092795372009e-02
2.844049222767353058e-02
3.711494803428649902e-02
2.904250659048557281e-02
3.077811375260353088e-02
3.198630362749099731e-02
3.157036751508712769e-02
3.189735114574432373e-02
3.201330453157424927e-02
2.961618639528751373e-02
1.036749966442584991e-02
2.987826615571975708e-02
3.281696140766143799e-02
3.361836075782775879e-02
3.284167498350143433e-02
3.377356752753257751e-02
2.944068610668182373e-02
1.602999866008758545e-02
1.659381389617919922e-02
1.713931187987327576e-02
1.609248109161853790e-02
1.600251719355583191e-02
2.222320437431335449e-02
1.897898688912391663e-02
1.594653353095054626e-02
2.394252642989158630e-02
1.453089714050292969e-02
2.587370947003364563e-02
2.686148695647716522e-02
2.563343569636344910e-02
1.925833150744438171e-02
2.755557745695114136e-02
2.704351022839546204e-02
2.684058248996734619e-02
1.666748896241188049e-02
3.023749589920043945e-02
2.714098244905471802e-02
2.797511219978332520e-02
2.738400176167488098e-02
1.536154840141534805e-02
2.724675461649894714e-02
2.713750302791595459e-02
1.633072644472122192e-02
2.831253968179225922e-02
2.792712673544883728e-02
2.681334316730499268e-02
2.839597314596176147e-02
2.600196190178394318e-02
2.543318644165992737e-02
1.683367043733596802e-02
1.837514713406562805e-02
1.762995496392250061e-02
1.555748935788869858e-02
1.879926025867462158e-02
2.187442965805530548e-02
1.526201888918876648e-02
1.981585472822189331e-02
2.399005368351936340e-02
2.319383993744850159e-02
2.515226416289806366e-02
1.936804689466953278e-02
2.669294551014900208e-02
3.017595224082469940e-02
2.691688388586044312e-02
3.000229410827159882e-02
2.811371535062789917e-02
3.489549458026885986e-02
2.956862375140190125e-02
2.886741608381271362e-02
2.920051850378513336e-02
2.845213189721107483e-02
3.306195884943008423e-02
2.620475366711616516e-02
2.822957001626491547e-02
8.511573076248168945e-03
2.579593099653720856e-02
2.551545202732086182e-02
2.665302157402038574e-02
2.626070380210876465e-02
2.599485218524932861e-02
2.795119024813175201e-02
1.212461758404970169e-02
1.230741385370492935e-02
1.307656802237033844e-02
1.464080624282360077e-02
1.435380149632692337e-02
1.431042142212390900e-02
1.523419003933668137e-02
1.267398893833160400e-02
1.715020090341567993e-02
1.075243297964334488e-02
1.476052124053239822e-02
1.955651305615901947e-02
1.405876595526933670e-02
1.377424690872430801e-02
1.277733780443668365e-02
1.511794142425060272e-02
1.224147528409957886e-02
7.992485538125038147e-03
1.541845872998237610e-02
1.415370684117078781e-02
1.526337023824453354e-02
1.420126855373382568e-02
6.604402326047420502e-03
1.194399036467075348e-02
1.152922119945287704e-02
1.507685426622629166e-02
1.322627719491720200e-02
1.226929854601621628e-02
1.282086595892906189e-02
1.291823945939540863e-02
1.230680011212825775e-02
1.292977388948202133e-02
1.148141920566558838e-02
1.377846486866474152e-02
1.105893403291702271e-02
1.149896252900362015e-02
1.522849593311548233e-02
1.702218130230903625e-02
1.028316933661699295e-02
1.560746692121028900e-02
1.518895663321018219e-02
1.581954397261142731e-02
1.333416067063808441e-02
1.069993898272514343e-02
1.501232758164405823e-02
1.487482152879238129e-02
1.450478844344615936e-02
1.499327458441257477e-02
1.384872756898403168e-02
2.158593758940696716e-02
1.602503284811973572e-02
1.540152169764041901e-02
1.695837825536727905e-02
1.564436405897140503e-02
3.001917153596878052e-02
1.183193363249301910e-02
1.319843251258134842e-02
6.776254624128341675e-03
1.354699954390525818e-02
1.439093425869941711e-02
1.216804422438144684e-02
1.214373484253883362e-02
1.190809719264507294e-02
1.170143112540245056e-02
2.362776175141334534e-02
1.884685643017292023e-02
2.407294511795043945e-02
1.866778358817100525e-02
1.852121390402317047e-02
2.488487400114536285e-02
2.358650043606758118e-02
1.563089340925216675e-02
2.865192294120788574e-02
1.226937118917703629e-02
2.757405862212181091e-02
2.839149534702301025e-02
2.818048931658267975e-02
1.519091799855232239e-02
2.795661799609661102e-02
2.858624979853630066e-02
2.696246653795242310e-02
1.407805643975734711e-02
2.534266747534275055e-02
2.503333613276481628e-02
2.355777099728584290e-02
2.524873241782188416e-02
1.251311041414737701e-02
2.317760884761810303e-02
2.352663688361644745e-02
1.681431010365486145e-02
2.407585643231868744e-02
2.477861940860748291e-02
2.458693832159042358e-02
2.357828989624977112e-02
2.422098442912101746e-02
2.202633768320083618e-02
2.647351101040840149e-02
2.496000379323959351e-02
1.979155652225017548e-02
2.118284627795219421e-02
2.534461021423339844e-02
2.631320804357528687e-02
1.515272259712219238e-02
2.566105872392654419e-02
2.807061001658439636e-02
3.062371164560317993e-02
2.361444942653179169e-02
1.580622047185897827e-02
2.471521496772766113e-02
2.740224264562129974e-02
2.739769779145717621e-02
2.472430467605590820e-02
2.569777891039848328e-02
3.468518704175949097e-02
2.589287608861923218e-02
2.590002119541168213e-02
2.400898188352584839e-02
2.573169581592082977e-02
3.801158070564270020e-02
2.602422609925270081e-02
2.420839667320251465e-02
8.459666743874549866e-03
2.226866781711578369e-02
2.351652830839157104e-02
2.287351526319980621e-02
2.420864254236221313e-02
2.411208301782608032e-02
2.479098737239837646e-02
