<system>Protocol: Active. Attitude: Sassy.</system>
2.314954251050949097e-02
2.624232694506645203e-02
2.482749894261360168e-02
2.773833088576793671e-02
2.839344739913940430e-02
3.251813352108001709e-02
2.390350401401519775e-02
3.743689507246017456e-02
2.649652585387229919e-02
2.626216784119606018e-02
2.532253600656986237e-02
2.076077833771705627e-02
2.035969682037830353e-02
2.030946873128414154e-02
2.956724353134632111e-02
3.158251941204071045e-02
2.319022454321384430e-02
2.540813386440277100e-02
2.865770459175109863e-02
1.776992157101631165e-02
3.133220970630645752e-02
2.646524086594581604e-02
1.960124261677265167e-02
1.933804899454116821e-02
2.043196000158786774e-02
1.849362999200820923e-02
1.989557594060897827e-02
2.274629287421703339e-02
1.789689995348453522e-02
1.716900244355201721e-02
1.925738900899887085e-02
2.373164892196655273e-02
2.630978450179100037e-02
2.491389773786067963e-02
3.078896366059780121e-02
2.999326772987842560e-02
2.899448573589324951e-02
2.238734625279903412e-02
2.290191315114498138e-02
2.324657514691352844e-02
2.224214375019073486e-02
2.281645499169826508e-02
2.303036302328109741e-02
2.709085866808891296e-02
2.309757098555564880e-02
2.291717939078807831e-02
2.802034094929695129e-02
3.245651721954345703e-02
2.305569127202033997e-02
3.207013010978698730e-02
3.005420975387096405e-02
2.787357941269874573e-02
2.914646640419960022e-02
3.479807078838348389e-02
2.273857221007347107e-02
2.114838734269142151e-02
2.637286111712455750e-02
1.464503630995750427e-02
2.367881312966346741e-02
1.622045040130615234e-02
1.751869916915893555e-02
2.493072859942913055e-02
2.951755933463573456e-02
2.883180603384971619e-02
2.506530284881591797e-02
2.685641683638095856e-02
2.245270647108554840e-02
2.023387141525745392e-02
2.309194579720497131e-02
3.131995722651481628e-02
1.927893608808517456e-02
2.970408834517002106e-02
2.566805668175220490e-02
2.708553895354270935e-02
2.240059338510036469e-02
1.193592417985200882e-02
1.283016987144947052e-02
1.285042800009250641e-02
2.577437274158000946e-02
2.998967841267585754e-02
1.695422083139419556e-02
2.630715072154998779e-02
3.078864514827728271e-02
1.445057522505521774e-02
3.536955639719963074e-02
3.478973358869552612e-02
1.673393696546554565e-02
1.614756509661674500e-02
1.725897192955017090e-02
1.892871409654617310e-02
2.269991114735603333e-02
2.510199695825576782e-02
2.052214182913303375e-02
2.047178708016872406e-02
2.477039024233818054e-02
2.496280148625373840e-02
3.139638155698776245e-02
2.314769104123115540e-02
2.939349785447120667e-02
2.310305461287498474e-02
2.266099303960800171e-02
1.704158633947372437e-02
1.714451983571052551e-02
1.611961796879768372e-02
1.507768407464027405e-02
1.506965607404708862e-02
1.576172746717929840e-02
2.603219822049140930e-02
2.394781447947025299e-02
2.252655848860740662e-02
2.431776933372020721e-02
3.639795631170272827e-02
1.766506209969520569e-02
2.775567770004272461e-02
3.206012398004531860e-02
2.040209248661994934e-02
3.593069314956665039e-02
3.033052384853363037e-02
2.194128558039665222e-02
2.508541196584701538e-02
2.847614511847496033e-02
2.009062096476554871e-02
2.929806709289550781e-02
2.511528879404067993e-02
2.213491871953010559e-02
2.566435374319553375e-02
3.197072818875312805e-02
2.965928986668586731e-02
2.873996645212173462e-02
3.087070398032665253e-02
2.455217018723487854e-02
2.542082220315933228e-02
2.732463553547859192e-02
3.013475611805915833e-02
2.469296939671039581e-02
2.934333495795726776e-02
2.595146931707859039e-02
2.821223065257072449e-02
2.399900369346141815e-02
1.839029788970947266e-02
1.789904944598674774e-02
1.861243695020675659e-02
2.538511529564857483e-02
3.011564910411834717e-02
1.940391585230827332e-02
2.293419092893600464e-02
2.959401346743106842e-02
1.789624616503715515e-02
3.008522652089595795e-02
2.991254255175590515e-02
2.060867100954055786e-02
2.159766852855682373e-02
2.275568619370460510e-02
1.979148946702480316e-02
1.955916918814182281e-02
2.418824285268783569e-02
1.931053027510643005e-02
1.872377842664718628e-02
2.439270541071891785e-02
2.605393528938293457e-02
3.676168248057365417e-02
3.179447725415229797e-02
3.343090415000915527e-02
3.065695986151695251e-02
2.335988730192184448e-02
2.143456786870956421e-02
2.124832943081855774e-02
2.201463654637336731e-02
1.883933879435062408e-02
1.915778964757919312e-02
1.707876846194267273e-02
2.419795468449592590e-02
2.396012283861637115e-02
2.239263243973255157e-02
2.499315887689590454e-02
3.003435954451560974e-02
1.958163082599639893e-02
2.813439629971981049e-02
3.235888481140136719e-02
2.419350668787956238e-02
3.225176036357879639e-02
3.014044836163520813e-02
2.182509005069732666e-02
2.278830856084823608e-02
2.789010480046272278e-02
1.742630265653133392e-02
2.576899528503417969e-02
1.810526102781295776e-02
2.214818820357322693e-02
2.610923349857330322e-02
2.882576733827590942e-02
2.694662287831306458e-02
2.274148724973201752e-02
2.197023481130599976e-02
1.646486669778823853e-02
2.000832371413707733e-02
1.732598245143890381e-02
2.704675495624542236e-02
1.833929494023323059e-02
2.690056897699832916e-02
2.185618504881858826e-02
2.552273496985435486e-02
1.985813677310943604e-02
1.452261768281459808e-02
1.455212570726871490e-02
1.413149945437908173e-02
2.161276713013648987e-02
2.862993814051151276e-02
1.719802245497703552e-02
2.278844453394412994e-02
2.870758622884750366e-02
1.424656994640827179e-02
3.450774773955345154e-02
3.335835412144660950e-02
1.702423579990863800e-02
1.565396599471569061e-02
1.556971576064825058e-02
1.913658715784549713e-02
2.249243482947349548e-02
2.226351574063301086e-02
1.778607256710529327e-02
1.853388734161853790e-02
2.578827552497386932e-02
2.621870487928390503e-02
2.350788563489913940e-02
2.057023718953132629e-02
2.838644199073314667e-02
2.168363519012928009e-02
2.050413936376571655e-02
1.587567850947380066e-02
1.550563983619213104e-02
1.827640086412429810e-02
1.489946804940700531e-02
1.495570503175258636e-02
1.515274494886398315e-02
2.670923620462417603e-02
2.172481641173362732e-02
2.448643743991851807e-02
2.238700911402702332e-02
2.756253257393836975e-02
1.680947281420230865e-02
2.512646093964576721e-02
3.333961591124534607e-02
2.257053926587104797e-02
2.497177012264728546e-02
3.239072859287261963e-02
1.874605938792228699e-02
2.372233569622039795e-02
2.822833694517612457e-02
1.788514479994773865e-02
2.152588963508605957e-02
2.077322825789451599e-02
1.933125779032707214e-02
2.353296428918838501e-02
2.651326358318328857e-02
2.426807768642902374e-02
9.837888181209564209e-03
1.228993944823741913e-02
1.353604067116975784e-02
1.341089420020580292e-02
1.642447151243686676e-02
1.690331660211086273e-02
1.711168885231018066e-02
2.257518842816352844e-02
2.185706980526447296e-02
3.591693937778472900e-02
2.581982314586639404e-02
3.074075281620025635e-02
3.024901449680328369e-02
2.791946195065975189e-02
1.986476033926010132e-02
3.003782778978347778e-02
3.025389090180397034e-02
2.464388310909271240e-02
2.213547937572002411e-02
1.535029150545597076e-02
2.483458444476127625e-02
2.239955402910709381e-02
2.147140353918075562e-02
1.693009585142135620e-02
1.962764933705329895e-02
1.046599820256233215e-02
1.085217110812664032e-02
2.399189025163650513e-02
1.044725440442562103e-02
1.111018564552068710e-02
1.229863986372947693e-02
1.796200871467590332e-02
9.312705136835575104e-03
1.252163760364055634e-02
1.302391104400157928e-02
1.369939185678958893e-02
1.693751849234104156e-02
1.777049526572227478e-02
1.916739344596862793e-02
2.408179640769958496e-02
1.922900788486003876e-02
2.739145793020725250e-02
2.676246687769889832e-02
3.779057413339614868e-02
3.012201376259326935e-02
2.758499607443809509e-02
2.988720685243606567e-02
1.852939464151859283e-02
2.717395499348640442e-02
2.410835027694702148e-02
1.832204498350620270e-02
3.057951293885707855e-02
2.802634239196777344e-02
2.611423097550868988e-02
2.084994688630104065e-02
1.634804159402847290e-02
2.477694116532802582e-02
1.058053877204656601e-02
1.666560396552085876e-02
1.088289637118577957e-02
1.557267364114522934e-02
2.342252433300018311e-02
2.447122335433959961e-02
3.512588888406753540e-02
1.048512570559978485e-02
1.257005799561738968e-02
1.335332170128822327e-02
1.354076061397790909e-02
1.926668547093868256e-02
1.843735948204994202e-02
1.681038737297058105e-02
2.135882712900638580e-02
1.481352373957633972e-02
2.309085428714752197e-02
1.549158431589603424e-02
2.118591591715812683e-02
2.397933229804039001e-02
2.431527152657508850e-02
1.888592354953289032e-02
2.101848274469375610e-02
2.009674161672592163e-02
2.373387105762958527e-02
2.175327390432357788e-02
1.596769876778125763e-02
2.322692424058914185e-02
2.456696704030036926e-02
1.854240521788597107e-02
2.303930744528770447e-02
2.049343101680278778e-02
1.012375764548778534e-02
9.788619354367256165e-03
2.236748859286308289e-02
9.733651764690876007e-03
9.555079042911529541e-03
1.346508599817752838e-02
2.167450450360774994e-02
9.996801614761352539e-03
1.041241548955440521e-02
1.128192525357007980e-02
1.358247827738523483e-02
1.346120331436395645e-02
1.285502500832080841e-02
1.283284556120634079e-02
1.857191510498523712e-02
1.449609920382499695e-02
2.327626571059226990e-02
2.359492331743240356e-02
2.202961780130863190e-02
1.818958297371864319e-02
2.044976502656936646e-02
2.199231460690498352e-02
1.862309500575065613e-02
2.413968183100223541e-02
2.151429839432239532e-02
2.521748468279838562e-02
3.159857168793678284e-02
2.002146095037460327e-02
2.496661618351936340e-02
1.581123098731040955e-02
1.635624840855598450e-02
1.928205788135528564e-02
9.722735732793807983e-03
1.819466799497604370e-02
9.591720998287200928e-03
1.693075522780418396e-02
2.039619162678718567e-02
2.073652297258377075e-02
2.729767002165317535e-02
2.093483321368694305e-02
2.228981629014015198e-02
2.606375887989997864e-02
2.757502533495426178e-02
3.251966089010238647e-02
3.257251530885696411e-02
3.251337632536888123e-02
4.148223251104354858e-02
2.911583706736564636e-02
3.243240714073181152e-02
2.662518806755542755e-02
2.274049073457717896e-02
2.136222831904888153e-02
2.134859189391136169e-02
3.018368408083915710e-02
3.494114056229591370e-02
2.722932770848274231e-02
2.894737944006919861e-02
3.456894308328628540e-02
1.927335932850837708e-02
3.162380307912826538e-02
3.310762345790863037e-02
2.259220555424690247e-02
1.921280473470687866e-02
2.162959054112434387e-02
1.720040850341320038e-02
1.792378537356853485e-02
2.662491798400878906e-02
1.747107878327369690e-02
1.732311397790908813e-02
1.972382329404354095e-02
2.640298008918762207e-02
2.267917245626449585e-02
2.510425634682178497e-02
2.754500880837440491e-02
2.772933989763259888e-02
2.526089549064636230e-02
2.771259099245071411e-02
2.567286044359207153e-02
3.235593438148498535e-02
2.670950815081596375e-02
2.717508561909198761e-02
2.612346783280372620e-02
3.432259708642959595e-02
2.857470698654651642e-02
2.918084710836410522e-02
3.164805099368095398e-02
3.164745494723320007e-02
2.415196970105171204e-02
3.722494840621948242e-02
4.299386590719223022e-02
3.253966569900512695e-02
3.530710935592651367e-02
3.679997473955154419e-02
2.789232507348060608e-02
2.631533890962600708e-02
2.930951118469238281e-02
1.529740449041128159e-02
2.765932306647300720e-02
1.738684810698032379e-02
1.832210272550582886e-02
2.815515361726284027e-02
2.949261292815208435e-02
2.859156206250190735e-02
1.870943047106266022e-02
1.530931890010833740e-02
1.507139857858419418e-02
1.648980751633644104e-02
1.441474724560976028e-02
1.834794320166110992e-02
1.585033349692821503e-02
1.891819387674331665e-02
1.568463072180747986e-02
1.702456548810005188e-02
1.540997531265020370e-02
1.824814453721046448e-02
1.795095950365066528e-02
1.727736368775367737e-02
1.914412155747413635e-02
2.275083586573600769e-02
1.756612025201320648e-02
2.012031525373458862e-02
2.212987281382083893e-02
1.996593922376632690e-02
2.056234516203403473e-02
2.473606914281845093e-02
2.220731228590011597e-02
2.247271127998828888e-02
4.061743244528770447e-02
1.515361107885837555e-02
1.402808912098407745e-02
2.500381320714950562e-02
1.778525859117507935e-02
1.347328815609216690e-02
1.735258102416992188e-02
2.179880812764167786e-02
1.408459432423114777e-02
1.784787513315677643e-02
1.711904630064964294e-02
1.578808203339576721e-02
1.516449637711048126e-02
1.645635813474655151e-02
1.367353368550539017e-02
1.778501644730567932e-02
1.519138924777507782e-02
1.678999140858650208e-02
1.698159426450729370e-02
1.745097339153289795e-02
1.482711732387542725e-02
1.731465756893157959e-02
1.976502314209938049e-02
1.846508309245109558e-02
1.843265630304813385e-02
2.198946103453636169e-02
2.428981103003025055e-02
2.111759036779403687e-02
2.289969846606254578e-02
2.163871191442012787e-02
2.001016587018966675e-02
1.788507029414176941e-02
2.293780446052551270e-02
1.756395958364009857e-02
2.027283422648906708e-02
1.251112297177314758e-02
1.992150954902172089e-02
2.443767711520195007e-02
2.754256874322891235e-02
2.700860984623432159e-02
2.403679862618446350e-02
1.988330297172069550e-02
2.133793383836746216e-02
2.075915597379207611e-02
2.149773016571998596e-02
2.234117314219474792e-02
2.327970229089260101e-02
2.363911643624305725e-02
2.563232928514480591e-02
2.378843724727630615e-02
2.641338855028152466e-02
2.439509518444538116e-02
2.665247209370136261e-02
2.394281886518001556e-02
2.883380465209484100e-02
2.849197760224342346e-02
2.239329367876052856e-02
3.710159659385681152e-02
2.812351658940315247e-02
3.446680307388305664e-02
3.656747192144393921e-02
3.563176095485687256e-02
2.755480632185935974e-02
2.144113183021545410e-02
2.594405412673950195e-02
2.849981933832168579e-02
2.913096547126770020e-02
2.309343218803405762e-02
3.147003799676895142e-02
3.177193552255630493e-02
2.903937734663486481e-02
3.620134294033050537e-02
2.967811003327369690e-02
2.419244125485420227e-02
2.680448815226554871e-02
2.089788392186164856e-02
2.127106115221977234e-02
1.946120336651802063e-02
2.128508500754833221e-02
2.100549265742301941e-02
2.029972150921821594e-02
2.849155850708484650e-02
2.319821342825889587e-02
2.746135741472244263e-02
2.974617481231689453e-02
2.919080480933189392e-02
2.832436189055442810e-02
3.197967633605003357e-02
3.490711748600006104e-02
2.820669487118721008e-02
3.133203834295272827e-02
3.606576099991798401e-02
3.723251074552536011e-02
3.319838270545005798e-02
2.960469573736190796e-02
2.065582014620304108e-02
2.921999618411064148e-02
3.387777134776115417e-02
2.944479323923587799e-02
2.354695275425910950e-02
2.325706183910369873e-02
3.350443020462989807e-02
3.093069978058338165e-02
2.570305392146110535e-02
1.786387898027896881e-02
1.294741220772266388e-02
1.525265909731388092e-02
1.419341750442981720e-02
1.660189777612686157e-02
1.465488597750663757e-02
1.558647770434617996e-02
1.582888513803482056e-02
1.639870181679725647e-02
1.656240224838256836e-02
1.817417144775390625e-02
2.055913582444190979e-02
2.253118902444839478e-02
2.319879643619060516e-02
2.594134584069252014e-02
2.840833924710750580e-02
2.506807446479797363e-02
3.124267607927322388e-02
3.679915890097618103e-02
3.550303354859352112e-02
4.147850722074508667e-02
3.512033447623252869e-02
3.446010872721672058e-02
2.393546327948570251e-02
2.531968429684638977e-02
3.091528080403804779e-02
3.219464421272277832e-02
2.553345449268817902e-02
3.690320625901222229e-02
3.356410562992095947e-02
2.940944209694862366e-02
3.416264802217483521e-02
1.475672423839569092e-02
1.342995557934045792e-02
1.625652611255645752e-02
1.411646790802478790e-02
1.444544456899166107e-02
1.443605870008468628e-02
1.527379825711250305e-02
1.631394773721694946e-02
1.656316965818405151e-02
1.747758872807025909e-02
1.992269977927207947e-02
2.127189561724662781e-02
2.329213172197341919e-02
2.238322049379348755e-02
2.500035054981708527e-02
2.863247320055961609e-02
2.849640883505344391e-02
2.750746347010135651e-02
2.957681566476821899e-02
3.244414925575256348e-02
3.375438600778579712e-02
3.385885059833526611e-02
3.276381641626358032e-02
2.289409562945365906e-02
2.819672599434852600e-02
3.647879511117935181e-02
3.264149278402328491e-02
2.451278269290924072e-02
2.733615599572658539e-02
3.344007581472396851e-02
3.503743931651115417e-02
2.942380309104919434e-02
2.907033637166023254e-02
2.848062105476856232e-02
2.390528284013271332e-02
2.308670431375503540e-02
2.621843665838241577e-02
2.450594492256641388e-02
2.863879129290580750e-02
2.950286492705345154e-02
2.817991562187671661e-02
3.329794108867645264e-02
3.346848487854003906e-02
2.969939261674880981e-02
3.205089643597602844e-02
3.089600801467895508e-02
3.158092498779296875e-02
4.177964478731155396e-02
2.732387557625770569e-02
3.180658072233200073e-02
3.502033650875091553e-02
3.235342353582382202e-02
3.361260518431663513e-02
2.796845510601997375e-02
2.617516368627548218e-02
1.987351849675178528e-02
2.140610665082931519e-02
2.538567967712879181e-02
2.734616398811340332e-02
2.081399783492088318e-02
2.739472873508930206e-02
2.468937635421752930e-02
2.090236358344554901e-02
2.625263482332229614e-02
2.926256880164146423e-02
3.090281412005424500e-02
2.650470286607742310e-02
2.560841292142868042e-02
2.586740814149379730e-02
2.250498346984386444e-02
2.801148593425750732e-02
2.595231495797634125e-02
2.590901963412761688e-02
3.451596200466156006e-02
3.088973090052604675e-02
2.611061185598373413e-02
3.611573204398155212e-02
3.724595531821250916e-02
2.994402125477790833e-02
3.719493001699447632e-02
2.822989970445632935e-02
2.713396027684211731e-02
3.318195790052413940e-02
3.595454245805740356e-02
3.978257626295089722e-02
3.057071007788181305e-02
3.128115087747573853e-02
1.808659732341766357e-02
2.210050262510776520e-02
2.685087919235229492e-02
2.742056921124458313e-02
2.089257910847663879e-02
1.987748220562934875e-02
2.831659279763698578e-02
2.841766923666000366e-02
1.947805844247341156e-02
2.293538860976696014e-02
2.188938483595848083e-02
2.127163857221603394e-02
2.337010949850082397e-02
2.158360928297042847e-02
2.445535734295845032e-02
2.301154471933841705e-02
2.682877704501152039e-02
2.603610605001449585e-02
2.475638687610626221e-02
2.772195823490619659e-02
2.717518061399459839e-02
2.388538047671318054e-02
2.438308298587799072e-02
2.654982358217239380e-02
2.526356652379035950e-02
2.800184488296508789e-02
3.413540869951248169e-02
2.660555392503738403e-02
3.199581056833267212e-02
3.206732124090194702e-02
3.153925389051437378e-02
2.576469630002975464e-02
1.897511817514896393e-02
2.197014540433883667e-02
2.422312647104263306e-02
2.819804847240447998e-02
2.186857163906097412e-02
2.912407182157039642e-02
2.893418073654174805e-02
2.199627086520195007e-02
2.782911434769630432e-02
2.075242251157760620e-02
2.317740768194198608e-02
2.537924610078334808e-02
2.220288105309009552e-02
2.201038599014282227e-02
2.237794920802116394e-02
2.207562513649463654e-02
2.348664589226245880e-02
2.159890532493591309e-02
2.645650506019592285e-02
2.453424781560897827e-02
2.618549391627311707e-02
2.923042699694633484e-02
3.111384250223636627e-02
2.942931279540061951e-02
2.973937615752220154e-02
3.245200216770172119e-02
2.790557965636253357e-02
2.926267683506011963e-02
3.474443778395652771e-02
3.331616893410682678e-02
3.300696238875389099e-02
2.771443314850330353e-02
2.086298540234565735e-02
2.321096137166023254e-02
2.848091907799243927e-02
2.670602500438690186e-02
2.270299941301345825e-02
2.203139849007129669e-02
3.051745146512985229e-02
2.509427443146705627e-02
2.133786864578723907e-02
1.987791433930397034e-02
1.576362922787666321e-02
1.632628217339515686e-02
2.136997692286968231e-02
1.738094724714756012e-02
1.707375608384609222e-02
2.071119286119937897e-02
1.654750108718872070e-02
1.558150444179773331e-02
1.508576888591051102e-02
1.508695818483829498e-02
1.504674647003412247e-02
1.485516875982284546e-02
1.257789134979248047e-02
1.459362730383872986e-02
1.563708484172821045e-02
2.037949115037918091e-02
1.761664822697639465e-02
1.745935901999473572e-02
1.451648119837045670e-02
1.942264288663864136e-02
1.855950057506561279e-02
1.599527150392532349e-02
1.752670854330062866e-02
1.404433045536279678e-02
1.628621108829975128e-02
1.992713660001754761e-02
1.572378538548946381e-02
1.990849152207374573e-02
2.283362485468387604e-02
1.583101600408554077e-02
2.098235674202442169e-02
2.100926078855991364e-02
2.397949621081352234e-02
2.313654869794845581e-02
1.685296185314655304e-02
1.960828900337219238e-02
1.601350307464599609e-02
1.965669915080070496e-02
1.644479669630527496e-02
1.639942452311515808e-02
1.721806824207305908e-02
1.476940512657165527e-02
1.450219005346298218e-02
1.382592692971229553e-02
1.232814695686101913e-02
1.561925187706947327e-02
1.475607976317405701e-02
1.821390911936759949e-02
2.004803717136383057e-02
1.598942466080188751e-02
1.741619594395160675e-02
1.850020512938499451e-02
2.079334110021591187e-02
1.957087218761444092e-02
1.563882641494274139e-02
1.661743596196174622e-02
1.914502307772636414e-02
2.073053643107414246e-02
1.658226922154426575e-02
1.829361170530319214e-02
2.463734522461891174e-02
2.222984656691551208e-02
1.588777638971805573e-02
2.535328082740306854e-02
2.096787653863430023e-02
2.476601302623748779e-02
2.366376295685768127e-02
2.248238027095794678e-02
2.474510669708251953e-02
2.407436445355415344e-02
2.484153024852275848e-02
2.591318637132644653e-02
2.805901877582073212e-02
2.797899954020977020e-02
2.990965545177459717e-02
2.601214125752449036e-02
3.468641638755798340e-02
3.868837282061576843e-02
3.535303100943565369e-02
2.489298209547996521e-02
4.408435896039009094e-02
3.536954522132873535e-02
4.145302250981330872e-02
4.760517552495002747e-02
3.611878305673599243e-02
3.387115150690078735e-02
2.085048332810401917e-02
3.310819715261459351e-02
3.680634126067161560e-02
3.764670342206954956e-02
2.206074260175228119e-02
3.247994184494018555e-02
3.125964105129241943e-02
3.384189680218696594e-02
3.677055984735488892e-02
2.183239534497261047e-02
2.336599677801132202e-02
2.273196168243885040e-02
2.361570112407207489e-02
2.430672198534011841e-02
2.220335789024829865e-02
2.080373093485832214e-02
2.428870648145675659e-02
2.104169502854347229e-02
2.821043506264686584e-02
2.766146883368492126e-02
3.018801286816596985e-02
3.636629506945610046e-02
3.683117032051086426e-02
3.300262987613677979e-02
4.210938885807991028e-02
4.127229750156402588e-02
3.472576290369033813e-02
3.470254689455032349e-02
4.611487314105033875e-02
4.563878476619720459e-02
4.798831790685653687e-02
3.721657395362854004e-02
2.102683298289775848e-02
3.155920282006263733e-02
3.931269049644470215e-02
3.599138557910919189e-02
2.287679538130760193e-02
2.109319902956485748e-02
4.184808582067489624e-02
3.259406983852386475e-02
2.789803594350814819e-02
1.633584685623645782e-02
1.396984234452247620e-02
1.447143964469432831e-02
1.467905472964048386e-02
1.408000104129314423e-02
1.489033922553062439e-02
1.611026935279369354e-02
1.461036782711744308e-02
1.833443902432918549e-02
1.392586715519428253e-02
1.916495710611343384e-02
1.806798763573169708e-02
1.771746575832366943e-02
1.656036637723445892e-02
1.962040364742279053e-02
1.930768229067325592e-02
1.820457726716995239e-02
1.847109571099281311e-02
2.306900359690189362e-02
1.818015053868293762e-02
2.814492583274841309e-02
2.233012020587921143e-02
1.923693343997001648e-02
1.604971662163734436e-02
9.801380336284637451e-03
1.471959613263607025e-02
2.049121633172035217e-02
2.064051479101181030e-02
2.589326538145542145e-02
2.756290510296821594e-02
2.104820683598518372e-02
2.686379104852676392e-02
1.411587186157703400e-02
1.358942314982414246e-02
1.538673229515552521e-02
1.329835783690214157e-02
1.487415935844182968e-02
1.263062469661235809e-02
1.542986463755369186e-02
1.348216272890567780e-02
1.467023603618144989e-02
1.671243458986282349e-02
1.460760273039340973e-02
1.816693320870399475e-02
1.915537565946578979e-02
1.435948628932237625e-02
2.548983320593833923e-02
2.286506630480289459e-02
2.412618882954120636e-02
2.357790619134902954e-02
2.337868884205818176e-02
2.706813812255859375e-02
2.353229932487010956e-02
1.688831672072410583e-02
1.320381276309490204e-02
1.241735834628343582e-02
1.915019378066062927e-02
2.371119335293769836e-02
2.640160173177719116e-02
1.540742814540863037e-02
1.997111365199089050e-02
2.284188941121101379e-02
2.334221825003623962e-02
1.804586499929428101e-02
2.788019925355911255e-02
2.791639044880867004e-02
2.515449747443199158e-02
2.707198448479175568e-02
2.108710445463657379e-02
2.281679958105087280e-02
2.035060897469520569e-02
2.628286182880401611e-02
1.935769990086555481e-02
1.942116767168045044e-02
2.253971807658672333e-02
2.276064082980155945e-02
2.118154428899288177e-02
1.964249461889266968e-02
1.969894953072071075e-02
2.004863321781158447e-02
2.348120510578155518e-02
2.926081232726573944e-02
2.260863780975341797e-02
2.704012393951416016e-02
2.926830761134624481e-02
3.006685711443424225e-02
2.268468961119651794e-02
2.075093425810337067e-02
2.306143566966056824e-02
2.518176287412643433e-02
2.650430798530578613e-02
1.718573272228240967e-02
2.301097102463245392e-02
2.312477678060531616e-02
2.196731418371200562e-02
2.602059021592140198e-02
3.214517980813980103e-02
3.188623115420341492e-02
2.889599837362766266e-02
2.731975726783275604e-02
2.611244842410087585e-02
2.400862053036689758e-02
2.696402743458747864e-02
1.784734241664409637e-02
2.098025009036064148e-02
2.881738729774951935e-02
1.702094078063964844e-02
1.948544383049011230e-02
1.988815702497959137e-02
3.192293271422386169e-02
2.375336736440658569e-02
2.824815735220909119e-02
2.172418124973773956e-02
2.686456590890884399e-02
2.408331260085105896e-02
2.968811988830566406e-02
3.005401045083999634e-02
3.065265342593193054e-02
2.687226235866546631e-02
1.790548115968704224e-02
2.277878299355506897e-02
2.656217105686664581e-02
2.523597702383995056e-02
2.015102654695510864e-02
1.982180029153823853e-02
2.898887172341346741e-02
2.908058278262615204e-02
2.125865407288074493e-02
2.005999535322189331e-02
2.309021726250648499e-02
2.088345587253570557e-02
2.452902682125568390e-02
2.325082384049892426e-02
2.486102283000946045e-02
2.318249084055423737e-02
2.988356351852416992e-02
2.255805395543575287e-02
3.432597219944000244e-02
2.820328623056411743e-02
4.015772044658660889e-02
2.647630497813224792e-02
2.964588627219200134e-02
3.106836788356304169e-02
3.826950490474700928e-02
3.259553387761116028e-02
3.581891208887100220e-02
3.873399645090103149e-02
2.357049472630023956e-02
2.974549867212772369e-02
2.838641405105590820e-02
1.962969079613685608e-02
2.881385013461112976e-02
1.632403954863548279e-02
1.803948730230331421e-02
1.765505224466323853e-02
2.310029789805412292e-02
2.058253809809684753e-02
1.565238460898399353e-02
1.620370149612426758e-02
1.646737940609455109e-02
2.238512784242630005e-02
2.273159101605415344e-02
2.396476641297340393e-02
2.454454079270362854e-02
2.717179991304874420e-02
2.576894313097000122e-02
2.586162090301513672e-02
3.313663601875305176e-02
2.864303067326545715e-02
3.342070803046226501e-02
2.685664780437946320e-02
3.523754328489303589e-02
3.531937301158905029e-02
4.213269799947738647e-02
3.570632636547088623e-02
4.324502870440483093e-02
3.036337904632091522e-02
3.825253248214721680e-02
3.577496856451034546e-02
2.246296405792236328e-02
3.210554271936416626e-02
2.925228700041770935e-02
1.723271608352661133e-02
1.789835840463638306e-02
1.641486585140228271e-02
2.035869844257831573e-02
1.646212860941886902e-02
2.038979157805442810e-02
2.030799537897109985e-02
2.389209531247615814e-02
1.821084320545196533e-02
2.572277933359146118e-02
1.406201906502246857e-02
1.531778275966644287e-02
1.616194844245910645e-02
1.875626295804977417e-02
2.031151019036769867e-02
2.123221568763256073e-02
2.170081064105033875e-02
3.080327995121479034e-02
2.204164676368236542e-02
2.486910670995712280e-02
3.657323867082595825e-02
4.309386014938354492e-02
2.337554097175598145e-02
2.919931150972843170e-02
3.854255378246307373e-02
5.482223629951477051e-02
4.579640924930572510e-02
4.905986785888671875e-02
5.073352158069610596e-02
2.540357783436775208e-02
3.993131220340728760e-02
4.807759076356887817e-02
1.840286515653133392e-02
3.777670115232467651e-02
1.407297886908054352e-02
1.545852608978748322e-02
1.551388762891292572e-02
2.264918386936187744e-02
1.450472697615623474e-02
1.158696226775646210e-02
1.312678027898073196e-02
1.373748201876878738e-02
1.234986539930105209e-02
1.673642545938491821e-02
1.831153780221939087e-02
1.853534951806068420e-02
2.035525068640708923e-02
2.087642624974250793e-02
1.893338188529014587e-02
2.803187258541584015e-02
2.646230347454547882e-02
3.289473801851272583e-02
2.376805618405342102e-02
3.701674193143844604e-02
4.025372117757797241e-02
5.309702455997467041e-02
4.663384705781936646e-02
5.149951577186584473e-02
4.529665410518646240e-02
5.581450834870338440e-02
5.483227223157882690e-02
2.943497523665428162e-02
4.245306551456451416e-02
4.341805353760719299e-02
1.511880755424499512e-02
1.923770643770694733e-02
1.233505643904209137e-02
1.832330040633678436e-02
1.351575553417205811e-02
3.365822136402130127e-02
2.493910491466522217e-02
4.860343784093856812e-02
1.742980442941188812e-02
4.091048240661621094e-02
1.943012699484825134e-02
1.343183871358633041e-02
1.349436771124601364e-02
1.291848532855510712e-02
1.565353386104106903e-02
1.333775650709867477e-02
1.764948107302188873e-02
1.681577414274215698e-02
1.121077500283718109e-02
1.727937534451484680e-02
1.514869183301925659e-02
1.519130170345306396e-02
1.596222072839736938e-02
1.284819841384887695e-02
1.468856818974018097e-02
1.607681997120380402e-02
1.552066765725612640e-02
1.490534935146570206e-02
1.484312675893306732e-02
1.726531237363815308e-02
9.645337238907814026e-03
1.768447458744049072e-02
1.092374790459871292e-02
1.407935097813606262e-02
1.125232130289077759e-02
1.155363582074642181e-02
7.824556902050971985e-03
1.602239534258842468e-02
1.004024129360914230e-02
1.054327376186847687e-02
1.183505076915025711e-02
1.259414386004209518e-02
1.338639110326766968e-02
1.568418741226196289e-02
1.252527069300413132e-02
1.259760186076164246e-02
1.594106853008270264e-02
1.279537938535213470e-02
1.290877535939216614e-02
1.714326255023479462e-02
1.159500703215599060e-02
1.461979094892740250e-02
1.321098115295171738e-02
1.667697727680206299e-02
1.428530830889940262e-02
1.188643369823694229e-02
1.647209376096725464e-02
1.733125373721122742e-02
1.617920398712158203e-02
1.650592684745788574e-02
1.469830889254808426e-02
1.429610326886177063e-02
1.841120794415473938e-02
1.007630676031112671e-02
1.048220880329608917e-02
8.733741939067840576e-03
9.535126388072967529e-03
1.380646973848342896e-02
9.616859257221221924e-03
1.051494292914867401e-02
9.378286078572273254e-03
1.050881110131740570e-02
1.520821545273065567e-02
1.203503087162971497e-02
3.102748468518257141e-02
1.626436226069927216e-02
1.765908673405647278e-02
1.765973120927810669e-02
2.618778496980667114e-02
1.541006006300449371e-02
1.402102317661046982e-02
2.826171554625034332e-02
1.397899352014064789e-02
2.950884215533733368e-02
1.541446894407272339e-02
2.960925549268722534e-02
1.711193472146987915e-02
2.332259155809879303e-02
2.543339319527149200e-02
2.848287671804428101e-02
2.409991808235645294e-02
2.804184705018997192e-02
2.786238864064216614e-02
1.564542576670646667e-02
2.417899109423160553e-02
2.486518397927284241e-02
1.842186972498893738e-02
1.979368925094604492e-02
1.592664048075675964e-02
1.754944212734699249e-02
1.400870829820632935e-02
1.729730516672134399e-02
1.349877286702394485e-02
1.091836020350456238e-02
1.231815852224826813e-02
1.400776952505111694e-02
2.802688442170619965e-02
3.131348639726638794e-02
2.426835894584655762e-02
1.616292074322700500e-02
1.793241687119007111e-02
2.680020779371261597e-02
1.604184880852699280e-02
2.685938775539398193e-02
1.533947419375181198e-02
1.991366036236286163e-02
1.584430597722530365e-02
3.041254170238971710e-02
2.552737668156623840e-02
2.025848254561424255e-02
2.848118916153907776e-02
2.765496820211410522e-02
2.065462246537208557e-02
2.789686806499958038e-02
2.941132709383964539e-02
2.241598442196846008e-02
2.575705014169216156e-02
2.399974316358566284e-02
1.212339289486408234e-02
1.645733416080474854e-02
1.091803703457117081e-02
1.475725416094064713e-02
1.408292166888713837e-02
2.258650586009025574e-02
1.712542027235031128e-02
2.484573051333427429e-02
1.703679934144020081e-02
2.702106535434722900e-02
3.029824979603290558e-02
2.214577794075012207e-02
2.133885398507118225e-02
2.321722358465194702e-02
2.419361844658851624e-02
1.970345526933670044e-02
1.760136708617210388e-02
2.800585143268108368e-02
1.652266457676887512e-02
3.181673213839530945e-02
1.808929443359375000e-02
3.126980364322662354e-02
1.984906010329723358e-02
2.416967600584030151e-02
3.039677068591117859e-02
2.992940694093704224e-02
2.678606286644935608e-02
2.830737829208374023e-02
3.100480139255523682e-02
2.206805720925331116e-02
2.541098743677139282e-02
2.580907382071018219e-02
1.920571550726890564e-02
2.494957484304904938e-02
1.777610741555690765e-02
1.765771768987178802e-02
1.582440361380577087e-02
1.655352488160133362e-02
1.669096201658248901e-02
1.293066237121820450e-02
1.354576554149389267e-02
1.506811752915382385e-02
3.032336384057998657e-02
3.083308599889278412e-02
2.759259194135665894e-02
2.152108028531074524e-02
2.848372608423233032e-02
2.414176240563392639e-02
2.341935038566589355e-02
2.990968152880668640e-02
2.052465640008449554e-02
2.277433685958385468e-02
2.344108186662197113e-02
3.116108477115631104e-02
2.481468208134174347e-02
2.831173501908779144e-02
2.997603081166744232e-02
2.855464816093444824e-02
2.990449965000152588e-02
2.939286455512046814e-02
2.987197227776050568e-02
2.324621006846427917e-02
2.599342539906501770e-02
2.517154067754745483e-02
1.521416194736957550e-02
1.654057949781417847e-02
1.409855484962463379e-02
1.675418764352798462e-02
1.726572774350643158e-02
2.209858968853950500e-02
1.835898682475090027e-02
2.251194603741168976e-02
1.730841770768165588e-02
2.754258178174495697e-02
2.480974420905113220e-02
1.704199984669685364e-02
1.384013518691062927e-02
1.698175631463527679e-02
3.137472644448280334e-02
1.394217927008867264e-02
1.202702242881059647e-02
3.823316097259521484e-02
1.277878135442733765e-02
3.720967844128608704e-02
1.935538090765476227e-02
4.415758326649665833e-02
2.313562110066413879e-02
2.873915806412696838e-02
3.670476377010345459e-02
4.529426991939544678e-02
4.043635725975036621e-02
3.952842205762863159e-02
4.236353188753128052e-02
1.811300218105316162e-02
3.749896958470344543e-02
3.695032745599746704e-02
2.354047819972038269e-02
2.915264666080474854e-02
2.078685164451599121e-02
2.347497269511222839e-02
2.033177018165588379e-02
2.416074834764003754e-02
2.129839919507503510e-02
1.474191062152385712e-02
1.703784614801406860e-02
1.746947690844535828e-02
2.436961047351360321e-02
3.063311800360679626e-02
2.561932802200317383e-02
1.850366964936256409e-02
3.466338291764259338e-02
2.652270346879959106e-02
2.324419096112251282e-02
3.946559503674507141e-02
1.250518485903739929e-02
3.114927187561988831e-02
2.381474338471889496e-02
3.855398297309875488e-02
3.532555326819419861e-02
3.801567852497100830e-02
3.865727037191390991e-02
4.129061847925186157e-02
3.337738662958145142e-02
4.722346737980842590e-02
4.139589518308639526e-02
3.091344796121120453e-02
3.766355291008949280e-02
3.910077363252639771e-02
1.522521115839481354e-02
2.864286676049232483e-02
1.410076860338449478e-02
2.016803808510303497e-02
2.031927555799484253e-02
3.316983580589294434e-02
2.526465430855751038e-02
3.632410243153572083e-02
2.003085240721702576e-02
3.538003563880920410e-02
2.076489850878715515e-02
1.727833598852157593e-02
1.452917139977216721e-02
1.609933190047740936e-02
1.898839138448238373e-02
1.477368175983428955e-02
1.286699343472719193e-02
2.825429290533065796e-02
1.165996864438056946e-02
3.004095703363418579e-02
1.562155131250619888e-02
3.299875557422637939e-02
1.726128533482551575e-02
2.007680386304855347e-02
3.074685670435428619e-02
3.148909658193588257e-02
2.834662050008773804e-02
2.345629595220088959e-02
3.041664138436317444e-02
1.731322333216667175e-02
2.004226855933666229e-02
2.153569459915161133e-02
1.803768239915370941e-02
2.179732546210289001e-02
1.485807541757822037e-02
1.937875710427761078e-02
1.316411234438419342e-02
1.774027943611145020e-02
1.455804798752069473e-02
1.102220267057418823e-02
1.256275177001953125e-02
1.235559489578008652e-02
2.429913729429244995e-02
2.400164678692817688e-02
2.126761898398399353e-02
1.541959960013628006e-02
2.517111971974372864e-02
2.160817757248878479e-02
1.410396210849285126e-02
3.054813481867313385e-02
1.452582236379384995e-02
2.245457284152507782e-02
1.762151345610618591e-02
3.136899322271347046e-02
2.233358472585678101e-02
2.813654765486717224e-02
2.321596071124076843e-02
3.199309110641479492e-02
2.238814532756805420e-02
3.139984980225563049e-02
2.832740917801856995e-02
1.857292465865612030e-02
2.383735403418540955e-02
2.087908051908016205e-02
1.129543222486972809e-02
1.508701965212821960e-02
1.089279726147651672e-02
1.549747399985790253e-02
1.443581655621528625e-02
1.752831414341926575e-02
1.565172709524631500e-02
1.976760849356651306e-02
1.365386508405208588e-02
2.353623509407043457e-02
2.765911072492599487e-02
1.988342031836509705e-02
1.659544557332992554e-02
1.528097968548536301e-02
2.938921190798282623e-02
1.549397967755794525e-02
1.382501889020204544e-02
3.412194922566413879e-02
1.438186876475811005e-02
3.097511269152164459e-02
1.977447234094142914e-02
4.345452412962913513e-02
2.259008213877677917e-02
2.795782685279846191e-02
3.714865073561668396e-02
4.571167379617691040e-02
3.672670572996139526e-02
3.917971253395080566e-02
4.079166054725646973e-02
1.724314503371715546e-02
3.899627923965454102e-02
3.681336343288421631e-02
2.135116606950759888e-02
2.960277907550334930e-02
1.559974253177642822e-02
1.696048676967620850e-02
1.688374951481819153e-02
2.066863700747489929e-02
1.800825446844100952e-02
1.312171667814254761e-02
1.451814640313386917e-02
1.432670745998620987e-02
2.721394225955009460e-02
2.476580999791622162e-02
2.556643076241016388e-02
2.321492508053779602e-02
3.178983181715011597e-02
2.539550699293613434e-02
2.126048132777214050e-02
3.974087163805961609e-02
1.576064899563789368e-02
3.189391642808914185e-02
2.323648892343044281e-02
3.665085881948471069e-02
3.397507220506668091e-02
3.288567811250686646e-02
4.175932705402374268e-02
4.056143015623092651e-02
3.574761003255844116e-02
4.662928730249404907e-02
3.945214673876762390e-02
2.898963354527950287e-02
3.946950286626815796e-02
4.098396375775337219e-02
1.368968747556209564e-02
2.504192292690277100e-02
1.236928720027208328e-02
1.745122112333774567e-02
1.345117390155792236e-02
3.123901598155498505e-02
2.220088802278041840e-02
3.686166927218437195e-02
1.899759843945503235e-02
3.257545083761215210e-02
2.424355037510395050e-02
1.552242785692214966e-02
2.415026351809501648e-02
1.456825993955135345e-02
1.747774891555309296e-02
1.233443990349769592e-02
1.551429647952318192e-02
1.468367129564285278e-02
2.212368324398994446e-02
3.701569139957427979e-02
1.342882961034774780e-02
1.872279308736324310e-02
1.382964104413986206e-02
3.312628716230392456e-02
3.138629719614982605e-02
3.408690914511680603e-02
2.817951515316963196e-02
2.327934838831424713e-02
3.496217727661132812e-02
2.270259708166122437e-02
3.470385447144508362e-02
3.429555147886276245e-02
2.932795323431491852e-02
1.925632916390895844e-02
1.579816266894340515e-02
1.317845005542039871e-02
3.093480691313743591e-02
2.784341573715209961e-02
2.802764065563678741e-02
3.159615024924278259e-02
2.235360257327556610e-02
3.418465331196784973e-02
2.442460693418979645e-02
2.613164670765399933e-02
1.590193435549736023e-02
2.008936554193496704e-02
2.117524296045303345e-02
2.037575282156467438e-02
1.209308486431837082e-02
3.077352978289127350e-02
1.547279302030801773e-02
2.915472723543643951e-02
1.583762839436531067e-02
2.693125791847705841e-02
2.636925689876079559e-02
1.660720072686672211e-02
3.303933888673782349e-02
3.520021587610244751e-02
1.949133537709712982e-02
1.935453712940216064e-02
3.312987461686134338e-02
1.558196730911731720e-02
2.917713113129138947e-02
3.695609793066978455e-02
3.630478680133819580e-02
1.072873827069997787e-02
1.898825727403163910e-02
1.273817010223865509e-02
3.206346184015274048e-02
2.295092493295669556e-02
2.800692617893218994e-02
2.554866857826709747e-02
3.832934424281120300e-02
2.806757204234600067e-02
2.971145883202552795e-02
2.175002731382846832e-02
3.037803620100021362e-02
2.651631645858287811e-02
1.757159084081649780e-02
1.715200021862983704e-02
2.453285455703735352e-02
1.631094142794609070e-02
2.314311638474464417e-02
3.006051480770111084e-02
1.819035969674587250e-02
2.803507447242736816e-02
2.029553055763244629e-02
2.505832165479660034e-02
2.881512790918350220e-02
2.871137298643589020e-02
2.985581569373607635e-02
2.440552599728107452e-02
2.789816446602344513e-02
2.179368585348129272e-02
3.005841188132762909e-02
3.278713673353195190e-02
2.683596871793270111e-02
1.819576509296894073e-02
1.536416821181774139e-02
1.479938626289367676e-02
2.624264918267726898e-02
2.477016113698482513e-02
2.864759601652622223e-02
2.768491581082344055e-02
2.792185544967651367e-02
3.244405239820480347e-02
3.177082911133766174e-02
2.969740703701972961e-02
2.149609476327896118e-02
2.061519213020801544e-02
2.976705320179462433e-02
2.354044280946254730e-02
1.508728414773941040e-02
3.307531774044036865e-02
2.019338123500347137e-02
3.122334554791450500e-02
2.189850620925426483e-02
2.786991000175476074e-02
2.504339814186096191e-02
2.362323924899101257e-02
3.217229992151260376e-02
3.300725296139717102e-02
1.967067271471023560e-02
2.168342843651771545e-02
3.495611995458602905e-02
2.094239369034767151e-02
3.063381835818290710e-02
2.861672639846801758e-02
3.058484755456447601e-02
1.409228704869747162e-02
1.735051348805427551e-02
1.621716655790805817e-02
2.875051274895668030e-02
2.120887488126754761e-02
2.487670443952083588e-02
3.363494947552680969e-02
2.976610139012336731e-02
2.788482233881950378e-02
2.485442906618118286e-02
2.155159413814544678e-02
2.666424214839935303e-02
2.206159383058547974e-02
1.908110082149505615e-02
1.719379425048828125e-02
2.512210234999656677e-02
1.547463610768318176e-02
2.197095938026905060e-02
3.666906431317329407e-02
1.998153701424598694e-02
3.544018045067787170e-02
2.436729148030281067e-02
2.685947157442569733e-02
2.830196171998977661e-02
2.830521762371063232e-02
3.291134536266326904e-02
3.175811097025871277e-02
2.390062063932418823e-02
2.168895304203033447e-02
2.648140676319599152e-02
3.049160912632942200e-02
2.850626409053802490e-02
1.664912141859531403e-02
1.491216197609901428e-02
1.514011435210704803e-02
2.787913382053375244e-02
2.785921283066272736e-02
3.027045726776123047e-02
2.893359586596488953e-02
3.325206413865089417e-02
2.470092289149761200e-02
2.573522552847862244e-02
2.250611037015914917e-02
2.516837231814861298e-02
1.961516588926315308e-02
3.090916946530342102e-02
2.373767271637916565e-02
1.565337367355823517e-02
2.913047559559345245e-02
2.346047572791576385e-02
3.447868674993515015e-02
2.029605209827423096e-02
2.380943112075328827e-02
2.315443195402622223e-02
2.801863849163055420e-02
3.521467372775077820e-02
3.528152406215667725e-02
3.543958067893981934e-02
2.283747121691703796e-02
3.767369315028190613e-02
2.374360151588916779e-02
3.078013472259044647e-02
3.739821165800094604e-02
3.273109719157218933e-02
1.505787111818790436e-02
1.835490018129348755e-02
1.949137263000011444e-02
3.210392594337463379e-02
3.204210475087165833e-02
3.243593871593475342e-02
2.846024930477142334e-02
2.736859582364559174e-02
2.947249263525009155e-02
2.482967823743820190e-02
2.193259447813034058e-02
2.964032813906669617e-02
2.337140589952468872e-02
2.070577070116996765e-02
1.731962338089942932e-02
2.432134747505187988e-02
1.671526953577995300e-02
2.335086837410926819e-02
4.246536642313003540e-02
1.911841705441474915e-02
3.254621475934982300e-02
2.576794475317001343e-02
3.796795010566711426e-02
4.524539411067962646e-02
3.970708698034286499e-02
4.488942399621009827e-02
3.399427980184555054e-02
4.623775929212570190e-02
3.297501057386398315e-02
4.220339655876159668e-02
4.545138776302337646e-02
3.683224692940711975e-02
2.140043303370475769e-02
2.012025564908981323e-02
1.805653236806392670e-02
3.749906271696090698e-02
2.985041588544845581e-02
3.685171902179718018e-02
3.557879477739334106e-02
3.508878499269485474e-02
4.483433067798614502e-02
2.868884429335594177e-02
2.459670975804328918e-02
2.479786425828933716e-02
2.369116619229316711e-02
3.518443554639816284e-02
2.283456921577453613e-02
1.451254636049270630e-02
3.920258954167366028e-02
2.485203929245471954e-02
4.209837317466735840e-02
2.347085997462272644e-02
3.246533870697021484e-02
2.851150184869766235e-02
2.892786636948585510e-02
3.804869949817657471e-02
3.837272524833679199e-02
2.706106007099151611e-02
2.973503991961479187e-02
4.507823660969734192e-02
2.582782506942749023e-02
4.588961228728294373e-02
4.661920666694641113e-02
4.223527759313583374e-02
1.423184759914875031e-02
2.013172954320907593e-02
2.088786847889423370e-02
3.874919936060905457e-02
3.841117769479751587e-02
3.649761527776718140e-02
3.828242421150207520e-02
4.105204343795776367e-02
3.510057926177978516e-02
2.581297233700752258e-02
2.275950089097023010e-02
2.846150472760200500e-02
2.800376154482364655e-02
2.134232409298419952e-02
2.098948508501052856e-02
2.679620496928691864e-02
1.953066512942314148e-02
2.436076104640960693e-02
3.174190223217010498e-02
2.358482405543327332e-02
3.530579060316085815e-02
2.655004896223545074e-02
2.779374644160270691e-02
3.365819156169891357e-02
3.246951848268508911e-02
3.079659864306449890e-02
3.154914826154708862e-02
3.173487633466720581e-02
2.408743090927600861e-02
2.980064600706100464e-02
3.109484538435935974e-02
2.785480953752994537e-02
1.921192929148674011e-02
1.621720753610134125e-02
1.508840359747409821e-02
2.882592566311359406e-02
2.479745820164680481e-02
2.782337740063667297e-02
2.984726801514625549e-02
2.824647352099418640e-02
3.336862474679946899e-02
2.924685180187225342e-02
2.611028216779232025e-02
2.635683491826057434e-02
2.408566884696483612e-02
3.154280781745910645e-02
2.367200702428817749e-02
1.889491826295852661e-02
2.952239662408828735e-02
2.418740838766098022e-02
3.956908732652664185e-02
2.200247533619403839e-02
2.718737348914146423e-02
2.488689683377742767e-02
3.183027729392051697e-02
3.241990506649017334e-02
3.253397345542907715e-02
2.623718976974487305e-02
2.954605408012866974e-02
4.001493006944656372e-02
2.664083987474441528e-02
3.392627835273742676e-02
3.887189179658889771e-02
2.994441241025924683e-02
1.688543893396854401e-02
2.138040587306022644e-02
2.144478633999824524e-02
2.418338693678379059e-02
2.666446566581726074e-02
2.816252782940864563e-02
3.020678274333477020e-02
3.023869544267654419e-02
3.114369325339794159e-02
2.238829433917999268e-02
2.244279347360134125e-02
2.272995561361312866e-02
2.184127643704414368e-02
2.293687686324119568e-02
2.252498641610145569e-02
2.163228765130043030e-02
2.180278301239013672e-02
2.326180785894393921e-02
3.236901015043258667e-02
2.602948248386383057e-02
2.992757409811019897e-02
3.066085092723369598e-02
3.160249441862106323e-02
3.767250105738639832e-02
3.217095136642456055e-02
3.295189887285232544e-02
3.221661970019340515e-02
3.645404428243637085e-02
2.144138514995574951e-02
3.189294040203094482e-02
3.657100349664688110e-02
2.910481393337249756e-02
1.654684729874134064e-02
1.681231148540973663e-02
1.569988578557968140e-02
2.996730431914329529e-02
2.100724354386329651e-02
2.740214765071868896e-02
2.701573446393013000e-02
2.630316093564033508e-02
3.313612192869186401e-02
2.040838822722434998e-02
2.017541602253913879e-02
2.306012809276580811e-02
2.291794866323471069e-02
2.490254119038581848e-02
2.168010547757148743e-02
2.201874740421772003e-02
2.667076885700225830e-02
3.002507239580154419e-02
3.617405891418457031e-02
2.490808255970478058e-02
2.748320065438747406e-02
2.555743418633937836e-02
3.560622781515121460e-02
3.992318361997604370e-02
3.766939043998718262e-02
3.277345374226570129e-02
2.378245443105697632e-02
3.577117249369621277e-02
2.509729564189910889e-02
3.098844178020954132e-02
3.151042386889457703e-02
3.264377638697624207e-02
1.816472969949245453e-02
2.422107383608818054e-02
2.131992205977439880e-02
2.798496559262275696e-02
2.597093954682350159e-02
2.633104659616947174e-02
2.569719590246677399e-02
2.730282023549079895e-02
2.608695439994335175e-02
2.436767704784870148e-02
1.972671225666999817e-02
2.430665865540504456e-02
2.318553254008293152e-02
1.814636960625648499e-02
1.584101095795631409e-02
1.803652197122573853e-02
1.541401725262403488e-02
1.883897930383682251e-02
2.219650521874427795e-02
1.778230257332324982e-02
2.606482617557048798e-02
1.942008174955844879e-02
1.820934563875198364e-02
2.485759183764457703e-02
2.481792494654655457e-02
2.119765430688858032e-02
1.985855028033256531e-02
2.356705442070960999e-02
1.844733580946922302e-02
2.074142172932624817e-02
2.554219216108322144e-02
2.229122258722782135e-02
1.652156189084053040e-02
1.433346606791019440e-02
1.284612901508808136e-02
2.605252712965011597e-02
1.545466296374797821e-02
2.103479206562042236e-02
2.360404469072818756e-02
1.822958886623382568e-02
2.356423996388912201e-02
2.198137156665325165e-02
2.156066894531250000e-02
1.879126764833927155e-02
1.740073971450328827e-02
2.575465478003025055e-02
1.977902278304100037e-02
1.478651724755764008e-02
2.182774059474468231e-02
2.232974581420421600e-02
2.347391285002231598e-02
1.795217208564281464e-02
2.075257524847984314e-02
1.954989694058895111e-02
2.475650608539581299e-02
2.314043417572975159e-02
2.372581511735916138e-02
2.449268102645874023e-02
1.880951225757598877e-02
2.562475763261318207e-02
2.011766657233238220e-02
2.385952696204185486e-02
2.458004094660282135e-02
2.129353582859039307e-02
1.282829511910676956e-02
1.647700741887092590e-02
1.342566125094890594e-02
2.111885324120521545e-02
1.776384003460407257e-02
1.974018476903438568e-02
2.315252646803855896e-02
1.930937543511390686e-02
1.969308219850063324e-02
2.442742325365543365e-02
2.483800798654556274e-02
2.851543016731739044e-02
2.621748298406600952e-02
2.267677336931228638e-02
2.173828333616256714e-02
2.460571192204952240e-02
1.942134276032447815e-02
2.528651803731918335e-02
3.508304059505462646e-02
2.120769768953323364e-02
3.323157131671905518e-02
2.905211597681045532e-02
2.824780344963073730e-02
3.599677607417106628e-02
3.344220668077468872e-02
2.755217626690864563e-02
3.324981778860092163e-02
3.990190848708152771e-02
2.342262677848339081e-02
3.429408371448516846e-02
3.508794307708740234e-02
2.996259555220603943e-02
1.723721809685230255e-02
1.581670343875885010e-02
1.561453007161617279e-02
3.143342584371566772e-02
2.288704551756381989e-02
3.300858289003372192e-02
2.646120451390743256e-02
3.176090121269226074e-02
3.234652429819107056e-02
3.178746253252029419e-02
2.653694897890090942e-02
2.560933306813240051e-02
2.452880702912807465e-02
3.077968955039978027e-02
2.497860044240951538e-02
1.991411112248897552e-02
2.978404052555561066e-02
2.788955532014369965e-02
3.748647868633270264e-02
2.620135992765426636e-02
2.936362102627754211e-02
2.740266732871532440e-02
3.276356309652328491e-02
3.763185068964958191e-02
3.633967414498329163e-02
3.036864846944808960e-02
2.431569993495941162e-02
3.702837973833084106e-02
3.173300996422767639e-02
2.947217971086502075e-02
3.500250726938247681e-02
3.354129940271377563e-02
1.548744179308414459e-02
2.036262676119804382e-02
1.926221325993537903e-02
2.796156331896781921e-02
3.148826211690902710e-02
2.853049896657466888e-02
3.174256533384323120e-02
3.319368883967399597e-02
3.264260292053222656e-02
