<system>Protocol: Active. Attitude: Sassy.</system>
2.418610453605651855e-02
3.016234375536441803e-02
2.643423527479171753e-02
2.210981771349906921e-02
2.974321320652961731e-02
3.064538165926933289e-02
2.321457117795944214e-02
2.573780342936515808e-02
3.527233749628067017e-02
3.038509935140609741e-02
2.890365943312644958e-02
3.974435850977897644e-02
2.563957124948501587e-02
4.048202931880950928e-02
4.018998891115188599e-02
3.283315151929855347e-02
4.000301659107208252e-02
4.011449962854385376e-02
4.016235470771789551e-02
4.870767146348953247e-02
3.404676914215087891e-02
4.172530770301818848e-02
4.425418749451637268e-02
4.424531757831573486e-02
4.780331254005432129e-02
4.147243499755859375e-02
3.660737723112106323e-02
4.257359728217124939e-02
3.444638475775718689e-02
4.154038801789283752e-02
3.878585994243621826e-02
3.502591699361801147e-02
2.007143944501876831e-02
2.543736994266510010e-02
2.901626564562320709e-02
2.412211336195468903e-02
3.397874534130096436e-02
2.715253829956054688e-02
3.282969817519187927e-02
2.714846655726432800e-02
3.484250232577323914e-02
2.537403069436550140e-02
2.987549267709255219e-02
3.541749715805053711e-02
2.749356254935264587e-02
3.916293382644653320e-02
3.701058775186538696e-02
2.958949096500873566e-02
3.716196492314338684e-02
3.954947739839553833e-02
3.968927264213562012e-02
2.130974829196929932e-02
4.126985371112823486e-02
3.870913386344909668e-02
4.125335067510604858e-02
3.903290629386901855e-02
1.351198181509971619e-02
4.081024229526519775e-02
4.209544509649276733e-02
4.049313068389892578e-02
4.078890755772590637e-02
4.218550026416778564e-02
3.956558555364608765e-02
4.062448441982269287e-02
2.107391133904457092e-02
2.543188259005546570e-02
2.727278880774974823e-02
2.687704749405384064e-02
2.803412452340126038e-02
2.316080033779144287e-02
2.331949770450592041e-02
2.250872179865837097e-02
2.373469248414039612e-02
1.739789545536041260e-02
2.523795329034328461e-02
2.343244105577468872e-02
2.904156409204006195e-02
2.452366799116134644e-02
2.419766038656234741e-02
2.949358522891998291e-02
2.579923719167709351e-02
2.999298833310604095e-02
3.009642288088798523e-02
3.543217107653617859e-02
2.597286365926265717e-02
2.183755859732627869e-02
3.367683291435241699e-02
3.399731963872909546e-02
1.404685247689485550e-02
3.519425541162490845e-02
3.311938047409057617e-02
2.921602688729763031e-02
3.180620819330215454e-02
2.202562615275382996e-02
2.532183378934860229e-02
2.400153502821922302e-02
2.859450690448284149e-02
2.608139440417289734e-02
2.144672349095344543e-02
2.657454460859298706e-02
2.638854086399078369e-02
2.028231881558895111e-02
2.806950360536575317e-02
2.270907349884510040e-02
2.605423331260681152e-02
2.165360003709793091e-02
2.796915918588638306e-02
1.926492340862751007e-02
2.588978037238121033e-02
2.805954217910766602e-02
1.912104152143001556e-02
2.508925274014472961e-02
2.897050976753234863e-02
2.199383266270160675e-02
3.093392960727214813e-02
1.871708594262599945e-02
3.415622562170028687e-02
3.218392282724380493e-02
3.609024733304977417e-02
3.470654040575027466e-02
4.234928637742996216e-02
3.027683123946189880e-02
2.835274860262870789e-02
2.851261757314205170e-02
2.864261530339717865e-02
1.913681626319885254e-02
2.875977382063865662e-02
2.512789517641067505e-02
2.072249725461006165e-02
2.401065453886985779e-02
2.437890321016311646e-02
3.581681475043296814e-02
2.601825818419456482e-02
2.570468187332153320e-02
3.073926456272602081e-02
2.472606301307678223e-02
3.168734535574913025e-02
2.480272948741912842e-02
3.345264494419097900e-02
3.248117119073867798e-02
3.274258598685264587e-02
3.193994238972663879e-02
3.367147967219352722e-02
3.500713035464286804e-02
3.540487587451934814e-02
3.144605830311775208e-02
3.601884096860885620e-02
1.832092739641666412e-02
3.325895220041275024e-02
3.465329855680465698e-02
3.494932502508163452e-02
4.136208072304725647e-02
3.166322410106658936e-02
3.364046663045883179e-02
3.059114702045917511e-02
2.814303897321224213e-02
2.510324493050575256e-02
2.754098922014236450e-02
2.337652444839477539e-02
2.111124247312545776e-02
2.418420091271400452e-02
2.970932237803936005e-02
2.823669277131557465e-02
2.815839275717735291e-02
2.742287144064903259e-02
3.027977794408798218e-02
3.213268890976905823e-02
2.756858989596366882e-02
3.610167279839515686e-02
3.113135881721973419e-02
3.261353448033332825e-02
3.498352691531181335e-02
2.172848768532276154e-02
3.120326437056064606e-02
3.503722697496414185e-02
1.996025629341602325e-02
3.790659829974174500e-02
3.276369720697402954e-02
3.446853905916213989e-02
3.563889861106872559e-02
3.278307989239692688e-02
3.821439668536186218e-02
2.882886119186878204e-02
1.052022166550159454e-02
3.286243602633476257e-02
2.786213159561157227e-02
2.712674066424369812e-02
2.331701666116714478e-02
2.453768625855445862e-02
2.601533569395542145e-02
2.334488555788993835e-02
1.676785014569759369e-02
2.068110927939414978e-02
2.903492376208305359e-02
2.604770660400390625e-02
3.201892599463462830e-02
2.080308459699153900e-02
3.506095707416534424e-02
2.107616886496543884e-02
3.484888002276420593e-02
2.518606185913085938e-02
2.884233370423316956e-02
3.769040107727050781e-02
3.072448447346687317e-02
3.537597507238388062e-02
3.136708587408065796e-02
3.199091181159019470e-02
3.273839130997657776e-02
3.689204156398773193e-02
1.940963044762611389e-02
3.715650737285614014e-02
3.103202581405639648e-02
4.255439713597297668e-02
3.865385428071022034e-02
3.920195996761322021e-02
3.461608663201332092e-02
1.228583883494138718e-02
3.485049307346343994e-02
2.995836175978183746e-02
3.564980626106262207e-02
2.746827900409698486e-02
3.045467101037502289e-02
2.891973033547401428e-02
3.011659346520900726e-02
2.440938167273998260e-02
3.057343512773513794e-02
1.982500404119491577e-02
3.226352110505104065e-02
2.583692595362663269e-02
3.208008408546447754e-02
2.733036875724792480e-02
3.408086299896240234e-02
2.729507908225059509e-02
2.605704590678215027e-02
3.297624737024307251e-02
2.311465889215469360e-02
3.595726937055587769e-02
2.692551724612712860e-02
3.609035164117813110e-02
3.643023595213890076e-02
3.672068193554878235e-02
3.795731440186500549e-02
3.735748678445816040e-02
3.912708163261413574e-02
3.436445817351341248e-02
3.947563841938972473e-02
3.731952235102653503e-02
3.813894838094711304e-02
4.369374737143516541e-02
3.535317629575729370e-02
2.881200797855854034e-02
3.489031642675399780e-02
3.203277289867401123e-02
3.387423604726791382e-02
3.164939954876899719e-02
2.000058256089687347e-02
