<system>Protocol: Active. Attitude: Sassy.</system>
1.651582121849060059e-02
1.644882559776306152e-02
1.710162684321403503e-02
1.699788868427276611e-02
1.671748608350753784e-02
1.653564721345901489e-02
1.687540858983993530e-02
1.752231642603874207e-02
1.660262048244476318e-02
1.671693846583366394e-02
1.594037935137748718e-02
1.671689376235008240e-02
1.686515845358371735e-02
1.728602312505245209e-02
1.673470064997673035e-02
1.683915033936500549e-02
1.598406955599784851e-02
1.586591452360153198e-02
1.705002970993518829e-02
1.684444211423397064e-02
1.579100266098976135e-02
1.594979502260684967e-02
1.354648172855377197e-02
1.677464321255683899e-02
1.694747060537338257e-02
1.547082792967557907e-02
1.572081074118614197e-02
1.680422388017177582e-02
1.637934893369674683e-02
1.615149900317192078e-02
1.479942724108695984e-02
1.647213101387023926e-02
1.716472953557968140e-02
1.315640471875667572e-02
1.725163310766220093e-02
1.655906811356544495e-02
1.623766124248504639e-02
1.596700213849544525e-02
1.644457504153251648e-02
1.642568781971931458e-02
1.687844283878803253e-02
1.684658229351043701e-02
1.656520180404186249e-02
1.524996478110551834e-02
1.658759266138076782e-02
1.572731137275695801e-02
1.709206774830818176e-02
1.611319556832313538e-02
1.637998782098293304e-02
1.670702546834945679e-02
1.637015491724014282e-02
1.716338470578193665e-02
1.696765050292015076e-02
1.214558631181716919e-02
1.670935750007629395e-02
1.630143821239471436e-02
1.328620314598083496e-02
1.750168949365615845e-02
1.581775397062301636e-02
1.667951792478561401e-02
1.321408152580261230e-02
1.553835812956094742e-02
1.740050315856933594e-02
1.643015444278717041e-02
1.384747773408889771e-02
1.463084574788808823e-02
1.454839482903480530e-02
1.457264833152294159e-02
1.499434467405080795e-02
1.493707485496997833e-02
1.434498187154531479e-02
1.376267150044441223e-02
1.433480065315961838e-02
1.443842146545648575e-02
1.441582199186086655e-02
1.352917030453681946e-02
1.486722193658351898e-02
1.443016156554222107e-02
1.425163540989160538e-02
1.487605739384889603e-02
1.477831788361072540e-02
1.452816370874643326e-02
1.474229991436004639e-02
1.413814909756183624e-02
1.453767158091068268e-02
1.427003648132085800e-02
1.504981052130460739e-02
1.203221548348665237e-02
1.395335234701633453e-02
1.302721910178661346e-02
1.435659639537334442e-02
1.433884818106889725e-02
1.484937779605388641e-02
1.479726098477840424e-02
1.463148184120655060e-02
9.214699268341064453e-03
1.442014425992965698e-02
1.470328588038682938e-02
1.306359563022851944e-02
1.469290070235729218e-02
1.459959056228399277e-02
1.504550687968730927e-02
1.474627945572137833e-02
1.406009867787361145e-02
1.469752751290798187e-02
1.434017624706029892e-02
1.345260627567768097e-02
1.466876082122325897e-02
1.441787090152502060e-02
1.473188586533069611e-02
1.415495760738849640e-02
1.417157053947448730e-02
1.469647325575351715e-02
1.454888936132192612e-02
1.406666263937950134e-02
1.299050264060497284e-02
1.487237773835659027e-02
1.421272009611129761e-02
1.435735914856195450e-02
1.394353061914443970e-02
1.517633534967899323e-02
1.537065953016281128e-02
1.451767981052398682e-02
1.467199623584747314e-02
1.420491747558116913e-02
1.416514348238706589e-02
1.429112348705530167e-02
1.355426292866468430e-02
1.607643812894821167e-02
1.583862118422985077e-02
1.461638323962688446e-02
1.568697392940521240e-02
1.586373522877693176e-02
1.548334117978811264e-02
1.569530740380287170e-02
1.553539652377367020e-02
1.352580543607473373e-02
1.601775735616683960e-02
1.624654605984687805e-02
1.598726585507392883e-02
1.541940961033105850e-02
1.591057702898979187e-02
1.600147783756256104e-02
1.558401063084602356e-02
1.493074931204319000e-02
1.337611582130193710e-02
1.603357493877410889e-02
1.546516455709934235e-02
1.557807251811027527e-02
1.603739708662033081e-02
1.596448570489883423e-02
1.502956636250019073e-02
1.381574384868144989e-02
1.612889021635055542e-02
1.650045439600944519e-02
1.423231884837150574e-02
1.599567756056785583e-02
1.370181888341903687e-02
1.540905702859163284e-02
1.517126895487308502e-02
8.619468659162521362e-03
1.632151752710342407e-02
1.510847453027963638e-02
1.345532201230525970e-02
1.516100764274597168e-02
1.448344718664884567e-02
1.557507086545228958e-02
1.643626205623149872e-02
1.462671626359224319e-02
1.539380289614200592e-02
1.374115142971277237e-02
1.561930123716592789e-02
1.676256582140922546e-02
1.635792106389999390e-02
1.585502922534942627e-02
1.540689822286367416e-02
1.426479220390319824e-02
1.635023765265941620e-02
1.625980064272880554e-02
1.605607569217681885e-02
1.573599874973297119e-02
1.291261054575443268e-02
1.591884531080722809e-02
1.567768678069114685e-02
1.638306491076946259e-02
1.599762216210365295e-02
1.567022874951362610e-02
1.632564887404441833e-02
1.563377305865287781e-02
1.488783862441778183e-02
1.540111564099788666e-02
1.351214386522769928e-02
1.211840193718671799e-02
1.483018603175878525e-02
1.437063235789537430e-02
1.408103294670581818e-02
1.282756216824054718e-02
1.370741799473762512e-02
1.471097022294998169e-02
1.461643073707818985e-02
1.362556964159011841e-02
1.338886842131614685e-02
1.440760772675275803e-02
1.431056670844554901e-02
1.414723880589008331e-02
1.397368684411048889e-02
1.443671062588691711e-02
1.406466215848922729e-02
8.074773475527763367e-03
1.413623709231615067e-02
1.339257694780826569e-02
1.407463103532791138e-02
1.408026926219463348e-02
1.436454057693481445e-02
1.361631602048873901e-02
1.359728164970874786e-02
1.472642738372087479e-02
1.440190896391868591e-02
1.450159959495067596e-02
1.385215297341346741e-02
1.357281766831874847e-02
1.431692019104957581e-02
1.453286595642566681e-02
1.334038283675909042e-02
1.357882842421531677e-02
1.457166112959384918e-02
1.416720636188983917e-02
1.440622471272945404e-02
1.452210545539855957e-02
1.421095617115497589e-02
1.449855603277683258e-02
1.390005182474851608e-02
1.419131644070148468e-02
1.450550928711891174e-02
1.402861624956130981e-02
1.364363543689250946e-02
1.404853723943233490e-02
1.437848620116710663e-02
1.435163710266351700e-02
1.404815260320901871e-02
1.363373361527919769e-02
1.396333798766136169e-02
1.443950645625591278e-02
1.456823106855154037e-02
1.431595999747514725e-02
1.432693563401699066e-02
1.438592839986085892e-02
1.394734997302293777e-02
1.349609531462192535e-02
1.349355652928352356e-02
1.435060426592826843e-02
1.457838527858257294e-02
1.414802763611078262e-02
1.298278011381626129e-02
1.372820977121591568e-02
1.429313421249389648e-02
