<system>Protocol: Active. Attitude: Sassy.</system>
1.008533686399459839e-02
1.000094786286354065e-02
1.022703014314174652e-02
9.895002469420433044e-03
1.000969111919403076e-02
9.967004880309104919e-03
9.954348206520080566e-03
1.007171906530857086e-02
9.938908740878105164e-03
9.925914928317070007e-03
9.977312758564949036e-03
1.011103764176368713e-02
1.022233068943023682e-02
9.947001934051513672e-03
9.852581657469272614e-03
1.002047024667263031e-02
9.975416585803031921e-03
9.828362613916397095e-03
9.915880858898162842e-03
9.796958416700363159e-03
9.889075532555580139e-03
1.008027046918869019e-02
1.003917027264833450e-02
9.828607551753520966e-03
1.003049686551094055e-02
9.803218767046928406e-03
1.015607919543981552e-02
1.015131920576095581e-02
9.731534868478775024e-03
9.805950336158275604e-03
9.941235184669494629e-03
1.001421362161636353e-02
1.030052732676267624e-02
6.406106054782867432e-03
1.033189333975315094e-02
9.973833337426185608e-03
9.647650644183158875e-03
1.028987392783164978e-02
1.023460179567337036e-02
1.011742837727069855e-02
1.010514982044696808e-02
9.880679659545421600e-03
9.845652617514133453e-03
9.917058981955051422e-03
1.003354694694280624e-02
1.011019200086593628e-02
1.000235229730606079e-02
1.014627050608396530e-02
1.005940884351730347e-02
1.003976538777351379e-02
9.297754615545272827e-03
1.007926836609840393e-02
9.975856170058250427e-03
1.002400927245616913e-02
9.920036420226097107e-03
1.012630574405193329e-02
9.942091070115566254e-03
9.947244077920913696e-03
9.948438964784145355e-03
1.016264501959085464e-02
1.007050089538097382e-02
9.942265227437019348e-03
1.006745919585227966e-02
1.016714982688426971e-02
9.981187060475349426e-03
1.046685688197612762e-02
1.004739478230476379e-02
1.017474941909313202e-02
1.010620221495628357e-02
9.730348363518714905e-03
1.070766523480415344e-02
1.065172534435987473e-02
1.017658133059740067e-02
1.044422946870326996e-02
1.056343317031860352e-02
1.039731130003929138e-02
1.049753651022911072e-02
1.011127699166536331e-02
1.017121970653533936e-02
1.042272429913282394e-02
1.014403626322746277e-02
1.040377561002969742e-02
1.030899118632078171e-02
1.053648628294467926e-02
1.027749478816986084e-02
1.040157862007617950e-02
1.011610776185989380e-02
1.037081889808177948e-02
1.021109521389007568e-02
1.022410765290260315e-02
1.059972029179334641e-02
1.023158617317676544e-02
1.042046956717967987e-02
1.018856465816497803e-02
1.008635200560092926e-02
1.015613786876201630e-02
1.021907851099967957e-02
1.043910346925258636e-02
1.028193533420562744e-02
1.075560692697763443e-02
1.053658686578273773e-02
1.012228056788444519e-02
9.941514581441879272e-03
1.012029498815536499e-02
1.030231732875108719e-02
1.037147268652915955e-02
1.051979139447212219e-02
1.028103288263082504e-02
1.033058203756809235e-02
1.060251612216234207e-02
1.026225555688142776e-02
1.014432683587074280e-02
1.048876717686653137e-02
8.876109495759010315e-03
1.001811586320400238e-02
1.051964703947305679e-02
1.014344207942485809e-02
1.116795465350151062e-02
1.008191145956516266e-02
8.707316592335700989e-03
1.015274599194526672e-02
9.994663298130035400e-03
1.018014084547758102e-02
1.004964858293533325e-02
9.990729391574859619e-03
1.006294041872024536e-02
1.033693365752696991e-02
1.034574955701828003e-02
8.465113118290901184e-03
9.010750800371170044e-03
8.756977505981922150e-03
8.651505224406719208e-03
9.042507037520408630e-03
9.476158767938613892e-03
8.703292347490787506e-03
8.875465020537376404e-03
8.548240177333354950e-03
8.722331374883651733e-03
8.823818527162075043e-03
8.744282647967338562e-03
8.881393820047378540e-03
8.996779099106788635e-03
8.639484643936157227e-03
8.715848438441753387e-03
8.882207795977592468e-03
8.986821398138999939e-03
9.083469398319721222e-03
8.961634710431098938e-03
9.151224046945571899e-03
9.159759618341922760e-03
9.019774384796619415e-03
8.914554491639137268e-03
8.715372532606124878e-03
8.869351819157600403e-03
8.656189776957035065e-03
8.869955316185951233e-03
8.752226829528808594e-03
8.908042684197425842e-03
8.915761485695838928e-03
8.689056150615215302e-03
8.762510493397712708e-03
8.728232234716415405e-03
8.692076429724693298e-03
8.810522034764289856e-03
8.687350898981094360e-03
8.320094086229801178e-03
8.953873999416828156e-03
9.090529754757881165e-03
5.740063264966011047e-03
8.754444308578968048e-03
8.687270805239677429e-03
8.510820567607879639e-03
8.525658398866653442e-03
8.988524787127971649e-03
8.906291797757148743e-03
8.710552938282489777e-03
8.700128644704818726e-03
8.734112605452537537e-03
9.157218039035797119e-03
8.675120770931243896e-03
8.866285905241966248e-03
8.502854034304618835e-03
8.745485916733741760e-03
8.807479403913021088e-03
8.925406262278556824e-03
8.632114157080650330e-03
8.484750986099243164e-03
9.106894955039024353e-03
9.045713581144809723e-03
8.901007473468780518e-03
8.744653314352035522e-03
8.517487905919551849e-03
5.691725295037031174e-03
5.650758277624845505e-03
5.560955032706260681e-03
5.667746067047119141e-03
4.129183478653430939e-03
6.952198222279548645e-03
5.776014178991317749e-03
5.771665833890438080e-03
5.516842473298311234e-03
5.659848451614379883e-03
5.569702945649623871e-03
5.732622463256120682e-03
5.901604890823364258e-03
5.908600986003875732e-03
5.654409527778625488e-03
5.335869267582893372e-03
5.771710071712732315e-03
5.551839247345924377e-03
5.647105164825916290e-03
5.609774030745029449e-03
5.687800236046314240e-03
5.697260610759258270e-03
5.750869866460561752e-03
5.654735956341028214e-03
5.812669172883033752e-03
5.809991620481014252e-03
5.706686060875654221e-03
5.754816345870494843e-03
5.548290908336639404e-03
5.867671221494674683e-03
5.604423582553863525e-03
5.364709999412298203e-03
5.826240871101617813e-03
5.606843158602714539e-03
5.781248677521944046e-03
5.790893919765949249e-03
5.706255324184894562e-03
5.894037894904613495e-03
6.026186048984527588e-03
5.466288886964321136e-03
5.729295313358306885e-03
5.461990367621183395e-03
5.487295333296060562e-03
6.546217482537031174e-03
5.983240902423858643e-03
5.704139359295368195e-03
5.817294120788574219e-03
5.589565262198448181e-03
5.653188563883304596e-03
5.900533404201269150e-03
5.658611655235290527e-03
5.608426406979560852e-03
5.811525043100118637e-03
6.045601796358823776e-03
5.909794010221958160e-03
5.580903030931949615e-03
5.447686184197664261e-03
5.757498089224100113e-03
5.409575067460536957e-03
6.033695302903652191e-03
5.663610063493251801e-03
5.714864470064640045e-03
5.782515741884708405e-03
5.786006338894367218e-03
