<system>Protocol: Active. Attitude: Sassy.</system>
1.413301471620798111e-02
1.393404044210910797e-02
1.311827357858419418e-02
1.384879276156425476e-02
1.365402899682521820e-02
1.393571402877569199e-02
1.399649679660797119e-02
1.329490542411804199e-02
1.361417677253484726e-02
1.410242076963186264e-02
1.356020662933588028e-02
1.348976697772741318e-02
1.296862307935953140e-02
1.349092181771993637e-02
1.347443740814924240e-02
1.385068055242300034e-02
1.326635759323835373e-02
1.375235337764024734e-02
1.364528853446245193e-02
1.365639362484216690e-02
1.364229246973991394e-02
1.335216127336025238e-02
1.380208134651184082e-02
1.373491808772087097e-02
1.350049767643213272e-02
1.399311795830726624e-02
1.391832437366247177e-02
1.358146872371435165e-02
1.396219432353973389e-02
1.374031230807304382e-02
1.120597869157791138e-02
1.367495581507682800e-02
1.346679963171482086e-02
1.405965164303779602e-02
1.366997696459293365e-02
8.412458933889865875e-03
1.359147485345602036e-02
1.397073827683925629e-02
1.393216010183095932e-02
1.308674737811088562e-02
1.371143106371164322e-02
1.358405873179435730e-02
1.399124506860971451e-02
1.387138664722442627e-02
1.304237451404333115e-02
1.353982463479042053e-02
1.378368213772773743e-02
1.089472696185112000e-02
1.371338404715061188e-02
1.366104092448949814e-02
1.364072598516941071e-02
1.364505290985107422e-02
1.354894973337650299e-02
1.370902359485626221e-02
1.372786238789558411e-02
1.364556513726711273e-02
1.338426209986209869e-02
1.384658273309469223e-02
1.353169046342372894e-02
1.353454869240522385e-02
1.400479022413492203e-02
1.376071572303771973e-02
1.358910277485847473e-02
1.369194127619266510e-02
1.356495823711156845e-02
1.380860805511474609e-02
1.357746403664350510e-02
1.395639404654502869e-02
1.353441085666418076e-02
1.341484859585762024e-02
1.353032235056161880e-02
9.977572597563266754e-03
1.371267344802618027e-02
1.387457922101020813e-02
1.320925354957580566e-02
1.382569968700408936e-02
1.357940398156642914e-02
1.381809078156948090e-02
1.395856775343418121e-02
9.832507930696010590e-03
1.345082279294729233e-02
1.353544835001230240e-02
1.367672160267829895e-02
1.343027874827384949e-02
1.422257348895072937e-02
1.387718226760625839e-02
1.397788524627685547e-02
1.404200214892625809e-02
1.397678349167108536e-02
1.316718664020299911e-02
1.379676815122365952e-02
1.361368689686059952e-02
1.379300095140933990e-02
1.390493754297494888e-02
1.390547677874565125e-02
1.401627436280250549e-02
1.380106899887323380e-02
1.348818466067314148e-02
1.360190287232398987e-02
1.267581339925527573e-02
1.388388313353061676e-02
1.353134866803884506e-02
1.385335344821214676e-02
1.388632133603096008e-02
1.384412124752998352e-02
1.351454760879278183e-02
1.386396307498216629e-02
1.371140871196985245e-02
1.362100522965192795e-02
1.359559688717126846e-02
1.325882412493228912e-02
1.314638927578926086e-02
1.341703813523054123e-02
1.245615445077419281e-02
1.356341037899255753e-02
1.386004965752363205e-02
1.389763318002223969e-02
1.349886693060398102e-02
1.362777035683393478e-02
1.352188270539045334e-02
1.359045505523681641e-02
1.344659551978111267e-02
1.353581342846155167e-02
1.373294275254011154e-02
1.351136527955532074e-02
1.377375703305006027e-02
1.403976604342460632e-02
1.376227755099534988e-02
1.376629527658224106e-02
1.327691320329904556e-02
1.409145351499319077e-02
1.356951799243688583e-02
1.375039294362068176e-02
1.365243829786777496e-02
1.334000565111637115e-02
1.365914102643728256e-02
1.365719083696603775e-02
1.384127791970968246e-02
1.387932617217302322e-02
1.350057963281869888e-02
1.371168717741966248e-02
1.394572295248508453e-02
1.351007819175720215e-02
1.383520290255546570e-02
1.393625978380441666e-02
1.382892765104770660e-02
1.334680989384651184e-02
1.282209251075983047e-02
1.360599603503942490e-02
1.309097092598676682e-02
1.196985784918069839e-02
1.402296219021081924e-02
1.404070854187011719e-02
1.415472012013196945e-02
1.346756797283887863e-02
1.317672524601221085e-02
1.307058706879615784e-02
1.404774282127618790e-02
1.349918451160192490e-02
1.327755488455295563e-02
1.379952393472194672e-02
1.353298779577016830e-02
1.344078686088323593e-02
1.375201623886823654e-02
1.391416788101196289e-02
1.406306400895118713e-02
1.354806404560804367e-02
1.370837166905403137e-02
1.384893432259559631e-02
1.365012768656015396e-02
1.360001601278781891e-02
1.353286299854516983e-02
1.410534419119358063e-02
1.374019961804151535e-02
1.390653569251298904e-02
1.363693829625844955e-02
1.336221396923065186e-02
1.359982229769229889e-02
1.362366415560245514e-02
1.347203925251960754e-02
1.377434190362691879e-02
1.386428810656070709e-02
1.368911191821098328e-02
1.367883756756782532e-02
1.219586655497550964e-02
1.347245369106531143e-02
1.375192683190107346e-02
1.377869490534067154e-02
1.364358421415090561e-02
1.251857914030551910e-02
1.391478534787893295e-02
1.336579583585262299e-02
1.356090977787971497e-02
1.296516973525285721e-02
1.340757310390472412e-02
1.311714015901088715e-02
1.343305129557847977e-02
1.347248908132314682e-02
1.274979952722787857e-02
1.339930295944213867e-02
1.370131969451904297e-02
1.371525786817073822e-02
1.261597871780395508e-02
1.344311237335205078e-02
1.345329266041517258e-02
1.372105441987514496e-02
1.391184329986572266e-02
1.383714284747838974e-02
1.373769715428352356e-02
1.345467846840620041e-02
1.368880551308393478e-02
1.343040168285369873e-02
1.289159711450338364e-02
1.364524569362401962e-02
1.282121613621711731e-02
1.377943158149719238e-02
1.336183026432991028e-02
1.343507692217826843e-02
1.352313067764043808e-02
1.275543961673974991e-02
1.171491388231515884e-02
1.334670837968587875e-02
1.387041527777910233e-02
8.907388895750045776e-03
1.387301366776227951e-02
1.395856961607933044e-02
1.385815534740686417e-02
1.421646866947412491e-02
1.365502271801233292e-02
1.357866264879703522e-02
1.378721278160810471e-02
1.200049836188554764e-02
1.380178611725568771e-02
1.392245292663574219e-02
1.345810014754533768e-02
1.390595734119415283e-02
1.348955556750297546e-02
1.390794012695550919e-02
1.299734786152839661e-02
1.313009951263666153e-02
1.346844155341386795e-02
1.346526201814413071e-02
1.381966751068830490e-02
1.290322840213775635e-02
1.330225449055433273e-02
1.283711474388837814e-02
1.365872099995613098e-02
1.296070776879787445e-02
1.383733097463846207e-02
1.369001623243093491e-02
1.376048568636178970e-02
1.301465090364217758e-02
1.335827168077230453e-02
1.375783607363700867e-02
1.351306959986686707e-02
1.348360255360603333e-02
1.369572058320045471e-02
1.349188294261693954e-02
1.371797826141119003e-02
1.380989793688058853e-02
1.390520296990871429e-02
1.376152876764535904e-02
1.383988186717033386e-02
1.386148296296596527e-02
1.350154913961887360e-02
1.389979198575019836e-02
1.420795079320669174e-02
1.383414585143327713e-02
1.382662262767553329e-02
1.375523488968610764e-02
1.381071563810110092e-02
1.366694364696741104e-02
1.341908611357212067e-02
1.371728256344795227e-02
1.431158836930990219e-02
8.190409280359745026e-03
1.407987438142299652e-02
1.378511544317007065e-02
1.377246621996164322e-02
1.314220391213893890e-02
1.340115908533334732e-02
1.343431789427995682e-02
1.320555433630943298e-02
1.371560897678136826e-02
1.362952217459678650e-02
1.366049051284790039e-02
1.360492408275604248e-02
1.378264091908931732e-02
1.371503807604312897e-02
1.350179687142372131e-02
1.307250466197729111e-02
1.379284355789422989e-02
1.338254474103450775e-02
1.419377885758876801e-02
1.127914804965257645e-02
1.357608195394277573e-02
1.341538783162832260e-02
1.252057589590549469e-02
1.361781265586614609e-02
1.327214483171701431e-02
1.338578388094902039e-02
1.378248259425163269e-02
1.377300638705492020e-02
1.362328324466943741e-02
1.348957139998674393e-02
1.298856455832719803e-02
1.382759772241115570e-02
1.391395088285207748e-02
1.347325649112462997e-02
1.358454208821058273e-02
1.394320372492074966e-02
1.352779287844896317e-02
1.330521982163190842e-02
1.329681836068630219e-02
1.314343605190515518e-02
1.396736782044172287e-02
1.356609258800745010e-02
1.367945596575737000e-02
1.360553223639726639e-02
1.355575677007436752e-02
1.351025979965925217e-02
1.345461048185825348e-02
1.367076393216848373e-02
1.316032093018293381e-02
1.374766789376735687e-02
1.374884601682424545e-02
1.371294539421796799e-02
1.392438728362321854e-02
1.359710376709699631e-02
1.372030377388000488e-02
1.368940807878971100e-02
1.374727115035057068e-02
1.336406078189611435e-02
1.328319031745195389e-02
1.399562042206525803e-02
1.375854574143886566e-02
1.324365101754665375e-02
1.396501623094081879e-02
1.359598990529775620e-02
1.361594814807176590e-02
1.362808700650930405e-02
1.236521080136299133e-02
1.364091970026493073e-02
1.364551763981580734e-02
1.231345813721418381e-02
1.334179844707250595e-02
1.402422133833169937e-02
1.349871512502431870e-02
1.368586625903844833e-02
1.382511202245950699e-02
1.326516550034284592e-02
1.357820909470319748e-02
1.367244403809309006e-02
1.343275513499975204e-02
1.346191763877868652e-02
1.366956159472465515e-02
1.384331285953521729e-02
1.384936273097991943e-02
1.366521511226892471e-02
1.356444880366325378e-02
1.394728943705558777e-02
1.364549435675144196e-02
1.376767363399267197e-02
1.340930443257093430e-02
1.392156444489955902e-02
1.405373774468898773e-02
1.379084493964910507e-02
1.375695224851369858e-02
1.388403866440057755e-02
1.294256374239921570e-02
1.395569834858179092e-02
1.393146440386772156e-02
1.372482813894748688e-02
1.378640253096818924e-02
1.347955130040645599e-02
1.374973636120557785e-02
1.361478492617607117e-02
1.363693084567785263e-02
1.250955834984779358e-02
1.370790041983127594e-02
9.463422000408172607e-03
1.369652990251779556e-02
1.396621856838464737e-02
1.370775979012250900e-02
1.392465550452470779e-02
1.348614413291215897e-02
1.389449555426836014e-02
1.031570974737405777e-02
1.360460836440324783e-02
1.340195257216691971e-02
1.385563332587480545e-02
1.383596286177635193e-02
1.351597812026739120e-02
1.366618834435939789e-02
1.391747314482927322e-02
1.377586647868156433e-02
1.408103201538324356e-02
1.345014572143554688e-02
1.337568089365959167e-02
1.394831761717796326e-02
1.377801690250635147e-02
1.384400762617588043e-02
1.396888773888349533e-02
1.374684367328882217e-02
1.371037121862173080e-02
1.378858368843793869e-02
1.353180501610040665e-02
1.372114103287458420e-02
1.348157599568367004e-02
1.316389720886945724e-02
1.262739021331071854e-02
3.334916010499000549e-02
1.384425256401300430e-02
1.150182727724313736e-02
1.351838372647762299e-02
1.368752494454383850e-02
1.364318653941154480e-02
1.361645478755235672e-02
1.382025238126516342e-02
1.274764444679021835e-02
1.363158226013183594e-02
1.423470024019479752e-02
1.326245348900556564e-02
1.344041526317596436e-02
1.129801198840141296e-02
1.343523524701595306e-02
9.978372603654861450e-03
1.407291553914546967e-02
1.402385625988245010e-02
1.216629985719919205e-02
1.329569146037101746e-02
1.365061476826667786e-02
1.348500605672597885e-02
1.386864855885505676e-02
1.374288555234670639e-02
1.428084447979927063e-02
1.347364857792854309e-02
1.398120447993278503e-02
1.071953400969505310e-02
1.358097419142723083e-02
1.329946797341108322e-02
1.406553667038679123e-02
1.371430512517690659e-02
1.390278898179531097e-02
9.370148181915283203e-03
8.214086294174194336e-03
1.396409794688224792e-02
1.342402771115303040e-02
1.321550086140632629e-02
1.336468383669853210e-02
1.408474799245595932e-02
1.355432905256748199e-02
1.398944854736328125e-02
1.371575240045785904e-02
1.349357701838016510e-02
1.355137489736080170e-02
1.317063812166452408e-02
1.311812642961740494e-02
1.364159025251865387e-02
1.382733043283224106e-02
1.358787808567285538e-02
1.342321280390024185e-02
1.290044188499450684e-02
9.701635688543319702e-03
1.405957713723182678e-02
1.371780131012201309e-02
1.143606938421726227e-02
1.298251375555992126e-02
1.380275841802358627e-02
1.042943820357322693e-02
1.401075720787048340e-02
1.376751437783241272e-02
1.354099437594413757e-02
1.371579803526401520e-02
1.372171100229024887e-02
1.394749525934457779e-02
1.402032468467950821e-02
1.016465201973915100e-02
1.372788194566965103e-02
1.368130091577768326e-02
1.405786257237195969e-02
1.349632535129785538e-02
1.336900796741247177e-02
1.380807161331176758e-02
1.382024027407169342e-02
1.400428451597690582e-02
9.310328401625156403e-03
1.341378130018711090e-02
1.377920247614383698e-02
1.166245061904191971e-02
1.403823494911193848e-02
1.378965377807617188e-02
1.352643594145774841e-02
1.361512299627065659e-02
1.366875972598791122e-02
1.383172068744897842e-02
1.377055328339338303e-02
1.329496596008539200e-02
1.343526784330606461e-02
1.338494755327701569e-02
1.379957888275384903e-02
8.421049453318119049e-03
1.405624113976955414e-02
1.391868665814399719e-02
1.317177806049585342e-02
1.384741626679897308e-02
1.335568074136972427e-02
1.353528536856174469e-02
1.349533163011074066e-02
1.384677365422248840e-02
1.378435175865888596e-02
1.373745221644639969e-02
7.975845597684383392e-03
1.244510803371667862e-02
1.379932183772325516e-02
1.390343625098466873e-02
1.349256094545125961e-02
1.313687767833471298e-02
1.377776823937892914e-02
1.329862233251333237e-02
1.375744678080081940e-02
1.203766185790300369e-02
1.373762451112270355e-02
1.378137711435556412e-02
1.387181319296360016e-02
1.001381687819957733e-02
1.367481425404548645e-02
1.354350242763757706e-02
1.369138713926076889e-02
1.359616313129663467e-02
1.350438036024570465e-02
1.353877689689397812e-02
1.416391506791114807e-02
1.383779104799032211e-02
1.383264269679784775e-02
1.411258522421121597e-02
1.373117044568061829e-02
1.393837109208106995e-02
1.402989309281110764e-02
1.362659968435764313e-02
1.372551638633012772e-02
1.339019555598497391e-02
1.377885974943637848e-02
1.383223570883274078e-02
1.287101116031408310e-02
1.373491529375314713e-02
1.319188438355922699e-02
1.344715151935815811e-02
1.396714244037866592e-02
1.388006191700696945e-02
1.398340426385402679e-02
1.360133197158575058e-02
1.376172900199890137e-02
1.344895642250776291e-02
1.408073306083679199e-02
1.383447647094726562e-02
1.350423973053693771e-02
1.381066162139177322e-02
1.394928060472011566e-02
1.367355510592460632e-02
1.335015892982482910e-02
1.324104331433773041e-02
1.389156840741634369e-02
1.391522586345672607e-02
1.368731167167425156e-02
1.366039179265499115e-02
1.457046344876289368e-02
1.400522235780954361e-02
1.409207656979560852e-02
1.357794646173715591e-02
1.343853864818811417e-02
1.347717363387346268e-02
1.286227907985448837e-02
1.377432327717542648e-02
1.351467054337263107e-02
1.402356568723917007e-02
1.348973717540502548e-02
1.385586801916360855e-02
1.384497527033090591e-02
1.343275234103202820e-02
1.305565517395734787e-02
1.337100937962532043e-02
1.345299556851387024e-02
1.361925993114709854e-02
1.382589899003505707e-02
1.348648034036159515e-02
1.399314962327480316e-02
1.348013523966073990e-02
1.340945065021514893e-02
1.355994865298271179e-02
1.401242893189191818e-02
1.352479774504899979e-02
1.299660559743642807e-02
1.387671194970607758e-02
1.348378416150808334e-02
1.389249879866838455e-02
1.368001941591501236e-02
1.358167547732591629e-02
1.363644003868103027e-02
1.311114989221096039e-02
1.355159841477870941e-02
1.379548106342554092e-02
1.366140879690647125e-02
1.396652683615684509e-02
1.388634648174047470e-02
1.380055584013462067e-02
1.394682563841342926e-02
1.376501377671957016e-02
1.406435761600732803e-02
1.391275320202112198e-02
1.348040625452995300e-02
1.359512843191623688e-02
1.380002778023481369e-02
1.343980338424444199e-02
1.371787115931510925e-02
1.378781441599130630e-02
1.358228363096714020e-02
1.345574948936700821e-02
1.318549830466508865e-02
1.356909796595573425e-02
1.369846705347299576e-02
1.287604495882987976e-02
1.338680088520050049e-02
1.364718098193407059e-02
1.159198302775621414e-02
1.376970671117305756e-02
1.313752494752407074e-02
1.315879262983798981e-02
1.375762280076742172e-02
1.315064355731010437e-02
1.332429330796003342e-02
1.341078523546457291e-02
1.356277149170637131e-02
1.350236777216196060e-02
1.389027200639247894e-02
1.391932647675275803e-02
1.385858561843633652e-02
1.312150433659553528e-02
1.315608993172645569e-02
1.391929388046264648e-02
1.384916622191667557e-02
1.361298840492963791e-02
1.373538095504045486e-02
1.235903427004814148e-02
1.271220762282609940e-02
1.197012979537248611e-02
1.360982749611139297e-02
1.321705896407365799e-02
1.347184460610151291e-02
1.320144813507795334e-02
1.311850827187299728e-02
1.242564246058464050e-02
1.366768870502710342e-02
1.396963838487863541e-02
1.386599615216255188e-02
1.376135554164648056e-02
1.363835670053958893e-02
1.373982150107622147e-02
1.363267097622156143e-02
1.386091113090515137e-02
1.348737720400094986e-02
9.447026997804641724e-03
1.372759137302637100e-02
8.763329125940799713e-03
1.358301565051078796e-02
1.361058652400970459e-02
1.352552790194749832e-02
1.400457415729761124e-02
7.849562913179397583e-03
1.086443010717630386e-02
1.311789546161890030e-02
1.358436327427625656e-02
1.339450199156999588e-02
1.334683503955602646e-02
1.324174180626869202e-02
1.389335002750158310e-02
1.373478770256042480e-02
1.345177646726369858e-02
1.385088916867971420e-02
1.345691643655300140e-02
1.358209550380706787e-02
1.339045446366071701e-02
1.372339203953742981e-02
1.244911551475524902e-02
1.380663830786943436e-02
1.371235493570566177e-02
1.327750645577907562e-02
8.729234337806701660e-03
1.322177145630121231e-02
1.361658051609992981e-02
1.340033207088708878e-02
1.389539800584316254e-02
1.376993302255868912e-02
1.384200435131788254e-02
1.346810068935155869e-02
1.355370227247476578e-02
1.358633954077959061e-02
1.360749360173940659e-02
1.343845389783382416e-02
1.360505260527133942e-02
1.365564856678247452e-02
1.375716831535100937e-02
1.255986094474792480e-02
1.276995614171028137e-02
1.346969604492187500e-02
1.332606375217437744e-02
1.367458421736955643e-02
1.322822179645299911e-02
9.405872784554958344e-03
8.890501223504543304e-03
1.395886298269033432e-02
1.343418285250663757e-02
1.361049339175224304e-02
1.370786223560571671e-02
1.365671399980783463e-02
1.356194820255041122e-02
1.277420483529567719e-02
1.403552573174238205e-02
1.379948016256093979e-02
1.367372553795576096e-02
1.357203722000122070e-02
1.300513185560703278e-02
1.384675223380327225e-02
1.335454639047384262e-02
1.387665513902902603e-02
1.373909693211317062e-02
1.367939077317714691e-02
1.379278581589460373e-02
1.383302453905344009e-02
1.314967870712280273e-02
1.389053184539079666e-02
1.362982299178838730e-02
1.371239218860864639e-02
1.371073722839355469e-02
1.306313648819923401e-02
9.061758406460285187e-03
1.363746169954538345e-02
1.341210678219795227e-02
8.408357389271259308e-03
1.366704981774091721e-02
1.365363597869873047e-02
1.368825510144233704e-02
1.355100609362125397e-02
1.380598824471235275e-02
1.104540564119815826e-02
1.374550815671682358e-02
1.303579192608594894e-02
1.404262520372867584e-02
1.353715267032384872e-02
1.180101279169321060e-02
1.343538705259561539e-02
1.361426431685686111e-02
1.361541822552680969e-02
1.273620408028364182e-02
1.346469018608331680e-02
1.385265868157148361e-02
1.073910389095544815e-02
1.382472831755876541e-02
1.094144955277442932e-02
1.391423307359218597e-02
1.291235629469156265e-02
1.354317273944616318e-02
1.370903011411428452e-02
1.365804392844438553e-02
1.224646251648664474e-02
1.337404921650886536e-02
1.362869143486022949e-02
1.365503389388322830e-02
1.329562999308109283e-02
1.330682914704084396e-02
1.372602861374616623e-02
1.328979153186082840e-02
1.277393661439418793e-02
1.355426106601953506e-02
1.024802029132843018e-02
1.368435658514499664e-02
1.381711103022098541e-02
1.372456550598144531e-02
1.211940124630928040e-02
1.230394747108221054e-02
1.359379384666681290e-02
1.359543111175298691e-02
1.391477603465318680e-02
1.348932646214962006e-02
1.364845875650644302e-02
1.360311824828386307e-02
1.358762104064226151e-02
1.360282581299543381e-02
1.362625323235988617e-02
1.247957348823547363e-02
1.392705366015434265e-02
1.370628457516431808e-02
1.342956069856882095e-02
1.391125842928886414e-02
1.309606991708278656e-02
1.406755205243825912e-02
1.091408915817737579e-02
1.382299698889255524e-02
1.400584075599908829e-02
1.327047310769557953e-02
1.333958003669977188e-02
1.314390823245048523e-02
1.367225404828786850e-02
1.352769415825605392e-02
1.374880038201808929e-02
1.387177035212516785e-02
1.319871749728918076e-02
1.351992413401603699e-02
1.342053152620792389e-02
1.382656022906303406e-02
1.341516338288784027e-02
1.339920796453952789e-02
1.382911577820777893e-02
1.391870155930519104e-02
1.359301432967185974e-02
1.368971075862646103e-02
1.371076982468366623e-02
1.358582917600870132e-02
1.352701149880886078e-02
1.431492250412702560e-02
1.323602721095085144e-02
1.042411010712385178e-02
1.387234311550855637e-02
1.349654886871576309e-02
1.344580575823783875e-02
1.361581962555646896e-02
1.385938283056020737e-02
1.344395801424980164e-02
1.364205777645111084e-02
1.322632189840078354e-02
1.383043732494115829e-02
1.375768147408962250e-02
1.313764974474906921e-02
1.315988227725028992e-02
7.372382562607526779e-03
1.364679355174303055e-02
1.328021287918090820e-02
1.334465108811855316e-02
1.355579495429992676e-02
1.372731570154428482e-02
1.376365497708320618e-02
1.364476885646581650e-02
1.371926162391901016e-02
1.054541207849979401e-02
1.355728786438703537e-02
1.361190434545278549e-02
1.394087634980678558e-02
1.280639413744211197e-02
1.356341596692800522e-02
1.355697307735681534e-02
1.323770079761743546e-02
1.362974848598241806e-02
1.359591167420148849e-02
1.389658171683549881e-02
1.394623238593339920e-02
1.371831540018320084e-02
1.356482226401567459e-02
1.422728504985570908e-02
1.370442751795053482e-02
1.408514101058244705e-02
1.369810383766889572e-02
1.364381704479455948e-02
1.402272377163171768e-02
1.368553843349218369e-02
1.275123283267021179e-02
1.324793789535760880e-02
1.309956703335046768e-02
1.370920613408088684e-02
1.397119555622339249e-02
1.387407258152961731e-02
1.337040867656469345e-02
1.315633859485387802e-02
1.346447505056858063e-02
1.392837986350059509e-02
1.409768778830766678e-02
1.354318298399448395e-02
1.360247377306222916e-02
1.383141335099935532e-02
1.368088740855455399e-02
1.363870780915021896e-02
1.311003044247627258e-02
1.366861537098884583e-02
1.387977506965398788e-02
1.370108406990766525e-02
1.069260388612747192e-02
1.360635831952095032e-02
1.336390897631645203e-02
1.333114411681890488e-02
1.342705823481082916e-02
1.381240226328372955e-02
1.188531517982482910e-02
1.377772726118564606e-02
1.373262703418731689e-02
1.372239366173744202e-02
1.367393415421247482e-02
1.353713870048522949e-02
1.364910323172807693e-02
1.345052197575569153e-02
1.396743021905422211e-02
1.341128628700971603e-02
1.369436737149953842e-02
1.392838265746831894e-02
1.396681647747755051e-02
1.363654807209968567e-02
1.359645090997219086e-02
1.367464661598205566e-02
1.360656972974538803e-02
1.361928228288888931e-02
1.211741659790277481e-02
1.356302574276924133e-02
1.417017355561256409e-02
1.377825345844030380e-02
1.365528907626867294e-02
1.375204883515834808e-02
1.376122515648603439e-02
1.373694185167551041e-02
1.387596223503351212e-02
1.385925617069005966e-02
9.462956339120864868e-03
1.396089699119329453e-02
1.337564550340175629e-02
1.309931278228759766e-02
1.353210303932428360e-02
1.377128902822732925e-02
1.399148069322109222e-02
1.351207215338945389e-02
1.365186832845211029e-02
1.374987699091434479e-02
7.666104938834905624e-03
1.371517218649387360e-02
1.345327589660882950e-02
1.376404147595167160e-02
1.369427237659692764e-02
1.309563778340816498e-02
1.372688729315996170e-02
1.401188690215349197e-02
1.404625456780195236e-02
1.379692461341619492e-02
1.385850273072719574e-02
1.410404499620199203e-02
1.356364134699106216e-02
1.330401934683322906e-02
9.966701269149780273e-03
1.351153478026390076e-02
1.378320530056953430e-02
1.370953395962715149e-02
1.364081725478172302e-02
1.088296156376600266e-02
1.369358971714973450e-02
1.388506870716810226e-02
1.359624043107032776e-02
1.296629291027784348e-02
1.381567399948835373e-02
1.104439143091440201e-02
1.381144206970930099e-02
1.202032808214426041e-02
1.328592933714389801e-02
1.379683054983615875e-02
1.392334979027509689e-02
1.315260212868452072e-02
1.378825865685939789e-02
1.397029962390661240e-02
1.355941314250230789e-02
1.357618346810340881e-02
1.378274243324995041e-02
1.392237935215234756e-02
1.347037777304649353e-02
1.333533879369497299e-02
1.363326329737901688e-02
1.358704268932342529e-02
1.399664301425218582e-02
1.350731495767831802e-02
1.380997337400913239e-02
1.391197089105844498e-02
1.302172616124153137e-02
1.335087325423955917e-02
1.367973443120718002e-02
1.369153335690498352e-02
1.363814715296030045e-02
1.345644518733024597e-02
1.350784301757812500e-02
1.386155840009450912e-02
1.379917189478874207e-02
1.271915156394243240e-02
1.361058931797742844e-02
1.368871051818132401e-02
1.379747036844491959e-02
1.406637113541364670e-02
1.358039304614067078e-02
1.363032497465610504e-02
1.361484453082084656e-02
1.350554451346397400e-02
1.319690421223640442e-02
1.367660798132419586e-02
1.317634806036949158e-02
1.367433276027441025e-02
1.394095737487077713e-02
1.374624110758304596e-02
1.387472823262214661e-02
1.359117962419986725e-02
1.380192954093217850e-02
1.356781926006078720e-02
1.222451869398355484e-02
1.358246244490146637e-02
1.399249676614999771e-02
1.366205886006355286e-02
1.357198320329189301e-02
1.362287998199462891e-02
1.387494150549173355e-02
1.365592423826456070e-02
1.389801502227783203e-02
1.316252909600734711e-02
1.373085752129554749e-02
1.372004393488168716e-02
1.403469685465097427e-02
1.372105162590742111e-02
1.386007666587829590e-02
1.386385038495063782e-02
1.351343188434839249e-02
1.379298605024814606e-02
1.367243286222219467e-02
1.366131287068128586e-02
1.363911945372819901e-02
1.163483224809169769e-02
1.383943948894739151e-02
1.385541167110204697e-02
1.375544629991054535e-02
1.281978096812963486e-02
1.313343644142150879e-02
1.382969971746206284e-02
1.342798396944999695e-02
1.384212169796228409e-02
1.366951689124107361e-02
1.360065117478370667e-02
1.373864989727735519e-02
1.378247980028390884e-02
1.342454273253679276e-02
1.340623758733272552e-02
1.347137894481420517e-02
1.330051943659782410e-02
1.371504459530115128e-02
1.373564358800649643e-02
1.334092859178781509e-02
1.393172238022089005e-02
8.517051115632057190e-03
1.245415769517421722e-02
1.330616138875484467e-02
1.374759152531623840e-02
1.376732625067234039e-02
1.291054114699363708e-02
1.403085980564355850e-02
1.380553189665079117e-02
1.375702582299709320e-02
9.110913611948490143e-03
1.397039368748664856e-02
1.342834811657667160e-02
1.353651843965053558e-02
1.331020239740610123e-02
1.389248110353946686e-02
1.355070807039737701e-02
1.348648685961961746e-02
1.385624054819345474e-02
1.375300902873277664e-02
9.023400023579597473e-03
1.324510294944047928e-02
1.350513100624084473e-02
1.374888420104980469e-02
1.364087499678134918e-02
1.296100392937660217e-02
1.355892419815063477e-02
1.196818705648183823e-02
1.266973093152046204e-02
7.742521353065967560e-03
1.196876727044582367e-02
1.396973058581352234e-02
1.344549376517534256e-02
1.375677902251482010e-02
1.404822710901498795e-02
1.400502957403659821e-02
1.361628994345664978e-02
1.336547452956438065e-02
1.349742338061332703e-02
1.349160913378000259e-02
1.390159968286752701e-02
1.355006732046604156e-02
1.385171338915824890e-02
1.223925594240427017e-02
1.342723425477743149e-02
1.380908489227294922e-02
1.375728566199541092e-02
1.371471490710973740e-02
1.302915252745151520e-02
1.342955231666564941e-02
1.357979141175746918e-02
1.344757433980703354e-02
1.369102392345666885e-02
1.409325841814279556e-02
1.384159363806247711e-02
1.381226535886526108e-02
1.300518214702606201e-02
1.359598618000745773e-02
1.352844573557376862e-02
1.268940325826406479e-02
1.333573460578918457e-02
1.373316720128059387e-02
1.325281336903572083e-02
1.360481884330511093e-02
1.388476882129907608e-02
1.372545398771762848e-02
1.363043580204248428e-02
9.153028018772602081e-03
1.421944238245487213e-02
1.363035757094621658e-02
1.384206209331750870e-02
1.371278148144483566e-02
1.335622463375329971e-02
1.348439231514930725e-02
1.278103515505790710e-02
1.366040948778390884e-02
1.100137922912836075e-02
1.380591001361608505e-02
1.395503524690866470e-02
1.343090459704399109e-02
1.373828016221523285e-02
1.362522039562463760e-02
1.377167180180549622e-02
1.374234259128570557e-02
1.383661571890115738e-02
1.368844881653785706e-02
1.385308802127838135e-02
1.385354157537221909e-02
1.381706632673740387e-02
1.372182089835405350e-02
1.281716302037239075e-02
1.374174747616052628e-02
1.393435616046190262e-02
1.264751795679330826e-02
1.352640148252248764e-02
1.330641191452741623e-02
1.386103034019470215e-02
1.400321628898382187e-02
1.379335485398769379e-02
1.379649899899959564e-02
1.362771168351173401e-02
1.388065237551927567e-02
1.359342690557241440e-02
1.268837414681911469e-02
1.337702944874763489e-02
1.382942870259284973e-02
1.357981003820896149e-02
1.369567215442657471e-02
1.369422115385532379e-02
1.374298706650733948e-02
1.387702208012342453e-02
1.342409290373325348e-02
1.336897257715463638e-02
1.325155701488256454e-02
1.372935250401496887e-02
1.357751525938510895e-02
1.403974369168281555e-02
1.366569008678197861e-02
1.385586056858301163e-02
1.398331578820943832e-02
1.371946651488542557e-02
1.364798191934823990e-02
1.414743065834045410e-02
1.132749393582344055e-02
1.322956476360559464e-02
1.338168978691101074e-02
1.389368250966072083e-02
1.355339214205741882e-02
1.414914056658744812e-02
1.368466950953006744e-02
1.368879061192274094e-02
1.355536375194787979e-02
1.300302147865295410e-02
1.387424860149621964e-02
1.313558779656887054e-02
1.368826255202293396e-02
1.356306113302707672e-02
1.338026486337184906e-02
1.372426189482212067e-02
1.349387504160404205e-02
1.370339002460241318e-02
1.352444943040609360e-02
1.302381418645381927e-02
1.367140468209981918e-02
1.334272418171167374e-02
1.355354581028223038e-02
1.390817202627658844e-02
1.380659267306327820e-02
1.175389531999826431e-02
1.356522459536790848e-02
1.326595339924097061e-02
1.334377005696296692e-02
1.378175616264343262e-02
1.375255640596151352e-02
1.377957779914140701e-02
1.365359779447317123e-02
1.136015634983778000e-02
1.376733742654323578e-02
1.379216648638248444e-02
1.364371739327907562e-02
1.351803541183471680e-02
1.371770445257425308e-02
1.311850268393754959e-02
1.374769769608974457e-02
1.357597112655639648e-02
1.372001692652702332e-02
1.352285221219062805e-02
1.391243096441030502e-02
1.340476050972938538e-02
1.374770700931549072e-02
1.374021545052528381e-02
1.371185388416051865e-02
1.392611488699913025e-02
1.388261374086141586e-02
1.346363127231597900e-02
1.351102907210588455e-02
9.893190115690231323e-03
1.343581080436706543e-02
1.364513393491506577e-02
1.389338728040456772e-02
1.394775509834289551e-02
1.331688556820154190e-02
1.378026884049177170e-02
1.329301856458187103e-02
1.346870977431535721e-02
1.371251046657562256e-02
1.374393980950117111e-02
1.400522980839014053e-02
1.351011451333761215e-02
1.351437531411647797e-02
1.391138508915901184e-02
1.382900681346654892e-02
1.385050360113382339e-02
1.399120781570672989e-02
1.387718319892883301e-02
1.370069943368434906e-02
1.341986004263162613e-02
1.366743724793195724e-02
1.356259826570749283e-02
1.437482330948114395e-02
1.391897536814212799e-02
1.332656107842922211e-02
1.352469995617866516e-02
1.338782068341970444e-02
1.299285516142845154e-02
1.317447796463966370e-02
1.378667727112770081e-02
1.369380950927734375e-02
1.354193408042192459e-02
1.278140302747488022e-02
1.389550883322954178e-02
1.022658124566078186e-02
1.319452468305826187e-02
1.378150191158056259e-02
1.213431637734174728e-02
1.341264043003320694e-02
1.373685896396636963e-02
1.367398537695407867e-02
1.328032929450273514e-02
1.360781770199537277e-02
1.365940831601619720e-02
1.403063815087080002e-02
1.378624048084020615e-02
1.354579627513885498e-02
1.381999254226684570e-02
1.331984903663396835e-02
1.389650721102952957e-02
1.396869774907827377e-02
1.356330793350934982e-02
1.325705647468566895e-02
1.358736213296651840e-02
1.370826084166765213e-02
9.912216104567050934e-03
1.316114142537117004e-02
1.313376426696777344e-02
1.208695489913225174e-02
1.362013816833496094e-02
1.339167449623346329e-02
1.343558821827173233e-02
1.360841002315282822e-02
1.383022870868444443e-02
1.274753455072641373e-02
1.375329215079545975e-02
1.355073414742946625e-02
1.404731627553701401e-02
1.393614336848258972e-02
1.360615435987710953e-02
1.210629101842641830e-02
1.346276327967643738e-02
1.370597817003726959e-02
1.376763358712196350e-02
1.351354178041219711e-02
1.330232247710227966e-02
1.390205696225166321e-02
1.301120128482580185e-02
1.359463669359683990e-02
1.348377205431461334e-02
1.375392917543649673e-02
1.378022134304046631e-02
1.378711126744747162e-02
1.356238685548305511e-02
9.271166287362575531e-03
1.361658610403537750e-02
1.304645184427499771e-02
1.356886234134435654e-02
6.710335146635770798e-03
1.298744417726993561e-02
1.361115928739309311e-02
1.321509480476379395e-02
1.386057492345571518e-02
1.366719603538513184e-02
1.361885666847229004e-02
1.369718369096517563e-02
1.376529689878225327e-02
1.388255320489406586e-02
1.403816975653171539e-02
1.305907033383846283e-02
1.380880828946828842e-02
1.348548009991645813e-02
1.401942316442728043e-02
1.312208827584981918e-02
1.386250462383031845e-02
1.337876357138156891e-02
1.234329398721456528e-02
1.376095414161682129e-02
1.378162857145071030e-02
7.900569587945938110e-03
1.351247075945138931e-02
1.379926223307847977e-02
1.394225563853979111e-02
1.378048304468393326e-02
1.395941898226737976e-02
1.293336786329746246e-02
1.402050815522670746e-02
1.403312012553215027e-02
1.395250950008630753e-02
1.351438835263252258e-02
1.333035901188850403e-02
1.352002006024122238e-02
1.362090464681386948e-02
1.379855908453464508e-02
1.322032883763313293e-02
1.381871104240417480e-02
8.161596022546291351e-03
1.362403389066457748e-02
1.352328620851039886e-02
1.334595773369073868e-02
1.368331070989370346e-02
1.368329208344221115e-02
1.353586930781602859e-02
1.369363069534301758e-02
1.384914759546518326e-02
1.330095250159502029e-02
1.365746185183525085e-02
1.380595657974481583e-02
1.073915231972932816e-02
1.360535342246294022e-02
1.359518803656101227e-02
1.320681534707546234e-02
1.312255300581455231e-02
1.273248158395290375e-02
1.364102866500616074e-02
1.330206077545881271e-02
1.357369963079690933e-02
1.393012050539255142e-02
1.379566546529531479e-02
1.378957834094762802e-02
1.319819968193769455e-02
1.361940149217844009e-02
1.361292880028486252e-02
1.313499454408884048e-02
1.334926113486289978e-02
1.372477505356073380e-02
1.369832549244165421e-02
1.402879040688276291e-02
1.306687388569116592e-02
1.349973399192094803e-02
1.358105521649122238e-02
1.376352831721305847e-02
1.315384451299905777e-02
1.367498282343149185e-02
1.374482829123735428e-02
1.366135478019714355e-02
1.376568432897329330e-02
1.343532744795084000e-02
1.410989090800285339e-02
1.351348217576742172e-02
1.357394829392433167e-02
1.349788904190063477e-02
1.392923668026924133e-02
1.350355707108974457e-02
1.331613864749670029e-02
1.356716081500053406e-02
1.350617688149213791e-02
1.397688966244459152e-02
1.365466043353080750e-02
1.354898791760206223e-02
1.362881157547235489e-02
1.379253901541233063e-02
1.369446795433759689e-02
1.347495894879102707e-02
1.390427071601152420e-02
1.347238104790449142e-02
1.305062416940927505e-02
1.402262132614850998e-02
1.380145549774169922e-02
1.382853463292121887e-02
1.352090481668710709e-02
1.380043104290962219e-02
1.382273994386196136e-02
1.312506292015314102e-02
1.395934727042913437e-02
1.368384715169668198e-02
1.388322468847036362e-02
1.366458274424076080e-02
1.382695231586694717e-02
1.323037501424551010e-02
1.364315114915370941e-02
1.388801913708448410e-02
1.370903011411428452e-02
1.373895443975925446e-02
1.334691420197486877e-02
1.369371358305215836e-02
1.402038335800170898e-02
1.362003386020660400e-02
1.380845345556735992e-02
1.358248386532068253e-02
1.339527592062950134e-02
1.353660132735967636e-02
1.381826959550380707e-02
1.400486752390861511e-02
1.396524813026189804e-02
1.325771305710077286e-02
1.261680200695991516e-02
1.374964788556098938e-02
1.353715918958187103e-02
1.323888916522264481e-02
1.379796303808689117e-02
1.399375591427087784e-02
1.325850840657949448e-02
1.353198383003473282e-02
1.375671103596687317e-02
1.349567435681819916e-02
1.367468293756246567e-02
1.339022535830736160e-02
1.306215766817331314e-02
1.372853200882673264e-02
1.370869949460029602e-02
1.371159590780735016e-02
1.380142476409673691e-02
1.352176442742347717e-02
1.107556466013193130e-02
1.356935501098632812e-02
1.166907791048288345e-02
1.347722485661506653e-02
1.351437252014875412e-02
1.358990930020809174e-02
1.365723926573991776e-02
1.356209814548492432e-02
1.306819356977939606e-02
1.372751686722040176e-02
1.349184196442365646e-02
1.337674912065267563e-02
8.908188901841640472e-03
1.373406313359737396e-02
1.097565516829490662e-02
1.138354185968637466e-02
1.367522869259119034e-02
1.380359567701816559e-02
1.368655357509851456e-02
1.373903360217809677e-02
9.189524687826633453e-03
1.395844854414463043e-02
1.368562970310449600e-02
1.318819820880889893e-02
1.355013251304626465e-02
1.362574473023414612e-02
1.374497171491384506e-02
1.372832711786031723e-02
9.713170118629932404e-03
1.338888145983219147e-02
1.380940433591604233e-02
1.363116875290870667e-02
1.346821710467338562e-02
1.379010081291198730e-02
1.335026603192090988e-02
1.385698001831769943e-02
1.342500094324350357e-02
1.382528617978096008e-02
1.383564714342355728e-02
1.391948387026786804e-02
1.375693641602993011e-02
1.371072884649038315e-02
1.317093893885612488e-02
1.345906313508749008e-02
1.346386875957250595e-02
1.351766660809516907e-02
1.349622849375009537e-02
1.358893793076276779e-02
1.360984984785318375e-02
1.386838033795356750e-02
1.367191318422555923e-02
1.380893588066101074e-02
1.347432378679513931e-02
1.377891097217798233e-02
7.320956792682409286e-03
1.382259186357259750e-02
1.383362337946891785e-02
1.314701791852712631e-02
1.404182240366935730e-02
1.342589035630226135e-02
1.282011903822422028e-02
1.336015108972787857e-02
1.370526943355798721e-02
1.366041973233222961e-02
1.369189098477363586e-02
1.391367521136999130e-02
1.367352250963449478e-02
1.337418612092733383e-02
1.358630973845720291e-02
1.376362051814794540e-02
1.376189198344945908e-02
1.354177668690681458e-02
1.363660395145416260e-02
1.330987177789211273e-02
1.325027272105216980e-02
1.366332732141017914e-02
1.386189740151166916e-02
1.364639028906822205e-02
1.406389754265546799e-02
1.391190383583307266e-02
1.367377862334251404e-02
1.393712125718593597e-02
1.328503806143999100e-02
1.384385488927364349e-02
1.342115364968776703e-02
1.335536316037178040e-02
8.886373601853847504e-03
1.392112299799919128e-02
1.351207774132490158e-02
1.381917670369148254e-02
1.385520491749048233e-02
1.347468141466379166e-02
1.363310310989618301e-02
1.358571648597717285e-02
1.357646286487579346e-02
1.159578002989292145e-02
1.377048250287771225e-02
1.343809161335229874e-02
1.331922970712184906e-02
1.377768442034721375e-02
1.370938774198293686e-02
1.336887478828430176e-02
1.358541566878557205e-02
1.380504015833139420e-02
1.388712599873542786e-02
1.390789076685905457e-02
1.375639438629150391e-02
1.326892897486686707e-02
1.305164489895105362e-02
1.357629895210266113e-02
1.144845131784677505e-02
1.370689272880554199e-02
1.386691536754369736e-02
1.386520545929670334e-02
1.332621928304433823e-02
1.450290344655513763e-02
1.261105202138423920e-02
1.346065476536750793e-02
1.365522947162389755e-02
1.131010148674249649e-02
1.356643531471490860e-02
1.374734006822109222e-02
1.324398722499608994e-02
9.537859819829463959e-03
1.378874108195304871e-02
1.363291777670383453e-02
1.402254775166511536e-02
1.372425910085439682e-02
1.370403729379177094e-02
1.305876020342111588e-02
1.348115224391222000e-02
1.385077834129333496e-02
1.412379741668701172e-02
1.362809818238019943e-02
1.406489312648773193e-02
1.337748765945434570e-02
1.389045733958482742e-02
1.389119867235422134e-02
1.387311890721321106e-02
1.003158744424581528e-02
7.213781587779521942e-03
1.210477109998464584e-02
1.349498424679040909e-02
1.371639315038919449e-02
1.355209667235612869e-02
1.348897255957126617e-02
1.359666325151920319e-02
1.357130333781242371e-02
1.288772840052843094e-02
1.370753720402717590e-02
1.321718469262123108e-02
1.370014343410730362e-02
1.353902462869882584e-02
1.324996445327997208e-02
1.375417131930589676e-02
1.377113163471221924e-02
1.363941095769405365e-02
1.376161817461252213e-02
1.010020915418863297e-02
1.382831577211618423e-02
1.372609473764896393e-02
1.347561832517385483e-02
1.364358980208635330e-02
1.286345720291137695e-02
1.350688096135854721e-02
1.366374455392360687e-02
1.355458889156579971e-02
1.373404916375875473e-02
1.374276075512170792e-02
1.021690759807825089e-02
1.384147722274065018e-02
1.362779736518859863e-02
1.343419589102268219e-02
1.361687574535608292e-02
1.355164404958486557e-02
1.371261756867170334e-02
1.371935661882162094e-02
1.374932285398244858e-02
1.298141852021217346e-02
1.356329675763845444e-02
1.215523201972246170e-02
1.376386638730764389e-02
1.384805236011743546e-02
1.362080778926610947e-02
1.371807977557182312e-02
1.362124644219875336e-02
1.398393418639898300e-02
1.348527986556291580e-02
1.381114218384027481e-02
1.290348824113607407e-02
1.395186223089694977e-02
1.376824919134378433e-02
1.338642276823520660e-02
1.267804205417633057e-02
1.329175196588039398e-02
1.380493398755788803e-02
1.340532023459672928e-02
1.303814351558685303e-02
1.373104751110076904e-02
1.392110902816057205e-02
1.351085305213928223e-02
1.370063144713640213e-02
1.399733778089284897e-02
1.290234550833702087e-02
1.368578709661960602e-02
1.352063938975334167e-02
1.371752936393022537e-02
1.161543186753988266e-02
1.368478499352931976e-02
1.379302982240915298e-02
1.354057155549526215e-02
1.349235139787197113e-02
1.385940238833427429e-02
1.361045241355895996e-02
1.361473184078931808e-02
1.392640545964241028e-02
1.349259540438652039e-02
1.377571187913417816e-02
1.398580707609653473e-02
1.281783264130353928e-02
1.361172832548618317e-02
1.398278493434190750e-02
1.342261116951704025e-02
1.316504459828138351e-02
1.381182391196489334e-02
1.327987294644117355e-02
1.384834013879299164e-02
1.354782376438379288e-02
1.361159328371286392e-02
1.379222329705953598e-02
1.345911063253879547e-02
1.325310114771127701e-02
1.366988103836774826e-02
1.350428536534309387e-02
1.359102223068475723e-02
1.381100341677665710e-02
1.380532141774892807e-02
1.359525602310895920e-02
1.331912912428379059e-02
1.364732906222343445e-02
1.389072462916374207e-02
1.354106143116950989e-02
1.384029909968376160e-02
1.347641274333000183e-02
1.390277128666639328e-02
1.381114032119512558e-02
1.347363274544477463e-02
1.381336059421300888e-02
1.373655721545219421e-02
1.362539734691381454e-02
8.284131065011024475e-03
1.397783774882555008e-02
1.423556450754404068e-02
1.398599706590175629e-02
1.106842420995235443e-02
1.055033132433891296e-02
1.331161335110664368e-02
1.393797155469655991e-02
1.387767400592565536e-02
1.355527061969041824e-02
1.352158840745687485e-02
1.204195525497198105e-02
1.383045967668294907e-02
1.359919272363185883e-02
1.368072349578142166e-02
1.336009893566370010e-02
1.356155797839164734e-02
1.393468957394361496e-02
1.378174033015966415e-02
1.402982790023088455e-02
1.107503380626440048e-02
1.375780068337917328e-02
1.378143485635519028e-02
1.347852032631635666e-02
1.360460836440324783e-02
1.373400073498487473e-02
1.212919596582651138e-02
1.356533728539943695e-02
1.215340569615364075e-02
1.366228144615888596e-02
1.384842954576015472e-02
1.383682247251272202e-02
1.347849052399396896e-02
1.360320765525102615e-02
1.362103223800659180e-02
1.338263694196939468e-02
1.383187528699636459e-02
1.329433359205722809e-02
1.382410246878862381e-02
1.400024350732564926e-02
1.354766450822353363e-02
1.038022059947252274e-02
1.405569538474082947e-02
1.356829144060611725e-02
1.383936312049627304e-02
1.363726891577243805e-02
1.340452488511800766e-02
1.351670827716588974e-02
1.314941700547933578e-02
1.354312524199485779e-02
1.350794732570648193e-02
1.222065929323434830e-02
1.344437338411808014e-02
1.335756108164787292e-02
1.362354215234518051e-02
1.315152645111083984e-02
8.888754993677139282e-03
1.371901854872703552e-02
1.360991317778825760e-02
1.373228989541530609e-02
1.382441166788339615e-02
1.350346487015485764e-02
1.392422523349523544e-02
1.368958316743373871e-02
1.373551506549119949e-02
1.355820894241333008e-02
1.348325982689857483e-02
1.377861760556697845e-02
1.377393398433923721e-02
1.255382969975471497e-02
1.331800781190395355e-02
1.373395975679159164e-02
1.379484590142965317e-02
9.123498573899269104e-03
1.287306193262338638e-02
1.387985609471797943e-02
1.343624852597713470e-02
1.339217182248830795e-02
1.346836704760789871e-02
1.372492033988237381e-02
1.400954090058803558e-02
1.369983889162540436e-02
1.324856001883745193e-02
1.353295426815748215e-02
1.401062961667776108e-02
1.331530883908271790e-02
1.360850967466831207e-02
1.388621330261230469e-02
1.251967158168554306e-02
1.340651139616966248e-02
1.015906408429145813e-02
1.370542310178279877e-02
1.369805261492729187e-02
1.412584260106086731e-02
1.367731951177120209e-02
1.364604197442531586e-02
1.364621240645647049e-02
1.397443655878305435e-02
1.345281861722469330e-02
1.361449994146823883e-02
1.394838374108076096e-02
1.338064949959516525e-02
1.349808927625417709e-02
1.333831623196601868e-02
1.361257955431938171e-02
1.342739071696996689e-02
9.742579422891139984e-03
1.377138588577508926e-02
1.383532304316759109e-02
1.369733735918998718e-02
1.366097573190927505e-02
1.343928929418325424e-02
9.221336804330348969e-03
1.369366049766540527e-02
1.325906720012426376e-02
1.395744364708662033e-02
1.368289068341255188e-02
1.370782218873500824e-02
1.406168658286333084e-02
1.369792222976684570e-02
1.380611862987279892e-02
1.348347961902618408e-02
1.375017967075109482e-02
1.375071145594120026e-02
1.366696599870920181e-02
1.352655794471502304e-02
1.368227042257785797e-02
1.374673005193471909e-02
8.922413922846317291e-03
1.341009419411420822e-02
1.357802748680114746e-02
1.370286382734775543e-02
1.372411567717790604e-02
1.349607110023498535e-02
1.365043129771947861e-02
1.329493802040815353e-02
1.390297431498765945e-02
1.340028364211320877e-02
1.367476861923933029e-02
1.361010689288377762e-02
1.393554452806711197e-02
1.365995407104492188e-02
1.363457832485437393e-02
1.318651437759399414e-02
1.358634792268276215e-02
1.340395305305719376e-02
1.355862338095903397e-02
1.399848982691764832e-02
1.362955011427402496e-02
1.390040293335914612e-02
1.333286799490451813e-02
1.378500740975141525e-02
1.358106732368469238e-02
1.287510711699724197e-02
1.373594719916582108e-02
1.320471521466970444e-02
1.361618563532829285e-02
1.273993775248527527e-02
1.365748140960931778e-02
1.387361809611320496e-02
1.376254577189683914e-02
1.386550348252058029e-02
1.357536949217319489e-02
1.343593094497919083e-02
1.407785341143608093e-02
1.372014917433261871e-02
1.395491324365139008e-02
1.393402181565761566e-02
1.366093475371599197e-02
1.365097798407077789e-02
1.365806441754102707e-02
1.360526401549577713e-02
1.380207575857639313e-02
1.183183584362268448e-02
1.365831773728132248e-02
1.383467577397823334e-02
1.354093197733163834e-02
1.350427232682704926e-02
1.365036331117153168e-02
1.382326241582632065e-02
1.302045490592718124e-02
1.348206773400306702e-02
1.036841049790382385e-02
1.296666823327541351e-02
1.322191953659057617e-02
1.396396104246377945e-02
1.378437038511037827e-02
1.342357043176889420e-02
1.356576010584831238e-02
1.352295558899641037e-02
1.345939282327890396e-02
1.375762838870286942e-02
1.395543012768030167e-02
1.367714907974004745e-02
1.308721303939819336e-02
1.293886080384254456e-02
1.402858179062604904e-02
1.374477241188287735e-02
1.393237151205539703e-02
1.389716658741235733e-02
1.384792570024728775e-02
1.397023163735866547e-02
1.346511859446763992e-02
1.072247326374053955e-02
1.369329169392585754e-02
1.389076188206672668e-02
1.345013454556465149e-02
1.349383220076560974e-02
1.347662787884473801e-02
1.390422228723764420e-02
1.376050990074872971e-02
1.298228837549686432e-02
1.365959644317626953e-02
1.120312418788671494e-02
1.367582753300666809e-02
1.411261316388845444e-02
1.357272267341613770e-02
1.347450818866491318e-02
1.293148472905158997e-02
1.370761357247829437e-02
1.404303032904863358e-02
1.360765751451253891e-02
1.391934789717197418e-02
1.353092584758996964e-02
1.372971758246421814e-02
1.384869869798421860e-02
1.368493959307670593e-02
1.381609495729207993e-02
1.388843730092048645e-02
1.363394781947135925e-02
1.382559631019830704e-02
1.393741928040981293e-02
1.363170426338911057e-02
1.354512292891740799e-02
1.387105789035558701e-02
1.374607440084218979e-02
1.343991141766309738e-02
1.278140489012002945e-02
1.319631654769182205e-02
1.340694166719913483e-02
1.372280437499284744e-02
1.364172995090484619e-02
1.367778424173593521e-02
1.341226417571306229e-02
1.359678711742162704e-02
1.360249426215887070e-02
1.380346994847059250e-02
1.380771771073341370e-02
1.369427982717752457e-02
1.400264538824558258e-02
1.395559404045343399e-02
1.330006681382656097e-02
1.381676737219095230e-02
1.397639140486717224e-02
1.377603132277727127e-02
1.422697305679321289e-02
1.344674266874790192e-02
1.358623895794153214e-02
1.302119530737400055e-02
1.392428483814001083e-02
1.351707894355058670e-02
1.364642102271318436e-02
1.370612625032663345e-02
1.373519003391265869e-02
1.345042977482080460e-02
1.371397729963064194e-02
1.383109949529170990e-02
1.391060091555118561e-02
1.336772367358207703e-02
1.370722707360982895e-02
1.349238958209753036e-02
1.345172151923179626e-02
1.335497852414846420e-02
1.348225772380828857e-02
9.255480952560901642e-03
1.339512411504983902e-02
1.372108701616525650e-02
1.378242392092943192e-02
1.367379631847143173e-02
1.337960083037614822e-02
1.369738951325416565e-02
1.399326883256435394e-02
1.158768218010663986e-02
1.378416642546653748e-02
1.345442328602075577e-02
1.357622072100639343e-02
1.360575482249259949e-02
1.399040501564741135e-02
1.357942540198564529e-02
1.357951387763023376e-02
1.335542835295200348e-02
1.355891767889261246e-02
1.385720446705818176e-02
1.325390394777059555e-02
1.394243910908699036e-02
1.376313250511884689e-02
1.378131285309791565e-02
1.390785537660121918e-02
1.353083178400993347e-02
1.367508526891469955e-02
1.186206098645925522e-02
1.364217791706323624e-02
1.394561771303415298e-02
1.366932410746812820e-02
1.329337991774082184e-02
1.347308699041604996e-02
1.393513660877943039e-02
1.313479617238044739e-02
1.341192796826362610e-02
1.356726232916116714e-02
1.300719007849693298e-02
1.384503208100795746e-02
1.408262178301811218e-02
1.367700938135385513e-02
1.298401597887277603e-02
1.351009961217641830e-02
1.353226602077484131e-02
1.101596653461456299e-02
1.337226573377847672e-02
1.313742902129888535e-02
1.236843224614858627e-02
1.381409447640180588e-02
1.386521849781274796e-02
1.374401804059743881e-02
1.368554495275020599e-02
1.312743779271841049e-02
1.347865071147680283e-02
1.357459183782339096e-02
1.337448600679636002e-02
1.381412521004676819e-02
1.337186060845851898e-02
1.365259010344743729e-02
1.382196508347988129e-02
1.382526475936174393e-02
1.389032229781150818e-02
1.353991311043500900e-02
1.380543317645788193e-02
1.379185076802968979e-02
1.368768606334924698e-02
1.362885162234306335e-02
1.025562267750501633e-02
1.355736330151557922e-02
1.409829221665859222e-02
1.310368813574314117e-02
