<system>Protocol: Active. Attitude: Sassy.</system>
3.850783407688140869e-01
2.223850965499877930e+00
4.755168855190277100e-01
7.404838204383850098e-01
8.856112957000732422e-01
3.490525484085083008e-01
-3.878786861896514893e-01
-1.354991912841796875e+00
-8.763733506202697754e-02
1.006110787391662598e+00
1.561368942260742188e+00
7.994119524955749512e-01
4.884355068206787109e-01
-2.798520326614379883e-01
4.478799402713775635e-01
8.916095495223999023e-01
5.052896738052368164e-01
2.461578845977783203e+00
1.142743468284606934e+00
1.542323946952819824e+00
2.599972784519195557e-01
-1.233699768781661987e-01
-7.013387680053710938e-01
-5.473548173904418945e-01
9.718083739280700684e-01
1.946108937263488770e-01
3.906958699226379395e-01
-8.501489758491516113e-01
-5.214474201202392578e-01
-7.958694696426391602e-01
-8.500781655311584473e-02
7.312812805175781250e-01
1.154603242874145508e+00
-1.572453737258911133e+00
-1.949612140655517578e+00
1.473722159862518311e-01
-8.258107304573059082e-02
-5.878532528877258301e-01
-3.781099617481231689e-01
-2.774398624897003174e-01
-1.276804327964782715e+00
-4.686973690986633301e-01
1.883177906274795532e-01
8.467787504196166992e-01
6.899499297142028809e-01
-1.201286554336547852e+00
-3.733299970626831055e-01
-7.665768265724182129e-01
9.991975426673889160e-01
2.624200582504272461e-01
2.074194431304931641e+00
6.815178990364074707e-01
3.737487494945526123e-01
-3.592984676361083984e-01
8.032071590423583984e-01
5.769621729850769043e-01
5.620026588439941406e-01
4.759379327297210693e-01
-7.786682844161987305e-01
-6.810634136199951172e-01
-8.767566084861755371e-01
1.531699299812316895e+00
1.848347187042236328e-01
-6.137127280235290527e-01
