<system>Protocol: Active. Attitude: Sassy.</system>
1.062826532870531082e-02
1.059065572917461395e-02
1.087117195129394531e-02
1.123665273189544678e-02
1.046082377433776855e-02
1.087959669530391693e-02
1.108419522643089294e-02
1.078689284622669220e-02
1.038769539445638657e-02
1.112325116991996765e-02
1.073246728628873825e-02
1.090175472199916840e-02
1.047760713845491409e-02
1.112622860819101334e-02
1.067798212170600891e-02
1.233407296240329742e-02
1.182234473526477814e-02
1.104902662336826324e-02
1.053431071341037750e-02
1.052246615290641785e-02
1.088450290262699127e-02
1.077853422611951828e-02
1.100424397736787796e-02
1.162199582904577255e-02
1.083357445895671844e-02
1.042139157652854919e-02
1.137514226138591766e-02
1.088393107056617737e-02
1.096351724117994308e-02
1.105697266757488251e-02
1.134549267590045929e-02
1.063471939414739609e-02
9.817095473408699036e-03
1.062860526144504547e-02
1.065657287836074829e-02
6.216894369572401047e-03
1.045409683138132095e-02
1.150325126945972443e-02
1.113526429980993271e-02
1.059184782207012177e-02
1.053655706346035004e-02
1.058263145387172699e-02
1.103511080145835876e-02
1.091872155666351318e-02
1.071706600487232208e-02
1.196931116282939911e-02
1.123774703592061996e-02
9.094120934605598450e-03
1.079277880489826202e-02
1.160241104662418365e-02
1.107928063720464706e-02
1.153869833797216415e-02
1.085490547120571136e-02
1.119652949273586273e-02
1.031292602419853210e-02
1.093906909227371216e-02
1.082634739577770233e-02
1.107203494757413864e-02
1.106490567326545715e-02
1.076604332774877548e-02
1.112098153680562973e-02
1.080486457794904709e-02
1.082866638898849487e-02
1.033765170723199844e-02
1.106062624603509903e-02
1.084884721785783768e-02
1.052391249686479568e-02
1.035783905535936356e-02
1.043947599828243256e-02
1.083798985928297043e-02
1.121798530220985413e-02
9.726198390126228333e-03
1.039989106357097626e-02
1.076906919479370117e-02
1.064425706863403320e-02
1.049225032329559326e-02
1.083326712250709534e-02
1.051199994981288910e-02
1.065705809742212296e-02
8.315212093293666840e-03
1.090960763394832611e-02
1.351005118340253830e-02
1.063621882349252701e-02
1.115752104669809341e-02
1.148760877549648285e-02
1.247402094304561615e-02
1.046854723244905472e-02
1.131808012723922729e-02
1.211084239184856415e-02
1.069186627864837646e-02
1.086021214723587036e-02
1.130730099976062775e-02
1.079901494085788727e-02
1.084957644343376160e-02
1.052694953978061676e-02
1.238028425723314285e-02
1.072162762284278870e-02
1.052339747548103333e-02
1.385383587330579758e-02
1.100414711982011795e-02
1.077019423246383667e-02
1.048667449504137039e-02
1.111232582479715347e-02
1.058378908783197403e-02
1.156007591634988785e-02
1.084041129797697067e-02
1.069964282214641571e-02
1.080422475934028625e-02
1.106009725481271744e-02
1.096308417618274689e-02
1.141719799488782883e-02
1.005283743143081665e-02
1.082433387637138367e-02
1.058157067745923996e-02
9.825946763157844543e-03
1.083451323211193085e-02
1.125084981322288513e-02
1.228671520948410034e-02
1.054063159972429276e-02
1.074142474681138992e-02
1.105399709194898605e-02
1.089255232363939285e-02
1.048496551811695099e-02
1.072042714804410934e-02
1.052321679890155792e-02
1.054593082517385483e-02
1.175479218363761902e-02
1.175361685454845428e-02
1.129800826311111450e-02
1.111302711069583893e-02
1.137477159500122070e-02
1.053156144917011261e-02
1.088361907750368118e-02
1.112312078475952148e-02
1.096469908952713013e-02
1.019421406090259552e-02
1.068552676588296890e-02
1.069166790693998337e-02
1.124224811792373657e-02
1.082373876124620438e-02
1.058192551136016846e-02
1.094826776534318924e-02
1.106833107769489288e-02
1.056620758026838303e-02
1.068295817822217941e-02
1.187356747686862946e-02
1.018419954925775528e-02
1.101892348378896713e-02
1.080258563160896301e-02
1.077912654727697372e-02
1.261868793517351151e-02
1.122336089611053467e-02
1.070144586265087128e-02
1.066671404987573624e-02
1.111827511340379715e-02
9.838467463850975037e-03
1.014189980924129486e-02
1.078156661242246628e-02
1.260363310575485229e-02
1.056076493114233017e-02
1.094013359397649765e-02
1.098070293664932251e-02
1.103080250322818756e-02
1.062439754605293274e-02
1.184933725744485855e-02
1.127556897699832916e-02
1.203880272805690765e-02
1.011864840984344482e-02
1.079183444380760193e-02
1.043641753494739532e-02
1.063171587884426117e-02
1.130299270153045654e-02
1.103988010436296463e-02
1.043425314128398895e-02
1.108719222247600555e-02
1.104078441858291626e-02
1.141996309161186218e-02
1.144452486187219620e-02
1.125141978263854980e-02
1.258392073214054108e-02
1.067237090319395065e-02
1.111148297786712646e-02
1.135241612792015076e-02
1.062488742172718048e-02
1.531229354441165924e-02
1.101429853588342667e-02
1.118714176118373871e-02
1.066197361797094345e-02
1.027324236929416656e-02
1.030675321817398071e-02
1.072442159056663513e-02
1.058379840105772018e-02
1.048147212713956833e-02
1.114968024194240570e-02
1.311899162828922272e-02
1.081575267016887665e-02
1.145101338624954224e-02
1.008975878357887268e-02
1.176378969103097916e-02
1.023102179169654846e-02
1.129342056810855865e-02
1.065564621239900589e-02
1.035106554627418518e-02
1.123386435210704803e-02
1.098898053169250488e-02
1.121211331337690353e-02
1.082799863070249557e-02
1.074233092367649078e-02
1.127624139189720154e-02
1.127201691269874573e-02
1.088237017393112183e-02
1.085672248154878616e-02
1.198936626315116882e-02
1.109015569090843201e-02
1.086159422993659973e-02
1.099663786590099335e-02
1.054163090884685516e-02
1.031626760959625244e-02
1.097891665995121002e-02
9.533321484923362732e-03
1.082625612616539001e-02
1.220990531146526337e-02
1.108865719288587570e-02
9.569163434207439423e-03
1.099801249802112579e-02
1.076350547373294830e-02
1.082009728997945786e-02
1.144622918218374252e-02
1.102061383426189423e-02
1.072853244841098785e-02
1.063348911702632904e-02
1.176659204065799713e-02
1.054567843675613403e-02
1.067313924431800842e-02
1.046295836567878723e-02
1.113625615835189819e-02
1.051597483456134796e-02
1.023633591830730438e-02
1.099780108779668808e-02
1.106976345181465149e-02
1.105710398405790329e-02
1.085633039474487305e-02
1.094498671591281891e-02
1.070385985076427460e-02
1.104689575731754303e-02
1.077829673886299133e-02
1.079275086522102356e-02
1.150388363748788834e-02
1.105209998786449432e-02
1.133127324283123016e-02
1.116737350821495056e-02
1.152306981384754181e-02
1.040966343134641647e-02
1.086431369185447693e-02
1.143417321145534515e-02
1.118715200573205948e-02
1.121541857719421387e-02
1.015391666442155838e-02
1.079587172716856003e-02
1.118453592061996460e-02
1.158496458083391190e-02
1.078695897012948990e-02
1.064831856638193130e-02
1.053143106400966644e-02
1.053752098232507706e-02
1.032911799848079681e-02
1.091406680643558502e-02
1.145604811608791351e-02
1.100536994636058807e-02
1.090685371309518814e-02
1.055454276502132416e-02
1.108946837484836578e-02
1.064826175570487976e-02
1.050803996622562408e-02
1.148495823144912720e-02
9.534722194075584412e-03
1.114433072507381439e-02
1.100316271185874939e-02
1.081100571900606155e-02
1.023692823946475983e-02
1.040530763566493988e-02
1.129496097564697266e-02
1.079426612704992294e-02
1.091899536550045013e-02
1.115602627396583557e-02
1.140392199158668518e-02
1.032479852437973022e-02
1.166329719126224518e-02
1.088614575564861298e-02
1.063964609056711197e-02
1.228672917932271957e-02
1.059418078511953354e-02
1.223922986537218094e-02
1.173082180321216583e-02
1.215277425944805145e-02
1.074158027768135071e-02
1.115760765969753265e-02
1.362336706370115280e-02
1.056330464780330658e-02
1.005384139716625214e-02
1.069822628051042557e-02
1.056729070842266083e-02
1.133788470178842545e-02
1.086364220827817917e-02
1.161079667508602142e-02
1.054796390235424042e-02
1.114767976105213165e-02
1.166903413832187653e-02
1.082796510308980942e-02
1.055900566279888153e-02
1.116311736404895782e-02
1.154211442917585373e-02
1.058341283351182938e-02
1.049811579287052155e-02
1.040548365563154221e-02
1.058037299662828445e-02
1.051609683781862259e-02
1.168798469007015228e-02
1.134236156940460205e-02
1.082408428192138672e-02
1.110459584742784500e-02
1.049732789397239685e-02
1.085098925977945328e-02
1.137734204530715942e-02
1.096606999635696411e-02
1.098971813917160034e-02
1.075702626258134842e-02
1.100134477019309998e-02
1.065174024552106857e-02
1.062816567718982697e-02
1.030393689870834351e-02
1.030525751411914825e-02
1.093299314379692078e-02
1.054380647838115692e-02
1.060563512146472931e-02
1.028185337781906128e-02
9.983474388718605042e-03
1.025859825313091278e-02
1.135855820029973984e-02
1.069663837552070618e-02
1.082916371524333954e-02
9.821020998060703278e-03
1.070992555469274521e-02
1.101536303758621216e-02
1.329524442553520203e-02
1.030219439417123795e-02
1.106454804539680481e-02
1.146334782242774963e-02
1.060257479548454285e-02
1.086383871734142303e-02
1.075713895261287689e-02
1.039955578744411469e-02
1.111083291471004486e-02
9.967548772692680359e-03
1.035231631249189377e-02
1.143812946975231171e-02
1.106744445860385895e-02
1.082555297762155533e-02
1.053043641149997711e-02
1.095223240554332733e-02
1.119695976376533508e-02
1.131411362439393997e-02
1.147111877799034119e-02
9.989086538553237915e-03
1.144351996481418610e-02
1.477291435003280640e-02
1.057165302336215973e-02
1.112254895269870758e-02
1.143013685941696167e-02
9.962508454918861389e-03
1.155940257012844086e-02
1.267210859805345535e-02
1.104017812758684158e-02
1.087607629597187042e-02
1.064287405461072922e-02
1.031853631138801575e-02
1.136976294219493866e-02
1.132219005376100540e-02
1.343682873994112015e-02
1.097321324050426483e-02
1.307055912911891937e-02
1.080423872917890549e-02
1.069568656384944916e-02
1.076179742813110352e-02
1.150155067443847656e-02
1.076208427548408508e-02
1.081796362996101379e-02
1.171959377825260162e-02
1.126772165298461914e-02
1.092230528593063354e-02
1.059450954198837280e-02
1.085147727280855179e-02
1.103749684989452362e-02
1.072601322084665298e-02
1.109772268682718277e-02
1.121403090655803680e-02
1.155485026538372040e-02
1.089522242546081543e-02
1.064789481461048126e-02
1.157039683312177658e-02
1.076296065002679825e-02
1.087776944041252136e-02
1.108767930418252945e-02
1.091676857322454453e-02
1.046747155487537384e-02
1.038013026118278503e-02
1.079324260354042053e-02
1.109701581299304962e-02
1.069839112460613251e-02
1.090197823941707611e-02
1.004118658602237701e-02
3.237722814083099365e-02
1.125954091548919678e-02
9.800879284739494324e-03
1.105945371091365814e-02
1.045909058302640915e-02
1.116415485739707947e-02
1.087420620024204254e-02
1.013831142336130142e-02
1.052725315093994141e-02
1.136166416108608246e-02
1.108106132596731186e-02
1.118225604295730591e-02
1.108602434396743774e-02
2.035832777619361877e-02
1.073296926915645599e-02
7.816121913492679596e-03
1.105250418186187744e-02
1.102062314748764038e-02
1.087874174118041992e-02
1.022479310631752014e-02
1.083288528025150299e-02
1.115498412400484085e-02
1.083187293261289597e-02
1.069003157317638397e-02
1.059176772832870483e-02
1.052263937890529633e-02
1.172761619091033936e-02
1.009104400873184204e-02
1.043714489787817001e-02
1.075325720012187958e-02
1.122525427490472794e-02
1.123754680156707764e-02
1.062264386564493179e-02
1.119619607925415039e-02
6.557783577591180801e-03
1.042709872126579285e-02
1.089884620159864426e-02
1.100982446223497391e-02
1.084494870156049728e-02
1.095329597592353821e-02
1.115148328244686127e-02
1.184302009642124176e-02
1.167022623121738434e-02
1.121694501489400864e-02
1.109894737601280212e-02
1.003623940050601959e-02
1.277684047818183899e-02
1.089345850050449371e-02
1.096283271908760071e-02
1.157917268574237823e-02
1.042134780436754227e-02
1.039657182991504669e-02
7.603176403790712357e-03
1.108677964657545090e-02
1.102493051439523697e-02
8.942452259361743927e-03
1.112941838800907135e-02
1.230925507843494415e-02
8.930824697017669678e-03
1.125694066286087036e-02
1.096523925662040710e-02
1.089565455913543701e-02
1.023473776876926422e-02
1.133846305310726166e-02
1.136617921292781830e-02
1.073529571294784546e-02
9.250715374946594238e-03
1.145676430314779282e-02
1.146201603114604950e-02
1.095134019851684570e-02
1.063583604991436005e-02
1.034693885594606400e-02
1.119136996567249298e-02
1.069546118378639221e-02
1.215354073792695999e-02
1.728031784296035767e-02
1.070434506982564926e-02
1.035457476973533630e-02
1.459048315882682800e-02
1.192668452858924866e-02
1.029125228524208069e-02
1.041329465806484222e-02
1.066875457763671875e-02
1.088972203433513641e-02
1.014460343867540359e-02
1.195290032774209976e-02
1.152560673654079437e-02
1.110217534005641937e-02
1.029564067721366882e-02
1.076089031994342804e-02
7.833238691091537476e-03
1.055721286684274673e-02
1.067817211151123047e-02
1.037335768342018127e-02
1.090209558606147766e-02
1.119205076247453690e-02
1.064430736005306244e-02
1.149792224168777466e-02
1.051015872508287430e-02
1.109778415411710739e-02
1.031949371099472046e-02
1.339127123355865479e-02
9.861225262284278870e-03
1.085741445422172546e-02
1.159125939011573792e-02
1.030621118843555450e-02
1.085053570568561554e-02
1.084645744413137436e-02
1.077521406114101410e-02
1.108915638178586960e-02
1.133974641561508179e-02
1.146274339407682419e-02
1.060916855931282043e-02
1.066794898360967636e-02
9.377305395901203156e-03
1.081342063844203949e-02
1.058283261954784393e-02
1.127538457512855530e-02
1.142314821481704712e-02
1.034906879067420959e-02
1.068936008960008621e-02
1.073160395026206970e-02
1.064163260161876678e-02
1.106218155473470688e-02
1.087165065109729767e-02
1.056613214313983917e-02
1.158925890922546387e-02
1.081451959908008575e-02
1.034191623330116272e-02
1.104741636663675308e-02
1.096597313880920410e-02
1.034392323344945908e-02
1.062210276722908020e-02
1.071492210030555725e-02
1.064432598650455475e-02
1.038236357271671295e-02
1.011601742357015610e-02
1.075362227857112885e-02
1.075339131057262421e-02
1.070972159504890442e-02
1.094596553593873978e-02
1.081315334886312485e-02
1.056258473545312881e-02
1.033166702836751938e-02
1.111846603453159332e-02
1.107593066990375519e-02
1.086437515914440155e-02
1.067479792982339859e-02
1.077113114297389984e-02
1.159513834863901138e-02
1.054764539003372192e-02
1.091741677373647690e-02
1.111866720020771027e-02
1.062939502298831940e-02
1.011936552822589874e-02
1.467144489288330078e-02
1.064890716224908829e-02
1.104484684765338898e-02
1.013281010091304779e-02
1.101055648177862167e-02
1.086101867258548737e-02
1.205159816890954971e-02
1.139978319406509399e-02
1.081107184290885925e-02
1.135342475026845932e-02
1.107596606016159058e-02
1.086103916168212891e-02
1.080113369971513748e-02
1.060328353196382523e-02
1.132848020642995834e-02
1.129149086773395538e-02
1.103671267628669739e-02
1.060342136770486832e-02
1.189068052917718887e-02
1.050847023725509644e-02
1.067070290446281433e-02
1.065259240567684174e-02
1.109320484101772308e-02
1.070880331099033356e-02
1.094997860491275787e-02
1.068463362753391266e-02
1.084218919277191162e-02
1.111847162246704102e-02
1.108622644096612930e-02
1.070239581167697906e-02
1.082286983728408813e-02
1.104431413114070892e-02
1.061292365193367004e-02
1.058090478181838989e-02
1.306945644319057465e-02
1.097984332591295242e-02
1.070224307477474213e-02
1.177203375846147537e-02
1.088225841522216797e-02
1.035635918378829956e-02
1.060478109866380692e-02
1.076574809849262238e-02
1.080420240759849548e-02
1.132605783641338348e-02
1.027440838515758514e-02
1.062788069248199463e-02
1.128220558166503906e-02
1.063357666134834290e-02
1.018423214554786682e-02
1.091025490313768387e-02
1.082712411880493164e-02
1.045245490968227386e-02
1.160295493900775909e-02
1.072913967072963715e-02
1.032545976340770721e-02
1.047361083328723907e-02
1.072856038808822632e-02
1.229873858392238617e-02
1.465731300413608551e-02
1.074771862477064133e-02
9.854950010776519775e-03
1.158308424055576324e-02
1.074505876749753952e-02
1.041752658784389496e-02
1.097780093550682068e-02
1.068785041570663452e-02
1.146892178803682327e-02
1.159243285655975342e-02
1.103627681732177734e-02
1.093785837292671204e-02
1.138101052492856979e-02
1.054081320762634277e-02
1.072674524039030075e-02
1.156124100089073181e-02
1.226262375712394714e-02
1.021889597177505493e-02
1.062080264091491699e-02
1.053606346249580383e-02
1.357881724834442139e-02
9.741705842316150665e-03
1.065781340003013611e-02
1.019484829157590866e-02
1.076170057058334351e-02
1.111811306327581406e-02
1.108838338404893875e-02
1.125259231775999069e-02
1.362970098853111267e-02
1.149729546159505844e-02
1.073874719440937042e-02
1.148249581456184387e-02
1.055101584643125534e-02
1.097538135945796967e-02
1.046032458543777466e-02
1.052539609372615814e-02
1.012160070240497589e-02
8.593551814556121826e-03
1.057455316185951233e-02
9.242692030966281891e-03
1.092031970620155334e-02
1.106388773769140244e-02
1.119698211550712585e-02
1.094934437423944473e-02
1.493859849870204926e-02
1.145526953041553497e-02
1.030759140849113464e-02
1.165699027478694916e-02
1.103831268846988678e-02
1.068852748721837997e-02
1.153566688299179077e-02
1.100252009928226471e-02
1.068955939263105392e-02
1.072555221617221832e-02
1.080983132123947144e-02
1.054112985730171204e-02
1.052857190370559692e-02
1.094879396259784698e-02
1.043799426406621933e-02
1.039041858166456223e-02
1.061479374766349792e-02
1.054662466049194336e-02
1.084384415298700333e-02
1.399220153689384460e-02
1.084470376372337341e-02
1.111796870827674866e-02
1.094979420304298401e-02
1.171937771141529083e-02
1.126330904662609100e-02
1.152155548334121704e-02
1.097406912595033646e-02
1.101448200643062592e-02
1.081011630594730377e-02
1.011623535305261612e-02
1.114240474998950958e-02
1.125994138419628143e-02
1.122848689556121826e-02
1.093635987490415573e-02
1.387661509215831757e-02
1.033782958984375000e-02
1.056819502264261246e-02
1.074101123958826065e-02
1.048827171325683594e-02
1.103935949504375458e-02
1.078049652278423309e-02
7.390193641185760498e-03
1.043944805860519409e-02
1.046826876699924469e-02
1.075631100684404373e-02
1.163691747933626175e-02
1.031224709004163742e-02
1.259800791740417480e-02
1.036953367292881012e-02
1.046870835125446320e-02
1.129802409559488297e-02
1.083281077444553375e-02
1.017055660486221313e-02
1.085112616419792175e-02
1.097864098846912384e-02
1.281913742423057556e-02
1.075391657650470734e-02
1.059394702315330505e-02
1.049909740686416626e-02
1.042271777987480164e-02
1.060694549232721329e-02
1.055048778653144836e-02
1.028182543814182281e-02
1.050282549113035202e-02
1.110348105430603027e-02
1.104345265775918961e-02
1.084019150584936142e-02
7.187856361269950867e-03
1.086806878447532654e-02
1.215841528028249741e-02
7.275239098817110062e-03
1.064138486981391907e-02
1.130170747637748718e-02
1.086286269128322601e-02
1.073792949318885803e-02
1.108949724584817886e-02
9.606661275029182434e-03
1.118438877165317535e-02
1.078628376126289368e-02
1.111678034067153931e-02
1.030917465686798096e-02
1.335998997092247009e-02
1.063948310911655426e-02
1.112499274313449860e-02
1.117175631225109100e-02
1.356057822704315186e-02
1.037320680916309357e-02
1.103086210787296295e-02
8.685702458024024963e-03
1.091969292610883713e-02
1.123264245688915253e-02
1.097625680267810822e-02
1.034709066152572632e-02
1.091390103101730347e-02
1.065361499786376953e-02
1.064177323132753372e-02
1.048300601541996002e-02
1.264183595776557922e-02
1.029369048774242401e-02
1.113033108413219452e-02
1.076642051339149475e-02
1.058842986822128296e-02
1.100321207195520401e-02
1.114822179079055786e-02
1.074320077896118164e-02
1.061338745057582855e-02
8.269267156720161438e-03
1.194230653345584869e-02
1.139327883720397949e-02
1.132421102374792099e-02
1.098570320755243301e-02
1.087423972785472870e-02
1.054216735064983368e-02
1.092958077788352966e-02
1.128250919282436371e-02
1.122607477009296417e-02
1.153624244034290314e-02
1.043299399316310883e-02
1.116733718663454056e-02
1.094721443951129913e-02
1.110555045306682587e-02
9.561590850353240967e-03
1.072245836257934570e-02
1.065034326165914536e-02
1.094033569097518921e-02
1.065551117062568665e-02
1.047415193170309067e-02
1.049890834838151932e-02
1.092532742768526077e-02
1.121263392269611359e-02
1.148788165301084518e-02
1.035315357148647308e-02
1.085407193750143051e-02
9.936098009347915649e-03
1.256375014781951904e-02
1.046321634203195572e-02
1.058085262775421143e-02
1.080919709056615829e-02
1.069257408380508423e-02
1.021745987236499786e-02
1.062251441180706024e-02
1.151890680193901062e-02
1.195593364536762238e-02
1.042709313333034515e-02
1.113569457083940506e-02
1.059059426188468933e-02
1.051995065063238144e-02
1.081260107457637787e-02
1.080766133964061737e-02
1.069299317896366119e-02
1.080411858856678009e-02
1.121050678193569183e-02
1.051703281700611115e-02
8.359706029295921326e-03
1.096206065267324448e-02
1.042875275015830994e-02
1.009782683104276657e-02
1.075810752809047699e-02
1.041733101010322571e-02
1.053105480968952179e-02
1.123959012329578400e-02
1.066806726157665253e-02
1.053254492580890656e-02
1.042860466986894608e-02
1.121457107365131378e-02
1.036792341619729996e-02
1.153464615345001221e-02
1.111036166548728943e-02
1.009318605065345764e-02
9.863812476396560669e-03
1.022751349955797195e-02
1.144084148108959198e-02
1.076005585491657257e-02
1.100732013583183289e-02
1.039701234549283981e-02
1.231375336647033691e-02
1.046206615865230560e-02
1.254039816558361053e-02
1.102472841739654541e-02
1.098035089671611786e-02
1.108046900480985641e-02
1.166952773928642273e-02
1.124642416834831238e-02
1.103171426802873611e-02
1.085904706269502640e-02
1.093930471688508987e-02
1.110074203461408615e-02
1.062217541038990021e-02
1.049748901277780533e-02
1.182889845222234726e-02
1.055016182363033295e-02
1.104347035288810730e-02
1.051392126828432083e-02
1.100884005427360535e-02
1.089162006974220276e-02
1.067680679261684418e-02
9.980340488255023956e-03
1.067032571882009506e-02
1.051660813391208649e-02
1.129841618239879608e-02
1.074480731040239334e-02
1.181475445628166199e-02
1.095020957291126251e-02
1.116313599050045013e-02
1.100629754364490509e-02
1.118860859423875809e-02
1.075325533747673035e-02
1.058893371373414993e-02
1.067909598350524902e-02
1.105069927871227264e-02
1.064572297036647797e-02
1.054794806987047195e-02
9.816844016313552856e-03
1.119372248649597168e-02
1.053682249039411545e-02
1.068449206650257111e-02
1.366836577653884888e-02
1.062954030930995941e-02
1.057245861738920212e-02
1.100349612534046173e-02
1.083388458937406540e-02
1.086756400763988495e-02
1.086010038852691650e-02
1.084793917834758759e-02
1.071886066347360611e-02
1.059996895492076874e-02
1.086344663053750992e-02
1.015624403953552246e-02
1.046461425721645355e-02
1.093795429915189743e-02
1.060582138597965240e-02
1.060484256595373154e-02
1.043715886771678925e-02
1.100732944905757904e-02
1.174814254045486450e-02
1.107946876436471939e-02
1.223852857947349548e-02
1.103279739618301392e-02
1.039275899529457092e-02
1.043221075087785721e-02
9.768453426659107208e-03
1.060265116393566132e-02
1.166246086359024048e-02
1.031154766678810120e-02
1.165514532476663589e-02
1.139795035123825073e-02
1.127776876091957092e-02
1.069142390042543411e-02
1.116167008876800537e-02
1.034322194755077362e-02
1.358159538358449936e-02
1.128300651907920837e-02
1.068287622183561325e-02
1.041396334767341614e-02
1.137796323746442795e-02
1.103364676237106323e-02
1.103975996375083923e-02
1.014254987239837646e-02
1.050158403813838959e-02
1.105130836367607117e-02
7.366598583757877350e-03
1.072156336158514023e-02
1.095454767346382141e-02
1.101259700953960419e-02
1.052393577992916107e-02
1.063865423202514648e-02
1.086844876408576965e-02
1.053018774837255478e-02
1.088400743901729584e-02
1.053219381719827652e-02
1.106693223118782043e-02
1.108491234481334686e-02
1.099572144448757172e-02
1.078375615179538727e-02
8.262563496828079224e-03
1.241475157439708710e-02
1.108881551772356033e-02
1.133110746741294861e-02
1.054056175053119659e-02
8.530519902706146240e-03
1.032470539212226868e-02
1.047627069056034088e-02
1.284746453166007996e-02
9.926922619342803955e-03
1.099066063761711121e-02
1.386413443833589554e-02
1.075859554111957550e-02
1.042844634503126144e-02
1.173829380422830582e-02
1.031733676791191101e-02
1.060551498085260391e-02
1.047853939235210419e-02
1.112304069101810455e-02
1.076658442616462708e-02
1.080390810966491699e-02
1.136170793324708939e-02
1.068099681288003922e-02
1.046000700443983078e-02
1.053746044635772705e-02
1.135542057454586029e-02
1.189203094691038132e-02
1.060293242335319519e-02
1.127996295690536499e-02
1.046343334019184113e-02
1.124154031276702881e-02
1.105618849396705627e-02
1.065999176353216171e-02
1.031679566949605942e-02
1.061620656400918961e-02
1.130248606204986572e-02
1.231084577739238739e-02
1.120026223361492157e-02
1.073623262345790863e-02
1.074138376861810684e-02
1.085417717695236206e-02
1.025720313191413879e-02
1.089010853320360184e-02
1.074584014713764191e-02
1.038654986768960953e-02
1.107941754162311554e-02
1.194065250456333160e-02
1.174513343721628189e-02
1.113135088235139847e-02
1.253227423876523972e-02
1.098632439970970154e-02
1.092850323766469955e-02
1.060154754668474197e-02
1.086950860917568207e-02
1.073213107883930206e-02
1.085764542222023010e-02
1.042094733566045761e-02
1.045647729188203812e-02
1.109918765723705292e-02
1.049443893134593964e-02
1.533742807805538177e-02
1.146621163934469223e-02
1.046783849596977234e-02
1.106287352740764618e-02
1.048976369202136993e-02
1.266175042837858200e-02
1.053789537400007248e-02
1.088552735745906830e-02
1.010208949446678162e-02
1.121949683874845505e-02
1.136749796569347382e-02
1.071643829345703125e-02
1.114512979984283447e-02
1.087519340217113495e-02
1.156705617904663086e-02
1.087758876383304596e-02
1.075798273086547852e-02
1.093104202300310135e-02
1.071817986667156219e-02
1.084104087203741074e-02
1.103785447776317596e-02
9.464773349463939667e-03
1.097956113517284393e-02
1.068947277963161469e-02
1.111461408436298370e-02
1.166088506579399109e-02
1.032753940671682358e-02
1.073994301259517670e-02
1.153457816690206528e-02
1.088318508118391037e-02
1.089874096214771271e-02
1.138964295387268066e-02
1.207656599581241608e-02
1.097681559622287750e-02
1.086016092449426651e-02
9.976872242987155914e-03
1.088042650371789932e-02
1.221943553537130356e-02
1.043953187763690948e-02
9.955773130059242249e-03
1.140088774263858795e-02
1.135906577110290527e-02
1.499433629214763641e-02
1.009804755449295044e-02
1.117543317377567291e-02
1.077235862612724304e-02
1.048337947577238083e-02
1.047492772340774536e-02
1.030289568006992340e-02
1.100158132612705231e-02
1.073176134377717972e-02
8.368107490241527557e-03
1.053125225007534027e-02
1.020640786737203598e-02
1.052248291671276093e-02
1.147144474089145660e-02
1.088262069970369339e-02
1.108290813863277435e-02
1.085249893367290497e-02
1.116052083671092987e-02
1.100967545062303543e-02
7.739930413663387299e-03
1.044476684182882309e-02
1.145603135228157043e-02
1.178999431431293488e-02
1.057532802224159241e-02
1.093452516943216324e-02
1.071662176400423050e-02
1.184409391134977341e-02
1.219681184738874435e-02
2.220061607658863068e-02
1.195945031940937042e-02
1.034265756607055664e-02
1.078898459672927856e-02
1.064034737646579742e-02
1.097577624022960663e-02
1.038757152855396271e-02
1.116112247109413147e-02
1.035818364471197128e-02
1.075706724077463150e-02
1.061008311808109283e-02
1.129888929426670074e-02
1.098267827183008194e-02
1.195814181119203568e-02
1.093449443578720093e-02
1.236673258244991302e-02
1.072750147432088852e-02
1.052583288401365280e-02
1.087390631437301636e-02
1.199234649538993835e-02
1.138695329427719116e-02
1.086090225726366043e-02
9.962696582078933716e-03
1.097836904227733612e-02
1.118668541312217712e-02
1.100355572998523712e-02
1.097632758319377899e-02
1.061688177287578583e-02
1.065669022500514984e-02
1.029529795050621033e-02
9.945285506546497345e-03
1.132863853126764297e-02
1.075617596507072449e-02
1.105521991848945618e-02
1.095225475728511810e-02
1.152721233665943146e-02
1.061974652111530304e-02
1.027583330869674683e-02
2.067761681973934174e-02
1.078865211457014084e-02
1.098329387605190277e-02
1.088118273764848709e-02
1.096495054662227631e-02
1.037520915269851685e-02
1.137841865420341492e-02
1.142874266952276230e-02
1.044381223618984222e-02
1.360458508133888245e-02
1.164337992668151855e-02
1.136561017483472824e-02
1.052310876548290253e-02
1.082174479961395264e-02
1.132061518728733063e-02
1.046132203191518784e-02
1.112563814967870712e-02
1.088286004960536957e-02
1.048512198030948639e-02
1.074595469981431961e-02
1.096604485064744949e-02
1.054610591381788254e-02
1.120260544121265411e-02
9.968565776944160461e-03
1.096206065267324448e-02
1.078400947153568268e-02
1.021649129688739777e-02
1.062226854264736176e-02
1.121103204786777496e-02
1.056645251810550690e-02
1.080279890447854996e-02
1.031792163848876953e-02
1.170286256819963455e-02
1.106409542262554169e-02
1.028228085488080978e-02
1.059381943196058273e-02
1.155766472220420837e-02
1.055133901536464691e-02
1.092346198856830597e-02
1.070408336818218231e-02
1.251211576163768768e-02
1.047740969806909561e-02
1.057062111794948578e-02
1.138763036578893661e-02
1.058012060821056366e-02
1.071080658584833145e-02
1.097092404961585999e-02
1.119010336697101593e-02
1.049319654703140259e-02
1.094004698097705841e-02
1.112075895071029663e-02
1.035773754119873047e-02
1.030360627919435501e-02
1.107716187834739685e-02
1.121198851615190506e-02
1.073519140481948853e-02
1.074636820703744888e-02
1.115875132381916046e-02
1.042931526899337769e-02
1.109775248914957047e-02
1.112889871001243591e-02
1.095683034509420395e-02
1.092183683067560196e-02
1.062030531466007233e-02
1.091016829013824463e-02
1.120682060718536377e-02
1.045286282896995544e-02
1.038202457129955292e-02
1.127154566347599030e-02
1.071467529982328415e-02
1.022671535611152649e-02
1.074557565152645111e-02
1.130003854632377625e-02
1.260255556553602219e-02
1.141298562288284302e-02
1.069084554910659790e-02
1.069499086588621140e-02
1.024826336652040482e-02
1.057722605764865875e-02
1.128828711807727814e-02
1.097838766872882843e-02
1.224595122039318085e-02
1.064778864383697510e-02
1.041768211871385574e-02
1.201841235160827637e-02
1.193557493388652802e-02
1.043074950575828552e-02
1.157586742192506790e-02
9.984932839870452881e-03
1.908158883452415466e-02
1.101330108940601349e-02
1.088640093803405762e-02
1.012060791254043579e-02
1.144488342106342316e-02
1.046746410429477692e-02
1.105571351945400238e-02
1.087514683604240417e-02
1.031830627471208572e-02
1.078361831605434418e-02
1.044074166566133499e-02
1.045575644820928574e-02
1.135327666997909546e-02
1.045837067067623138e-02
1.085236482322216034e-02
1.098029501736164093e-02
1.054476015269756317e-02
1.170445047318935394e-02
1.019418053328990936e-02
1.074439939111471176e-02
1.805587112903594971e-02
1.098838262259960175e-02
1.085495203733444214e-02
1.080661918967962265e-02
1.093161292374134064e-02
1.092203706502914429e-02
1.058032549917697906e-02
1.153629925101995468e-02
1.035851705819368362e-02
1.057680509984493256e-02
1.051851175725460052e-02
1.104134693741798401e-02
1.139511354267597198e-02
1.105584204196929932e-02
1.093195006251335144e-02
1.078541297465562820e-02
1.067575998604297638e-02
1.071034464985132217e-02
1.266569085419178009e-02
1.072287838906049728e-02
1.091434434056282043e-02
1.086803525686264038e-02
1.093558594584465027e-02
1.085063070058822632e-02
1.133543252944946289e-02
1.084501855075359344e-02
1.053500175476074219e-02
1.041894592344760895e-02
1.083927974104881287e-02
1.094922050833702087e-02
1.284191384911537170e-02
9.769631549715995789e-03
1.050992403179407120e-02
1.039616111665964127e-02
1.080403756350278854e-02
7.749914191663265228e-03
1.009707432240247726e-02
1.094639766961336136e-02
1.067780144512653351e-02
1.036534272134304047e-02
1.054614037275314331e-02
1.179083064198493958e-02
1.054522115737199783e-02
1.112984772771596909e-02
1.053169183433055878e-02
1.044766791164875031e-02
1.106085628271102905e-02
1.160213164985179901e-02
1.035397313535213470e-02
1.048299297690391541e-02
1.038290187716484070e-02
1.081525906920433044e-02
1.035244297236204147e-02
1.059707626700401306e-02
1.129140146076679230e-02
1.081584207713603973e-02
1.483994256705045700e-02
1.166997849941253662e-02
1.113712694495916367e-02
1.909399777650833130e-02
1.068211998790502548e-02
1.086862850934267044e-02
1.115292496979236603e-02
1.095226686447858810e-02
1.093295123428106308e-02
1.184221357107162476e-02
1.054160110652446747e-02
1.075507886707782745e-02
1.109938789159059525e-02
1.069214567542076111e-02
1.021648664027452469e-02
1.016059331595897675e-02
1.072391029447317123e-02
1.157530955970287323e-02
1.066083274781703949e-02
1.073705311864614487e-02
1.076175644993782043e-02
1.077426411211490631e-02
1.096709258854389191e-02
1.115265022963285446e-02
1.078956946730613708e-02
1.045231707394123077e-02
1.253759488463401794e-02
1.058012247085571289e-02
1.033383514732122421e-02
8.063201792538166046e-03
1.039152964949607849e-02
1.130168791860342026e-02
1.165262795984745026e-02
1.349117420613765717e-02
1.059589721262454987e-02
1.068280450999736786e-02
1.081864349544048309e-02
1.129763387143611908e-02
1.087695080786943436e-02
1.080939266830682755e-02
1.068293675780296326e-02
1.083116792142391205e-02
1.118631660938262939e-02
1.059909909963607788e-02
1.169614680111408234e-02
1.047344133257865906e-02
1.030417159199714661e-02
1.139614917337894440e-02
1.118916925042867661e-02
1.113099046051502228e-02
1.119831856340169907e-02
1.324046403169631958e-02
1.161318086087703705e-02
1.067931018769741058e-02
6.190242711454629898e-03
1.070181280374526978e-02
1.082100532948970795e-02
1.086836121976375580e-02
1.096234098076820374e-02
1.067157927900552750e-02
1.075431518256664276e-02
1.099444553256034851e-02
1.189272478222846985e-02
1.076382584869861603e-02
1.055467501282691956e-02
1.057979092001914978e-02
1.106086932122707367e-02
1.108817104250192642e-02
1.253220997750759125e-02
1.067436113953590393e-02
1.024117972701787949e-02
6.662650499492883682e-03
1.114887371659278870e-02
1.019173767417669296e-02
1.047421526163816452e-02
1.099980622529983521e-02
1.116769015789031982e-02
1.076941937208175659e-02
1.089632324874401093e-02
1.113543286919593811e-02
1.085069868713617325e-02
1.121434941887855530e-02
1.042070239782333374e-02
1.193304732441902161e-02
1.163314003497362137e-02
1.037016883492469788e-02
1.023155264556407928e-02
9.756084531545639038e-03
1.132471486926078796e-02
1.140086352825164795e-02
1.127203181385993958e-02
1.085971482098102570e-02
1.081662066280841827e-02
1.106613874435424805e-02
1.050707977265119553e-02
1.019011065363883972e-02
1.114361081272363663e-02
1.051521673798561096e-02
9.949510917067527771e-03
1.070532388985157013e-02
1.092538982629776001e-02
1.069105882197618484e-02
1.056676544249057770e-02
1.149669010192155838e-02
1.077913772314786911e-02
1.097112894058227539e-02
1.110797096043825150e-02
1.061373203992843628e-02
1.107547432184219360e-02
1.010767929255962372e-02
1.047105528414249420e-02
1.042724587023258209e-02
1.055191271007061005e-02
1.133135333657264709e-02
1.078800763934850693e-02
1.081454660743474960e-02
1.104351505637168884e-02
1.178904529660940170e-02
1.029506139457225800e-02
1.057163625955581665e-02
1.068586204200983047e-02
1.033574994653463364e-02
1.124537177383899689e-02
1.016442477703094482e-02
1.095679588615894318e-02
1.098797004669904709e-02
1.002370938658714294e-02
1.127820461988449097e-02
1.083541847765445709e-02
1.063095591962337494e-02
1.048295386135578156e-02
1.385876070708036423e-02
1.194834057241678238e-02
1.083233859390020370e-02
1.058064214885234833e-02
1.091921515762805939e-02
1.144826132804155350e-02
1.065603084862232208e-02
1.022296678274869919e-02
1.114733330905437469e-02
1.074682734906673431e-02
1.127994153648614883e-02
1.121843419969081879e-02
1.144332345575094223e-02
1.087266579270362854e-02
1.089546736329793930e-02
1.095734070986509323e-02
1.085308939218521118e-02
1.077829487621784210e-02
9.920769371092319489e-03
1.055141538381576538e-02
1.096857152879238129e-02
1.109211705625057220e-02
1.080594398081302643e-02
1.105535496026277542e-02
1.116620376706123352e-02
1.190162077546119690e-02
1.069317385554313660e-02
1.092399004846811295e-02
1.122364588081836700e-02
1.100079715251922607e-02
1.327037997543811798e-02
1.048768963664770126e-02
1.082974020391702652e-02
1.231149677187204361e-02
1.064351014792919159e-02
1.054801605641841888e-02
1.060360856354236603e-02
1.089011318981647491e-02
1.069614477455615997e-02
1.173416338860988617e-02
1.106368657201528549e-02
1.160313747823238373e-02
1.033176481723785400e-02
1.109644211828708649e-02
1.156703568994998932e-02
1.041306369006633759e-02
1.122208591550588608e-02
1.020985748618841171e-02
1.329911686480045319e-02
1.150841917842626572e-02
9.759390726685523987e-03
1.076772250235080719e-02
1.029754709452390671e-02
1.105543039739131927e-02
1.050983555614948273e-02
1.106792967766523361e-02
1.122246496379375458e-02
1.105523109436035156e-02
1.107234135270118713e-02
1.147394441068172455e-02
8.519230410456657410e-03
1.050717756152153015e-02
1.041242852807044983e-02
1.195648871362209320e-02
1.078604161739349365e-02
1.060938742011785507e-02
1.131846196949481964e-02
1.056390255689620972e-02
7.045214995741844177e-03
1.109765283763408661e-02
1.103486679494380951e-02
1.138055976480245590e-02
1.080718636512756348e-02
9.995331987738609314e-03
1.126323267817497253e-02
1.068958174437284470e-02
1.239842548966407776e-02
1.051878742873668671e-02
1.107452251017093658e-02
1.053879596292972565e-02
1.084283180534839630e-02
1.081065833568572998e-02
1.238852739334106445e-02
1.109426654875278473e-02
1.055768039077520370e-02
1.069807074964046478e-02
1.074743270874023438e-02
1.080595701932907104e-02
1.062750443816184998e-02
1.167490705847740173e-02
1.464969385415315628e-02
1.066810451447963715e-02
1.087121292948722839e-02
1.094936858862638474e-02
1.043407153338193893e-02
1.073332875967025757e-02
1.133261807262897491e-02
1.154865510761737823e-02
1.123330835253000259e-02
1.094860024750232697e-02
1.103709265589714050e-02
1.135892793536186218e-02
7.129073143005371094e-03
1.077671907842159271e-02
1.072201412171125412e-02
1.117545366287231445e-02
1.090596802532672882e-02
1.093375962227582932e-02
1.053416077047586441e-02
1.050759200006723404e-02
1.030395366251468658e-02
1.127013377845287323e-02
1.093538291752338409e-02
1.052817888557910919e-02
1.131543517112731934e-02
1.100835483521223068e-02
1.065446250140666962e-02
1.132736820727586746e-02
1.191439013928174973e-02
1.085014361888170242e-02
1.054232753813266754e-02
1.031068712472915649e-02
1.046348549425601959e-02
1.024887245148420334e-02
1.047003827989101410e-02
1.092754770070314407e-02
1.063010934740304947e-02
1.118874642997980118e-02
1.054548751562833786e-02
1.084288768470287323e-02
1.132836006581783295e-02
1.081750355660915375e-02
1.093735918402671814e-02
1.087728142738342285e-02
1.189712341874837875e-02
1.205584965646266937e-02
1.019536983221769333e-02
1.156453788280487061e-02
1.074401102960109711e-02
1.070195250213146210e-02
1.088234595954418182e-02
1.075547374784946442e-02
1.033049449324607849e-02
1.203359849750995636e-02
1.081686653196811676e-02
1.053812261670827866e-02
1.115681976079940796e-02
1.048012543469667435e-02
1.069833897054195404e-02
1.095804944634437561e-02
1.063428260385990143e-02
1.046219840645790100e-02
1.139096543192863464e-02
1.143676973879337311e-02
1.069921068847179413e-02
1.119021140038967133e-02
1.091613527387380600e-02
1.076857559382915497e-02
1.015787385404109955e-02
1.077897474169731140e-02
1.066585723310709000e-02
1.135554630309343338e-02
1.025550812482833862e-02
1.183142606168985367e-02
1.066223625093698502e-02
1.204375270754098892e-02
1.072115451097488403e-02
1.881662942469120026e-02
1.017815154045820236e-02
1.183929387480020523e-02
1.068278960883617401e-02
1.261229533702135086e-02
1.084002852439880371e-02
1.099303830415010452e-02
1.148244552314281464e-02
1.026244834065437317e-02
1.070066355168819427e-02
1.015543658286333084e-02
1.205285266041755676e-02
1.058663241565227509e-02
1.069267280399799347e-02
1.098431181162595749e-02
1.045302022248506546e-02
1.043216325342655182e-02
1.203035749495029449e-02
1.075489632785320282e-02
1.093288697302341461e-02
1.784368231892585754e-02
1.178677938878536224e-02
1.105310022830963135e-02
1.073622517287731171e-02
1.115830801427364349e-02
1.113414764404296875e-02
1.087331771850585938e-02
1.116488128900527954e-02
1.091483421623706818e-02
9.674222208559513092e-03
1.034444384276866913e-02
1.095979474484920502e-02
1.002543233335018158e-02
1.072908099740743637e-02
1.035023201256990433e-02
1.102937199175357819e-02
1.065628044307231903e-02
1.101012900471687317e-02
1.180460117757320404e-02
9.033424779772758484e-03
1.104027219116687775e-02
1.143126375973224640e-02
1.053520943969488144e-02
1.053310558199882507e-02
1.123741827905178070e-02
1.013843994587659836e-02
1.256589777767658234e-02
1.075962185859680176e-02
9.966326877474784851e-03
1.140183955430984497e-02
8.470706641674041748e-03
1.077733561396598816e-02
1.103936508297920227e-02
1.075433194637298584e-02
1.102561689913272858e-02
1.052804477512836456e-02
1.047110557556152344e-02
1.104352809488773346e-02
1.085971109569072723e-02
1.157480292022228241e-02
1.034739986062049866e-02
1.095667295157909393e-02
1.076520793139934540e-02
1.111167110502719879e-02
1.120561081916093826e-02
1.034580450505018234e-02
1.022996101528406143e-02
1.113758608698844910e-02
1.103226374834775925e-02
1.015488244593143463e-02
1.093552634119987488e-02
1.075032446533441544e-02
1.075479947030544281e-02
1.023977342993021011e-02
1.083830744028091431e-02
1.031009014695882797e-02
1.204514876008033752e-02
1.107802800834178925e-02
1.059282850474119186e-02
1.110626384615898132e-02
1.056751888245344162e-02
1.123697217553853989e-02
1.078453660011291504e-02
1.102261245250701904e-02
1.100657694041728973e-02
1.104106567800045013e-02
1.200215145945549011e-02
1.094184163957834244e-02
1.269774418324232101e-02
1.053298451006412506e-02
1.077957637608051300e-02
1.123135723173618317e-02
1.067267917096614838e-02
1.072418782860040665e-02
1.107415556907653809e-02
1.128836628049612045e-02
1.102250069379806519e-02
1.094788592308759689e-02
1.074690744280815125e-02
1.042614132165908813e-02
1.248900778591632843e-02
1.072456967085599899e-02
1.049951650202274323e-02
1.063949614763259888e-02
1.057826168835163116e-02
1.080448646098375320e-02
1.107132993638515472e-02
1.103501580655574799e-02
1.034038886427879333e-02
1.072925142943859100e-02
1.095398701727390289e-02
1.083864085376262665e-02
1.082345563918352127e-02
1.057632453739643097e-02
1.040623709559440613e-02
1.014749240130186081e-02
1.081020198762416840e-02
1.141440495848655701e-02
1.113647222518920898e-02
1.187384873628616333e-02
1.075172796845436096e-02
1.042367331683635712e-02
1.113224774599075317e-02
1.107919123023748398e-02
1.141173671931028366e-02
1.147061958909034729e-02
1.015880890190601349e-02
1.044831611216068268e-02
1.085765846073627472e-02
1.057376060634851456e-02
1.141137629747390747e-02
8.246388286352157593e-03
1.028051041066646576e-02
1.090531703084707260e-02
1.005806587636470795e-02
9.914958849549293518e-03
1.244456134736537933e-02
1.108260825276374817e-02
1.079002302139997482e-02
1.037502475082874298e-02
1.107136905193328857e-02
1.096717454493045807e-02
1.094951294362545013e-02
1.273420266807079315e-02
1.055155601352453232e-02
1.029955502599477768e-02
1.007735822349786758e-02
1.050568092614412308e-02
1.101021282374858856e-02
1.032685581594705582e-02
1.061556581407785416e-02
1.904191449284553528e-02
1.112336106598377228e-02
1.126192323863506317e-02
1.111302524805068970e-02
1.022002194076776505e-02
1.169321499764919281e-02
9.999150410294532776e-03
1.041725277900695801e-02
1.021914742887020111e-02
1.215188018977642059e-02
1.099448278546333313e-02
1.111292559653520584e-02
1.065368857234716415e-02
1.122567243874073029e-02
1.047233864665031433e-02
1.081697270274162292e-02
1.090100780129432678e-02
1.141711324453353882e-02
1.108398847281932831e-02
1.078760996460914612e-02
1.155273150652647018e-02
8.986344560980796814e-03
1.080126129090785980e-02
1.067201234400272369e-02
1.073134038597345352e-02
1.123758405447006226e-02
1.153928972780704498e-02
1.045844890177249908e-02
1.068850513547658920e-02
1.119891274720430374e-02
1.092809252440929413e-02
1.196971442550420761e-02
1.101751066744327545e-02
1.084962673485279083e-02
1.080894190818071365e-02
1.131557673215866089e-02
1.091191917657852173e-02
1.026443950831890106e-02
1.057886891067028046e-02
1.125981844961643219e-02
1.215107832103967667e-02
1.056262105703353882e-02
1.068544387817382812e-02
1.105838082730770111e-02
1.075223833322525024e-02
1.058287359774112701e-02
1.065253932029008865e-02
1.134421676397323608e-02
1.145637407898902893e-02
1.164905633777379990e-02
1.034480892121791840e-02
1.064728945493698120e-02
1.130721624940633774e-02
7.972713559865951538e-03
1.122651062905788422e-02
1.109693013131618500e-02
1.058423519134521484e-02
1.216178014874458313e-02
1.040790975093841553e-02
1.010564714670181274e-02
1.056123711168766022e-02
1.055867597460746765e-02
1.013245340436697006e-02
1.077486108988523483e-02
1.084450911730527878e-02
1.104694604873657227e-02
1.086565759032964706e-02
1.049447059631347656e-02
1.109740510582923889e-02
1.063837669789791107e-02
8.146882057189941406e-03
1.083133090287446976e-02
1.070686057209968567e-02
1.206029765307903290e-02
1.105320639908313751e-02
1.061092317104339600e-02
1.122918725013732910e-02
1.592922583222389221e-02
1.035487838089466095e-02
1.126096956431865692e-02
1.132206059992313385e-02
1.058359444141387939e-02
1.102399080991744995e-02
1.034340541809797287e-02
1.105881016701459885e-02
1.072529703378677368e-02
1.112619973719120026e-02
1.086000911891460419e-02
1.097468007355928421e-02
1.029362250119447708e-02
1.189546845853328705e-02
1.206826791167259216e-02
9.976249188184738159e-03
1.122598815709352493e-02
1.025046966969966888e-02
1.069471519440412521e-02
1.152672432363033295e-02
1.177296508103609085e-02
1.060007978230714798e-02
1.128478161990642548e-02
1.101638376712799072e-02
1.163176912814378738e-02
1.056485995650291443e-02
1.049436628818511963e-02
1.052147615700960159e-02
1.090883929282426834e-02
1.031793560832738876e-02
1.064667757600545883e-02
7.887220941483974457e-03
1.078933477401733398e-02
1.104380097240209579e-02
1.054866798222064972e-02
1.161161344498395920e-02
1.122702937573194504e-02
1.032210886478424072e-02
1.040320936590433121e-02
1.098414231091737747e-02
1.033532153815031052e-02
1.098070666193962097e-02
1.127486396580934525e-02
1.089804992079734802e-02
1.118298992514610291e-02
1.056198216974735260e-02
1.062425412237644196e-02
1.068751420825719833e-02
1.132863573729991913e-02
1.022807881236076355e-02
1.071485877037048340e-02
1.053203456103801727e-02
1.030723378062248230e-02
1.109578460454940796e-02
1.097706425935029984e-02
1.060156989842653275e-02
1.073211152106523514e-02
1.131183840334415436e-02
1.053726952522993088e-02
1.035166718065738678e-02
1.085947453975677490e-02
1.009505800902843475e-02
1.147227454930543900e-02
1.133742090314626694e-02
1.041412353515625000e-02
1.018664240837097168e-02
1.060163788497447968e-02
1.072507351636886597e-02
1.111263781785964966e-02
1.062805764377117157e-02
1.071705576032400131e-02
1.130801253020763397e-02
1.028149109333753586e-02
1.158022135496139526e-02
1.059466414153575897e-02
1.154254749417304993e-02
1.127606444060802460e-02
1.142404414713382721e-02
1.058220304548740387e-02
1.148135215044021606e-02
9.666697122156620026e-03
1.088151335716247559e-02
1.070045121014118195e-02
1.106946542859077454e-02
1.075675059109926224e-02
8.122564293444156647e-03
1.104654464870691299e-02
1.148518361151218414e-02
1.093722321093082428e-02
1.080440822988748550e-02
1.036114990711212158e-02
1.044654380530118942e-02
1.059553213417530060e-02
1.112464908510446548e-02
1.067744009196758270e-02
1.087167207151651382e-02
1.057909056544303894e-02
1.061028055846691132e-02
1.100149564445018768e-02
1.099747326225042343e-02
1.108473818749189377e-02
1.123482640832662582e-02
1.071541756391525269e-02
1.217082422226667404e-02
1.100717671215534210e-02
1.063267700374126434e-02
9.002787992358207703e-03
1.040807086974382401e-02
1.036885567009449005e-02
1.106315944343805313e-02
1.090242061764001846e-02
1.047424133867025375e-02
1.087223924696445465e-02
1.090438663959503174e-02
1.188166439533233643e-02
1.099062617868185043e-02
9.512256830930709839e-03
1.148157939314842224e-02
1.138581894338130951e-02
1.056115329265594482e-02
1.018903963267803192e-02
1.030791178345680237e-02
1.072300691157579422e-02
1.109515037387609482e-02
1.094422582536935806e-02
1.243462413549423218e-02
1.070842705667018890e-02
1.036309916526079178e-02
1.059707067906856537e-02
1.123170368373394012e-02
1.075409818440675735e-02
1.083948370069265366e-02
1.162877120077610016e-02
1.036647893488407135e-02
1.050770841538906097e-02
1.125057414174079895e-02
1.085823122411966324e-02
1.108455657958984375e-02
1.105343177914619446e-02
1.028685271739959717e-02
9.587136097252368927e-03
1.012473367154598236e-02
1.061056461185216904e-02
1.087891124188899994e-02
1.050596125423908234e-02
1.001099124550819397e-02
1.047804392874240875e-02
1.085265725851058960e-02
1.078526675701141357e-02
1.131761632859706879e-02
1.084574591368436813e-02
1.056797150522470474e-02
1.135968416929244995e-02
1.097487378865480423e-02
1.066536083817481995e-02
1.130417734384536743e-02
1.061795745044946671e-02
1.063037849962711334e-02
1.076210197061300278e-02
1.043097674846649170e-02
1.030060276389122009e-02
1.096980180591344833e-02
1.062001194804906845e-02
1.047002151608467102e-02
1.063795387744903564e-02
1.080723479390144348e-02
1.107247453182935715e-02
1.067696046084165573e-02
1.118302438408136368e-02
1.079978793859481812e-02
1.103748381137847900e-02
1.032448094338178635e-02
1.142760552465915680e-02
1.050136983394622803e-02
1.072046905755996704e-02
1.070756092667579651e-02
1.000175066292285919e-02
7.676422595977783203e-03
1.056422200053930283e-02
1.080067642033100128e-02
1.097175758332014084e-02
1.087062060832977295e-02
1.122979912906885147e-02
1.085828989744186401e-02
1.085396762937307358e-02
9.993332438170909882e-03
1.158896647393703461e-02
1.129684783518314362e-02
1.083156280219554901e-02
1.037946715950965881e-02
1.048493385314941406e-02
1.065377146005630493e-02
1.025715656578540802e-02
1.038544252514839172e-02
9.956974536180496216e-03
1.158411428332328796e-02
9.954305365681648254e-03
1.069469749927520752e-02
1.129064522683620453e-02
1.104903500527143478e-02
1.083240192383527756e-02
1.093818247318267822e-02
1.045942120254039764e-02
1.145752985030412674e-02
1.094735041260719299e-02
1.148852985352277756e-02
1.069033425301313400e-02
1.086522359400987625e-02
1.035948470234870911e-02
1.053159218281507492e-02
1.276427600532770157e-02
1.022344827651977539e-02
1.035895943641662598e-02
9.976170957088470459e-03
1.099746115505695343e-02
1.110310107469558716e-02
1.140185724943876266e-02
1.393747888505458832e-02
1.059013977646827698e-02
1.126360520720481873e-02
1.017633732408285141e-02
1.129376143217086792e-02
9.924517944455146790e-03
1.136322878301143646e-02
1.089074648916721344e-02
1.062064897269010544e-02
1.161102671176195145e-02
1.094458438456058502e-02
9.866531006991863251e-03
1.147166267037391663e-02
1.044841669499874115e-02
1.053481549024581909e-02
1.082973368465900421e-02
1.111285202205181122e-02
1.063041295856237411e-02
1.060200668871402740e-02
1.080803945660591125e-02
1.122946850955486298e-02
1.116463914513587952e-02
9.999668225646018982e-03
1.140396762639284134e-02
1.023795269429683685e-02
1.097547076642513275e-02
9.084375575184822083e-03
1.307965908199548721e-02
1.094340719282627106e-02
9.895619936287403107e-03
