<system>Protocol: Active. Attitude: Sassy.</system>
6.857309490442276001e-03
6.753548048436641693e-03
6.735307164490222931e-03
7.102078292518854141e-03
6.954647600650787354e-03
6.997572258114814758e-03
6.702153943479061127e-03
6.831140257418155670e-03
7.349976804107427597e-03
6.757125724107027054e-03
6.736052222549915314e-03
6.497661583125591278e-03
1.035161875188350677e-02
6.655624136328697205e-03
6.979613564908504486e-03
6.655212491750717163e-03
6.943470798432826996e-03
6.865095347166061401e-03
6.655845791101455688e-03
6.694647483527660370e-03
6.816252134740352631e-03
7.282043807208538055e-03
6.715355440974235535e-03
6.616069003939628601e-03
6.495258770883083344e-03
7.132112979888916016e-03
6.749906577169895172e-03
6.574261002242565155e-03
7.282183505594730377e-03
4.470737650990486145e-03
6.772289983928203583e-03
6.860307883471250534e-03
7.038743700832128525e-03
6.911994889378547668e-03
6.972633767873048782e-03
1.115183159708976746e-02
6.511183455586433411e-03
7.164278998970985413e-03
7.080279290676116943e-03
6.844196468591690063e-03
6.577827967703342438e-03
6.782102398574352264e-03
6.958777550607919693e-03
7.116457447409629822e-03
6.654635071754455566e-03
6.822335533797740936e-03
6.750018801540136337e-03
6.878918036818504333e-03
6.847876124083995819e-03
6.813057232648134232e-03
6.761835888028144836e-03
6.482454482465982437e-03
6.956379394978284836e-03
6.637796759605407715e-03
6.878502666950225830e-03
6.972398608922958374e-03
7.682698778808116913e-03
7.033756002783775330e-03
7.216804195195436478e-03
6.882171146571636200e-03
6.385696120560169220e-03
6.701169069856405258e-03
6.650524213910102844e-03
6.711524911224842072e-03
7.256431505084037781e-03
7.003249600529670715e-03
7.162340916693210602e-03
6.877487991005182266e-03
7.282113190740346909e-03
7.279664278030395508e-03
6.715987343341112137e-03
1.012416370213031769e-02
7.001681253314018250e-03
7.161160930991172791e-03
7.097835186868906021e-03
7.082260213792324066e-03
5.590087734162807465e-03
7.215348072350025177e-03
7.025207858532667160e-03
6.809103302657604218e-03
6.771637126803398132e-03
6.969480309635400772e-03
7.196058984845876694e-03
7.027875632047653198e-03
7.006663363426923752e-03
6.966752000153064728e-03
7.012491114437580109e-03
7.044295780360698700e-03
6.866060663014650345e-03
7.268849294632673264e-03
7.452928461134433746e-03
7.090438157320022583e-03
6.977477576583623886e-03
6.949800997972488403e-03
7.143414579331874847e-03
7.021399214863777161e-03
6.782619748264551163e-03
6.824580486863851547e-03
7.251242175698280334e-03
7.071135565638542175e-03
6.882860325276851654e-03
7.016514427959918976e-03
7.118328474462032318e-03
7.304837927222251892e-03
6.759667303413152695e-03
7.421914022415876389e-03
7.003286853432655334e-03
7.189324125647544861e-03
6.964858155697584152e-03
7.272292394191026688e-03
7.075083442032337189e-03
6.682671606540679932e-03
7.138086482882499695e-03
7.112032733857631683e-03
7.105941418558359146e-03
7.219115737825632095e-03
7.123834453523159027e-03
6.769970059394836426e-03
6.846129894256591797e-03
7.066738791763782501e-03
7.235760800540447235e-03
7.068031467497348785e-03
6.989752873778343201e-03
6.704125553369522095e-03
6.973088253289461136e-03
6.856157444417476654e-03
7.242930121719837189e-03
7.043588906526565552e-03
1.050571165978908539e-02
1.074322313070297241e-02
1.090740133076906204e-02
9.552288800477981567e-03
9.462582878768444061e-03
7.817539386451244354e-03
9.956010617315769196e-03
1.012769341468811035e-02
8.357583545148372650e-03
1.025569252669811249e-02
1.057031378149986267e-02
8.066514506936073303e-03
1.054688170552253723e-02
1.046897284686565399e-02
1.013765018433332443e-02
8.055938407778739929e-03
1.028698775917291641e-02
1.039279066026210785e-02
1.053297705948352814e-02
9.924307465553283691e-03
1.118198037147521973e-02
1.042319089174270630e-02
1.043532229959964752e-02
1.065065152943134308e-02
1.009766384959220886e-02
8.767873048782348633e-03
7.780132815241813660e-03
9.797297418117523193e-03
1.113076321780681610e-02
1.183260232210159302e-02
1.076012104749679565e-02
1.002045534551143646e-02
1.037282869219779968e-02
1.041584834456443787e-02
1.039249636232852936e-02
1.006939914077520370e-02
1.110987365245819092e-02
8.904326707124710083e-03
9.830177761614322662e-03
9.539660066366195679e-03
1.038633659482002258e-02
1.061196438968181610e-02
1.012722868472337723e-02
9.801946580410003662e-03
1.107808947563171387e-02
8.329387754201889038e-03
9.990859776735305786e-03
8.570561185479164124e-03
1.092315185815095901e-02
1.005600765347480774e-02
8.687671273946762085e-03
8.835552260279655457e-03
1.015980169177055359e-02
1.048728544265031815e-02
8.005516603589057922e-03
1.060861162841320038e-02
8.391845040023326874e-03
9.339003823697566986e-03
1.087035425007343292e-02
1.029478665441274643e-02
7.097519934177398682e-03
1.125713437795639038e-02
1.035787351429462433e-02
8.868958801031112671e-03
8.866541087627410889e-03
8.958088234066963196e-03
8.982595056295394897e-03
9.302897378802299500e-03
9.302319958806037903e-03
8.848382160067558289e-03
9.063822217285633087e-03
8.441623300313949585e-03
8.999535813927650452e-03
8.899873122572898865e-03
9.748006239533424377e-03
9.094575420022010803e-03
8.795102126896381378e-03
9.585258550941944122e-03
9.106015786528587341e-03
9.070819243788719177e-03
8.727641776204109192e-03
9.439578279852867126e-03
1.164538785815238953e-02
8.875718340277671814e-03
9.499752894043922424e-03
8.945453912019729614e-03
9.887604974210262299e-03
9.353891015052795410e-03
8.860415779054164886e-03
9.500367566943168640e-03
8.707481436431407928e-03
8.872414007782936096e-03
9.458857588469982147e-03
9.882923215627670288e-03
9.206244722008705139e-03
9.149285964667797089e-03
9.538017213344573975e-03
8.779217489063739777e-03
9.219150990247726440e-03
8.962269872426986694e-03
8.642477914690971375e-03
9.317439980804920197e-03
1.135869789868593216e-02
1.122618559747934341e-02
1.251941174268722534e-02
8.728446438908576965e-03
9.066022932529449463e-03
9.089482948184013367e-03
8.962356485426425934e-03
9.231558069586753845e-03
8.919175714254379272e-03
8.779132738709449768e-03
9.078988805413246155e-03
9.003220126032829285e-03
8.589626289904117584e-03
8.458577096462249756e-03
9.045373648405075073e-03
9.404299780726432800e-03
9.122275747358798981e-03
8.885215967893600464e-03
8.523894473910331726e-03
1.209884323179721832e-02
9.216537699103355408e-03
8.309531025588512421e-03
9.179104119539260864e-03
9.703751653432846069e-03
1.228678412735462189e-02
8.632676675915718079e-03
