<system>Protocol: Active. Attitude: Sassy.</system>
1.476061623543500900e-02
1.450721547007560730e-02
1.406604330986738205e-02
1.434618234634399414e-02
1.463794149458408356e-02
1.422989275306463242e-02
1.470289472490549088e-02
1.423717942088842392e-02
1.431918982416391373e-02
1.394390501081943512e-02
1.447581686079502106e-02
1.432607974857091904e-02
1.355306711047887802e-02
1.426025293767452240e-02
1.449101325124502182e-02
1.426463481038808823e-02
1.330956909805536270e-02
1.425637863576412201e-02
1.385386008769273758e-02
1.489380002021789551e-02
1.439919974654912949e-02
1.435477938503026962e-02
1.437209174036979675e-02
1.372744515538215637e-02
1.436657924205064774e-02
1.454385835677385330e-02
1.468146685510873795e-02
1.442271471023559570e-02
1.433535199612379074e-02
1.436400413513183594e-02
1.220711786299943924e-02
1.396117731928825378e-02
1.389464829117059708e-02
1.445524301379919052e-02
1.457162573933601379e-02
1.033836323767900467e-02
1.393231749534606934e-02
1.421924028545618057e-02
1.461271569132804871e-02
1.316068973392248154e-02
1.463142968714237213e-02
1.402096822857856750e-02
1.460312027484178543e-02
1.427594944834709167e-02
1.347906887531280518e-02
1.418967545032501221e-02
1.441026572138071060e-02
1.138202473521232605e-02
1.464476808905601501e-02
1.394093688577413559e-02
1.385401282459497452e-02
1.414458453655242920e-02
1.449008192867040634e-02
1.453021541237831116e-02
1.388127729296684265e-02
1.421764772385358810e-02
1.453017909079790115e-02
1.413884200155735016e-02
1.371686812490224838e-02
1.405084226280450821e-02
1.459080912172794342e-02
1.456145383417606354e-02
1.421241182833909988e-02
1.414678059518337250e-02
1.450182124972343445e-02
1.432470604777336121e-02
1.420424971729516983e-02
1.452152431011199951e-02
1.441365201026201248e-02
1.339454296976327896e-02
1.388166286051273346e-02
1.117257587611675262e-02
1.415433082729578018e-02
1.443219091743230820e-02
1.408369001001119614e-02
1.454218383878469467e-02
1.430559158325195312e-02
1.429836545139551163e-02
1.484486740082502365e-02
1.025368366390466690e-02
1.437824405729770660e-02
1.394642237573862076e-02
1.397773716598749161e-02
1.400803122669458389e-02
1.438004337251186371e-02
1.431783195585012436e-02
1.444531325250864029e-02
1.440490875393152237e-02
1.453569531440734863e-02
1.367606315761804581e-02
1.410423312336206436e-02
1.395693793892860413e-02
1.479347143322229385e-02
1.478114165365695953e-02
1.448057033121585846e-02
1.444219145923852921e-02
1.449032500386238098e-02
1.365430373698472977e-02
1.364150084555149078e-02
1.308429799973964691e-02
1.446303725242614746e-02
1.418354548513889313e-02
1.447854284197092056e-02
1.483154017478227615e-02
1.436490751802921295e-02
1.444250252097845078e-02
1.421759650111198425e-02
1.440755929797887802e-02
1.364584360271692276e-02
1.450646203011274338e-02
1.349878311157226562e-02
1.363049354404211044e-02
1.389757078140974045e-02
1.273115351796150208e-02
1.380928419530391693e-02
1.449249684810638428e-02
1.451171841472387314e-02
1.354502141475677490e-02
1.382595207542181015e-02
1.379431132227182388e-02
1.435048226267099380e-02
1.420870050787925720e-02
1.391970179975032806e-02
1.422433648258447647e-02
1.414576731622219086e-02
1.399578154087066650e-02
1.446589548140764236e-02
1.411893963813781738e-02
1.450459007173776627e-02
1.378083508461713791e-02
1.436422858387231827e-02
1.452774368226528168e-02
1.397093571722507477e-02
1.446258742362260818e-02
1.410280074924230576e-02
1.453910861164331436e-02
1.435754355043172836e-02
1.462121866643428802e-02
1.411090418696403503e-02
1.430702768266201019e-02
1.459421869367361069e-02
1.447632536292076111e-02
1.411681156605482101e-02
1.429169718176126480e-02
1.457666233181953430e-02
1.407312974333763123e-02
1.346514001488685608e-02
1.357347890734672546e-02
1.468242798000574112e-02
1.407880149781703949e-02
1.269571855664253235e-02
1.465677842497825623e-02
1.471053436398506165e-02
1.441844645887613297e-02
1.414875313639640808e-02
1.353860832750797272e-02
1.319101732224225998e-02
1.436780765652656555e-02
1.484161056578159332e-02
1.371110696345567703e-02
1.444783899933099747e-02
1.417567208409309387e-02
1.375466585159301758e-02
1.420994009822607040e-02
1.434461865574121475e-02
1.478874962776899338e-02
1.337898336350917816e-02
1.426156237721443176e-02
1.434305030852556229e-02
1.409832574427127838e-02
1.440722867846488953e-02
1.431243959814310074e-02
1.432984787970781326e-02
1.415612082928419113e-02
1.449245866388082504e-02
1.408133283257484436e-02
1.403520163148641586e-02
1.432731375098228455e-02
1.430366002023220062e-02
1.363796275109052658e-02
1.421774644404649734e-02
1.442410424351692200e-02
1.439284346997737885e-02
1.386103592813014984e-02
1.165396254509687424e-02
1.411058660596609116e-02
1.438047271221876144e-02
1.402059476822614670e-02
1.424328051507472992e-02
1.316969469189643860e-02
1.427320297807455063e-02
1.387948915362358093e-02
1.380502525717020035e-02
1.376357953995466232e-02
1.349286362528800964e-02
1.374030951410531998e-02
1.388486288487911224e-02
1.371586229652166367e-02
1.319359894841909409e-02
1.404695864766836166e-02
1.453724782913923264e-02
1.450220122933387756e-02
1.301266159862279892e-02
1.443684939295053482e-02
1.413675304502248764e-02
1.490260567516088486e-02
1.411508582532405853e-02
1.400353852659463882e-02
1.490313187241554260e-02
1.474933419376611710e-02
1.465315837413072586e-02
1.367788016796112061e-02
1.312785129994153976e-02
1.403230987489223480e-02
1.292557641863822937e-02
1.440822798758745193e-02
1.456294115632772446e-02
1.405114587396383286e-02
1.406492199748754501e-02
1.291257701814174652e-02
1.192571595311164856e-02
1.445742044597864151e-02
1.429400686174631119e-02
1.151248253881931305e-02
1.452369056642055511e-02
1.424052752554416656e-02
1.436263881623744965e-02
1.435659173876047134e-02
1.450586318969726562e-02
1.372829917818307877e-02
1.491804327815771103e-02
1.246085204184055328e-02
1.408203318715095520e-02
1.459252927452325821e-02
1.436256710439920425e-02
1.437340956181287766e-02
1.379890087991952896e-02
1.415918674319982529e-02
1.367896795272827148e-02
1.344006974250078201e-02
1.437370385974645615e-02
1.423383317887783051e-02
1.444219052791595459e-02
1.355617400258779526e-02
1.410709321498870850e-02
1.337391696870326996e-02
1.428532879799604416e-02
1.336547732353210449e-02
1.443417463451623917e-02
1.455175038427114487e-02
1.416846271604299545e-02
1.363314595073461533e-02
1.389031205326318741e-02
1.450498029589653015e-02
1.427771057933568954e-02
1.434148289263248444e-02
1.454831287264823914e-02
1.398642640560865402e-02
1.472015026956796646e-02
1.426954660564661026e-02
1.406948920339345932e-02
1.426950655877590179e-02
1.425385195761919022e-02
1.384425256401300430e-02
1.411643903702497482e-02
1.452869735658168793e-02
1.449891086667776108e-02
1.451584976166486740e-02
1.431527175009250641e-02
1.438490767031908035e-02
1.462020818144083023e-02
1.421574316918849945e-02
1.411528978496789932e-02
1.390538178384304047e-02
1.365600619465112686e-02
1.081809774041175842e-02
1.447783503681421280e-02
1.458331383764743805e-02
1.420511957257986069e-02
1.403625681996345520e-02
1.467158831655979156e-02
1.371009927242994308e-02
1.503336429595947266e-02
1.434665359556674957e-02
1.430606190115213394e-02
1.431372668594121933e-02
1.405941881239414215e-02
1.451772358268499374e-02
1.421884540468454361e-02
1.424764189869165421e-02
1.344741974025964737e-02
1.422286871820688248e-02
1.345419604331254959e-02
1.440637744963169098e-02
1.203323248773813248e-02
1.438117027282714844e-02
1.386989559978246689e-02
1.285008154809474945e-02
1.457132399082183838e-02
1.393142249435186386e-02
1.416562404483556747e-02
1.437425706535577774e-02
1.466305833309888840e-02
1.428861357271671295e-02
1.332138851284980774e-02
1.377711538225412369e-02
1.466920971870422363e-02
1.411197520792484283e-02
1.423172745853662491e-02
1.424444094300270081e-02
1.436491031199693680e-02
1.372912153601646423e-02
1.405468303710222244e-02
1.424378063529729843e-02
1.363539975136518478e-02
1.419577561318874359e-02
1.394013687968254089e-02
1.430931966751813889e-02
1.455330569297075272e-02
1.409597601741552353e-02
1.415602490305900574e-02
1.395479403436183929e-02
1.453997101634740829e-02
1.399866025894880295e-02
1.464321091771125793e-02
1.424804329872131348e-02
1.421190425753593445e-02
1.414030790328979492e-02
1.429798267781734467e-02
1.450858917087316513e-02
1.460633240640163422e-02
1.467819511890411377e-02
1.443609595298767090e-02
1.404598634690046310e-02
1.492842193692922592e-02
1.463130116462707520e-02
1.357504446059465408e-02
1.439882721751928329e-02
1.427410542964935303e-02
1.418334804475307465e-02
1.405721344053745270e-02
1.268327794969081879e-02
1.446407195180654526e-02
1.423801109194755554e-02
1.262924633920192719e-02
1.401613652706146240e-02
1.442503370344638824e-02
1.393773593008518219e-02
1.396593730896711349e-02
1.456098165363073349e-02
1.345926616340875626e-02
1.422057952731847763e-02
1.395908556878566742e-02
1.411120500415563583e-02
1.418539881706237793e-02
1.431875303387641907e-02
1.470983028411865234e-02
1.430850662291049957e-02
1.499456446617841721e-02
1.421966217458248138e-02
1.441631838679313660e-02
1.447251159697771072e-02
1.377860363572835922e-02
1.429550629109144211e-02
1.410978753119707108e-02
1.444604992866516113e-02
1.426844391971826553e-02
1.450675167143344879e-02
1.412216108292341232e-02
1.325254235416650772e-02
1.451025810092687607e-02
1.357142999768257141e-02
1.413749717175960541e-02
1.393054332584142685e-02
1.402466651052236557e-02
1.445043645799160004e-02
1.387742161750793457e-02
1.373639982193708420e-02
1.319466158747673035e-02
1.424553152173757553e-02
1.109531242400407791e-02
1.415688078850507736e-02
1.455832924693822861e-02
1.450837217271327972e-02
1.464197319000959396e-02
1.360972505062818527e-02
1.486650388687849045e-02
1.150665897876024246e-02
1.481588557362556458e-02
1.341645792126655579e-02
1.478239055722951889e-02
1.464309915900230408e-02
1.393776293843984604e-02
1.462991628795862198e-02
1.391999516636133194e-02
1.430208887904882431e-02
1.453454699367284775e-02
1.450768206268548965e-02
1.386952307075262070e-02
1.458629313856363297e-02
1.402939297258853912e-02
1.410118862986564636e-02
1.389294583350419998e-02
1.419577095657587051e-02
1.459963899105787277e-02
1.454791147261857986e-02
1.442666072398424149e-02
1.432824507355690002e-02
1.424604002386331558e-02
1.340161357074975967e-02
1.290192827582359314e-02
3.479896858334541321e-02
1.460963860154151917e-02
1.199425384402275085e-02
1.388832647353410721e-02
1.390896178781986237e-02
1.389475818723440170e-02
1.460405066609382629e-02
1.412664446979761124e-02
1.306341961026191711e-02
1.353102643042802811e-02
1.466123852878808975e-02
1.375692244619131088e-02
1.418339554220438004e-02
1.112481672316789627e-02
1.449721213430166245e-02
1.113133504986763000e-02
1.455770060420036316e-02
1.425291970372200012e-02
1.253100577741861343e-02
1.410789135843515396e-02
1.444392465054988861e-02
1.384016312658786774e-02
1.420033909380435944e-02
1.396435778588056564e-02
1.428389269858598709e-02
1.412010751664638519e-02
1.433260180056095123e-02
1.149171311408281326e-02
1.445473078638315201e-02
1.441692095249891281e-02
1.435410324484109879e-02
1.416085008531808853e-02
1.459901686757802963e-02
1.107473578304052353e-02
9.086132049560546875e-03
1.455472316592931747e-02
1.409107074141502380e-02
1.432768441736698151e-02
1.383417844772338867e-02
1.423519290983676910e-02
1.433615479618310928e-02
1.424639020115137100e-02
1.483471598476171494e-02
1.433326955884695053e-02
1.415735203772783279e-02
1.364825014024972916e-02
1.362530235201120377e-02
1.444999594241380692e-02
1.420504227280616760e-02
1.392087992280721664e-02
1.370023097842931747e-02
1.317107584327459335e-02
1.015260815620422363e-02
1.447749696671962738e-02
1.425259467214345932e-02
1.207117363810539246e-02
1.326490938663482666e-02
1.397622749209403992e-02
1.129244454205036163e-02
1.481600757688283920e-02
1.434252597391605377e-02
1.410499494522809982e-02
1.419602707028388977e-02
1.370859425514936447e-02
1.438634004443883896e-02
1.475641969591379166e-02
1.064907666295766830e-02
1.475986000150442123e-02
1.430647633969783783e-02
1.431490387767553329e-02
1.353199407458305359e-02
1.427641510963439941e-02
1.430982444435358047e-02
1.451333705335855484e-02
1.443053688853979111e-02
1.038881763815879822e-02
1.395346876233816147e-02
1.458728406578302383e-02
1.223318837583065033e-02
1.444200612604618073e-02
1.422131061553955078e-02
1.388658676296472549e-02
1.431892812252044678e-02
1.415455434471368790e-02
1.452110148966312408e-02
1.433741487562656403e-02
1.360593084245920181e-02
1.428281143307685852e-02
1.382433529943227768e-02
1.461588777601718903e-02
9.410696104168891907e-03
1.443802658468484879e-02
1.437960192561149597e-02
1.378652732819318771e-02
1.419488713145256042e-02
1.383405830711126328e-02
1.371510233730077744e-02
1.420503575354814529e-02
1.466176193207502365e-02
1.443217787891626358e-02
1.469279918819665909e-02
7.884729653596878052e-03
1.314547657966613770e-02
1.462647039443254471e-02
1.412077341228723526e-02
1.433413103222846985e-02
1.334848999977111816e-02
1.441628579050302505e-02
1.360169611871242523e-02
1.445092633366584778e-02
1.243947353214025497e-02
1.437308173626661301e-02
1.425138767808675766e-02
1.420846860855817795e-02
1.069930754601955414e-02
1.407178118824958801e-02
1.435186341404914856e-02
1.438677310943603516e-02
1.433974597603082657e-02
1.414543949067592621e-02
1.443783007562160492e-02
1.457281410694122314e-02
1.426004525274038315e-02
1.451600715517997742e-02
1.425379142165184021e-02
1.415112614631652832e-02
1.460235752165317535e-02
1.422781031578779221e-02
1.424345280975103378e-02
1.413670461624860764e-02
1.381459180265665054e-02
1.444051507860422134e-02
1.397813856601715088e-02
1.319723203778266907e-02
1.424369774758815765e-02
1.403038855642080307e-02
1.324706152081489563e-02
1.412336621433496475e-02
1.440703216940164566e-02
1.462220028042793274e-02
1.433006860315799713e-02
1.422541774809360504e-02
1.405254285782575607e-02
1.517337281256914139e-02
1.447359379380941391e-02
1.424646284431219101e-02
1.396178640425205231e-02
1.482759416103363037e-02
1.438028272241353989e-02
1.346074696630239487e-02
1.381135266274213791e-02
1.402511913329362869e-02
1.460350677371025085e-02
1.413975562900304794e-02
1.403618138283491135e-02
1.144498307257890701e-02
1.443665660917758942e-02
1.444000937044620514e-02
1.430041156709194183e-02
1.414931379258632660e-02
1.433818414807319641e-02
1.285863202065229416e-02
1.425391528755426407e-02
1.464551594108343124e-02
1.457585021853446960e-02
1.421689055860042572e-02
1.467319764196872711e-02
1.472529210150241852e-02
1.367207802832126617e-02
1.360768359154462814e-02
1.346558611840009689e-02
1.431487500667572021e-02
1.420961599797010422e-02
1.456593815237283707e-02
1.437235996127128601e-02
1.454989518970251083e-02
1.410913560539484024e-02
1.462978404015302658e-02
1.459110341966152191e-02
1.442883815616369247e-02
1.365798152983188629e-02
1.362686511129140854e-02
1.452993508428335190e-02
1.439620461314916611e-02
1.416711136698722839e-02
1.454359572380781174e-02
1.387983188033103943e-02
1.436525024473667145e-02
1.319994404911994934e-02
1.422019954770803452e-02
1.439599040895700455e-02
1.419861614704132080e-02
1.457615848630666733e-02
1.467162370681762695e-02
1.413273531943559647e-02
1.443766709417104721e-02
1.429798640310764313e-02
1.445903535932302475e-02
1.431753113865852356e-02
1.353325601667165756e-02
1.427746377885341644e-02
1.413411740213632584e-02
1.409696601331233978e-02
1.413961872458457947e-02
1.449838001281023026e-02
1.471494510769844055e-02
1.435192022472620010e-02
1.345968153327703476e-02
1.450273673981428146e-02
1.390220317989587784e-02
1.288818195462226868e-02
1.456560287624597549e-02
1.429144106805324554e-02
1.405984442681074142e-02
1.419697143137454987e-02
1.404550950974225998e-02
1.312525197863578796e-02
1.395515818148851395e-02
1.351263187825679779e-02
1.414001081138849258e-02
1.373618934303522110e-02
1.423470675945281982e-02
1.416491344571113586e-02
1.451236847788095474e-02
1.436210796236991882e-02
1.433597411960363388e-02
1.350910123437643051e-02
1.364217605441808701e-02
1.448660437017679214e-02
1.411120034754276276e-02
1.408889517188072205e-02
1.441350579261779785e-02
1.263979077339172363e-02
1.362096890807151794e-02
1.205638609826564789e-02
1.385696884244680405e-02
1.394863519817590714e-02
1.443170104175806046e-02
1.385493669658899307e-02
1.326177921146154404e-02
1.242314837872982025e-02
1.442838273942470551e-02
1.432207506150007248e-02
1.446256041526794434e-02
1.367419119924306870e-02
1.416127011179924011e-02
1.441373303532600403e-02
1.400063838809728622e-02
1.429573073983192444e-02
1.417022570967674255e-02
1.085525844246149063e-02
1.423891726881265640e-02
1.089180540293455124e-02
1.402428466826677322e-02
1.440394204109907150e-02
1.404680684208869934e-02
1.432843599468469620e-02
9.014084935188293457e-03
1.174130383878946304e-02
1.389078237116336823e-02
1.422652974724769592e-02
1.368769444525241852e-02
1.397434715181589127e-02
1.393032725900411606e-02
1.397545356303453445e-02
1.386717241257429123e-02
1.433107536286115646e-02
1.467413268983364105e-02
1.405912637710571289e-02
1.426421478390693665e-02
1.449363306164741516e-02
1.417542342096567154e-02
1.280447747558355331e-02
1.431365590542554855e-02
1.399136800318956375e-02
1.412317994982004166e-02
1.126684714108705521e-02
1.414878014475107193e-02
1.436566375195980072e-02
1.391686126589775085e-02
1.478042639791965485e-02
1.411436591297388077e-02
1.413634419441223145e-02
1.478064898401498795e-02
1.391246076673269272e-02
1.429916825145483017e-02
1.415865216404199600e-02
1.400020439177751541e-02
1.409469917416572571e-02
1.413733046501874924e-02
1.432865578681230545e-02
1.235343888401985168e-02
1.344320178031921387e-02
1.433406397700309753e-02
1.419804617762565613e-02
1.441650651395320892e-02
1.330228801816701889e-02
1.204818766564130783e-02
9.239127859473228455e-03
1.450099144130945206e-02
1.427667774260044098e-02
1.460500154644250870e-02
1.442344114184379578e-02
1.421666424721479416e-02
1.420117821544408798e-02
1.318281330168247223e-02
1.418221276253461838e-02
1.409591082483530045e-02
1.425989624112844467e-02
1.419235672801733017e-02
1.381245814263820648e-02
1.429034397006034851e-02
1.373353041708469391e-02
1.439073029905557632e-02
1.417271234095096588e-02
1.427095010876655579e-02
1.445569936186075211e-02
1.459406409412622452e-02
1.321098208427429199e-02
1.437857653945684433e-02
1.462652347981929779e-02
1.403962168842554092e-02
1.435234025120735168e-02
1.355359517037868500e-02
9.504619985818862915e-03
1.418196316808462143e-02
1.355514302849769592e-02
9.072110056877136230e-03
1.443170290440320969e-02
1.370605546981096268e-02
1.457578595727682114e-02
1.427867729216814041e-02
1.449812389910221100e-02
1.130330190062522888e-02
1.412643771618604660e-02
1.355463918298482895e-02
1.433467213064432144e-02
1.381476502865552902e-02
1.227133069187402725e-02
1.442597433924674988e-02
1.436746120452880859e-02
1.390597317367792130e-02
1.289420202374458313e-02
1.387343183159828186e-02
1.442844886332750320e-02
1.148419361561536789e-02
1.412954088300466537e-02
1.224699895828962326e-02
1.451915595680475235e-02
1.321798283606767654e-02
1.389424130320549011e-02
1.411523297429084778e-02
1.452267821878194809e-02
1.282013673335313797e-02
1.360013801604509354e-02
1.438134349882602692e-02
1.414986886084079742e-02
1.379300002008676529e-02
1.365951541811227798e-02
1.413050573319196701e-02
1.343719009310007095e-02
1.328137516975402832e-02
1.445207279175519943e-02
1.134968828409910202e-02
1.437464915215969086e-02
1.471182703971862793e-02
1.419670321047306061e-02
1.233603060245513916e-02
1.283220853656530380e-02
1.432347018271684647e-02
1.425748504698276520e-02
1.460326090455055237e-02
1.417884230613708496e-02
1.450708508491516113e-02
1.454865839332342148e-02
1.407659612596035004e-02
1.413221284747123718e-02
1.459823641926050186e-02
1.283864304423332214e-02
1.436420343816280365e-02
1.428662799298763275e-02
1.401125174015760422e-02
1.419369783252477646e-02
1.371933426707983017e-02
1.417327765375375748e-02
1.251024939119815826e-02
1.421633083373308182e-02
1.409535668790340424e-02
1.421162765473127365e-02
1.398344989866018295e-02
1.382013596594333649e-02
1.394687313586473465e-02
1.432032790035009384e-02
1.403038203716278076e-02
1.431501563638448715e-02
1.357674319297075272e-02
1.397942658513784409e-02
1.378706935793161392e-02
1.449741050601005554e-02
1.407994423061609268e-02
1.376715954393148422e-02
1.423413120210170746e-02
1.444881223142147064e-02
1.431141141802072525e-02
1.398756168782711029e-02
1.482832152396440506e-02
1.390100736171007156e-02
1.414552051573991776e-02
1.468600705265998840e-02
1.379320863634347916e-02
1.080508157610893250e-02
1.436467841267585754e-02
1.397901773452758789e-02
1.424786169081926346e-02
1.441218797117471695e-02
1.418507099151611328e-02
1.353847980499267578e-02
1.421373803168535233e-02
1.392597891390323639e-02
1.425416395068168640e-02
1.415182277560234070e-02
1.348032988607883453e-02
1.325426343828439713e-02
7.652350235730409622e-03
1.411245390772819519e-02
1.352119725197553635e-02
1.360371150076389313e-02
1.453652046620845795e-02
1.413034182041883469e-02
1.388451177626848221e-02
1.427581068128347397e-02
1.411908585578203201e-02
1.218618825078010559e-02
1.424829289317131042e-02
1.314480509608983994e-02
1.426285505294799805e-02
1.360053755342960358e-02
1.404996588826179504e-02
1.393895503133535385e-02
1.400180160999298096e-02
1.427139621227979660e-02
1.398138608783483505e-02
1.467731874436140060e-02
1.451572496443986893e-02
1.457760389894247055e-02
1.428512297570705414e-02
1.418308634310960770e-02
1.448254007846117020e-02
1.452503539621829987e-02
1.404601335525512695e-02
1.367441937327384949e-02
1.440331246703863144e-02
1.419281680136919022e-02
1.266671344637870789e-02
1.351264212280511856e-02
1.349497400224208832e-02
1.534172985702753067e-02
1.464942935854196548e-02
1.443035807460546494e-02
1.363317295908927917e-02
1.372010353952646255e-02
1.388114411383867264e-02
1.407434698194265366e-02
1.416580006480216980e-02
1.425801869481801987e-02
1.444046851247549057e-02
1.446686126291751862e-02
1.439825538545846939e-02
1.417186949402093887e-02
1.387812849134206772e-02
1.426404155790805817e-02
1.469537056982517242e-02
1.431829575449228287e-02
1.118129398673772812e-02
1.447405759245157242e-02
1.413642521947622299e-02
1.354737672954797745e-02
1.398462057113647461e-02
1.439729426056146622e-02
1.230439264327287674e-02
1.480233669281005859e-02
1.447906810790300369e-02
1.423923391848802567e-02
1.456809882074594498e-02
1.435062568634748459e-02
1.459344942122697830e-02
1.373277045786380768e-02
1.451354101300239563e-02
1.433407049626111984e-02
1.416660286486148834e-02
1.431787665933370590e-02
1.441363058984279633e-02
1.455532666295766830e-02
1.393333915621042252e-02
1.433167699724435806e-02
1.438528578728437424e-02
1.402886118739843369e-02
1.259755436331033707e-02
1.368794962763786316e-02
1.475792750716209412e-02
1.406975183635950089e-02
1.390894129872322083e-02
1.405066251754760742e-02
1.410599984228610992e-02
1.462110038846731186e-02
1.403345260769128799e-02
1.424575503915548325e-02
1.092788483947515488e-02
1.436917111277580261e-02
1.416117791086435318e-02
1.366657577455043793e-02
1.442980766296386719e-02
1.424571871757507324e-02
1.447892282158136368e-02
1.417998410761356354e-02
1.401814818382263184e-02
1.398907508701086044e-02
1.051350217312574387e-02
1.392119843512773514e-02
1.452322676777839661e-02
1.418377831578254700e-02
1.433415804058313370e-02
1.397962495684623718e-02
1.449047587811946869e-02
1.455849967896938324e-02
1.454269513487815857e-02
1.443938352167606354e-02
1.428995933383703232e-02
1.481973472982645035e-02
1.408449187874794006e-02
1.351438555866479874e-02
1.042808312922716141e-02
1.442673895508050919e-02
1.483014598488807678e-02
1.421375945210456848e-02
1.369229238480329514e-02
1.084418222308158875e-02
1.417493913322687149e-02
1.417392492294311523e-02
1.434101164340972900e-02
1.320719718933105469e-02
1.467205211520195007e-02
1.207630708813667297e-02
1.417278964072465897e-02
1.221210882067680359e-02
1.396062131971120834e-02
1.440989319235086441e-02
1.437484938651323318e-02
1.406731083989143372e-02
1.454139314591884613e-02
1.461207587271928787e-02
1.469954568892717361e-02
1.428753230720758438e-02
1.425257883965969086e-02
1.476625166833400726e-02
1.422664802521467209e-02
1.362808980047702789e-02
1.417810562998056412e-02
1.415835227817296982e-02
1.451629400253295898e-02
1.408235076814889908e-02
1.445665117353200912e-02
1.444807648658752441e-02
1.323804818093776703e-02
1.379852369427680969e-02
1.402255333960056305e-02
1.441090460866689682e-02
1.403840817511081696e-02
1.362548675388097763e-02
1.433909498155117035e-02
1.456726156175136566e-02
1.470504794269800186e-02
1.309776585549116135e-02
1.458228193223476410e-02
1.452194526791572571e-02
1.462549343705177307e-02
1.465243194252252579e-02
1.400515809655189514e-02
1.333215832710266113e-02
1.438507158309221268e-02
1.523342728614807129e-02
1.371333003044128418e-02
1.390640344470739365e-02
1.343760825693607330e-02
1.420098263770341873e-02
1.424893178045749664e-02
1.448016427457332611e-02
1.417092699557542801e-02
1.453041471540927887e-02
1.471140887588262558e-02
1.370514556765556335e-02
1.365333888679742813e-02
1.427769381552934647e-02
1.466295402497053146e-02
1.409911829978227615e-02
1.380856428295373917e-02
1.388460118323564529e-02
1.441393513232469559e-02
1.379440166056156158e-02
1.437956374138593674e-02
1.340399309992790222e-02
1.469834800809621811e-02
1.429916918277740479e-02
1.452670712023973465e-02
1.424782071262598038e-02
1.461616717278957367e-02
1.417795103043317795e-02
1.386697869747877121e-02
1.420379336923360825e-02
1.410996355116367340e-02
1.452589314430952072e-02
1.443435158580541611e-02
1.145108137279748917e-02
1.440651807934045792e-02
1.460172329097986221e-02
1.415803935378789902e-02
1.336523331701755524e-02
1.340636052191257477e-02
1.414871122688055038e-02
1.417979504913091660e-02
1.437842845916748047e-02
1.418615784496068954e-02
1.451632101088762283e-02
1.424175221472978592e-02
1.443783566355705261e-02
1.380864717066287994e-02
1.465024985373020172e-02
1.417824067175388336e-02
1.442687306553125381e-02
1.431844197213649750e-02
1.404291950166225433e-02
1.394527778029441833e-02
1.447990909218788147e-02
8.663438260555267334e-03
1.245486736297607422e-02
1.332999486476182938e-02
1.462307572364807129e-02
1.459620520472526550e-02
1.311873178929090500e-02
1.440028473734855652e-02
1.422736328095197678e-02
1.446685753762722015e-02
9.808273054659366608e-03
1.428617909550666809e-02
1.391710713505744934e-02
1.419814024120569229e-02
1.396456081420183182e-02
1.460408046841621399e-02
1.437158975750207901e-02
1.373376045376062393e-02
1.434444170445203781e-02
1.448977552354335785e-02
9.991333819925785065e-03
1.370460353791713715e-02
1.415073312819004059e-02
1.424218714237213135e-02
1.439810357987880707e-02
1.301375404000282288e-02
1.415674388408660889e-02
1.251506712287664413e-02
1.289506349712610245e-02
8.087301626801490784e-03
1.248162426054477692e-02
1.476437784731388092e-02
1.383956894278526306e-02
1.400455180555582047e-02
1.480805594474077225e-02
1.427415851503610611e-02
1.400716509670019150e-02
1.372468750923871994e-02
1.441124919801950455e-02
1.423326134681701660e-02
1.424317155033349991e-02
1.460480690002441406e-02
1.397160347551107407e-02
1.314931549131870270e-02
1.427497062832117081e-02
1.427027303725481033e-02
1.430719438940286636e-02
1.431969366967678070e-02
1.332502346485853195e-02
1.389561686664819717e-02
1.439346000552177429e-02
1.402255613356828690e-02
1.473330520093441010e-02
1.414819620549678802e-02
1.409388426691293716e-02
1.466607768088579178e-02
1.319676730781793594e-02
1.417399290949106216e-02
1.424911338835954666e-02
1.293719932436943054e-02
1.415751967579126358e-02
1.435598824173212051e-02
1.392184849828481674e-02
1.429218985140323639e-02
1.448014378547668457e-02
1.421201881021261215e-02
1.479444745928049088e-02
1.028132159262895584e-02
1.416814234107732773e-02
1.441166922450065613e-02
1.432711444795131683e-02
1.435513421893119812e-02
1.340268179774284363e-02
1.399970892816781998e-02
1.357451919466257095e-02
1.424843911081552505e-02
1.181110646575689316e-02
1.461718045175075531e-02
1.429302897304296494e-02
1.404793187975883484e-02
1.435303688049316406e-02
1.403214130550622940e-02
1.450511906296014786e-02
1.398672070354223251e-02
1.418018061667680740e-02
1.396704651415348053e-02
1.415345631539821625e-02
1.447175443172454834e-02
1.433373615145683289e-02
1.422753371298313141e-02
1.324439886957406998e-02
1.414773985743522644e-02
1.455764845013618469e-02
1.320194266736507416e-02
1.409090217202901840e-02
1.424792502075433731e-02
1.431878004223108292e-02
1.441424805670976639e-02
1.444259006530046463e-02
1.398281101137399673e-02
1.452260650694370270e-02
1.466554123908281326e-02
1.418096944689750671e-02
1.354011334478855133e-02
1.402916293591260910e-02
1.444225106388330460e-02
1.438785437494516373e-02
1.426908932626247406e-02
1.445041224360466003e-02
1.400099322199821472e-02
1.438732072710990906e-02
1.395292300730943680e-02
1.402979809790849686e-02
1.432176865637302399e-02
1.392426807433366776e-02
1.429665368050336838e-02
1.459986343979835510e-02
1.467870827764272690e-02
1.482776366174221039e-02
1.431967318058013916e-02
1.425831671804189682e-02
1.391864381730556488e-02
1.452485565096139908e-02
1.134094595909118652e-02
1.280347071588039398e-02
1.386038679629564285e-02
1.453545410186052322e-02
1.379830203950405121e-02
1.411256194114685059e-02
1.425296626985073090e-02
1.419876422733068466e-02
1.397363748401403427e-02
1.288110576570034027e-02
1.427027955651283264e-02
1.360885705798864365e-02
1.448372099548578262e-02
1.387786213308572769e-02
1.414205692708492279e-02
1.394903752952814102e-02
1.476820185780525208e-02
1.423814613372087479e-02
1.357832271605730057e-02
1.331447716802358627e-02
1.432034652680158615e-02
1.379727479070425034e-02
1.461679581552743912e-02
1.469443179666996002e-02
1.450972259044647217e-02
1.360581163316965103e-02
1.421032007783651352e-02
1.341311540454626083e-02
1.443488989025354385e-02
1.378347910940647125e-02
1.455071568489074707e-02
1.456918474286794662e-02
1.460469607263803482e-02
1.047244574874639511e-02
1.413785293698310852e-02
1.449967641383409500e-02
1.434267964214086533e-02
1.468039955943822861e-02
1.432111207395792007e-02
1.399959251284599304e-02
1.404699403792619705e-02
1.390335801988840103e-02
1.410254556685686111e-02
1.435740664601325989e-02
1.424806378781795502e-02
1.363662723451852798e-02
1.426448021084070206e-02
1.425595954060554504e-02
1.396048627793788910e-02
1.438105944544076920e-02
1.466604694724082947e-02
1.373535394668579102e-02
1.400027517229318619e-02
9.875174611806869507e-03
1.410864666104316711e-02
1.427767612040042877e-02
1.460957247763872147e-02
1.479822117835283279e-02
1.387577410787343979e-02
1.420460082590579987e-02
1.332418248057365417e-02
1.404899358749389648e-02
1.443893089890480042e-02
1.438301429152488708e-02
1.451595220714807510e-02
1.451592799276113510e-02
1.435172557830810547e-02
1.406194362789392471e-02
1.415883004665374756e-02
1.421709638088941574e-02
1.447207294404506683e-02
1.431130710989236832e-02
1.459219958633184433e-02
1.387480180710554123e-02
1.415699440985918045e-02
1.429881807416677475e-02
1.434128824621438980e-02
1.398156676441431046e-02
1.397213898599147797e-02
1.399736199527978897e-02
1.376906689256429672e-02
1.342774275690317154e-02
1.387905143201351166e-02
1.353472191840410233e-02
1.376423332840204239e-02
1.398770604282617569e-02
1.310097612440586090e-02
1.429266016930341721e-02
1.086258143186569214e-02
1.342700142413377762e-02
1.428119931370019913e-02
1.288883294910192490e-02
1.358190737664699554e-02
1.401584781706333160e-02
1.406874693930149078e-02
1.387717481702566147e-02
1.420560758560895920e-02
1.419010665267705917e-02
1.456715073436498642e-02
1.412880141288042068e-02
1.470062974840402603e-02
1.428861822932958603e-02
1.362607441842556000e-02
1.454425416886806488e-02
1.459972932934761047e-02
1.406589150428771973e-02
1.362858619540929794e-02
1.450974401086568832e-02
1.407667063176631927e-02
1.018415670841932297e-02
1.449506636708974838e-02
1.332475244998931885e-02
1.385926082730293274e-02
1.451782509684562683e-02
1.404562313109636307e-02
1.422269549220800400e-02
1.448774896562099457e-02
1.416082773357629776e-02
1.362733915448188782e-02
1.400913577526807785e-02
1.434651296585798264e-02
1.408867910504341125e-02
1.424072403460741043e-02
1.425139233469963074e-02
1.289846841245889664e-02
1.435182336717844009e-02
1.470973249524831772e-02
1.417748536914587021e-02
1.459378376603126526e-02
1.326734758913516998e-02
1.431533601135015488e-02
1.361185312271118164e-02
1.460769213736057281e-02
1.358910836279392242e-02
1.433488726615905762e-02
1.388129498809576035e-02
1.470040064305067062e-02
1.407480239868164062e-02
9.977693669497966766e-03
1.433883514255285263e-02
1.377592049539089203e-02
1.457391027361154556e-02
8.069022558629512787e-03
1.351105049252510071e-02
1.375533081591129303e-02
1.344202365726232529e-02
1.456952933222055435e-02
1.445073820650577545e-02
1.418840792030096054e-02
1.423225086182355881e-02
1.390654500573873520e-02
1.456778962165117264e-02
1.489990949630737305e-02
1.358123123645782471e-02
1.448503136634826660e-02
1.442470028996467590e-02
1.432902179658412933e-02
1.355534791946411133e-02
1.447744388133287430e-02
1.449619140475988388e-02
1.281315367668867111e-02
1.419645827263593674e-02
1.450023613870143890e-02
1.024734973907470703e-02
1.413508411496877670e-02
1.389199215918779373e-02
1.443884335458278656e-02
1.394738908857107162e-02
1.466231327503919601e-02
1.326232217252254486e-02
1.366422232240438461e-02
1.381283439695835114e-02
1.466774940490722656e-02
1.421075407415628433e-02
1.339830830693244934e-02
1.462406199425458908e-02
1.440075319260358810e-02
1.354283373802900314e-02
1.365892682224512100e-02
1.419508177787065506e-02
9.176984429359436035e-03
1.384520810097455978e-02
1.429489534348249435e-02
1.409049984067678452e-02
1.396655477583408356e-02
1.395811419934034348e-02
1.439730450510978699e-02
1.403672900050878525e-02
1.448236033320426941e-02
1.323576550930738449e-02
1.421119272708892822e-02
1.414026413112878799e-02
1.201462093740701675e-02
1.432343106716871262e-02
1.444639172405004501e-02
1.372620183974504471e-02
1.351912971585988998e-02
1.290933694690465927e-02
1.447146292775869370e-02
1.376936770975589752e-02
1.456568762660026550e-02
1.408912613987922668e-02
1.431252993643283844e-02
1.424483582377433777e-02
1.411728188395500183e-02
1.410735584795475006e-02
1.459541637450456619e-02
1.351784076541662216e-02
1.408909633755683899e-02
1.455163024365901947e-02
1.438588276505470276e-02
1.484161335974931717e-02
1.263924874365329742e-02
1.412852108478546143e-02
1.407420076429843903e-02
1.406214758753776550e-02
1.320013310760259628e-02
1.425034645944833755e-02
1.422663964331150055e-02
1.459495071321725845e-02
1.436249632388353348e-02
1.433257106691598892e-02
1.453584153205156326e-02
1.412372663617134094e-02
1.443726383149623871e-02
1.417962834239006042e-02
1.450563315302133560e-02
1.387985423207283020e-02
1.385491527616977692e-02
1.460405532270669937e-02
1.435347553342580795e-02
1.418784540146589279e-02
1.432314794510602951e-02
1.417782343924045563e-02
1.453522965312004089e-02
1.440072618424892426e-02
1.454325020313262939e-02
1.348903775215148926e-02
1.433477457612752914e-02
1.423732563853263855e-02
1.349148992449045181e-02
1.450288295745849609e-02
1.415602955967187881e-02
1.417183596640825272e-02
1.443072780966758728e-02
1.425949577242136002e-02
1.411255914717912674e-02
1.356527488678693771e-02
1.437162514775991440e-02
1.395326852798461914e-02
1.447867415845394135e-02
1.440834999084472656e-02
1.410113554447889328e-02
1.412401255220174789e-02
1.439670007675886154e-02
1.426779665052890778e-02
1.454229746013879776e-02
1.408352330327033997e-02
1.362502574920654297e-02
1.414355915039777756e-02
1.415656227618455887e-02
1.421045139431953430e-02
1.446640398353338242e-02
1.461286284029483795e-02
1.402831170707941055e-02
1.419922150671482086e-02
1.461104396730661392e-02
1.441629603505134583e-02
1.450894493609666824e-02
1.313290558755397797e-02
1.261301990598440170e-02
1.432940922677516937e-02
1.382288057357072830e-02
1.365132257342338562e-02
1.432968582957983017e-02
1.479322277009487152e-02
1.372860744595527649e-02
1.428755745291709900e-02
1.442254241555929184e-02
1.429454423487186432e-02
1.430075801908969879e-02
1.406076643615961075e-02
1.343685109168291092e-02
1.490306947380304337e-02
1.444682199507951736e-02
1.431240793317556381e-02
1.421681139618158340e-02
1.365422084927558899e-02
1.173497736454010010e-02
1.376249548047780991e-02
1.196035090833902359e-02
1.406386401504278183e-02
1.387633476406335831e-02
1.429290976375341415e-02
1.419368293136358261e-02
1.388281211256980896e-02
1.349576748907566071e-02
1.435006503015756607e-02
1.442716643214225769e-02
1.380952633917331696e-02
9.818393737077713013e-03
1.405886374413967133e-02
1.221783738583326340e-02
1.249696593731641769e-02
1.429478451609611511e-02
1.447391230612993240e-02
1.428200956434011459e-02
1.423080917447805405e-02
1.001176144927740097e-02
1.421870663762092590e-02
1.419226173311471939e-02
1.342761237174272537e-02
1.423444505780935287e-02
1.420400664210319519e-02
1.424949988722801208e-02
1.422579679638147354e-02
1.077599730342626572e-02
1.399379409849643707e-02
1.437270082533359528e-02
1.444360706955194473e-02
1.402431726455688477e-02
1.472181174904108047e-02
1.542206481099128723e-02
1.432679966092109680e-02
1.388713624328374863e-02
1.433738786727190018e-02
1.490737125277519226e-02
1.406484935432672501e-02
1.410686690360307693e-02
1.470914203673601151e-02
1.221888419240713120e-02
1.400473620742559433e-02
1.384196802973747253e-02
1.384185161441564560e-02
1.454009208828210831e-02
1.431425847113132477e-02
1.431153807789087296e-02
1.416767202317714691e-02
1.412261370569467545e-02
1.483860053122043610e-02
1.386943180114030838e-02
1.439525280147790909e-02
1.062821689993143082e-02
1.426894683390855789e-02
1.494935154914855957e-02
1.324497256428003311e-02
1.461280230432748795e-02
1.452814694494009018e-02
1.309164520353078842e-02
1.387041900306940079e-02
1.383694633841514587e-02
1.447299495339393616e-02
1.436418388038873672e-02
1.407767180353403091e-02
1.449374295771121979e-02
1.375152170658111572e-02
1.426322385668754578e-02
1.456549670547246933e-02
1.351863984018564224e-02
1.397052966058254242e-02
1.464500930160284042e-02
1.431485451757907867e-02
1.384534779936075211e-02
1.411445066332817078e-02
1.393385138362646103e-02
1.456011272966861725e-02
1.436532381922006607e-02
1.382765173912048340e-02
1.452273409813642502e-02
1.450294815003871918e-02
1.391532644629478455e-02
1.462123449891805649e-02
1.445510052144527435e-02
1.455774344503879547e-02
1.169219240546226501e-02
1.466723717749118805e-02
1.471846923232078552e-02
1.436240877956151962e-02
1.443101838231086731e-02
1.410109642893075943e-02
1.484665274620056152e-02
1.409443654119968414e-02
1.395782548934221268e-02
1.113273482769727707e-02
1.423785462975502014e-02
1.387338712811470032e-02
1.415815297514200211e-02
1.451573334634304047e-02
1.435194257646799088e-02
1.408242620527744293e-02
1.431690715253353119e-02
1.426376029849052429e-02
1.457756105810403824e-02
1.414747163653373718e-02
1.434496603906154633e-02
1.353987213224172592e-02
1.358622871339321136e-02
1.369976904243230820e-02
1.208739355206489563e-02
1.412221230566501617e-02
1.455342490226030350e-02
1.465515792369842529e-02
1.430816296488046646e-02
1.481432374566793442e-02
1.214194018393754959e-02
1.392277143895626068e-02
1.457937993109226227e-02
1.141649205237627029e-02
1.418989617377519608e-02
1.422921661287546158e-02
1.355072297155857086e-02
1.130203995853662491e-02
1.425699610263109207e-02
1.429549790918827057e-02
1.398724876344203949e-02
1.412242930382490158e-02
1.440272107720375061e-02
1.349287014454603195e-02
1.430451869964599609e-02
1.406356599181890488e-02
1.425732020288705826e-02
1.440084818750619888e-02
1.406883914023637772e-02
1.341083645820617676e-02
1.438921410590410233e-02
1.473847124725580215e-02
1.467834692448377609e-02
1.052714511752128601e-02
8.865583688020706177e-03
1.260786410421133041e-02
1.379249896854162216e-02
1.416293717920780182e-02
1.426575146615505219e-02
1.433492545038461685e-02
1.466974709182977676e-02
1.413632277399301529e-02
1.287329196929931641e-02
1.444840151816606522e-02
1.390969473868608475e-02
1.449798978865146637e-02
1.417018100619316101e-02
1.373720075935125351e-02
1.439941860735416412e-02
1.430388912558555603e-02
1.437850203365087509e-02
1.422901824116706848e-02
1.098014973104000092e-02
1.410382613539695740e-02
1.446196530014276505e-02
1.377493981271982193e-02
1.433865632861852646e-02
1.339353993535041809e-02
1.377569977194070816e-02
1.404166780412197113e-02
1.431573089212179184e-02
1.457947771996259689e-02
1.428385078907012939e-02
1.088238228112459183e-02
1.460033282637596130e-02
1.447834167629480362e-02
1.397786196321249008e-02
1.394759491086006165e-02
1.392343547195196152e-02
1.418740954250097275e-02
1.443934068083763123e-02
1.456438284367322922e-02
1.320452615618705750e-02
1.402492541819810867e-02
1.265114825218915939e-02
1.445766910910606384e-02
1.432782970368862152e-02
1.371254120022058487e-02
1.446681283414363861e-02
1.404756866395473480e-02
1.467496156692504883e-02
1.409650128334760666e-02
1.406040228903293610e-02
1.314148213714361191e-02
1.438108459115028381e-02
1.407920941710472107e-02
1.385812461376190186e-02
1.339875534176826477e-02
1.361258979886770248e-02
1.427621208131313324e-02
1.452225819230079651e-02
1.345257554203271866e-02
1.444454211741685867e-02
1.436218619346618652e-02
1.374063454568386078e-02
1.406837161630392075e-02
1.418496947735548019e-02
1.322945114225149155e-02
1.434246636927127838e-02
1.426597870886325836e-02
1.443108636885881424e-02
1.371244993060827255e-02
1.423713006079196930e-02
1.443589292466640472e-02
1.417579874396324158e-02
1.381195709109306335e-02
1.460130419582128525e-02
1.401791628450155258e-02
1.479543838649988174e-02
1.470170263200998306e-02
1.382234320044517517e-02
1.424869056791067123e-02
1.441226992756128311e-02
1.325914915651082993e-02
1.432069018483161926e-02
1.429043617099523544e-02
1.396559271961450577e-02
1.349161285907030106e-02
1.474105473607778549e-02
1.401605643332004547e-02
1.469186600297689438e-02
1.421646866947412491e-02
1.451153121888637543e-02
1.394055876880884171e-02
1.400091405957937241e-02
1.379685942083597183e-02
1.418912969529628754e-02
1.436476688832044601e-02
1.440177485346794128e-02
1.407885551452636719e-02
1.449119485914707184e-02
1.454174518585205078e-02
1.440822239965200424e-02
1.410975959151983261e-02
1.468205731362104416e-02
1.430866401642560959e-02
1.451598946005105972e-02
1.448941789567470551e-02
1.461774017661809921e-02
1.414285972714424133e-02
1.389444805681705475e-02
1.475364062935113907e-02
1.414417661726474762e-02
1.431051455438137054e-02
1.057424489408731461e-02
1.422646082937717438e-02
1.469167694449424744e-02
1.462581846863031387e-02
1.141433790326118469e-02
1.947687193751335144e-02
1.371463295072317123e-02
1.491280831396579742e-02
1.431725826114416122e-02
1.415069028735160828e-02
1.419480983167886734e-02
1.205174624919891357e-02
1.433103997260332108e-02
1.435147877782583237e-02
1.402599737048149109e-02
1.434987504035234451e-02
1.406666543334722519e-02
1.419609785079956055e-02
1.415202394127845764e-02
1.451008860021829605e-02
1.158442813903093338e-02
1.432326342910528183e-02
1.419864594936370850e-02
1.415840350091457367e-02
1.435394957661628723e-02
1.403391920030117035e-02
1.244331058114767075e-02
1.423667464405298233e-02
1.256879791617393494e-02
1.422103401273488998e-02
1.423143502324819565e-02
1.445975340902805328e-02
1.402560807764530182e-02
1.436018664389848709e-02
1.374790631234645844e-02
1.436891779303550720e-02
1.476308703422546387e-02
1.355950161814689636e-02
1.445868890732526779e-02
1.431930623948574066e-02
1.376038696616888046e-02
1.114086434245109558e-02
1.475911494344472885e-02
1.462866645306348801e-02
1.463360711932182312e-02
1.386134978383779526e-02
1.408909913152456284e-02
1.410218141973018646e-02
1.332597061991691589e-02
1.337911188602447510e-02
1.378587167710065842e-02
1.316465809941291809e-02
1.400113664567470551e-02
1.363650243729352951e-02
1.416452135890722275e-02
1.329408213496208191e-02
1.135544385761022568e-02
1.458766497671604156e-02
1.421813573688268661e-02
1.481120008975267410e-02
1.470173522830009460e-02
1.434865314513444901e-02
1.448371913284063339e-02
1.419216394424438477e-02
1.405658945441246033e-02
1.415266003459692001e-02
1.400080882012844086e-02
1.501104235649108887e-02
1.439427491277456284e-02
1.282010879367589951e-02
1.365714985877275467e-02
1.454855129122734070e-02
1.421615481376647949e-02
9.539383463561534882e-03
1.323539111763238907e-02
1.410261355340480804e-02
1.443007681518793106e-02
1.399841625243425369e-02
1.388824265450239182e-02
1.400317344814538956e-02
1.438690442591905594e-02
1.398334186524152756e-02
1.390142831951379776e-02
1.430651545524597168e-02
1.453435141593217850e-02
1.387526746839284897e-02
1.438131649047136307e-02
1.419358234852552414e-02
1.282195840030908585e-02
1.419605687260627747e-02
1.085076387971639633e-02
1.417379453778266907e-02
1.444491650909185410e-02
1.425788365304470062e-02
1.418099924921989441e-02
1.406498905271291733e-02
1.470718905329704285e-02
1.362839993089437485e-02
1.377868652343750000e-02
1.419710740447044373e-02
1.463320013135671616e-02
1.420953031629323959e-02
1.376169081777334213e-02
1.411081850528717041e-02
1.458702608942985535e-02
1.392768975347280502e-02
1.171164121478796005e-02
1.422783080488443375e-02
1.433192286640405655e-02
1.424411777406930923e-02
1.411999110132455826e-02
1.410754676908254623e-02
1.157300174236297607e-02
1.409618183970451355e-02
1.383287925273180008e-02
1.431460026651620865e-02
1.372741442173719406e-02
1.463917549699544907e-02
1.457400247454643250e-02
1.405432261526584625e-02
1.443527266383171082e-02
1.399818621575832367e-02
1.454715523868799210e-02
1.406193152070045471e-02
1.435184758156538010e-02
1.420949958264827728e-02
1.468142587691545486e-02
1.459685526788234711e-02
9.875239804387092590e-03
1.391234993934631348e-02
1.435212697833776474e-02
1.363371219485998154e-02
1.415257062762975693e-02
1.450581289827823639e-02
1.380457635968923569e-02
1.402754709124565125e-02
1.456896681338548660e-02
1.421753130853176117e-02
1.446983311325311661e-02
1.378657296299934387e-02
1.447873935103416443e-02
1.386054139584302902e-02
1.431528292596340179e-02
1.448127906769514084e-02
1.468788739293813705e-02
1.411742810159921646e-02
1.430926006287336349e-02
1.490487530827522278e-02
1.423288043588399887e-02
1.435665134340524673e-02
1.381718181073665619e-02
1.438977662473917007e-02
1.380692794919013977e-02
1.314400229603052139e-02
1.394194923341274261e-02
1.365577522665262222e-02
1.413741055876016617e-02
1.380640920251607895e-02
1.458641979843378067e-02
1.462237909436225891e-02
1.419115066528320312e-02
1.431649085134267807e-02
1.438452210277318954e-02
1.427845004945993423e-02
1.431841310113668442e-02
1.454240642488002777e-02
1.428774558007717133e-02
1.451961789280176163e-02
1.373518351465463638e-02
1.445942837744951248e-02
1.388696767389774323e-02
1.405984163284301758e-02
1.431302353739738464e-02
1.265954691916704178e-02
1.460070349276065826e-02
1.398938894271850586e-02
1.431556697934865952e-02
1.385300140827894211e-02
1.442461367696523666e-02
1.451706606894731522e-02
1.313767395913600922e-02
1.383819337934255600e-02
1.131339464336633682e-02
1.358318328857421875e-02
1.348990108817815781e-02
1.453280728310346603e-02
1.410347502678632736e-02
1.419618353247642517e-02
1.399195194244384766e-02
1.443966384977102280e-02
1.458503678441047668e-02
1.450637541711330414e-02
1.451258454471826553e-02
1.429701969027519226e-02
1.358282566070556641e-02
1.369103509932756424e-02
1.450269017368555069e-02
1.416766084730625153e-02
1.442045811563730240e-02
1.457926351577043533e-02
1.406194269657135010e-02
1.444727741181850433e-02
1.415723841637372971e-02
1.119816862046718597e-02
1.385341212153434753e-02
1.428563240915536880e-02
1.422987505793571472e-02
1.460263133049011230e-02
1.443979796022176743e-02
1.403892599046230316e-02
1.454108860343694687e-02
1.343372184783220291e-02
1.367335114628076553e-02
1.149664912372827530e-02
1.422138419002294540e-02
1.442653220146894455e-02
1.429073885083198547e-02
1.387274358421564102e-02
1.349361613392829895e-02
1.442943885922431946e-02
1.433612033724784851e-02
1.432526204735040665e-02
1.402035448700189590e-02
1.431109942495822906e-02
1.433021202683448792e-02
1.449578441679477692e-02
1.437439955770969391e-02
1.413871441036462784e-02
1.407524105161428452e-02
1.391775999218225479e-02
1.428590621799230576e-02
1.453056838363409042e-02
1.437997259199619293e-02
1.439828891307115555e-02
1.459099724888801575e-02
1.396294310688972473e-02
1.365352235734462738e-02
1.251569949090480804e-02
1.344773080199956894e-02
1.426511630415916443e-02
1.453657355159521103e-02
1.424736622720956802e-02
1.430468540638685226e-02
1.433838810771703720e-02
1.444129925221204758e-02
1.436187047511339188e-02
1.441706065088510513e-02
1.455949526280164719e-02
1.419156789779663086e-02
1.472980622202157974e-02
1.442797854542732239e-02
1.420519035309553146e-02
1.452119555324316025e-02
1.426205690950155258e-02
1.432836055755615234e-02
1.443186309188604355e-02
1.394877396523952484e-02
1.386197563260793686e-02
1.347558293491601944e-02
1.422622706741094589e-02
1.387916132807731628e-02
1.423797849565744400e-02
1.455772761255502701e-02
1.432298216968774796e-02
1.394882239401340485e-02
1.419814769178628922e-02
1.471346523612737656e-02
1.466394029557704926e-02
1.397280022501945496e-02
1.447714306414127350e-02
1.367456931620836258e-02
1.400411408394575119e-02
1.436673477292060852e-02
1.402361597865819931e-02
1.046987809240818024e-02
1.425161957740783691e-02
1.456522010266780853e-02
1.421377342194318771e-02
1.392639335244894028e-02
1.347709819674491882e-02
1.450337469577789307e-02
1.456566713750362396e-02
1.248518005013465881e-02
1.488616690039634705e-02
1.332251727581024170e-02
1.433028932660818100e-02
1.411401107907295227e-02
1.453469973057508469e-02
1.420989912003278732e-02
1.399876084178686142e-02
1.365626510232686996e-02
1.383762992918491364e-02
1.420325599610805511e-02
1.444464642554521561e-02
1.452795229852199554e-02
1.435596588999032974e-02
1.446089427918195724e-02
1.436668355017900467e-02
1.475380919873714447e-02
1.434045191854238510e-02
1.234638132154941559e-02
1.451064739376306534e-02
1.448438130319118500e-02
1.431462727487087250e-02
1.371285971254110336e-02
1.406080927699804306e-02
1.456067897379398346e-02
1.423871517181396484e-02
1.423170231282711029e-02
1.427658554166555405e-02
1.445369794964790344e-02
1.440709922462701797e-02
1.422509551048278809e-02
1.441049575805664062e-02
1.274235825985670090e-02
1.431308593600988388e-02
1.452848967164754868e-02
1.174769923090934753e-02
1.393576059490442276e-02
1.365465763956308365e-02
1.214031968265771866e-02
1.451061293482780457e-02
1.427825074642896652e-02
1.416893955320119858e-02
1.423715986311435699e-02
1.351671852171421051e-02
1.411696989089250565e-02
1.467971131205558777e-02
1.355081237852573395e-02
1.409147121012210846e-02
1.377984043210744858e-02
1.407734770327806473e-02
1.473605539649724960e-02
1.430507004261016846e-02
1.442810054868459702e-02
1.444281730800867081e-02
1.412548124790191650e-02
1.429090742021799088e-02
1.406648755073547363e-02
1.407294534146785736e-02
1.200447324663400650e-02
1.407573278993368149e-02
1.434519607573747635e-02
1.358287129551172256e-02
