<system>Protocol: Active. Attitude: Sassy.</system>
1.236533746123313904e-02
1.068702898919582367e-02
9.795337915420532227e-03
1.287251804023981094e-02
1.130151469260454178e-02
1.046756096184253693e-02
1.214891579002141953e-02
1.393969636410474777e-02
1.001344341784715652e-02
1.066872756928205490e-02
1.286637224256992340e-02
1.409806683659553528e-02
1.310192607343196869e-02
1.554540731012821198e-02
1.562332920730113983e-02
1.541428267955780029e-02
2.004080265760421753e-02
1.801457256078720093e-02
2.145745046436786652e-02
2.040727064013481140e-02
1.939463615417480469e-02
2.067729271948337555e-02
1.926668360829353333e-02
1.819712296128273010e-02
2.044237405061721802e-02
1.806488446891307831e-02
1.787062734365463257e-02
1.839836686849594116e-02
1.795733720064163208e-02
1.775430887937545776e-02
1.728492230176925659e-02
2.030050009489059448e-02
1.222252100706100464e-02
9.732477366924285889e-03
1.096329744905233383e-02
1.173086464405059814e-02
1.018051058053970337e-02
1.154426112771034241e-02
1.053619384765625000e-02
1.319438964128494263e-02
1.045330148190259933e-02
1.093676313757896423e-02
1.264358591288328171e-02
1.377006433904170990e-02
1.312691625207662582e-02
1.488868519663810730e-02
1.697336696088314056e-02
1.740115135908126831e-02
2.005216293036937714e-02
1.388192456215620041e-02
2.112165838479995728e-02
2.150474116206169128e-02
1.927401870489120483e-02
1.950042694807052612e-02
1.860248297452926636e-02
1.855401881039142609e-02
1.114283781498670578e-02
1.799859479069709778e-02
1.738567277789115906e-02
1.746791228652000427e-02
1.788800023496150970e-02
1.819105073809623718e-02
1.687384396791458130e-02
1.740562729537487030e-02
1.372051797807216644e-02
1.354226097464561462e-02
1.279485505074262619e-02
1.480688899755477905e-02
1.793977804481983185e-02
1.550498604774475098e-02
1.512302644550800323e-02
1.783225685358047485e-02
1.554407551884651184e-02
1.693481579422950745e-02
1.854524575173854828e-02
2.165021002292633057e-02
1.953537575900554657e-02
1.997770182788372040e-02
1.925789564847946167e-02
1.746093481779098511e-02
2.283639274537563324e-02
2.041669748723506927e-02
2.360740303993225098e-02
2.152226492762565613e-02
2.090734802186489105e-02
2.201760187745094299e-02
2.183871529996395111e-02
2.018819749355316162e-02
2.569914609193801880e-02
2.046460285782814026e-02
2.140236273407936096e-02
2.020597457885742188e-02
2.209607325494289398e-02
2.168781682848930359e-02
2.219317853450775146e-02
2.400920167565345764e-02
1.319202594459056854e-02
1.283654943108558655e-02
1.391103398054838181e-02
1.447584480047225952e-02
1.514640077948570251e-02
1.691467501223087311e-02
1.423017866909503937e-02
1.814115233719348907e-02
1.665849238634109497e-02
1.712441816926002502e-02
1.623052917420864105e-02
2.243695966899394989e-02
1.857123896479606628e-02
1.709697023034095764e-02
2.246719039976596832e-02
2.233142964541912079e-02
2.175286039710044861e-02
1.551773305982351303e-02
2.146995067596435547e-02
2.217601239681243896e-02
2.000588923692703247e-02
2.054680325090885162e-02
2.040101587772369385e-02
2.125350758433341980e-02
1.427187863737344742e-02
2.130872756242752075e-02
1.989277079701423645e-02
2.069086767733097076e-02
2.180139720439910889e-02
2.084743976593017578e-02
2.212797291576862335e-02
2.136624604463577271e-02
1.740306802093982697e-02
1.616203784942626953e-02
1.662952825427055359e-02
1.630317419767379761e-02
2.197803743183612823e-02
2.161643095314502716e-02
1.942694187164306641e-02
2.027495391666889191e-02
2.328545227646827698e-02
2.402368746697902679e-02
2.611821144819259644e-02
2.532819285988807678e-02
2.729699015617370605e-02
2.839201875030994415e-02
2.502829767763614655e-02
2.475751563906669617e-02
2.484976686537265778e-02
2.833789587020874023e-02
2.182780764997005463e-02
1.894930750131607056e-02
1.897064782679080963e-02
1.952542737126350403e-02
1.619347929954528809e-02
1.545817591249942780e-02
2.760940603911876678e-02
1.516309753060340881e-02
1.516030449420213699e-02
1.555880997329950333e-02
1.634239964187145233e-02
2.020122110843658447e-02
1.699623465538024902e-02
2.016839943826198578e-02
1.708066090941429138e-02
1.724366284906864166e-02
1.817993074655532837e-02
1.795091666281223297e-02
1.932506263256072998e-02
2.194343507289886475e-02
2.023312076926231384e-02
2.225807867944240570e-02
2.376019768416881561e-02
2.402523718774318695e-02
2.497528493404388428e-02
2.312468551099300385e-02
2.251228131353855133e-02
2.319190651178359985e-02
2.717179432511329651e-02
2.966219186782836914e-02
2.423375844955444336e-02
1.701681688427925110e-02
2.233204431831836700e-02
2.200175262987613678e-02
1.765489578247070312e-02
1.837689802050590515e-02
1.724426820874214172e-02
1.615008339285850525e-02
1.289919205009937286e-02
1.549629494547843933e-02
1.498810201883316040e-02
1.529688946902751923e-02
1.743065938353538513e-02
1.697931811213493347e-02
1.846801489591598511e-02
1.764350943267345428e-02
2.681249752640724182e-02
1.632344536483287811e-02
2.325724810361862183e-02
1.289337500929832458e-02
1.862329430878162384e-02
1.781195402145385742e-02
1.234373915940523148e-02
1.574317738413810730e-02
1.629299111664295197e-02
1.452303677797317505e-02
1.569314487278461456e-02
1.788194850087165833e-02
1.624224334955215454e-02
1.761868223547935486e-02
1.717000640928745270e-02
1.327498443424701691e-02
1.834970153868198395e-02
2.103133127093315125e-02
1.911485008895397186e-02
1.795227080583572388e-02
1.924998685717582703e-02
2.076958119869232178e-02
1.963683962821960449e-02
1.869255863130092621e-02
2.713235095143318176e-02
1.917504146695137024e-02
1.904311962425708771e-02
1.914455369114875793e-02
1.706780865788459778e-02
1.510550081729888916e-02
1.799675077199935913e-02
1.757099851965904236e-02
1.392655726522207260e-02
2.147782966494560242e-02
2.322880923748016357e-02
1.443683728575706482e-02
1.924809068441390991e-02
2.021831646561622620e-02
1.413057371973991394e-02
1.401970442384481430e-02
1.550328359007835388e-02
1.546489447355270386e-02
1.259534247219562531e-02
1.821414381265640259e-02
1.297160331159830093e-02
1.316744275391101837e-02
1.748003438115119934e-02
2.013297751545906067e-02
1.814323663711547852e-02
1.278920657932758331e-02
1.829652488231658936e-02
2.006048709154129028e-02
1.787573099136352539e-02
1.830787956714630127e-02
1.900658011436462402e-02
1.977329701185226440e-02
9.650649502873420715e-03
1.968280225992202759e-02
2.024163305759429932e-02
1.885644160211086273e-02
1.876335777342319489e-02
1.902478374540805817e-02
1.516023650765419006e-02
1.615590043365955353e-02
1.290906127542257309e-02
1.367822103202342987e-02
1.278723403811454773e-02
1.533242315053939819e-02
1.728495210409164429e-02
1.460863277316093445e-02
1.653259247541427612e-02
1.854503341019153595e-02
1.571905240416526794e-02
1.811133325099945068e-02
2.040993981063365936e-02
2.472537197172641754e-02
1.993297599256038666e-02
2.101624384522438049e-02
1.946662180125713348e-02
1.872041448950767517e-02
2.445808239281177521e-02
2.166226692497730255e-02
2.306171506643295288e-02
2.193865925073623657e-02
2.261780761182308197e-02
2.293337881565093994e-02
2.199904806911945343e-02
1.982538774609565735e-02
2.632589451968669891e-02
2.145761623978614807e-02
2.057752199470996857e-02
2.092235721647739410e-02
2.169193327426910400e-02
2.175863832235336304e-02
2.136490680277347565e-02
2.389736101031303406e-02
1.305963937193155289e-02
1.242400798946619034e-02
1.350769866257905960e-02
1.489179581403732300e-02
1.476460881531238556e-02
1.618713140487670898e-02
1.487554702907800674e-02
1.852671056985855103e-02
1.656148582696914673e-02
1.840090751647949219e-02
1.730712130665779114e-02
2.416733652353286743e-02
2.033543959259986877e-02
1.935806497931480408e-02
2.208453044295310974e-02
2.336729131639003754e-02
2.393798902630805969e-02
1.683808490633964539e-02
2.211169712245464325e-02
2.306940592825412750e-02
2.073718234896659851e-02
2.096862904727458954e-02
2.113188616931438446e-02
2.004209160804748535e-02
1.312344428151845932e-02
2.032905817031860352e-02
2.023007906973361969e-02
2.042273804545402527e-02
2.211548015475273132e-02
2.017990499734878540e-02
2.309624291956424713e-02
2.267003804445266724e-02
1.724022254347801208e-02
1.642384007573127747e-02
1.774191856384277344e-02
1.706416532397270203e-02
2.303635142743587494e-02
2.231986448168754578e-02
1.795659586787223816e-02
2.025586366653442383e-02
2.530022710561752319e-02
2.282884903252124786e-02
2.401123195886611938e-02
2.426499500870704651e-02
2.772699296474456787e-02
2.581501379609107971e-02
2.237970009446144104e-02
1.973170600831508636e-02
2.372145652770996094e-02
2.541216835379600525e-02
2.229095995426177979e-02
2.028241939842700958e-02
1.921368390321731567e-02
1.966655440628528595e-02
1.755182445049285889e-02
1.647230237722396851e-02
2.504812553524971008e-02
1.634901016950607300e-02
1.520101912319660187e-02
1.564056426286697388e-02
1.577328704297542572e-02
2.069637924432754517e-02
1.725217700004577637e-02
1.828665286302566528e-02
1.396398618817329407e-02
1.851431652903556824e-02
1.766832917928695679e-02
1.827809587121009827e-02
2.146937884390354156e-02
2.177215367555618286e-02
2.111118100583553314e-02
2.144905179738998413e-02
2.559928223490715027e-02
2.457274682819843292e-02
1.993420720100402832e-02
2.511437982320785522e-02
1.995827630162239075e-02
1.907649636268615723e-02
2.421482279896736145e-02
2.627605386078357697e-02
2.440638467669487000e-02
1.531520858407020569e-02
2.152849920094013214e-02
2.394168078899383545e-02
1.947794482111930847e-02
1.852031238377094269e-02
1.736559160053730011e-02
1.673216186463832855e-02
1.196941826492547989e-02
1.659192331135272980e-02
1.681536994874477386e-02
1.611556857824325562e-02
1.745655760169029236e-02
1.599248312413692474e-02
1.758941449224948883e-02
1.746976375579833984e-02
1.000633090734481812e-02
1.041198335587978363e-02
8.689938113093376160e-03
1.122591085731983185e-02
1.038936711847782135e-02
9.777878411114215851e-03
1.108699943870306015e-02
1.349257677793502808e-02
1.049923803657293320e-02
1.176420226693153381e-02
1.342939678579568863e-02
1.439678482711315155e-02
1.472365856170654297e-02
1.690904423594474792e-02
2.061486616730690002e-02
1.924628205597400665e-02
2.444163709878921509e-02
1.971945725381374359e-02
2.943215146660804749e-02
2.918007597327232361e-02
2.976024150848388672e-02
3.445407748222351074e-02
3.396803885698318481e-02
3.371396288275718689e-02
2.978865802288055420e-02
3.449092060327529907e-02
3.403908759355545044e-02
3.431183099746704102e-02
2.993376180529594421e-02
3.390046954154968262e-02
3.207112103700637817e-02
3.254856914281845093e-02
1.193356048315763474e-02
9.083595126867294312e-03
1.106232032179832458e-02
9.893727488815784454e-03
8.533356711268424988e-03
1.084589678794145584e-02
1.026777736842632294e-02
1.386647019535303116e-02
1.171888690441846848e-02
1.151759363710880280e-02
1.341827027499675751e-02
1.476651057600975037e-02
1.505626272410154343e-02
1.839861832559108734e-02
2.062298171222209930e-02
2.152541838586330414e-02
2.357375994324684143e-02
1.754337549209594727e-02
3.015896677970886230e-02
3.118015080690383911e-02
2.995826490223407745e-02
3.267913311719894409e-02
3.451895341277122498e-02
3.659413009881973267e-02
1.718974113464355469e-02
3.551273792982101440e-02
3.455273061990737915e-02
3.391096740961074829e-02
3.331452608108520508e-02
3.471396863460540771e-02
2.819854021072387695e-02
3.037614747881889343e-02
1.195227634161710739e-02
1.133235450834035873e-02
1.068704761564731598e-02
1.360233873128890991e-02
1.325281523168087006e-02
1.187652628868818283e-02
1.400214992463588715e-02
1.552549656480550766e-02
1.035598572343587875e-02
1.264558266848325729e-02
1.677303202450275421e-02
1.825027540326118469e-02
1.520927995443344116e-02
1.682875491678714752e-02
2.017104811966419220e-02
2.018181979656219482e-02
2.651470899581909180e-02
2.057751454412937164e-02
3.056556731462478638e-02
3.033836930990219116e-02
3.056167624890804291e-02
3.309935703873634338e-02
3.385253995656967163e-02
3.274837508797645569e-02
2.899970673024654388e-02
3.361285850405693054e-02
3.370815142989158630e-02
3.287988901138305664e-02
2.920578420162200928e-02
2.637395076453685760e-02
3.092143684625625610e-02
3.308384492993354797e-02
1.254238560795783997e-02
1.004337705671787262e-02
1.183794252574443817e-02
1.329460367560386658e-02
1.065337006002664566e-02
1.250825263559818268e-02
1.315075531601905823e-02
1.576294936239719391e-02
1.212656125426292419e-02
1.358120702207088470e-02
1.691861264407634735e-02
1.778833568096160889e-02
1.632567495107650757e-02
1.745633035898208618e-02
2.214403077960014343e-02
2.287856675684452057e-02
2.423705160617828369e-02
1.790977269411087036e-02
3.006181493401527405e-02
3.253442794084548950e-02
2.892279066145420074e-02
3.233606368303298950e-02
3.287204355001449585e-02
3.479335457086563110e-02
1.733789592981338501e-02
3.397111222147941589e-02
3.459134697914123535e-02
3.285214304924011230e-02
3.213473409414291382e-02
3.260509669780731201e-02
2.776522934436798096e-02
3.005598857998847961e-02
1.452912949025630951e-02
1.585660502314567566e-02
1.494753733277320862e-02
1.594900339841842651e-02
1.535043679177761078e-02
1.675381883978843689e-02
1.609270647168159485e-02
1.779464073479175568e-02
1.910876855254173279e-02
1.795906201004981995e-02
1.962295547127723694e-02
2.201178669929504395e-02
1.856279186904430389e-02
2.257808297872543335e-02
2.279000729322433472e-02
2.386209368705749512e-02
2.316136099398136139e-02
2.064991742372512817e-02
2.596137672662734985e-02
2.535932511091232300e-02
2.749598771333694458e-02
2.714982256293296814e-02
2.720384672284126282e-02
2.409669570624828339e-02
2.525787055492401123e-02
2.700152434408664703e-02
2.622785232961177826e-02
2.591230906546115875e-02
2.571795880794525146e-02
2.530259452760219574e-02
2.459217980504035950e-02
2.520899474620819092e-02
1.587961427867412567e-02
1.393729634582996368e-02
1.323972549289464951e-02
1.572429016232490540e-02
1.451431401073932648e-02
1.785590872168540955e-02
1.520993001759052277e-02
1.588284224271774292e-02
2.047114074230194092e-02
1.726999320089817047e-02
1.941464841365814209e-02
2.182578481733798981e-02
1.877228543162345886e-02
2.056692168116569519e-02
1.896811090409755707e-02
2.220279723405838013e-02
2.292824722826480865e-02
2.360391989350318909e-02
2.655305340886116028e-02
1.901186443865299225e-02
2.556236460804939270e-02
2.457499131560325623e-02
1.840866543352603912e-02
2.384003065526485443e-02
2.510983496904373169e-02
2.584889531135559082e-02
2.608070895075798035e-02
2.478414028882980347e-02
1.865290850400924683e-02
2.495269104838371277e-02
2.641751430928707123e-02
2.083459123969078064e-02
1.331789232790470123e-02
1.314995437860488892e-02
1.377674378454685211e-02
1.404801383614540100e-02
1.483137905597686768e-02
1.770566031336784363e-02
1.840016245841979980e-02
1.926869526505470276e-02
1.976461522281169891e-02
2.130128443241119385e-02
1.871528103947639465e-02
2.475294843316078186e-02
1.996737346053123474e-02
2.300849184393882751e-02
2.377923950552940369e-02
2.439374849200248718e-02
2.511141821742057800e-02
2.152899652719497681e-02
2.960092015564441681e-02
2.605037763714790344e-02
2.950428798794746399e-02
2.886550314724445343e-02
2.746916562318801880e-02
2.481169626116752625e-02
2.616190910339355469e-02
2.654888480901718140e-02
2.673679403960704803e-02
2.765367738902568817e-02
2.298338338732719421e-02
2.474151924252510071e-02
2.548863366246223450e-02
2.371396496891975403e-02
1.358535140752792358e-02
1.448836550116539001e-02
1.339980307966470718e-02
1.632026582956314087e-02
1.450575515627861023e-02
1.637087948620319366e-02
1.694481261074542999e-02
1.614240184426307678e-02
2.157703042030334473e-02
1.790928468108177185e-02
1.926797628402709961e-02
2.328558824956417084e-02
2.008850127458572388e-02
2.304779365658760071e-02
1.892419531941413879e-02
2.162962034344673157e-02
2.525844983756542206e-02
2.396428771317005157e-02
2.862878516316413879e-02
1.851476356387138367e-02
2.558393217623233795e-02
2.441491559147834778e-02
1.824168860912322998e-02
2.533914148807525635e-02
2.593162283301353455e-02
2.609016746282577515e-02
2.489924430847167969e-02
2.519994974136352539e-02
1.759149134159088135e-02
2.514793723821640015e-02
2.495254948735237122e-02
1.870125159621238708e-02
1.338731124997138977e-02
1.507179625332355499e-02
1.723793148994445801e-02
1.496841944754123688e-02
1.403632201254367828e-02
1.556380186229944229e-02
1.757242530584335327e-02
1.735966838896274567e-02
1.429495960474014282e-02
1.685970649123191833e-02
1.530198100954294205e-02
2.031590975821018219e-02
1.615798100829124451e-02
1.853697933256626129e-02
1.817663013935089111e-02
2.250612154603004456e-02
2.016896195709705353e-02
1.961634866893291473e-02
2.470532059669494629e-02
2.383697405457496643e-02
2.548900060355663300e-02
2.618544176220893860e-02
2.733254432678222656e-02
2.745865657925605774e-02
3.387739509344100952e-02
3.714971989393234253e-02
3.768087178468704224e-02
3.921231999993324280e-02
2.542972937226295471e-02
4.070987179875373840e-02
3.718072175979614258e-02
2.877566404640674591e-02
1.740885153412818909e-02
1.401357538998126984e-02
1.240206509828567505e-02
1.514994446188211441e-02
1.620140857994556427e-02
1.381871663033962250e-02
1.502840407192707062e-02
1.506045646965503693e-02
1.745891198515892029e-02
1.595297269523143768e-02
1.583403535187244415e-02
1.915435492992401123e-02
1.654653623700141907e-02
1.724845543503761292e-02
1.596617326140403748e-02
2.126117423176765442e-02
1.878586411476135254e-02
2.063312754034996033e-02
2.385286800563335419e-02
1.846391335129737854e-02
2.505120262503623962e-02
2.539320662617683411e-02
2.157261036336421967e-02
2.747298404574394226e-02
3.262072056531906128e-02
3.912991285324096680e-02
3.639464825391769409e-02
3.966847062110900879e-02
2.141621895134449005e-02
3.824841976165771484e-02
3.328622877597808838e-02
2.603522315621376038e-02
1.257500424981117249e-02
1.304012443870306015e-02
1.300495490431785583e-02
1.189177669584751129e-02
1.367068663239479065e-02
1.320029888302087784e-02
1.485503837466239929e-02
1.595922000706195831e-02
1.466265134513378143e-02
1.612359657883644104e-02
1.476681418716907501e-02
1.717566139996051788e-02
1.590401679277420044e-02
1.640250533819198608e-02
1.670217886567115784e-02
1.684270799160003662e-02
1.849745213985443115e-02
1.539474911987781525e-02
1.936820521950721741e-02
2.034725062549114227e-02
2.143968269228935242e-02
2.085917070508003235e-02
2.308054454624652863e-02
2.017441764473915100e-02
1.849345490336418152e-02
1.894826442003250122e-02
1.927945762872695923e-02
1.892639696598052979e-02
2.088328078389167786e-02
1.803363859653472900e-02
1.943369396030902863e-02
2.094130776822566986e-02
1.403362490236759186e-02
1.274902187287807465e-02
1.165032386779785156e-02
1.309960428625345230e-02
1.309377141296863556e-02
1.283381134271621704e-02
1.365046016871929169e-02
1.429061964154243469e-02
1.600073277950286865e-02
1.515672076493501663e-02
1.547173969447612762e-02
1.672778837382793427e-02
1.575227268040180206e-02
1.632370054721832275e-02
1.442040409892797470e-02
1.740526780486106873e-02
1.924919337034225464e-02
1.825656183063983917e-02
1.972679607570171356e-02
1.475178450345993042e-02
1.942003145813941956e-02
2.052633836865425110e-02
1.465976424515247345e-02
1.909675449132919312e-02
2.106028981506824493e-02
1.757334172725677490e-02
1.876720786094665527e-02
1.855928078293800354e-02
1.492582075297832489e-02
1.776814088225364685e-02
2.119576185941696167e-02
1.899679936468601227e-02
1.400906778872013092e-02
1.371806953102350235e-02
1.416038721799850464e-02
1.423009671270847321e-02
1.465060934424400330e-02
1.591771654784679413e-02
1.579067856073379517e-02
1.744347810745239258e-02
1.802039518952369690e-02
1.826908253133296967e-02
1.754949241876602173e-02
2.084134146571159363e-02
1.808236353099346161e-02
1.955513656139373779e-02
1.957294344902038574e-02
2.073014713823795319e-02
2.066595107316970825e-02
1.705598458647727966e-02
2.172423526644706726e-02
2.236200869083404541e-02
2.102803438901901245e-02
2.222681045532226562e-02
2.375943772494792938e-02
2.085998281836509705e-02
1.917288824915885925e-02
2.030075527727603912e-02
1.968316361308097839e-02
2.021367475390434265e-02
2.284957468509674072e-02
1.934922114014625549e-02
2.129167690873146057e-02
2.221818454563617706e-02
1.542307250201702118e-02
1.347892638295888901e-02
1.195409893989562988e-02
1.533873658627271652e-02
1.436533872038125992e-02
1.565005630254745483e-02
1.482609007507562637e-02
1.534926146268844604e-02
1.981906220316886902e-02
1.495469734072685242e-02
1.778464578092098236e-02
1.987888664007186890e-02
1.865315251052379608e-02
2.008059620857238770e-02
1.545401476323604584e-02
1.857689581811428070e-02
2.071047201752662659e-02
2.028440311551094055e-02
2.149955742061138153e-02
1.576777920126914978e-02
2.075041830539703369e-02
2.019479312002658844e-02
1.537515595555305481e-02
1.950233057141304016e-02
2.058392763137817383e-02
1.933597028255462646e-02
1.968423649668693542e-02
1.850659959018230438e-02
1.668296381831169128e-02
1.965514943003654480e-02
2.220532484352588654e-02
1.777832582592964172e-02
1.565903425216674805e-02
1.491210330277681351e-02
1.764788292348384857e-02
1.514888554811477661e-02
1.557312905788421631e-02
1.559985429048538208e-02
1.498549431562423706e-02
1.762102358043193817e-02
1.281170174479484558e-02
1.788582280278205872e-02
1.413121446967124939e-02
1.539631001651287079e-02
1.499027572572231293e-02
2.133142203092575073e-02
1.685519516468048096e-02
1.677604205906391144e-02
2.600841410458087921e-02
1.918854936957359314e-02
2.436241321265697479e-02
2.084381133317947388e-02
2.799188159406185150e-02
2.711931802332401276e-02
2.827480062842369080e-02
3.164713829755783081e-02
3.356573730707168579e-02
3.989832103252410889e-02
3.695270419120788574e-02
3.806694597005844116e-02
2.614410966634750366e-02
3.956724330782890320e-02
3.636938706040382385e-02
2.675049379467964172e-02
1.672570221126079559e-02
1.573599688708782196e-02
1.532037090510129929e-02
1.527391653507947922e-02
1.665415242314338684e-02
1.487801223993301392e-02
1.377742178738117218e-02
1.732855290174484253e-02
1.476519554853439331e-02
1.596930064260959625e-02
1.613593846559524536e-02
1.668461412191390991e-02
1.678079366683959961e-02
1.994409225881099701e-02
1.417926326394081116e-02
1.723314449191093445e-02
2.276597172021865845e-02
1.987329870462417603e-02
2.733767218887805939e-02
1.600066572427749634e-02
2.511394582688808441e-02
2.672741562128067017e-02
2.134530246257781982e-02
3.188378736376762390e-02
3.498001024127006531e-02
3.821609541773796082e-02
3.639790043234825134e-02
3.853106498718261719e-02
2.155157923698425293e-02
3.763487935066223145e-02
3.369544446468353271e-02
2.799349091947078705e-02
1.351962797343730927e-02
1.235756091773509979e-02
1.490344479680061340e-02
1.191568002104759216e-02
1.304001826792955399e-02
1.451095566153526306e-02
1.444695144891738892e-02
1.493654772639274597e-02
1.467416249215602875e-02
1.480865478515625000e-02
1.331118587404489517e-02
1.814630068838596344e-02
1.484457775950431824e-02
1.811527647078037262e-02
1.954693719744682312e-02
1.724685356020927429e-02
2.039518579840660095e-02
1.730369217693805695e-02
2.186293154954910278e-02
2.107788063585758209e-02
2.116570994257926941e-02
2.365606650710105896e-02
2.282560430467128754e-02
2.161904983222484589e-02
1.855473592877388000e-02
1.996829174458980560e-02
1.911558955907821655e-02
1.879201829433441162e-02
2.169425226747989655e-02
1.746380329132080078e-02
1.918356679379940033e-02
2.069029211997985840e-02
1.426308508962392807e-02
1.461211685091257095e-02
1.252196170389652252e-02
1.438410207629203796e-02
1.422045100480318069e-02
1.347310654819011688e-02
1.205565221607685089e-02
1.287364400923252106e-02
1.591058820486068726e-02
1.340940967202186584e-02
1.500019803643226624e-02
1.827851869165897369e-02
1.464850734919309616e-02
1.703559793531894684e-02
1.697959005832672119e-02
1.733266003429889679e-02
1.834110729396343231e-02
1.857225596904754639e-02
2.198852598667144775e-02
1.530502922832965851e-02
2.100823633372783661e-02
2.200662344694137573e-02
1.604459993541240692e-02
2.101998403668403625e-02
2.165910415351390839e-02
1.852524653077125549e-02
1.830391772091388702e-02
1.810137368738651276e-02
1.752197928726673126e-02
1.844340562820434570e-02
2.011682093143463135e-02
1.812387816607952118e-02
1.194654032588005066e-02
1.148851029574871063e-02
1.251380145549774170e-02
1.118275336921215057e-02
1.159869879484176636e-02
1.209782622754573822e-02
1.241211034357547760e-02
1.337774563580751419e-02
1.014865096658468246e-02
1.555555313825607300e-02
1.305441930890083313e-02
1.678764820098876953e-02
1.502496469765901566e-02
1.505533233284950256e-02
1.669812947511672974e-02
2.012035250663757324e-02
2.008177712559700012e-02
2.105572633445262909e-02
2.501402422785758972e-02
2.367192134261131287e-02
2.805954962968826294e-02
3.224256634712219238e-02
2.996871061623096466e-02
3.500145301222801208e-02
4.009754583239555359e-02
4.467504099011421204e-02
4.240733757615089417e-02
4.451996088027954102e-02
3.273690864443778992e-02
4.638413712382316589e-02
4.143929481506347656e-02
3.082370012998580933e-02
1.284100301563739777e-02
1.277979090809822083e-02
1.045325025916099548e-02
1.270436402410268784e-02
1.270656473934650421e-02
1.261512562632560730e-02
1.203622017055749893e-02
1.305346377193927765e-02
1.286834850907325745e-02
1.516185700893402100e-02
1.378353405743837357e-02
1.606266573071479797e-02
1.452955603599548340e-02
1.433106884360313416e-02
1.572735980153083801e-02
1.901892945170402527e-02
2.007943764328956604e-02
2.169806882739067078e-02
2.472596243023872375e-02
1.982855424284934998e-02
2.758038416504859924e-02
2.935253456234931946e-02
2.443250827491283417e-02
3.570923209190368652e-02
3.832472860813140869e-02
4.632922261953353882e-02
4.176872968673706055e-02
4.442396014928817749e-02
2.932211756706237793e-02
4.243152216076850891e-02
3.821489214897155762e-02
2.808300405740737915e-02
5.644670687615871429e-03
6.092006340622901917e-03
5.238077603280544281e-03
8.778906427323818207e-03
7.107235025614500046e-03
8.955933153629302979e-03
7.396090775728225708e-03
1.075755804777145386e-02
1.148507185280323029e-02
1.740257441997528076e-02
1.587523519992828369e-02
2.152873948216438293e-02
1.937543228268623352e-02
2.183595299720764160e-02
2.302233874797821045e-02
2.681817486882209778e-02
1.634183898568153381e-02
2.758452668786048889e-02
2.779829129576683044e-02
2.636720612645149231e-02
2.989410236477851868e-02
2.539406530559062958e-02
2.371593192219734192e-02
8.817081339657306671e-03
2.738153561949729919e-02
2.345816791057586670e-02
2.740801312029361725e-02
2.492492087185382843e-02
2.627647668123245239e-02
2.972530946135520935e-02
2.597561106085777283e-02
2.701324969530105591e-02
5.897695198655128479e-03
6.363508291542530060e-03
5.910345353186130524e-03
8.680242113769054413e-03
6.176161579787731171e-03
9.520296938717365265e-03
8.986713364720344543e-03
1.013021171092987061e-02
1.049076393246650696e-02
1.728640682995319366e-02
1.552173402160406113e-02
1.870535686612129211e-02
1.763156242668628693e-02
2.056036517024040222e-02
2.301823161542415619e-02
2.577469311654567719e-02
2.038949728012084961e-02
2.680406719446182251e-02
2.565615624189376831e-02
1.710601150989532471e-02
2.577338553965091705e-02
2.696585282683372498e-02
2.542936056852340698e-02
3.106665983796119690e-02
2.697656117379665375e-02
2.492027729749679565e-02
2.779967337846755981e-02
2.183384820818901062e-02
2.540722861886024475e-02
2.469081804156303406e-02
2.715669944882392883e-02
2.471011132001876831e-02
1.456342823803424835e-02
1.293287985026836395e-02
1.673264428973197937e-02
2.192545682191848755e-02
1.471397187560796738e-02
2.229964174330234528e-02
2.138664945960044861e-02
2.304237522184848785e-02
1.764954626560211182e-02
2.388065308332443237e-02
1.814193464815616608e-02
2.414077520370483398e-02
2.752568945288658142e-02
2.564224973320960999e-02
2.190029807388782501e-02
2.175884693861007690e-02
1.387319434434175491e-02
2.051987312734127045e-02
2.098800614476203918e-02
2.891134843230247498e-02
2.137067727744579315e-02
2.281063050031661987e-02
2.169429883360862732e-02
9.175461716949939728e-03
2.002158388495445251e-02
1.974999345839023590e-02
1.907897368073463440e-02
1.375162973999977112e-02
1.971864327788352966e-02
2.031882107257843018e-02
2.072307653725147247e-02
1.956316083669662476e-02
1.271691918373107910e-02
1.444740872830152512e-02
1.456987019628286362e-02
2.257565408945083618e-02
1.734558306634426117e-02
2.338166162371635437e-02
1.751311123371124268e-02
2.573056146502494812e-02
2.669380977749824524e-02
2.545888908207416534e-02
2.583834715187549591e-02
2.290442213416099548e-02
1.496170274913311005e-02
2.097485214471817017e-02
2.504733204841613770e-02
2.261108160018920898e-02
3.342126309871673584e-02
2.222114056348800659e-02
2.024847082793712616e-02
1.187182962894439697e-02
2.057480067014694214e-02
2.048826590180397034e-02
2.083321288228034973e-02
2.966712787747383118e-02
2.034036256372928619e-02
1.937647350132465363e-02
1.936355233192443848e-02
1.668960228562355042e-02
2.065771631896495819e-02
2.091586217284202576e-02
1.858930662274360657e-02
1.879218965768814087e-02
1.667393743991851807e-02
1.785896904766559601e-02
2.096519246697425842e-02
2.544796094298362732e-02
1.706635579466819763e-02
2.332483977079391479e-02
2.433349005877971649e-02
2.187213860452175140e-02
1.408788654953241348e-02
2.371829003095626831e-02
1.462324708700180054e-02
2.085964567959308624e-02
2.646782621741294861e-02
2.286623418331146240e-02
1.919500529766082764e-02
2.058005705475807190e-02
1.139653846621513367e-02
1.855522394180297852e-02
1.794642768800258636e-02
2.529129572212696075e-02
1.950990781188011169e-02
2.020579203963279724e-02
2.020224556326866150e-02
7.376806810498237610e-03
1.816138625144958496e-02
1.725137606263160706e-02
1.859346963465213776e-02
1.219533756375312805e-02
1.979962363839149475e-02
1.969957724213600159e-02
1.689445041120052338e-02
2.039943262934684753e-02
1.709610410034656525e-02
2.299560420215129852e-02
1.588222384452819824e-02
2.317936718463897705e-02
2.170212939381599426e-02
2.443902939558029175e-02
1.763748005032539368e-02
2.942860871553421021e-02
2.872957848012447357e-02
2.480969205498695374e-02
2.322411909699440002e-02
2.275344356894493103e-02
1.105397287756204605e-02
1.879086345434188843e-02
2.006684429943561554e-02
2.137745916843414307e-02
2.846792899072170258e-02
1.895741559565067291e-02
1.790072955191135406e-02
1.033793669193983078e-02
1.641491428017616272e-02
1.841657422482967377e-02
1.825684681534767151e-02
3.003817051649093628e-02
1.711328327655792236e-02
1.808631792664527893e-02
1.825827360153198242e-02
1.456712093204259872e-02
1.810395717620849609e-02
1.788027584552764893e-02
1.776327192783355713e-02
1.848085969686508179e-02
1.149022486060857773e-02
1.060081087052822113e-02
1.257896889001131058e-02
1.873925141990184784e-02
1.228866819292306900e-02
2.073828317224979401e-02
1.648165658116340637e-02
2.305784448981285095e-02
1.374689489603042603e-02
2.466505393385887146e-02
1.713727042078971863e-02
2.742632851004600525e-02
2.334543690085411072e-02
2.531473338603973389e-02
2.397326752543449402e-02
2.549015358090400696e-02
1.393916923552751541e-02
2.316460944712162018e-02
2.562178671360015869e-02
2.973595634102821350e-02
2.631472051143646240e-02
2.670975029468536377e-02
2.379064261913299561e-02
7.997088134288787842e-03
2.264188230037689209e-02
2.206821739673614502e-02
2.299064397811889648e-02
1.289682555943727493e-02
2.262882888317108154e-02
2.395118027925491333e-02
2.328056842088699341e-02
2.334474027156829834e-02
9.083251468837261200e-03
1.207468006759881973e-02
1.179902069270610809e-02
1.880031265318393707e-02
1.338303461670875549e-02
2.217103540897369385e-02
1.441742852330207825e-02
2.357775904238224030e-02
2.069855481386184692e-02
2.528646588325500488e-02
2.354098483920097351e-02
2.635100856423377991e-02
1.347034424543380737e-02
2.242704853415489197e-02
2.776850014925003052e-02
2.409142814576625824e-02
2.625588513910770416e-02
2.490483410656452179e-02
2.397868037223815918e-02
1.251336000859737396e-02
2.279613167047500610e-02
2.435914427042007446e-02
2.195502072572708130e-02
3.001782670617103577e-02
2.481008693575859070e-02
2.396990358829498291e-02
2.262870594859123230e-02
1.915924251079559326e-02
2.257883176207542419e-02
2.374544180929660797e-02
2.249861136078834534e-02
2.153209596872329712e-02
8.166952058672904968e-03
8.200228214263916016e-03
9.034179151058197021e-03
1.471174880862236023e-02
1.092849671840667725e-02
1.629531383514404297e-02
1.461681164801120758e-02
1.769067347049713135e-02
1.599374786019325256e-02
2.115157060325145721e-02
1.949483901262283325e-02
2.285698801279067993e-02
2.287050522863864899e-02
2.316546067595481873e-02
2.214203588664531708e-02
2.461301907896995544e-02
1.561774872243404388e-02
2.365769632160663605e-02
2.545655891299247742e-02
3.000279515981674194e-02
2.563411369919776917e-02
2.506370842456817627e-02
2.681411430239677429e-02
9.627155959606170654e-03
2.707908861339092255e-02
2.244207076728343964e-02
2.444076165556907654e-02
1.918317377567291260e-02
2.639137022197246552e-02
2.623472362756729126e-02
2.450838685035705566e-02
2.580884471535682678e-02
7.671935483813285828e-03
8.909393101930618286e-03
9.882935322821140289e-03
1.473494805395603180e-02
9.974217042326927185e-03
1.613674312829971313e-02
1.510780863463878632e-02
1.844752207398414612e-02
1.857026293873786926e-02
2.433919161558151245e-02
2.107324823737144470e-02
2.443159371614456177e-02
1.726093515753746033e-02
2.258253097534179688e-02
2.350651100277900696e-02
2.452212199568748474e-02
2.706813998520374298e-02
2.567578479647636414e-02
2.279436029493808746e-02
1.435892190784215927e-02
2.272480912506580353e-02
2.509133517742156982e-02
2.557637728750705719e-02
3.438252210617065430e-02
2.478086389601230621e-02
2.390271611511707306e-02
2.588336169719696045e-02
2.155367098748683929e-02
2.486560679972171783e-02
2.405127882957458496e-02
2.555540949106216431e-02
2.392075955867767334e-02
1.044303178787231445e-02
1.222277805209159851e-02
1.000393461436033249e-02
1.450706832110881805e-02
1.095153391361236572e-02
1.850833371281623840e-02
1.200084481388330460e-02
1.762703247368335724e-02
1.273136027157306671e-02
2.027332037687301636e-02
1.786525733768939972e-02
2.017547935247421265e-02
2.075793966650962830e-02
2.280186116695404053e-02
2.012343890964984894e-02
2.355313673615455627e-02
1.340378262102603912e-02
2.152046747505664825e-02
2.245407178997993469e-02
2.891994640231132507e-02
2.415316365659236908e-02
2.240553125739097595e-02
2.033803984522819519e-02
9.735003113746643066e-03
2.051991783082485199e-02
1.754800975322723389e-02
1.989348232746124268e-02
1.734723709523677826e-02
1.884274557232856750e-02
2.149203047156333923e-02
2.064872533082962036e-02
2.173944190144538879e-02
7.596795447170734406e-03
1.287238206714391708e-02
7.886409759521484375e-03
1.532406825572252274e-02
1.301125623285770416e-02
1.791527122259140015e-02
1.224243454635143280e-02
1.857099682092666626e-02
1.591560617089271545e-02
1.933922246098518372e-02
2.232333086431026459e-02
2.245538495481014252e-02
1.670522615313529968e-02
2.088630571961402893e-02
2.205904200673103333e-02
2.161240763962268829e-02
2.131173387169837952e-02
2.041580155491828918e-02
2.272152900695800781e-02
1.488574687391519547e-02
2.333213388919830322e-02
2.094420790672302246e-02
1.858096569776535034e-02
3.330084681510925293e-02
2.158417925238609314e-02
2.203861810266971588e-02
2.088370919227600098e-02
1.889320090413093567e-02
2.069162018597126007e-02
2.159959822893142700e-02
2.044989541172981262e-02
1.903337426483631134e-02
6.060152314603328705e-03
7.068353239446878433e-03
5.852214992046356201e-03
9.821728803217411041e-03
7.661744020879268646e-03
1.090771239250898361e-02
6.527821067720651627e-03
8.149676024913787842e-03
8.166309446096420288e-03
1.036066375672817230e-02
1.001974195241928101e-02
1.284405216574668884e-02
1.232378091663122177e-02
1.643582805991172791e-02
1.968662440776824951e-02
2.529137954115867615e-02
1.590308733284473419e-02
2.997276932001113892e-02
3.186403959989547729e-02
2.283693850040435791e-02
3.862231224775314331e-02
3.118492662906646729e-02
3.291296586394309998e-02
9.399054571986198425e-03
3.446069359779357910e-02
3.176740556955337524e-02
3.460444137454032898e-02
2.729386091232299805e-02
3.518988192081451416e-02
3.584883734583854675e-02
2.946514263749122620e-02
3.397063165903091431e-02
6.760637741535902023e-03
7.199269719421863556e-03
6.713405251502990723e-03
9.463818743824958801e-03
7.046127691864967346e-03
9.341228753328323364e-03
8.188210427761077881e-03
7.212938740849494934e-03
6.355047225952148438e-03
1.358738355338573456e-02
8.647052571177482605e-03
1.283103972673416138e-02
1.336091849952936172e-02
1.625106483697891235e-02
2.012643963098526001e-02
2.529303357005119324e-02
2.075982466340065002e-02
3.399529308080673218e-02
2.875450626015663147e-02
1.514406874775886536e-02
2.933860942721366882e-02
3.252738341689109802e-02
3.348524868488311768e-02
2.141582965850830078e-02
3.175288811326026917e-02
3.127133846282958984e-02
3.625750169157981873e-02
2.672096155583858490e-02
3.032172471284866333e-02
2.766896970570087433e-02
3.668498992919921875e-02
3.251934796571731567e-02
3.144973516464233398e-02
1.991761103272438049e-02
2.489587478339672089e-02
2.105139382183551788e-02
1.077247411012649536e-02
1.770215108990669250e-02
1.783692836761474609e-02
1.599931158125400543e-02
1.024710945785045624e-02
1.589216664433479309e-02
1.195378042757511139e-02
1.641293428838253021e-02
1.997889205813407898e-02
1.955293864011764526e-02
1.411982998251914978e-02
1.611209288239479065e-02
1.119914092123508453e-02
1.465518027544021606e-02
1.509083434939384460e-02
2.273627370595932007e-02
1.489682029932737350e-02
1.550037227571010590e-02
1.313971262425184250e-02
6.276827771216630936e-03
1.388090196996927261e-02
1.436216756701469421e-02
1.383307576179504395e-02
1.136774197220802307e-02
1.391317136585712433e-02
1.477191969752311707e-02
1.367046684026718140e-02
1.482949405908584595e-02
1.090566068887710571e-02
1.960065960884094238e-02
1.224831677973270416e-02
1.824331283569335938e-02
1.886961236596107483e-02
1.917485520243644714e-02
1.204400788992643356e-02
1.873440667986869812e-02
1.757413148880004883e-02
1.829562708735466003e-02
1.774034462869167328e-02
1.727516949176788330e-02
9.901179932057857513e-03
1.532675139605998993e-02
1.646655239164829254e-02
1.597228087484836578e-02
2.133336476981639862e-02
1.507201790809631348e-02
1.364709530025720596e-02
9.576041251420974731e-03
1.392783131450414658e-02
1.488577760756015778e-02
1.316401641815900803e-02
2.987346798181533813e-02
1.351550780236721039e-02
1.382145844399929047e-02
1.424090377986431122e-02
1.204145140945911407e-02
1.325996033847332001e-02
1.255580037832260132e-02
1.289408281445503235e-02
1.350235100835561752e-02
1.000329758971929550e-02
1.339628547430038452e-02
1.563564874231815338e-02
1.736596226692199707e-02
1.508446410298347473e-02
1.880179531872272491e-02
2.475591376423835754e-02
2.352694608271121979e-02
2.107178419828414917e-02
2.175980992615222931e-02
2.216582745313644409e-02
2.673088014125823975e-02
2.193233929574489594e-02
2.338325977325439453e-02
2.213199064135551453e-02
1.076410245150327682e-02
2.073992229998111725e-02
2.102829515933990479e-02
2.068765461444854736e-02
2.730408683419227600e-02
1.817258074879646301e-02
1.765665784478187561e-02
1.809642463922500610e-02
2.671970985829830170e-02
1.631133817136287689e-02
1.530522108078002930e-02
1.519080996513366699e-02
1.580093242228031158e-02
1.492452248930931091e-02
1.112542115151882172e-02
1.440097857266664505e-02
1.439277641475200653e-02
1.095207035541534424e-02
1.033424027264118195e-02
1.659839414060115814e-02
1.168061047792434692e-02
2.410091273486614227e-02
1.186944916844367981e-02
2.226579934358596802e-02
1.313070952892303467e-02
2.467232383787631989e-02
1.359214819967746735e-02
2.186283469200134277e-02
1.373441703617572784e-02
1.991323754191398621e-02
2.259477972984313965e-02
1.861320808529853821e-02
2.974236011505126953e-02
1.952007971704006195e-02
1.964147761464118958e-02
1.844640448689460754e-02
8.887330070137977600e-03
1.718120463192462921e-02
1.896073296666145325e-02
1.629203557968139648e-02
6.507361307740211487e-03
1.587104424834251404e-02
1.527092419564723969e-02
1.513532362878322601e-02
1.456699613481760025e-02
1.583044975996017456e-02
1.540965028107166290e-02
1.500059477984905243e-02
1.524510886520147324e-02
3.943379037082195282e-03
7.224496454000473022e-03
9.264362975955009460e-03
1.019597053527832031e-02
1.227680407464504242e-02
1.030384749174118042e-02
1.563547737896442413e-02
1.411733776330947876e-02
1.799200847744941711e-02
1.544730551540851593e-02
1.793365925550460815e-02
1.739697530865669250e-02
2.055312693119049072e-02
1.468566898256540298e-02
1.878509297966957092e-02
1.244430430233478546e-02
1.676753535866737366e-02
1.584895141422748566e-02
1.712721027433872223e-02
3.019622527062892914e-02
1.592600159347057343e-02
1.402650400996208191e-02
1.554007548838853836e-02
2.756263129413127899e-02
1.316486578434705734e-02
1.243866980075836182e-02
1.245849020779132843e-02
1.329987961798906326e-02
1.184516027569770813e-02
1.231073029339313507e-02
1.192396041005849838e-02
1.243761926889419556e-02
3.900751005858182907e-03
6.666270550340414047e-03
9.042333811521530151e-03
8.767975494265556335e-03
1.376220118254423141e-02
9.384760633111000061e-03
1.557975448668003082e-02
1.170193217694759369e-02
1.724766567349433899e-02
1.357980817556381226e-02
1.783396862447261810e-02
1.422565802931785583e-02
1.781015843152999878e-02
1.691502146422863007e-02
1.542495097965002060e-02
2.394416183233261108e-02
1.706549152731895447e-02
1.512612588703632355e-02
1.383263431489467621e-02
1.027332153171300888e-02
1.365288067609071732e-02
1.572223007678985596e-02
1.394450478255748749e-02
7.165759801864624023e-03
1.348420418798923492e-02
1.218841597437858582e-02
1.149545609951019287e-02
1.271707005798816681e-02
1.228130795061588287e-02
1.251775398850440979e-02
1.219252869486808777e-02
1.172172464430332184e-02
3.717592218890786171e-03
6.248730234801769257e-03
8.217154070734977722e-03
8.180853910744190216e-03
1.161841768771409988e-02
7.421681657433509827e-03
1.344049163162708282e-02
8.137136697769165039e-03
1.743457838892936707e-02
9.173665195703506470e-03
1.577054709196090698e-02
1.022687368094921112e-02
1.764453575015068054e-02
1.854281872510910034e-02
1.862992532551288605e-02
1.166726276278495789e-02
2.076755091547966003e-02
2.383876219391822815e-02
2.273312211036682129e-02
1.577813364565372467e-02
2.619278430938720703e-02
2.743165194988250732e-02
2.938524819910526276e-02
2.103452757000923157e-02
2.906678244471549988e-02
2.927708253264427185e-02
2.762153930962085724e-02
2.844145148992538452e-02
2.784606814384460449e-02
2.068408951163291931e-02
2.647702209651470184e-02
2.810824662446975708e-02
5.000877194106578827e-03
7.148110773414373398e-03
8.174441754817962646e-03
8.253870531916618347e-03
1.021016202867031097e-02
7.037824951112270355e-03
1.477867737412452698e-02
7.952566258609294891e-03
1.612882316112518311e-02
8.840920403599739075e-03
1.629281416535377502e-02
1.044816430658102036e-02
1.713541895151138306e-02
1.763906329870223999e-02
1.840336248278617859e-02
1.407567225396633148e-02
2.114759385585784912e-02
2.089955285191535950e-02
2.308984100818634033e-02
1.294062845408916473e-02
2.404819801449775696e-02
3.028515726327896118e-02
2.681026235222816467e-02
9.067967534065246582e-03
2.937900647521018982e-02
2.713254094123840332e-02
2.913755178451538086e-02
2.793731167912483215e-02
2.788849361240863800e-02
2.975265122950077057e-02
2.859200164675712585e-02
2.937951311469078064e-02
9.725296869874000549e-03
1.182769611477851868e-02
1.401581428945064545e-02
1.304156892001628876e-02
1.777766831219196320e-02
9.550180286169052124e-03
2.697701379656791687e-02
1.001659035682678223e-02
2.458136528730392456e-02
1.064844056963920593e-02
2.751880511641502380e-02
1.238812040537595749e-02
2.245789393782615662e-02
2.228786423802375793e-02
2.289118617773056030e-02
1.045650709420442581e-02
2.440026029944419861e-02
2.433366701006889343e-02
2.537700906395912170e-02
1.550468895584344864e-02
2.693987078964710236e-02
2.647845447063446045e-02
2.662157453596591949e-02
1.996249705553054810e-02
2.597814053297042847e-02
2.344860136508941650e-02
2.349206060171127319e-02
2.099658362567424774e-02
2.180346474051475525e-02
1.243267860263586044e-02
1.944426447153091431e-02
2.297237142920494080e-02
1.023450307548046112e-02
1.245286688208580017e-02
1.523326896131038666e-02
1.165659725666046143e-02
1.799529232084751129e-02
9.635929018259048462e-03
2.456098236143589020e-02
9.939045645296573639e-03
2.591997571289539337e-02
1.118237897753715515e-02
2.606818638741970062e-02
1.162189710885286331e-02
2.113197743892669678e-02
2.441140264272689819e-02
2.222574502229690552e-02
1.343715935945510864e-02
2.352497167885303497e-02
2.053893357515335083e-02
2.445670589804649353e-02
1.063585840165615082e-02
2.450425177812576294e-02
3.017874062061309814e-02
2.517459541559219360e-02
6.546934135258197784e-03
2.554431930184364319e-02
2.398432046175003052e-02
2.307824045419692993e-02
2.072952687740325928e-02
1.996156573295593262e-02
1.853764988481998444e-02
2.134389057755470276e-02
2.284813858568668365e-02
8.280646055936813354e-03
1.371218077838420868e-02
1.506389304995536804e-02
1.630517095327377319e-02
1.684129796922206879e-02
1.820540055632591248e-02
2.433013170957565308e-02
2.010134607553482056e-02
1.967227831482887268e-02
2.588988654315471649e-02
2.187501266598701477e-02
2.565041370689868927e-02
2.571100927889347076e-02
1.761971227824687958e-02
1.961003802716732025e-02
1.253939419984817505e-02
1.816430687904357910e-02
1.855933107435703278e-02
1.856021583080291748e-02
2.748630754649639130e-02
1.680131629109382629e-02
1.645449176430702209e-02
1.691671088337898254e-02
2.407515794038772583e-02
1.478893589228391647e-02
1.611391082406044006e-02
1.577230356633663177e-02
1.577939279377460480e-02
1.553814299404621124e-02
1.172964088618755341e-02
1.458890084177255630e-02
1.468957029283046722e-02
9.053701534867286682e-03
9.569193236529827118e-03
1.657832041382789612e-02
1.197189651429653168e-02
2.171820029616355896e-02
1.209232956171035767e-02
1.902825385332107544e-02
1.460340898483991623e-02
1.947836577892303467e-02
1.495808921754360199e-02
2.104959823191165924e-02
1.641609892249107361e-02
1.780255511403083801e-02
2.211890369653701782e-02
1.951746270060539246e-02
2.960451692342758179e-02
1.928519457578659058e-02
1.945057697594165802e-02
1.915842108428478241e-02
9.736812673509120941e-03
1.778299175202846527e-02
1.784630119800567627e-02
1.675508171319961548e-02
7.226808927953243256e-03
1.623706333339214325e-02
1.472363434731960297e-02
1.473702676594257355e-02
1.400174852460622787e-02
1.487531326711177826e-02
1.496788114309310913e-02
1.497142389416694641e-02
1.524016819894313812e-02
1.087434589862823486e-02
1.288338936865329742e-02
1.728393509984016418e-02
1.699856109917163849e-02
1.991564966738224030e-02
1.591041497886180878e-02
2.460896596312522888e-02
1.924938336014747620e-02
2.288437262177467346e-02
2.217222563922405243e-02
2.424432151019573212e-02
2.425846643745899200e-02
2.621164359152317047e-02
2.394629083573818207e-02
2.541732788085937500e-02
1.495295949280261993e-02
2.340160310268402100e-02
2.368649467825889587e-02
2.534829452633857727e-02
3.515551239252090454e-02
2.609355188906192780e-02
2.099997177720069885e-02
2.148589678108692169e-02
2.653820440173149109e-02
1.723451167345046997e-02
1.780086569488048553e-02
1.730326563119888306e-02
1.723644137382507324e-02
1.654785126447677612e-02
1.351867802441120148e-02
1.599467359483242035e-02
1.631631702184677124e-02
7.913470268249511719e-03
9.655521251261234283e-03
2.122740447521209717e-02
1.439198106527328491e-02
2.232025377452373505e-02
1.236569974571466446e-02
2.084599435329437256e-02
1.509204600006341934e-02
1.967853307723999023e-02
1.523108873516321182e-02
2.233244478702545166e-02
1.588769070804119110e-02
2.071251347661018372e-02
2.415509708225727081e-02
2.331983856856822968e-02
2.989387139678001404e-02
2.349287644028663635e-02
2.235227450728416443e-02
2.619130164384841919e-02
1.189659535884857178e-02
2.004797942936420441e-02
2.256066910922527313e-02
2.026657760143280029e-02
7.418617606163024902e-03
1.805958151817321777e-02
1.660326868295669556e-02
1.675508916378021240e-02
1.601394079625606537e-02
1.742783933877944946e-02
1.805575564503669739e-02
1.583566516637802124e-02
1.685622707009315491e-02
2.742646262049674988e-02
2.052661776542663574e-02
1.290185749530792236e-02
1.902139559388160706e-02
1.169797778129577637e-02
1.881079562008380890e-02
1.645912788808345795e-02
2.023145370185375214e-02
1.522980071604251862e-02
1.835582405328750610e-02
1.486121676862239838e-02
1.754123345017433167e-02
1.647541299462318420e-02
1.282920315861701965e-02
1.457213424146175385e-02
8.785248734056949615e-03
1.416430436074733734e-02
1.354685798287391663e-02
1.433443836867809296e-02
2.425006404519081116e-02
1.327684521675109863e-02
1.237923465669155121e-02
1.325622666627168655e-02
3.046640753746032715e-02
1.148857176303863525e-02
1.156870275735855103e-02
1.129194349050521851e-02
1.144808903336524963e-02
1.032773405313491821e-02
1.173850335180759430e-02
9.950041770935058594e-03
1.046220771968364716e-02
1.658190041780471802e-02
1.696892827749252319e-02
1.759381964802742004e-02
1.686333119869232178e-02
2.051228843629360199e-02
1.036162301898002625e-02
1.416185125708580017e-02
1.151747908443212509e-02
1.510579232126474380e-02
1.098721940070390701e-02
1.505010668188333511e-02
1.096371095627546310e-02
1.400103233754634857e-02
1.590901240706443787e-02
1.325798686593770981e-02
2.295080758631229401e-02
1.397790852934122086e-02
1.254403591156005859e-02
1.264663785696029663e-02
7.775639183819293976e-03
1.241423096507787704e-02
1.319629047065973282e-02
1.166217587888240814e-02
7.396930828690528870e-03
1.191574148833751678e-02
1.106171123683452606e-02
1.083913445472717285e-02
1.048242766410112381e-02
1.031937915831804276e-02
1.123060937970876694e-02
1.040926389396190643e-02
1.084008812904357910e-02
1.286784280091524124e-02
1.750197634100914001e-02
1.604105345904827118e-02
2.086631953716278076e-02
1.898697949945926666e-02
2.546051889657974243e-02
2.380308695137500763e-02
2.660606428980827332e-02
2.320946380496025085e-02
2.742792293429374695e-02
2.113614231348037720e-02
2.850772812962532043e-02
2.413178421556949615e-02
2.062847465276718140e-02
2.196227759122848511e-02
1.163977012038230896e-02
2.128821983933448792e-02
1.963731646537780762e-02
2.181172370910644531e-02
2.960525453090667725e-02
1.821910776197910309e-02
1.727485656738281250e-02
1.808802597224712372e-02
2.732153609395027161e-02
1.576680503785610199e-02
1.575347781181335449e-02
1.599270477890968323e-02
1.651310175657272339e-02
1.442513801157474518e-02
1.261577010154724121e-02
1.479178294539451599e-02
1.485231332480907440e-02
1.361436117440462112e-02
1.382292434573173523e-02
2.138054929673671722e-02
1.609245687723159790e-02
2.511872351169586182e-02
1.521448884159326553e-02
2.084466256201267242e-02
1.375231798738241196e-02
2.182879298925399780e-02
1.359830703586339951e-02
2.300950884819030762e-02
1.512912288308143616e-02
1.976025477051734924e-02
2.445259504020214081e-02
1.998245716094970703e-02
3.000638261437416077e-02
2.041990309953689575e-02
1.885753497481346130e-02
1.946035772562026978e-02
9.106958284974098206e-03
1.742080971598625183e-02
1.952576264739036560e-02
1.677068695425987244e-02
6.420471705496311188e-03
1.634476706385612488e-02
1.527230255305767059e-02
1.502869278192520142e-02
1.541683916002511978e-02
1.544141862541437149e-02
1.319950819015502930e-02
1.374969352036714554e-02
1.584298536181449890e-02
