<system>Protocol: Active. Attitude: Sassy.</system>
1.293920353055000305e-02
1.273870095610618591e-02
1.240760646760463715e-02
1.203453727066516876e-02
1.293217204511165619e-02
1.273093186318874359e-02
1.257731765508651733e-02
1.239263825118541718e-02
1.253585703670978546e-02
1.248698402196168900e-02
1.229403261095285416e-02
1.280643604695796967e-02
1.133140083402395248e-02
1.254966016858816147e-02
1.263935863971710205e-02
1.280481368303298950e-02
1.147651951760053635e-02
1.304255146533250809e-02
1.265953481197357178e-02
1.299002394080162048e-02
1.271180436015129089e-02
1.284314133226871490e-02
1.330701448023319244e-02
1.240806747227907181e-02
1.211720425635576248e-02
1.258446462452411652e-02
1.302143558859825134e-02
1.213165186345577240e-02
1.243781298398971558e-02
1.326783746480941772e-02
1.331192068755626678e-02
1.248748321086168289e-02
1.217981614172458649e-02
1.270785834640264511e-02
1.342414692044258118e-02
8.334999904036521912e-03
1.247812807559967041e-02
1.260570436716079712e-02
1.219264697283506393e-02
1.196250319480895996e-02
1.265782862901687622e-02
1.246383320540189743e-02
1.312482543289661407e-02
1.186025422066450119e-02
1.146224606782197952e-02
1.229272782802581787e-02
1.238357089459896088e-02
9.529255330562591553e-03
1.262170076370239258e-02
1.276155747473239899e-02
1.225977763533592224e-02
1.254397723823785782e-02
1.301025599241256714e-02
1.246224436908960342e-02
1.282354164868593216e-02
1.283290982246398926e-02
1.270503737032413483e-02
1.291598565876483917e-02
1.299976650625467300e-02
1.243006438016891479e-02
1.283705513924360275e-02
1.296059414744377136e-02
1.216419599950313568e-02
1.265749800950288773e-02
1.349000632762908936e-02
1.266110967844724655e-02
1.305810920894145966e-02
1.252321153879165649e-02
1.216455362737178802e-02
1.232674717903137207e-02
1.265813969075679779e-02
9.457945823669433594e-03
1.235204935073852539e-02
1.269787177443504333e-02
1.248012017458677292e-02
1.308256387710571289e-02
1.277087721973657608e-02
1.256556063890457153e-02
1.309109944850206375e-02
8.137689903378486633e-03
1.237878855317831039e-02
1.291559822857379913e-02
1.281829550862312317e-02
1.201597414910793304e-02
1.255551725625991821e-02
1.263842638581991196e-02
1.267737336456775665e-02
1.334817521274089813e-02
1.294974051415920258e-02
1.209554076194763184e-02
1.254663802683353424e-02
1.280076988041400909e-02
1.308925449848175049e-02
1.300616189837455750e-02
1.245590299367904663e-02
1.290041673928499222e-02
1.254202052950859070e-02
1.201857253909111023e-02
1.321544498205184937e-02
1.110222470015287399e-02
1.270251348614692688e-02
1.282083243131637573e-02
1.296268217265605927e-02
1.271840184926986694e-02
1.264969538897275925e-02
1.227493770420551300e-02
1.244558673352003098e-02
1.285105943679809570e-02
1.320399902760982513e-02
1.237034983932971954e-02
1.267746556550264359e-02
1.177879981696605682e-02
1.419007778167724609e-02
1.170793268829584122e-02
1.178182009607553482e-02
1.257887482643127441e-02
1.231197640299797058e-02
1.204174663871526718e-02
1.211729180067777634e-02
1.216661464422941208e-02
1.231213193386793137e-02
1.243831031024456024e-02
1.295971497893333435e-02
1.287840865552425385e-02
1.290992274880409241e-02
1.246945187449455261e-02
1.294453442096710205e-02
1.227149367332458496e-02
1.247323863208293915e-02
1.203119568526744843e-02
1.231538504362106323e-02
1.268676482141017914e-02
1.279567368328571320e-02
1.276981551200151443e-02
1.261344179511070251e-02
1.276846602559089661e-02
1.260763220489025116e-02
1.263619866222143173e-02
1.193216349929571152e-02
1.225840486586093903e-02
1.205975655466318130e-02
1.241270359605550766e-02
1.226213201880455017e-02
1.248755306005477905e-02
1.276684179902076721e-02
1.270589604973793030e-02
1.160686183720827103e-02
1.110047008842229843e-02
1.309944782406091690e-02
1.292486209422349930e-02
1.161492709070444107e-02
1.348263397812843323e-02
1.264400593936443329e-02
1.264725718647241592e-02
1.242201961576938629e-02
1.251053623855113983e-02
1.131091173738241196e-02
1.234682649374008179e-02
1.400066167116165161e-02
1.205547619611024857e-02
1.262463256716728210e-02
1.497191563248634338e-02
1.249738410115242004e-02
1.236060075461864471e-02
1.309004239737987518e-02
1.334308832883834839e-02
1.553752273321151733e-02
1.268072985112667084e-02
1.231038197875022888e-02
1.283910498023033142e-02
1.238389872014522552e-02
1.209796965122222900e-02
1.269721239805221558e-02
1.302069239318370819e-02
1.258993055671453476e-02
1.259287074208259583e-02
1.251800451427698135e-02
1.318285707384347916e-02
1.279317121952772141e-02
1.281479001045227051e-02
1.253976114094257355e-02
1.286921184509992599e-02
1.268167421221733093e-02
1.212857663631439209e-02
1.232269778847694397e-02
1.232937350869178772e-02
1.283958088606595993e-02
1.239063963294029236e-02
1.256225630640983582e-02
1.147655025124549866e-02
1.285850722342729568e-02
1.250811666250228882e-02
1.226671971380710602e-02
1.281393971294164658e-02
1.290878560394048691e-02
1.279236003756523132e-02
1.215740665793418884e-02
1.218202337622642517e-02
1.137920096516609192e-02
1.227137446403503418e-02
1.275151688605546951e-02
1.300619356334209442e-02
1.126167364418506622e-02
1.340742968022823334e-02
1.258048135787248611e-02
1.327369548380374908e-02
1.220661401748657227e-02
1.197780668735504150e-02
1.283022575080394745e-02
1.280547212809324265e-02
1.240668445825576782e-02
1.221920643001794815e-02
1.165277883410453796e-02
1.402146928012371063e-02
1.212734542787075043e-02
1.301154866814613342e-02
1.291579380631446838e-02
1.234412752091884613e-02
1.203926838934421539e-02
1.088874321430921555e-02
1.055261585861444473e-02
1.455330476164817810e-02
1.251162216067314148e-02
1.078243181109428406e-02
1.282809488475322723e-02
1.259955950081348419e-02
1.280540879815816879e-02
1.266693510115146637e-02
1.246124319732189178e-02
1.288232672959566116e-02
1.259189099073410034e-02
1.135435514152050018e-02
1.245340518653392792e-02
1.313966233283281326e-02
1.240702997893095016e-02
1.254362985491752625e-02
1.230398286134004593e-02
1.231102645397186279e-02
1.165623124688863754e-02
1.185324974358081818e-02
1.214492321014404297e-02
1.259296946227550507e-02
1.292285136878490448e-02
1.224013604223728180e-02
1.238431036472320557e-02
1.218610536307096481e-02
1.226302888244390488e-02
1.257861405611038208e-02
1.273346319794654846e-02
1.293592341244220734e-02
1.270717382431030273e-02
1.229697372764348984e-02
1.209962181746959686e-02
1.297333464026451111e-02
1.262350380420684814e-02
1.183711178600788116e-02
1.243737339973449707e-02
1.200413051992654800e-02
1.261857151985168457e-02
1.221536099910736084e-02
1.216989196836948395e-02
1.301070023328065872e-02
1.231241133064031601e-02
1.187729090452194214e-02
1.216433849185705185e-02
1.280033774673938751e-02
1.262428052723407745e-02
1.229793950915336609e-02
1.309630088508129120e-02
1.269021071493625641e-02
1.240498200058937073e-02
1.285764947533607483e-02
1.203369256108999252e-02
1.238137949258089066e-02
1.240881998091936111e-02
1.028620358556509018e-02
1.272011827677488327e-02
1.269654463976621628e-02
1.223390735685825348e-02
1.252303458750247955e-02
1.283479481935501099e-02
1.323183532804250717e-02
1.379297487437725067e-02
1.273921225219964981e-02
1.267422921955585480e-02
1.253355760127305984e-02
1.264785788953304291e-02
1.232655066996812820e-02
1.277219969779253006e-02
1.237414870411157608e-02
1.188811380416154861e-02
1.277998834848403931e-02
1.240914687514305115e-02
1.281682867556810379e-02
1.098917890340089798e-02
1.216331869363784790e-02
1.233802922070026398e-02
1.142424717545509338e-02
1.282311975955963135e-02
1.232113409787416458e-02
1.240688189864158630e-02
1.220232993364334106e-02
1.255873218178749084e-02
1.223590318113565445e-02
1.266092155128717422e-02
1.161744166165590286e-02
1.260424591600894928e-02
1.298430375754833221e-02
1.241937279701232910e-02
1.259096432477235794e-02
1.317374128848314285e-02
1.221947558224201202e-02
1.272382214665412903e-02
1.176454685628414154e-02
1.226387266069650650e-02
1.245942525565624237e-02
1.201744284480810165e-02
1.310770958662033081e-02
1.248933374881744385e-02
1.233381032943725586e-02
1.262085232883691788e-02
1.219068281352519989e-02
1.254943013191223145e-02
1.204593479633331299e-02
1.243897341191768646e-02
1.248305849730968475e-02
1.291676983237266541e-02
1.226247288286685944e-02
1.243177149444818497e-02
1.305166259407997131e-02
1.228735409677028656e-02
1.234164275228977203e-02
1.246073469519615173e-02
1.228268444538116455e-02
1.237087137997150421e-02
1.275859214365482330e-02
1.189655158668756485e-02
1.195980701595544815e-02
1.223341096192598343e-02
1.352986693382263184e-02
1.173133030533790588e-02
1.126930676400661469e-02
1.236879546195268631e-02
1.235548313707113266e-02
1.278663799166679382e-02
1.219392754137516022e-02
1.348050497472286224e-02
1.202968321740627289e-02
1.235894672572612762e-02
1.276515424251556396e-02
1.180026493966579437e-02
1.289983838796615601e-02
1.289889216423034668e-02
1.242007315158843994e-02
1.227357424795627594e-02
1.278035528957843781e-02
1.300348341464996338e-02
1.323479600250720978e-02
1.290173083543777466e-02
1.294633746147155762e-02
1.267590001225471497e-02
1.221556123346090317e-02
1.283711008727550507e-02
1.165766641497612000e-02
1.214396581053733826e-02
1.219147909432649612e-02
1.290020905435085297e-02
1.348412130028009415e-02
1.286864094436168671e-02
1.172258704900741577e-02
1.310436055064201355e-02
1.364391855895519257e-02
1.262831222265958786e-02
1.213434804230928421e-02
1.241489127278327942e-02
1.237344369292259216e-02
1.257801614701747894e-02
1.273303199559450150e-02
1.311531569808721542e-02
1.268260553479194641e-02
1.062752678990364075e-02
1.239568460732698441e-02
1.314006280153989792e-02
1.295022107660770416e-02
1.241774018853902817e-02
1.174649503082036972e-02
1.247739791870117188e-02
1.053627580404281616e-02
1.267472095787525177e-02
1.244615577161312103e-02
1.277706585824489594e-02
1.252822950482368469e-02
1.267805881798267365e-02
1.244194619357585907e-02
1.299404539167881012e-02
1.250620372593402863e-02
1.318546570837497711e-02
1.296439953148365021e-02
1.170982979238033295e-02
1.263904385268688202e-02
1.249942183494567871e-02
1.264539267867803574e-02
1.272637955844402313e-02
1.246763113886117935e-02
1.297721732407808304e-02
1.240753941237926483e-02
1.228561624884605408e-02
1.270433235913515091e-02
1.202063169330358505e-02
1.203912496566772461e-02
1.111179403960704803e-02
3.393810987472534180e-02
1.270952168852090836e-02
1.001351978629827499e-02
1.214927062392234802e-02
1.220300327986478806e-02
1.264649163931608200e-02
1.230881270021200180e-02
1.234242133796215057e-02
1.099401712417602539e-02
1.210288330912590027e-02
1.331261917948722839e-02
1.216007955372333527e-02
1.163715217262506485e-02
1.114686951041221619e-02
1.222049165517091751e-02
9.423177689313888550e-03
1.318425312638282776e-02
1.262977253645658493e-02
1.166140288114547729e-02
1.186075992882251740e-02
1.230929046869277954e-02
1.251958869397640228e-02
1.194635871797800064e-02
1.225753966718912125e-02
1.256809942424297333e-02
1.223212853074073792e-02
1.357020437717437744e-02
1.052172482013702393e-02
1.241036970168352127e-02
1.235255692154169083e-02
1.279556751251220703e-02
1.249169558286666870e-02
1.206295844167470932e-02
9.797421284019947052e-03
6.771398708224296570e-03
1.245046220719814301e-02
1.247684750705957413e-02
1.278288289904594421e-02
1.183896884322166443e-02
1.260109618306159973e-02
1.242748461663722992e-02
1.263952255249023438e-02
1.237644068896770477e-02
1.222773082554340363e-02
1.234971359372138977e-02
1.151193305850028992e-02
1.240796037018299103e-02
1.172237377613782883e-02
1.304053328931331635e-02
1.267434097826480865e-02
1.237146556377410889e-02
1.132480241358280182e-02
8.024034090340137482e-03
1.287559978663921356e-02
1.256939768791198730e-02
9.943312965333461761e-03
1.167238317430019379e-02
1.255228556692600250e-02
9.906321763992309570e-03
1.247849501669406891e-02
1.216637808829545975e-02
1.284754741936922073e-02
1.218322850763797760e-02
1.260340493172407150e-02
1.249873824417591095e-02
1.282661501318216324e-02
8.472398854792118073e-03
1.267231442034244537e-02
1.271819043904542923e-02
1.314874272793531418e-02
1.177185215055942535e-02
1.217348873615264893e-02
1.240147836506366730e-02
1.245051063597202301e-02
1.271532569080591202e-02
1.101674512028694153e-02
1.201284397393465042e-02
1.214873045682907104e-02
1.167553849518299103e-02
1.305312756448984146e-02
1.303982175886631012e-02
1.272406615316867828e-02
1.306505594402551651e-02
1.422404125332832336e-02
1.248395442962646484e-02
1.290308684110641479e-02
1.170742139220237732e-02
1.280735619366168976e-02
1.198325771838426590e-02
1.293610781431198120e-02
7.403947412967681885e-03
1.299607381224632263e-02
1.244611386209726334e-02
1.241415645927190781e-02
1.259577088057994843e-02
1.216304302215576172e-02
1.270800456404685974e-02
1.231322530657052994e-02
1.304630190134048462e-02
1.321505196392536163e-02
1.309678424149751663e-02
8.147704415023326874e-03
1.135236397385597229e-02
1.308711618185043335e-02
1.261212304234504700e-02
1.287614740431308746e-02
1.259610243141651154e-02
1.282052509486675262e-02
1.190655399113893509e-02
1.266007777303457260e-02
1.168812066316604614e-02
1.301956456154584885e-02
1.263004541397094727e-02
1.265984028577804565e-02
8.576709777116775513e-03
1.195737905800342560e-02
1.251648645848035812e-02
1.273641735315322876e-02
1.249051932245492935e-02
1.205583475530147552e-02
1.201312802731990814e-02
1.289064157754182816e-02
1.342363096773624420e-02
1.233936659991741180e-02
1.301797106862068176e-02
1.224657334387302399e-02
1.286437362432479858e-02
1.239440590143203735e-02
1.335304044187068939e-02
1.251806132495403290e-02
1.148370839655399323e-02
1.194415707141160965e-02
1.268617995083332062e-02
1.165094412863254547e-02
1.258139498531818390e-02
1.206224970519542694e-02
1.146103069186210632e-02
1.241641212254762650e-02
1.233376376330852509e-02
1.224122289568185806e-02
1.229484844952821732e-02
1.268839370459318161e-02
1.206517778337001801e-02
1.305205374956130981e-02
1.259069144725799561e-02
1.299425214529037476e-02
1.219704188406467438e-02
1.241712179034948349e-02
1.237606722861528397e-02
1.292911544442176819e-02
1.238343305885791779e-02
1.243009045720100403e-02
1.297617889940738678e-02
1.259222440421581268e-02
1.195636112242937088e-02
1.266578957438468933e-02
1.289714500308036804e-02
1.272861286997795105e-02
1.249222457408905029e-02
1.244554854929447174e-02
1.252179685980081558e-02
1.197430677711963654e-02
1.308680977672338486e-02
1.271319855004549026e-02
1.284743100404739380e-02
1.287427917122840881e-02
1.268754061311483383e-02
1.284231618046760559e-02
1.238368917256593704e-02
1.180225890129804611e-02
1.197455450892448425e-02
1.177397556602954865e-02
1.236634515225887299e-02
1.276700198650360107e-02
1.230942830443382263e-02
1.279400475323200226e-02
1.206785999238491058e-02
1.223811786621809006e-02
1.287572551518678665e-02
1.259210519492626190e-02
1.268684864044189453e-02
1.211747340857982635e-02
1.319756731390953064e-02
1.281922217458486557e-02
1.274039782583713531e-02
1.260171458125114441e-02
1.224622316658496857e-02
1.267316937446594238e-02
1.175810582935810089e-02
1.249554567039012909e-02
1.301246322691440582e-02
1.197533495724201202e-02
1.324256788939237595e-02
1.242831256240606308e-02
1.253660209476947784e-02
1.289933733642101288e-02
1.257324405014514923e-02
1.273041125386953354e-02
1.275136880576610565e-02
1.223623007535934448e-02
1.255548559129238129e-02
1.240461599081754684e-02
1.215557754039764404e-02
1.248218771070241928e-02
1.267484016716480255e-02
1.235403679311275482e-02
1.235925219953060150e-02
1.158805005252361298e-02
1.263266988098621368e-02
1.194180082529783249e-02
1.285036280751228333e-02
1.273787766695022583e-02
1.265490893274545670e-02
1.394185796380043030e-02
1.262385770678520203e-02
1.193155534565448761e-02
1.178862992674112320e-02
1.202674023807048798e-02
1.169927231967449188e-02
1.181863434612751007e-02
1.190799288451671600e-02
1.217951532453298569e-02
1.269527804106473923e-02
1.254574023187160492e-02
1.249126717448234558e-02
1.269899681210517883e-02
1.244229450821876526e-02
1.196662336587905884e-02
1.240811124444007874e-02
1.332447119057178497e-02
1.222332566976547241e-02
1.267307624220848083e-02
1.080229878425598145e-02
1.209704112261533737e-02
1.076015364378690720e-02
1.237659808248281479e-02
1.204896718263626099e-02
1.248724386096000671e-02
1.169693842530250549e-02
1.157084386795759201e-02
1.078901346772909164e-02
1.325109973549842834e-02
1.240620389580726624e-02
1.221936009824275970e-02
1.209704019129276276e-02
1.294463593512773514e-02
1.238214410841464996e-02
1.262918300926685333e-02
1.214448548853397369e-02
1.167122460901737213e-02
9.724325500428676605e-03
1.206811331212520599e-02
1.092346105724573135e-02
1.273104920983314514e-02
1.233193278312683105e-02
1.307858154177665710e-02
1.293626148253679276e-02
1.041306927800178528e-02
1.427466422319412231e-02
1.183732971549034119e-02
1.264400407671928406e-02
1.212613470852375031e-02
1.228799019008874893e-02
1.460395008325576782e-02
1.270846091210842133e-02
1.236044615507125854e-02
1.251734327524900436e-02
1.268198899924755096e-02
1.213520579040050507e-02
1.271382719278335571e-02
1.256369426846504211e-02
1.162589527666568756e-02
1.141422335058450699e-02
1.230247598141431808e-02
1.257837750017642975e-02
1.167062111198902130e-02
1.134772319346666336e-02
1.227580755949020386e-02
1.270080171525478363e-02
1.213894784450531006e-02
1.283017732203006744e-02
1.243692636489868164e-02
1.288229599595069885e-02
1.288181170821189880e-02
1.225291006267070770e-02
1.246560364961624146e-02
1.230469625443220139e-02
1.246924605220556259e-02
1.254274696111679077e-02
1.173204928636550903e-02
1.263989787548780441e-02
1.188702322542667389e-02
1.165256928652524948e-02
1.245058048516511917e-02
1.242650020867586136e-02
1.256102509796619415e-02
1.179583556950092316e-02
1.140896417200565338e-02
6.930703297257423401e-03
1.268841233104467392e-02
1.245780102908611298e-02
1.266137044876813889e-02
1.221079565584659576e-02
1.286644116044044495e-02
1.259203813970088959e-02
1.138196140527725220e-02
1.256072893738746643e-02
1.233298610895872116e-02
1.292075496166944504e-02
1.237848959863185883e-02
1.211808715015649796e-02
1.262275315821170807e-02
1.180649735033512115e-02
1.219678204506635666e-02
1.280463300645351410e-02
1.301759108901023865e-02
1.203073747456073761e-02
1.372312195599079132e-02
1.142630912363529205e-02
1.294657029211521149e-02
1.238624937832355499e-02
1.205369643867015839e-02
1.220351457595825195e-02
1.199229992926120758e-02
7.221412379294633865e-03
1.221040915697813034e-02
1.243800856173038483e-02
6.745458580553531647e-03
1.265866681933403015e-02
1.246291026473045349e-02
1.248720474541187286e-02
1.246201060712337494e-02
1.290939748287200928e-02
9.496523067355155945e-03
1.243523694574832916e-02
1.194137893617153168e-02
1.308781094849109650e-02
1.256297156214714050e-02
1.144639216363430023e-02
1.264678314328193665e-02
1.206015422940254211e-02
1.243221014738082886e-02
1.208436489105224609e-02
1.171074807643890381e-02
1.276772096753120422e-02
9.701395407319068909e-03
1.294502988457679749e-02
1.353184040635824203e-02
1.292035542428493500e-02
1.154980435967445374e-02
1.260378956794738770e-02
1.282915286719799042e-02
1.237695105373859406e-02
1.116444915533065796e-02
1.237602159380912781e-02
1.231729798018932343e-02
1.286105252802371979e-02
1.236198004335165024e-02
1.181785389780998230e-02
1.256091706454753876e-02
1.224083080887794495e-02
1.182569004595279694e-02
1.242425385862588882e-02
9.521974250674247742e-03
1.263483427464962006e-02
1.229944732040166855e-02
1.262609474360942841e-02
1.119492202997207642e-02
1.148180663585662842e-02
1.267634704709053040e-02
1.239918358623981476e-02
1.288990862667560577e-02
1.205007918179035187e-02
1.402605883777141571e-02
1.287266518920660019e-02
1.228323671966791153e-02
1.286887936294078827e-02
1.273544505238533020e-02
1.129656471312046051e-02
1.272773183882236481e-02
1.254093181341886520e-02
1.236897893249988556e-02
1.312909834086894989e-02
1.272046472877264023e-02
1.268524490296840668e-02
1.340811606496572495e-02
1.289226487278938293e-02
1.241327635943889618e-02
1.218569464981555939e-02
1.273352187126874924e-02
1.231918577104806900e-02
1.242387667298316956e-02
1.229549571871757507e-02
1.237639784812927246e-02
1.250658370554447174e-02
1.188785582780838013e-02
1.239903457462787628e-02
1.283689029514789581e-02
1.288220379501581192e-02
1.305802259594202042e-02
1.300605107098817825e-02
1.218656543642282486e-02
1.229763217270374298e-02
1.256739534437656403e-02
1.205525919795036316e-02
1.276436820626258850e-02
1.271190959960222244e-02
1.266303658485412598e-02
1.271817833185195923e-02
1.191646233201026917e-02
9.105190634727478027e-03
1.223184261471033096e-02
1.223854161798954010e-02
1.248451787978410721e-02
1.229974534362554550e-02
1.229202747344970703e-02
1.233699917793273926e-02
1.272128522396087646e-02
1.214675605297088623e-02
1.257706247270107269e-02
1.243319176137447357e-02
1.198362559080123901e-02
1.121165324002504349e-02
6.746477913111448288e-03
1.301353052258491516e-02
1.169076003134250641e-02
1.220346055924892426e-02
1.244680862873792648e-02
1.243337057530879974e-02
1.227478682994842529e-02
1.266389153897762299e-02
1.228574104607105255e-02
1.357419695705175400e-02
1.235417835414409637e-02
1.450557075440883636e-02
1.263161562383174896e-02
1.176435034722089767e-02
1.265234779566526413e-02
1.268397271633148193e-02
1.236184313893318176e-02
1.250933855772018433e-02
1.251588761806488037e-02
1.307515241205692291e-02
1.246835105121135712e-02
1.244264468550682068e-02
1.284484565258026123e-02
1.253069750964641571e-02
1.237952616065740585e-02
1.294549088925123215e-02
1.220033317804336548e-02
1.221809815615415573e-02
1.271664258092641830e-02
1.247812807559967041e-02
1.114623341709375381e-02
1.217768527567386627e-02
1.216887868940830231e-02
1.408434659242630005e-02
1.291114836931228638e-02
1.192511431872844696e-02
1.199484895914793015e-02
1.231772452592849731e-02
1.219891943037509918e-02
1.252944488078355789e-02
1.247450150549411774e-02
1.192525029182434082e-02
1.277751289308071136e-02
1.200278103351593018e-02
1.250199042260646820e-02
1.249315682798624039e-02
1.161329355090856552e-02
1.226365845650434494e-02
1.352557726204395294e-02
1.295773871243000031e-02
1.060194149613380432e-02
1.233485713601112366e-02
1.202800497412681580e-02
1.191784255206584930e-02
1.253500487655401230e-02
1.249878015369176865e-02
1.023031026124954224e-02
1.292815525084733963e-02
1.226973533630371094e-02
1.261005084961652756e-02
1.220367942005395889e-02
1.240901648998260498e-02
1.290777325630187988e-02
1.284713484346866608e-02
1.302335597574710846e-02
1.252940017729997635e-02
1.245355233550071716e-02
1.308555901050567627e-02
1.217875629663467407e-02
1.269436627626419067e-02
1.395108085125684738e-02
1.281547918915748596e-02
1.214128546416759491e-02
1.274902932345867157e-02
1.135939359664916992e-02
1.241578068584203720e-02
1.270717196166515350e-02
1.250425353646278381e-02
1.255051791667938232e-02
1.234913617372512817e-02
1.251221541315317154e-02
1.251316629350185394e-02
1.199798844754695892e-02
1.241308636963367462e-02
1.115355547517538071e-02
1.186251919716596603e-02
1.201418973505496979e-02
1.195036526769399643e-02
1.314272917807102203e-02
1.228640787303447723e-02
1.309944782406091690e-02
1.225649937987327576e-02
1.231369748711585999e-02
1.169079449027776718e-02
9.656911715865135193e-03
1.234609633684158325e-02
1.300363056361675262e-02
1.245664339512586594e-02
1.227012462913990021e-02
1.255496870726346970e-02
1.263565756380558014e-02
1.251858472824096680e-02
1.273544039577245712e-02
1.257324218750000000e-02
1.204398740082979202e-02
1.282127760350704193e-02
1.282234862446784973e-02
1.213999837636947632e-02
8.773259818553924561e-03
1.380889676511287689e-02
1.291436702013015747e-02
1.267505995929241180e-02
1.192252151668071747e-02
8.393332362174987793e-03
1.222395524382591248e-02
1.236814912408590317e-02
1.243404112756252289e-02
1.190474722534418106e-02
1.252114772796630859e-02
1.284363027662038803e-02
1.274166814982891083e-02
1.039898954331874847e-02
1.212285086512565613e-02
1.225697994232177734e-02
1.281491015106439590e-02
1.220023445785045624e-02
1.259126886725425720e-02
1.253971457481384277e-02
1.215154305100440979e-02
1.244766917079687119e-02
1.223314367234706879e-02
1.278018578886985779e-02
1.225279644131660461e-02
1.215805858373641968e-02
1.256619114428758621e-02
1.261918153613805771e-02
1.300828810781240463e-02
1.261106692254543304e-02
1.224473118782043457e-02
1.300767064094543457e-02
1.234272681176662445e-02
1.211115717887878418e-02
1.268168352544307709e-02
1.260673627257347107e-02
1.200837828218936920e-02
1.193849835544824600e-02
1.265372615307569504e-02
1.227134186774492264e-02
1.305844821035861969e-02
1.228588353842496872e-02
1.257770135998725891e-02
1.299777347594499588e-02
1.258993893861770630e-02
1.240733638405799866e-02
1.196561381220817566e-02
1.217182166874408722e-02
1.340980082750320435e-02
1.381462253630161285e-02
1.230932585895061493e-02
1.306715048849582672e-02
1.157271489500999451e-02
1.299940794706344604e-02
1.288156583905220032e-02
1.274974271655082703e-02
1.253844611346721649e-02
1.246528327465057373e-02
1.258323155343532562e-02
1.269655674695968628e-02
1.199190318584442139e-02
1.353712752461433411e-02
1.305123791098594666e-02
1.348203979432582855e-02
1.197485066950321198e-02
1.247648335993289948e-02
1.261147856712341309e-02
1.422065775841474533e-02
1.306197419762611389e-02
1.181371975690126419e-02
1.254826691001653671e-02
1.332018710672855377e-02
1.263948902487754822e-02
1.312389783561229706e-02
1.244710572063922882e-02
1.247672550380229950e-02
1.241038739681243896e-02
1.262171287089586258e-02
1.243162900209426880e-02
1.253363676369190216e-02
1.298836432397365570e-02
9.700857102870941162e-03
1.246417127549648285e-02
1.272038929164409637e-02
1.246892474591732025e-02
1.183059532195329666e-02
1.190440077334642410e-02
1.230349950492382050e-02
1.342710573226213455e-02
1.258460339158773422e-02
1.265654899179935455e-02
1.279537938535213470e-02
1.303683221340179443e-02
1.318838261067867279e-02
1.232874207198619843e-02
1.272290758788585663e-02
1.234792172908782959e-02
1.235322467982769012e-02
1.255080290138721466e-02
1.230145618319511414e-02
1.294777542352676392e-02
1.290622819215059280e-02
1.021723169833421707e-02
1.069369539618492126e-02
1.197168231010437012e-02
1.243028510361909866e-02
1.301042176783084869e-02
1.181090064346790314e-02
1.272463984787464142e-02
1.252878643572330475e-02
1.287688687443733215e-02
7.706959731876850128e-03
1.307241152971982956e-02
1.190767064690589905e-02
1.180403586477041245e-02
1.223610248416662216e-02
1.241906918585300446e-02
1.256502792239189148e-02
1.210577227175235748e-02
1.262724492698907852e-02
1.224471256136894226e-02
7.756055798381567001e-03
1.164352800697088242e-02
1.258909143507480621e-02
1.277821231633424759e-02
1.279443129897117615e-02
1.172096934169530869e-02
1.206791587173938751e-02
1.295592635869979858e-02
1.189106889069080353e-02
8.393866941332817078e-03
1.358040049672126770e-02
1.241167355328798294e-02
1.191435009241104126e-02
1.252429746091365814e-02
1.257864944636821747e-02
1.245734468102455139e-02
1.258935313671827316e-02
1.243440620601177216e-02
1.245351415127515793e-02
1.200882997363805771e-02
1.303379051387310028e-02
1.234714966267347336e-02
1.323891058564186096e-02
1.178413443267345428e-02
1.226371154189109802e-02
1.266102865338325500e-02
1.255795918405056000e-02
1.327367126941680908e-02
1.123243942856788635e-02
1.279241964221000671e-02
1.287290640175342560e-02
1.298494637012481689e-02
1.288232579827308655e-02
1.261624135076999664e-02
1.279081031680107117e-02
1.282270438969135284e-02
1.170552056282758713e-02
1.236139517277479172e-02
1.245404221117496490e-02
1.096952240914106369e-02
1.253254525363445282e-02
1.255246251821517944e-02
1.256624702364206314e-02
1.245001982897520065e-02
1.245260704308748245e-02
1.251778192818164825e-02
1.286970451474189758e-02
1.178098283708095551e-02
1.276618894189596176e-02
1.292803976684808731e-02
1.286363229155540466e-02
1.325255166739225388e-02
1.165489293634891510e-02
1.256931573152542114e-02
1.141948625445365906e-02
1.252121478319168091e-02
1.206719968467950821e-02
1.219794899225234985e-02
1.365746371448040009e-02
1.242101751267910004e-02
1.276932843029499054e-02
1.208828389644622803e-02
1.229303516447544098e-02
1.265042647719383240e-02
1.297239772975444794e-02
1.218958571553230286e-02
1.288168877363204956e-02
1.305637508630752563e-02
1.248063519597053528e-02
1.225614082068204880e-02
1.085200347006320953e-02
1.297114416956901550e-02
1.275812089443206787e-02
1.126477401703596115e-02
1.194774731993675232e-02
1.242516841739416122e-02
1.311322115361690521e-02
1.254452206194400787e-02
1.282905787229537964e-02
1.341034658253192902e-02
1.274838484823703766e-02
1.277592219412326813e-02
1.242684293538331985e-02
1.214969623833894730e-02
1.245506200939416885e-02
1.295557059347629547e-02
1.285807788372039795e-02
1.250521652400493622e-02
1.230115909129381180e-02
1.203645952045917511e-02
1.277745701372623444e-02
1.229349151253700256e-02
1.174958050251007080e-02
1.263238023966550827e-02
1.237410120666027069e-02
1.289603300392627716e-02
1.266816072165966034e-02
1.277259178459644318e-02
1.280316524207592010e-02
1.266475953161716461e-02
1.304716244339942932e-02
1.287665404379367828e-02
1.257592439651489258e-02
1.023860555142164230e-02
1.248713582754135132e-02
1.258286647498607635e-02
1.237054169178009033e-02
1.220940425992012024e-02
1.304657384753227234e-02
1.277155056595802307e-02
1.255699060857295990e-02
1.227651257067918777e-02
1.181732676923274994e-02
1.265940256416797638e-02
1.184529997408390045e-02
1.299750804901123047e-02
1.213281601667404175e-02
1.154320873320102692e-02
1.191026531159877777e-02
1.290586870163679123e-02
1.315864827483892441e-02
1.288269739598035812e-02
1.164374500513076782e-02
1.252615638077259064e-02
1.229550130665302277e-02
1.244712620973587036e-02
1.297732908278703690e-02
1.278583426028490067e-02
1.272994838654994965e-02
1.225462183356285095e-02
1.188402995467185974e-02
1.250742748379707336e-02
1.222979463636875153e-02
1.256008166819810867e-02
1.260504405945539474e-02
1.238379906862974167e-02
1.222243160009384155e-02
1.252473983913660049e-02
1.266062352806329727e-02
1.246781274676322937e-02
1.307373493909835815e-02
1.245178747922182083e-02
1.251891814172267914e-02
1.179722044616937637e-02
1.226746197789907455e-02
1.175073347985744476e-02
1.293530967086553574e-02
1.221013441681861877e-02
1.221317425370216370e-02
1.259326748549938202e-02
1.268647983670234680e-02
1.239296887069940567e-02
1.221261918544769287e-02
1.266772393137216568e-02
1.137139089405536652e-02
1.250943820923566818e-02
1.035208627581596375e-02
1.215347275137901306e-02
1.225891895592212677e-02
1.229258812963962555e-02
1.238389872014522552e-02
1.223760657012462616e-02
1.245849207043647766e-02
1.170447748154401779e-02
1.216391939669847488e-02
1.304436847567558289e-02
1.285380683839321136e-02
1.246245950460433960e-02
1.283403486013412476e-02
1.225211936980485916e-02
1.269779354333877563e-02
1.300341822206974030e-02
1.301186718046665192e-02
1.242704316973686218e-02
1.337920501828193665e-02
1.305790245532989502e-02
1.264171302318572998e-02
1.288490928709506989e-02
1.308160182088613510e-02
1.246535591781139374e-02
1.298695150762796402e-02
1.202621962875127792e-02
1.222615595906972885e-02
1.214376650750637054e-02
1.185073330998420715e-02
1.220229640603065491e-02
1.359248533844947815e-02
1.194870285689830780e-02
1.176095195114612579e-02
1.234654150903224945e-02
1.248092390596866608e-02
8.795421570539474487e-03
1.161517575383186340e-02
1.305364258587360382e-02
1.163532212376594543e-02
1.253198180347681046e-02
1.219669636338949203e-02
1.274645887315273285e-02
1.186610572040081024e-02
1.315357722342014313e-02
1.260761916637420654e-02
1.297089457511901855e-02
1.271483860909938812e-02
1.294533535838127136e-02
1.247102953493595123e-02
1.160194166004657745e-02
1.226500421762466431e-02
1.301460713148117065e-02
1.231386698782444000e-02
1.247972529381513596e-02
1.237834431231021881e-02
1.242055743932723999e-02
1.078553125262260437e-02
1.411357335746288300e-02
1.153541356325149536e-02
1.412802562117576599e-02
1.214923709630966187e-02
1.328780502080917358e-02
1.212012954056262970e-02
1.214363519102334976e-02
1.304629817605018616e-02
1.215105969458818436e-02
1.243115961551666260e-02
1.307895407080650330e-02
1.246837433427572250e-02
1.256022974848747253e-02
1.235759444534778595e-02
1.168159209191799164e-02
1.274470984935760498e-02
1.269931998103857040e-02
1.248574629426002502e-02
1.287585217505693436e-02
1.241527497768402100e-02
1.263326406478881836e-02
1.206529233604669571e-02
1.305822841823101044e-02
1.230320520699024200e-02
1.174176577478647232e-02
1.231701672077178955e-02
1.285430416464805603e-02
1.208733674138784409e-02
8.030397817492485046e-03
1.234666258096694946e-02
1.224563177675008774e-02
1.268420554697513580e-02
1.138900965452194214e-02
1.164426561444997787e-02
1.244794577360153198e-02
1.197742484509944916e-02
1.276600919663906097e-02
1.244084723293781281e-02
1.313502714037895203e-02
1.276470627635717392e-02
1.214296557009220123e-02
1.292466372251510620e-02
1.287285983562469482e-02
1.238741166889667511e-02
1.258009206503629684e-02
1.278990972787141800e-02
1.239976286888122559e-02
1.220603752881288528e-02
1.248593442142009735e-02
1.220723707228899002e-02
1.116446964442729950e-02
1.213392429053783417e-02
1.317977625876665115e-02
8.864151313900947571e-03
1.287830621004104614e-02
1.267419196665287018e-02
1.299751177430152893e-02
1.255748979747295380e-02
1.307539455592632294e-02
1.283131912350654602e-02
1.271058060228824615e-02
1.366009190678596497e-02
1.244596112519502640e-02
1.247800886631011963e-02
1.185034960508346558e-02
1.295961253345012665e-02
1.299490686506032944e-02
1.244350522756576538e-02
1.174250151962041855e-02
1.193936169147491455e-02
6.916267797350883484e-03
1.252275332808494568e-02
1.195816881954669952e-02
1.216267794370651245e-02
1.218785997480154037e-02
1.231287233531475067e-02
1.246249116957187653e-02
1.334881596267223358e-02
1.225073635578155518e-02
1.206814963370561600e-02
1.321561727672815323e-02
1.225757040083408356e-02
1.359182409942150116e-02
1.269725523889064789e-02
1.224746089428663254e-02
1.211965177208185196e-02
1.186304166913032532e-02
1.185926049947738647e-02
1.235965546220541000e-02
1.217903848737478256e-02
1.292916946113109589e-02
1.266121212393045425e-02
1.218348275870084763e-02
1.276218425482511520e-02
1.197332795709371567e-02
1.235293690115213394e-02
1.220565475523471832e-02
1.113050803542137146e-02
1.232941821217536926e-02
1.299411337822675705e-02
1.306013669818639755e-02
1.283711194992065430e-02
1.230229064822196960e-02
1.247386261820793152e-02
1.271276734769344330e-02
1.261925138533115387e-02
1.150772534310817719e-02
1.246184669435024261e-02
1.242046989500522614e-02
1.287341676652431488e-02
1.302098669111728668e-02
1.312985830008983612e-02
1.292448956519365311e-02
1.246004831045866013e-02
1.265319995582103729e-02
1.241546496748924255e-02
1.260789390653371811e-02
1.199658587574958801e-02
1.220765057951211929e-02
1.254292298108339310e-02
1.256729848682880402e-02
1.230456307530403137e-02
1.231320202350616455e-02
1.257602870464324951e-02
1.236566528677940369e-02
1.253621466457843781e-02
1.229431387037038803e-02
1.194583997130393982e-02
1.299886032938957214e-02
1.286348700523376465e-02
1.201768033206462860e-02
1.293964870274066925e-02
1.225381717085838318e-02
1.260139979422092438e-02
1.242665946483612061e-02
1.275526173412799835e-02
1.227056980133056641e-02
1.214672066271305084e-02
1.278872322291135788e-02
1.288620941340923309e-02
1.244650594890117645e-02
1.251625549048185349e-02
1.248561218380928040e-02
1.259649917483329773e-02
1.268875598907470703e-02
1.216258294880390167e-02
1.293809898197650909e-02
1.241633668541908264e-02
1.217095088213682175e-02
1.265986636281013489e-02
1.286209281533956528e-02
1.233726553618907928e-02
1.242185942828655243e-02
1.260237023234367371e-02
1.232208125293254852e-02
1.254388503730297089e-02
1.271961629390716553e-02
1.281800866127014160e-02
1.228708587586879730e-02
1.210533082485198975e-02
1.424179133027791977e-02
1.228078640997409821e-02
1.290361024439334869e-02
1.265833526849746704e-02
1.254696864634752274e-02
1.284655649214982986e-02
1.154470443725585938e-02
1.226422376930713654e-02
1.324191968888044357e-02
1.244225818663835526e-02
1.229220442473888397e-02
1.224234327673912048e-02
1.228247582912445068e-02
1.317116618156433105e-02
1.264150626957416534e-02
1.271088048815727234e-02
1.261905953288078308e-02
1.232584659010171890e-02
1.170155871659517288e-02
1.222339458763599396e-02
9.727442637085914612e-03
1.208835560828447342e-02
1.225739065557718277e-02
1.259933970868587494e-02
1.216890662908554077e-02
1.180445775389671326e-02
1.175239682197570801e-02
1.295245811343193054e-02
1.318570971488952637e-02
1.241082511842250824e-02
8.307773619890213013e-03
1.249370537698268890e-02
1.070538163185119629e-02
1.379148010164499283e-02
1.236842200160026550e-02
1.275455206632614136e-02
1.267218030989170074e-02
1.258716639131307602e-02
7.965507917106151581e-03
1.250916626304388046e-02
1.246823929250240326e-02
1.235204748809337616e-02
1.249235589057207108e-02
1.266661565750837326e-02
1.252687163650989532e-02
1.308038644492626190e-02
9.750189259648323059e-03
1.257337443530559540e-02
1.285927370190620422e-02
1.199144311249256134e-02
1.230587158352136612e-02
1.292433589696884155e-02
1.333064585924148560e-02
1.242649834603071213e-02
1.188188511878252029e-02
1.246494706720113754e-02
1.241185516119003296e-02
1.267113722860813141e-02
1.251665689051151276e-02
1.410474628210067749e-02
1.367596816271543503e-02
1.174884289503097534e-02
1.220481470227241516e-02
1.218219287693500519e-02
1.260432414710521698e-02
1.252659130841493607e-02
1.284678373485803604e-02
1.214790251106023788e-02
1.276370137929916382e-02
1.256814133375883102e-02
1.223675999790430069e-02
1.346058677881956100e-02
9.633893147110939026e-03
1.219486631453037262e-02
1.313794404268264771e-02
1.146811898797750473e-02
1.220276765525341034e-02
1.291358470916748047e-02
1.141301169991493225e-02
1.260800659656524658e-02
1.252063829451799393e-02
1.306253764778375626e-02
1.280390843749046326e-02
1.268100086599588394e-02
1.309815235435962677e-02
1.162946596741676331e-02
1.283477246761322021e-02
1.274284534156322479e-02
1.337236631661653519e-02
1.228479389101266861e-02
1.262371242046356201e-02
1.225002296268939972e-02
1.253966428339481354e-02
1.201451569795608521e-02
1.313105598092079163e-02
1.300573535263538361e-02
1.284498162567615509e-02
1.229737233370542526e-02
1.238212175667285919e-02
1.238807849586009979e-02
1.237328536808490753e-02
1.223844848573207855e-02
1.288980618119239807e-02
1.241083908826112747e-02
1.180533692240715027e-02
1.263091526925563812e-02
1.298122759908437729e-02
1.275497488677501678e-02
1.264533959329128265e-02
1.401574723422527313e-02
1.370661705732345581e-02
1.237708888947963715e-02
1.224346458911895752e-02
9.741977788507938385e-03
1.261717639863491058e-02
1.205864455550909042e-02
1.316235959529876709e-02
1.229100860655307770e-02
1.247565913945436478e-02
1.355407573282718658e-02
1.318697445094585419e-02
1.252209208905696869e-02
1.277600042521953583e-02
1.307847816497087479e-02
1.291381660848855972e-02
1.254281960427761078e-02
1.392361149191856384e-02
1.207296177744865417e-02
1.011285185813903809e-02
1.242017187178134918e-02
1.287878490984439850e-02
1.290738303214311600e-02
1.263783313333988190e-02
1.333701796829700470e-02
1.082822494208812714e-02
1.246610470116138458e-02
1.228863932192325592e-02
1.185593474656343460e-02
1.240382343530654907e-02
1.346345432102680206e-02
1.176685374230146408e-02
1.131114177405834198e-02
1.287461351603269577e-02
1.217009499669075012e-02
1.296842191368341446e-02
1.248405687510967255e-02
1.268931385129690170e-02
1.180257648229598999e-02
1.289615407586097717e-02
1.282903738319873810e-02
1.206370722502470016e-02
1.243007276207208633e-02
1.236350182443857193e-02
1.216961070895195007e-02
1.242638938128948212e-02
1.318606734275817871e-02
1.331791374832391739e-02
1.151986792683601379e-02
9.081466123461723328e-03
1.099864579737186432e-02
1.185504347085952759e-02
1.250502932816743851e-02
1.186616718769073486e-02
1.257581636309623718e-02
1.236397027969360352e-02
1.221845671534538269e-02
1.121247187256813049e-02
1.265044417232275009e-02
1.190054230391979218e-02
1.307902112603187561e-02
1.301193237304687500e-02
1.265350822359323502e-02
1.249944791197776794e-02
1.258998550474643707e-02
1.241736300289630890e-02
1.261888630688190460e-02
9.236214682459831238e-03
1.253560371696949005e-02
1.272423192858695984e-02
1.204851083457469940e-02
1.200653426349163055e-02
1.191523484885692596e-02
1.227685809135437012e-02
1.330498978495597839e-02
1.251412183046340942e-02
1.244426239281892776e-02
1.295288465917110443e-02
9.324224665760993958e-03
1.266584917902946472e-02
1.215958036482334137e-02
1.223058719187974930e-02
1.201928593218326569e-02
1.256613247096538544e-02
1.181017141789197922e-02
1.194390468299388885e-02
1.264267973601818085e-02
1.436054334044456482e-02
1.204488240182399750e-02
1.243985071778297424e-02
1.265939138829708099e-02
1.213482953608036041e-02
1.254438329488039017e-02
1.243651472032070160e-02
1.237004436552524567e-02
1.250887941569089890e-02
1.290607079863548279e-02
1.283148862421512604e-02
1.275276206433773041e-02
1.243750005960464478e-02
1.289159059524536133e-02
1.176275964826345444e-02
1.212817430496215820e-02
1.234030444175004959e-02
1.280225161463022232e-02
1.298378594219684601e-02
1.262269821017980576e-02
1.258356217294931412e-02
1.241527590900659561e-02
1.180668175220489502e-02
1.276695355772972107e-02
1.310548558831214905e-02
1.419566292315721512e-02
1.218195725232362747e-02
1.347402110695838928e-02
1.245030388236045837e-02
1.398831978440284729e-02
1.259026210755109787e-02
1.227235235273838043e-02
1.280248910188674927e-02
1.233769580721855164e-02
1.253061182796955109e-02
1.279906369745731354e-02
1.278696209192276001e-02
1.254304684698581696e-02
1.238265447318553925e-02
1.228874363005161285e-02
1.246106997132301331e-02
1.184759754687547684e-02
1.227430626749992371e-02
1.245283149182796478e-02
1.276219263672828674e-02
1.168497093021869659e-02
1.297563780099153519e-02
1.281304564327001572e-02
1.232374086976051331e-02
1.214229874312877655e-02
1.326460391283035278e-02
1.269544661045074463e-02
1.196902245283126831e-02
1.208938192576169968e-02
1.254801545292139053e-02
1.257329247891902924e-02
1.258399989455938339e-02
1.266748365014791489e-02
1.260827574878931046e-02
1.283820904791355133e-02
1.304630376398563385e-02
1.268449611961841583e-02
1.270908862352371216e-02
1.231219712644815445e-02
1.293370220810174942e-02
1.301563903689384460e-02
1.274082437157630920e-02
1.224214956164360046e-02
1.212242804467678070e-02
1.309332251548767090e-02
1.234697178006172180e-02
1.307524181902408600e-02
9.573746472597122192e-03
1.172322407364845276e-02
1.290219463407993317e-02
1.259378157556056976e-02
1.045114733278751373e-02
2.060996368527412415e-02
1.231561601161956787e-02
1.248814910650253296e-02
1.248198002576828003e-02
1.218267995864152908e-02
1.242290623486042023e-02
1.116804406046867371e-02
1.272281166166067123e-02
1.226969715207815170e-02
1.262051239609718323e-02
1.250894367694854736e-02
1.245908625423908234e-02
1.272462680935859680e-02
1.266108080744743347e-02
1.263607852160930634e-02
1.271944120526313782e-02
1.295946072787046432e-02
1.205065846443176270e-02
1.250630430877208710e-02
1.227212883532047272e-02
1.262469217181205750e-02
1.065486948937177658e-02
1.261563971638679504e-02
1.052543334662914276e-02
1.286684814840555191e-02
1.238327007740736008e-02
1.225352846086025238e-02
1.219343114644289017e-02
1.266202330589294434e-02
1.181915961205959320e-02
1.269319560378789902e-02
1.253677811473608017e-02
1.303711906075477600e-02
1.271353010088205338e-02
1.225526444613933563e-02
1.253444980829954147e-02
9.614638984203338623e-03
1.297114882618188858e-02
1.289294287562370300e-02
1.260061841458082199e-02
1.220257394015789032e-02
1.212842483073472977e-02
1.245076395571231842e-02
1.124613173305988312e-02
1.286243554204702377e-02
1.204277388751506805e-02
1.152575016021728516e-02
1.214642263948917389e-02
1.259593479335308075e-02
1.219403371214866638e-02
1.394317485392093658e-02
1.152925565838813782e-02
1.280462183058261871e-02
1.206956431269645691e-02
1.286771148443222046e-02
1.312079653143882751e-02
1.275266148149967194e-02
1.253172662109136581e-02
1.267977897077798843e-02
1.192719489336013794e-02
1.265519019216299057e-02
1.283662021160125732e-02
1.388916932046413422e-02
1.257400680333375931e-02
1.170756667852401733e-02
1.222428493201732635e-02
1.201650872826576233e-02
1.269946806132793427e-02
7.328390609472990036e-03
1.140289753675460815e-02
1.240582671016454697e-02
1.269791834056377411e-02
1.212329044938087463e-02
1.210322603583335876e-02
1.269034110009670258e-02
1.221866533160209656e-02
1.242871023714542389e-02
1.127532869577407837e-02
1.216237526386976242e-02
1.263234764337539673e-02
1.272127125412225723e-02
1.226598396897315979e-02
1.270609535276889801e-02
1.106041017919778824e-02
1.267370767891407013e-02
8.932546712458133698e-03
1.222185511142015457e-02
1.424546912312507629e-02
1.244543027132749557e-02
1.239301357418298721e-02
1.260298211127519608e-02
1.281674299389123917e-02
1.217189617455005646e-02
1.165139768272638321e-02
1.311254687607288361e-02
1.234815642237663269e-02
1.200574822723865509e-02
1.234025508165359497e-02
1.258806139230728149e-02
1.228344999253749847e-02
1.217569410800933838e-02
1.039383560419082642e-02
1.245352812111377716e-02
1.329699158668518066e-02
1.276636496186256409e-02
1.252671983093023300e-02
1.257985085248947144e-02
1.089696772396564484e-02
1.236420683562755585e-02
1.197292190045118332e-02
1.284558419138193130e-02
1.212051697075366974e-02
1.275077741593122482e-02
1.295021548867225647e-02
1.213965285569429398e-02
1.251920964568853378e-02
1.230357307940721512e-02
1.245904434472322464e-02
1.240441389381885529e-02
1.254256162792444229e-02
1.265666447579860687e-02
1.318403519690036774e-02
1.218571607023477554e-02
7.207692135125398636e-03
1.180231571197509766e-02
1.231399457901716232e-02
1.242425199598073959e-02
1.218534912914037704e-02
1.392158307135105133e-02
1.304679922759532928e-02
1.235674601048231125e-02
1.282164826989173889e-02
1.265364047139883041e-02
1.274960767477750778e-02
1.272513158619403839e-02
1.251470297574996948e-02
1.241859234869480133e-02
1.223478838801383972e-02
1.265842840075492859e-02
1.326299272477626801e-02
1.283474732190370560e-02
1.259722001850605011e-02
1.281424984335899353e-02
1.256437972187995911e-02
1.265870966017246246e-02
1.210026443004608154e-02
1.261162757873535156e-02
1.205622404813766479e-02
1.137866824865341187e-02
1.258517522364854813e-02
1.205957494676113129e-02
1.246962603181600571e-02
1.400721445679664612e-02
1.290341932326555252e-02
1.319485995918512344e-02
1.203797105699777603e-02
1.250283047556877136e-02
1.237097568809986115e-02
1.224620174616575241e-02
1.225041132420301437e-02
1.297905854880809784e-02
1.299502700567245483e-02
1.318988949060440063e-02
1.216886006295681000e-02
1.259228028357028961e-02
1.289431191980838776e-02
1.232542842626571655e-02
1.252720504999160767e-02
1.377760339528322220e-02
1.206989400088787079e-02
1.330262236297130585e-02
1.395657844841480255e-02
1.171249896287918091e-02
1.263494417071342468e-02
1.242321543395519257e-02
1.144826598465442657e-02
1.219650078564882278e-02
9.820567443966865540e-03
1.224489230662584305e-02
1.219994574785232544e-02
1.276457309722900391e-02
1.257911231368780136e-02
1.241116132587194443e-02
1.226232014596462250e-02
1.243254542350769043e-02
1.304559782147407532e-02
1.217089779675006866e-02
1.278455927968025208e-02
1.201684959232807159e-02
1.193837355822324753e-02
1.182961370795965195e-02
1.215591561049222946e-02
1.243303623050451279e-02
1.233064383268356323e-02
1.237502507865428925e-02
1.331693027168512344e-02
1.272336300462484360e-02
1.248235534876585007e-02
9.428901597857475281e-03
1.196117326617240906e-02
1.255344972014427185e-02
1.205212064087390900e-02
1.255453377962112427e-02
1.245117373764514923e-02
1.284828316420316696e-02
1.243838109076023102e-02
1.197153329849243164e-02
1.214141398668289185e-02
9.967160411179065704e-03
1.237499713897705078e-02
1.246607117354869843e-02
1.238735765218734741e-02
1.206734124571084976e-02
1.212373003363609314e-02
1.291037164628505707e-02
1.231800951063632965e-02
1.303535327315330505e-02
1.288977824151515961e-02
1.212413422763347626e-02
1.262053102254867554e-02
1.254490576684474945e-02
1.283465325832366943e-02
1.200400199741125107e-02
1.275097578763961792e-02
1.317123509943485260e-02
1.266715861856937408e-02
1.256979163736104965e-02
1.278649736195802689e-02
1.244537532329559326e-02
1.313554495573043823e-02
1.259896904230117798e-02
1.193092949688434601e-02
1.094937603920698166e-02
1.213966682553291321e-02
1.230979710817337036e-02
1.248604059219360352e-02
1.296027097851037979e-02
1.242389902472496033e-02
1.213496550917625427e-02
1.251507550477981567e-02
1.245921850204467773e-02
1.222342159599065781e-02
1.235166285187005997e-02
1.283390447497367859e-02
1.288181357085704803e-02
1.272737421095371246e-02
1.243158522993326187e-02
1.291415467858314514e-02
1.275147870182991028e-02
1.271762885153293610e-02
1.247975975275039673e-02
1.213137246668338776e-02
1.249788980931043625e-02
1.187037490308284760e-02
1.252212934195995331e-02
1.188487280160188675e-02
1.218425668776035309e-02
1.266394183039665222e-02
1.220582425594329834e-02
1.256033498793840408e-02
1.255759410560131073e-02
1.334455609321594238e-02
1.239020843058824539e-02
1.238284632563591003e-02
1.246794126927852631e-02
1.173536852002143860e-02
1.202096790075302124e-02
1.249974779784679413e-02
1.261815149337053299e-02
8.309158496558666229e-03
1.230006106197834015e-02
1.282725110650062561e-02
1.260206475853919983e-02
1.229828409850597382e-02
1.196681894361972809e-02
1.266725361347198486e-02
1.248745433986186981e-02
1.203456707298755646e-02
1.264074444770812988e-02
1.398734468966722488e-02
1.248345617204904556e-02
1.263244077563285828e-02
1.239865832030773163e-02
1.248876284807920456e-02
1.283977739512920380e-02
1.143208984285593033e-02
1.196199283003807068e-02
1.207529380917549133e-02
1.197031885385513306e-02
1.246868353337049484e-02
1.300873234868049622e-02
1.297305803745985031e-02
1.247444748878479004e-02
1.318547315895557404e-02
1.248375326395034790e-02
1.050154026597738266e-02
1.332706212997436523e-02
1.225714012980461121e-02
1.243183575570583344e-02
1.335169374942779541e-02
1.263372600078582764e-02
1.244436018168926239e-02
1.268420368432998657e-02
1.289009954780340195e-02
1.202689949423074722e-02
1.256519276648759842e-02
1.301439199596643448e-02
1.279855147004127502e-02
1.258639618754386902e-02
1.244997326284646988e-02
1.277125254273414612e-02
1.273066736757755280e-02
1.072191074490547180e-02
1.469454076141119003e-02
1.187895704060792923e-02
1.088865753263235092e-02
1.314298622310161591e-02
1.222838647663593292e-02
1.285434328019618988e-02
1.170060597360134125e-02
1.204344630241394043e-02
1.286372356116771698e-02
1.324034295976161957e-02
1.214967947453260422e-02
1.283632311969995499e-02
1.248719543218612671e-02
1.198858302086591721e-02
1.294624060392379761e-02
1.242954656481742859e-02
1.291964948177337646e-02
1.298624183982610703e-02
1.291005313396453857e-02
1.288997568190097809e-02
1.249145623296499252e-02
1.273340731859207153e-02
1.225832011550664902e-02
1.334610488265752792e-02
1.313919667154550552e-02
1.222480367869138718e-02
