<system>Protocol: Active. Attitude: Sassy.</system>
1.542655285447835922e-02
1.527229510247707367e-02
1.519138459116220474e-02
1.486151758581399918e-02
1.546126883476972580e-02
1.516452711075544357e-02
1.568089984357357025e-02
1.581008173525333405e-02
1.517055649310350418e-02
1.506744045764207840e-02
1.489202026277780533e-02
1.531066559255123138e-02
1.523947156965732574e-02
1.529533322900533676e-02
1.507943868637084961e-02
1.528554875403642654e-02
1.539593935012817383e-02
1.496537402272224426e-02
1.494397595524787903e-02
1.510257180780172348e-02
1.517016347497701645e-02
1.501290593296289444e-02
1.511971000581979752e-02
1.467904169112443924e-02
1.450097560882568359e-02
1.533959526568651199e-02
1.529389712959527969e-02
1.512970030307769775e-02
1.512060686945915222e-02
1.504843868315219879e-02
1.374178752303123474e-02
1.491974294185638428e-02
1.495927292853593826e-02
1.538298930972814560e-02
1.380890328437089920e-02
1.391010638326406479e-02
1.521029789000749588e-02
1.502701640129089355e-02
1.510675530880689621e-02
1.463825721293687820e-02
1.490909699350595474e-02
1.600896567106246948e-02
1.476682722568511963e-02
1.482876483350992203e-02
1.527955289930105209e-02
1.484467647969722748e-02
1.534840743988752365e-02
1.495493948459625244e-02
1.526008639484643936e-02
1.496489904820919037e-02
1.503062527626752853e-02
1.525560300797224045e-02
1.499585900455713272e-02
1.531907636672258377e-02
1.464416738599538803e-02
1.510779000818729401e-02
1.524199265986680984e-02
1.463035028427839279e-02
1.469992194324731827e-02
1.517702266573905945e-02
1.510362420231103897e-02
1.501331850886344910e-02
1.502539590001106262e-02
1.524848025292158127e-02
1.536916289478540421e-02
1.502436958253383636e-02
1.524221897125244141e-02
1.528131123632192612e-02
1.560329832136631012e-02
1.477505918592214584e-02
1.542977709323167801e-02
1.459596399217844009e-02
1.489450410008430481e-02
1.504605449736118317e-02
1.484178658574819565e-02
1.523625850677490234e-02
1.567896641790866852e-02
1.565194688737392426e-02
1.493917033076286316e-02
1.520199794322252274e-02
1.510390080511569977e-02
1.544534880667924881e-02
1.488120574504137039e-02
1.518372260034084320e-02
1.520038489252328873e-02
1.506675872951745987e-02
1.490783784538507462e-02
1.548172440379858017e-02
1.510473433881998062e-02
1.517981570214033127e-02
1.518211141228675842e-02
1.493142172694206238e-02
1.587858237326145172e-02
1.553014479577541351e-02
1.502224244177341461e-02
1.497653964906930923e-02
1.522212941199541092e-02
1.529359538108110428e-02
1.493398193269968033e-02
1.531118154525756836e-02
1.537915226072072983e-02
1.524888258427381516e-02
1.523109152913093567e-02
1.499519590288400650e-02
1.504715438932180405e-02
1.539716031402349472e-02
1.482650265097618103e-02
1.552662532776594162e-02
1.516458485275506973e-02
1.538982428610324860e-02
1.475167274475097656e-02
1.479496154934167862e-02
1.409094315022230148e-02
1.444669347256422043e-02
1.533884182572364807e-02
1.532732322812080383e-02
1.524222735315561295e-02
1.482254825532436371e-02
1.489258743822574615e-02
1.496059820055961609e-02
1.526616141200065613e-02
1.517787203192710876e-02
1.465501729398965836e-02
1.500533148646354675e-02
1.500824652612209320e-02
1.581265963613986969e-02
1.553812623023986816e-02
1.522413454949855804e-02
1.498694624751806259e-02
1.523053366690874100e-02
1.488618459552526474e-02
1.497898902744054794e-02
1.490809116512537003e-02
1.551180705428123474e-02
1.565164327621459961e-02
1.514874957501888275e-02
1.527056377381086349e-02
1.514688692986965179e-02
1.529845036566257477e-02
1.497646514326334000e-02
1.543457433581352234e-02
1.548836566507816315e-02
1.539589837193489075e-02
1.505466084927320480e-02
1.491618156433105469e-02
1.474568899720907211e-02
1.491512265056371689e-02
1.492747385054826736e-02
1.507787685841321945e-02
1.523397956043481827e-02
1.484109740704298019e-02
1.533082406967878342e-02
1.525372825562953949e-02
1.498962566256523132e-02
1.507054641842842102e-02
1.528380159288644791e-02
1.476548891514539719e-02
1.513183210045099258e-02
1.577154546976089478e-02
1.524865906685590744e-02
1.494052447378635406e-02
1.482683699578046799e-02
1.464654598385095596e-02
1.525840442627668381e-02
1.558546070009469986e-02
1.516864262521266937e-02
1.409615483134984970e-02
1.528477389365434647e-02
1.499580405652523041e-02
1.501125935465097427e-02
1.516549289226531982e-02
1.534636691212654114e-02
1.512296125292778015e-02
1.499184872955083847e-02
1.501038949936628342e-02
1.480206009000539780e-02
1.526910625398159027e-02
1.561973895877599716e-02
1.509551052004098892e-02
1.537834387272596359e-02
1.490912958979606628e-02
1.532507222145795822e-02
1.580797880887985229e-02
1.549293380230665207e-02
1.402686536312103271e-02
1.506795082241296768e-02
1.565742865204811096e-02
1.521612051874399185e-02
1.544832345098257065e-02
1.466023828834295273e-02
1.475882250815629959e-02
1.498050149530172348e-02
1.512685790657997131e-02
1.486353855580091476e-02
1.501663681119680405e-02
1.514477655291557312e-02
1.483150105923414230e-02
1.508358120918273926e-02
1.493110973387956619e-02
1.531169097870588303e-02
1.519919000566005707e-02
1.519142743200063705e-02
1.469498872756958008e-02
1.468082424253225327e-02
1.494541205465793610e-02
1.589363813400268555e-02
1.475154794752597809e-02
1.512785255908966064e-02
1.485578063875436783e-02
1.550179161131381989e-02
1.513700839132070541e-02
1.529247127473354340e-02
1.506533380597829819e-02
1.405579131096601486e-02
1.452749967575073242e-02
1.499904319643974304e-02
1.504483539611101151e-02
1.523039676249027252e-02
1.500092167407274246e-02
1.494675781577825546e-02
1.464558765292167664e-02
1.656207256019115448e-02
1.514175813645124435e-02
1.303198933601379395e-02
1.512775942683219910e-02
1.487336680293083191e-02
1.530339755117893219e-02
1.542213838547468185e-02
1.473869476467370987e-02
1.452934648841619492e-02
1.510474923998117447e-02
1.482874155044555664e-02
1.471498887985944748e-02
1.527222059667110443e-02
1.579787582159042358e-02
1.500796992331743240e-02
1.471379119902849197e-02
1.473898906260728836e-02
1.515057682991027832e-02
1.499539893120527267e-02
1.532717980444431305e-02
1.525764539837837219e-02
1.526507455855607986e-02
1.438819244503974915e-02
1.515846233814954758e-02
1.496599614620208740e-02
1.542274653911590576e-02
1.505591254681348801e-02
1.536260638386011124e-02
1.549498084932565689e-02
1.531484723091125488e-02
1.507952157407999039e-02
1.508638262748718262e-02
1.514754816889762878e-02
1.496508438140153885e-02
1.519555225968360901e-02
1.502952817827463150e-02
1.516827940940856934e-02
1.591454073786735535e-02
1.480565033853054047e-02
1.506096217781305313e-02
1.511555910110473633e-02
1.490309275686740875e-02
1.521574892103672028e-02
1.524424273520708084e-02
1.543246861547231674e-02
1.531271263957023621e-02
1.514710579067468643e-02
1.485716737806797028e-02
1.513909362256526947e-02
1.512139756232500076e-02
1.568782515823841095e-02
1.494030561298131943e-02
1.551018934696912766e-02
1.502654235810041428e-02
1.099346950650215149e-02
1.523461006581783295e-02
1.471090875566005707e-02
1.515004877001047134e-02
1.501009147614240646e-02
1.513564959168434143e-02
1.458169426769018173e-02
1.753075234591960907e-02
1.491864304989576340e-02
1.519778463989496231e-02
1.492985803633928299e-02
1.492347475141286850e-02
1.517352834343910217e-02
1.546479854732751846e-02
1.557315513491630554e-02
1.522316690534353256e-02
1.494741719216108322e-02
1.520620565861463547e-02
1.511271577328443527e-02
1.463452540338039398e-02
1.542699616402387619e-02
1.518265809863805771e-02
1.511961780488491058e-02
1.503936573863029480e-02
1.518613100051879883e-02
1.538510993123054504e-02
1.493292767554521561e-02
1.506923139095306396e-02
1.523242983967065811e-02
1.447251997888088226e-02
1.492260303348302841e-02
1.554807182401418686e-02
1.490610558539628983e-02
1.516463421285152435e-02
1.485907379537820816e-02
1.491818670183420181e-02
1.510890386998653412e-02
1.520773489028215408e-02
1.543326117098331451e-02
1.550013106316328049e-02
1.478255074471235275e-02
1.493138726800680161e-02
1.547414157539606094e-02
1.542394794523715973e-02
1.474389154464006424e-02
1.485094428062438965e-02
1.497804187238216400e-02
1.543048582971096039e-02
1.495655253529548645e-02
1.499494537711143494e-02
1.504473667591810226e-02
1.530201826244592667e-02
1.517771277576684952e-02
1.492311153560876846e-02
1.510767545551061630e-02
1.550522539764642715e-02
1.507268846035003662e-02
1.537941955029964447e-02
1.551901176571846008e-02
1.503073610365390778e-02
1.511748041957616806e-02
1.468794140964746475e-02
1.521561667323112488e-02
1.514873187988996506e-02
1.588361896574497223e-02
1.547641120851039886e-02
1.488246116787195206e-02
1.524658780544996262e-02
1.492649409919977188e-02
1.451743487268686295e-02
1.466035842895507812e-02
1.533497590571641922e-02
1.532168686389923096e-02
1.529359258711338043e-02
1.508389692753553391e-02
1.491239946335554123e-02
1.529831811785697937e-02
1.486799027770757675e-02
1.529868878424167633e-02
1.523424591869115829e-02
1.540557388216257095e-02
1.515744905918836594e-02
1.514549460262060165e-02
1.534643210470676422e-02
1.502853352576494217e-02
1.525999698787927628e-02
1.525446400046348572e-02
1.496438588947057724e-02
1.530699804425239563e-02
1.515867374837398529e-02
1.542076375335454941e-02
1.518805976957082748e-02
1.528073288500308990e-02
1.476953271776437759e-02
1.506567280739545822e-02
1.508500892668962479e-02
1.532788202166557312e-02
1.539257727563381195e-02
1.514116581529378891e-02
1.475273165851831436e-02
1.523216161876916885e-02
1.531820558011531830e-02
1.506568491458892822e-02
1.387650333344936371e-02
1.534704491496086121e-02
1.098133530467748642e-02
1.472205575555562973e-02
1.464917697012424469e-02
1.537729147821664810e-02
1.516377925872802734e-02
1.536153629422187805e-02
1.517529413104057312e-02
1.454169955104589462e-02
1.511093694716691971e-02
1.490468624979257584e-02
1.538440585136413574e-02
1.536105293780565262e-02
1.522059645503759384e-02
1.543960627168416977e-02
1.495121791958808899e-02
1.500443834811449051e-02
1.535176858305931091e-02
1.543235871940851212e-02
1.507108006626367569e-02
1.512158196419477463e-02
1.554222963750362396e-02
1.508130691945552826e-02
1.520580053329467773e-02
1.515658851712942123e-02
1.559313014149665833e-02
1.525552570819854736e-02
1.543030049651861191e-02
1.490348018705844879e-02
1.498236320912837982e-02
1.507425587624311447e-02
1.459559239447116852e-02
2.562171407043933868e-02
1.535868644714355469e-02
1.492962241172790527e-02
1.522553246468305588e-02
1.508260983973741531e-02
1.512867491692304611e-02
1.510505005717277527e-02
1.502630114555358887e-02
1.496983692049980164e-02
1.531500183045864105e-02
1.477046962827444077e-02
1.534272357821464539e-02
1.497352961450815201e-02
1.311982236802577972e-02
1.479842327535152435e-02
1.497855409979820251e-02
1.534572802484035492e-02
1.523704174906015396e-02
1.488152425736188889e-02
1.481395307928323746e-02
1.508350763469934464e-02
1.489978469908237457e-02
1.481123827397823334e-02
1.515850424766540527e-02
1.497007999569177628e-02
1.501520536839962006e-02
1.477174367755651474e-02
1.437611039727926254e-02
1.542491652071475983e-02
1.543526723980903625e-02
1.494923233985900879e-02
1.515489257872104645e-02
1.560537796467542648e-02
1.395412720739841461e-02
1.417366508394479752e-02
1.534495875239372253e-02
1.526693440973758698e-02
1.403208728879690170e-02
1.510418020188808441e-02
1.517623756080865860e-02
1.518839318305253983e-02
1.554835401475429535e-02
1.515602227300405502e-02
1.528041716665029526e-02
1.535423193126916885e-02
1.501061301678419113e-02
1.486758794635534286e-02
1.542879268527030945e-02
1.517697330564260483e-02
1.527378242462873459e-02
1.508103683590888977e-02
1.527494471520185471e-02
1.414610724896192551e-02
1.544090826064348221e-02
1.527917943894863129e-02
1.513032242655754089e-02
1.471148151904344559e-02
1.495496369898319244e-02
1.471721567213535309e-02
1.544898841530084610e-02
1.491749845445156097e-02
1.503817830234766006e-02
1.511714141815900803e-02
1.513150706887245178e-02
1.545780897140502930e-02
1.517618820071220398e-02
1.481947861611843109e-02
1.544637884944677353e-02
1.545910909771919250e-02
1.554046664386987686e-02
1.528389379382133484e-02
1.518152561038732529e-02
1.539204642176628113e-02
1.502028666436672211e-02
1.506735943257808685e-02
1.052404567599296570e-02
1.544067636132240295e-02
1.497315708547830582e-02
1.315480191260576248e-02
1.547517720609903336e-02
1.521269045770168304e-02
1.518213748931884766e-02
1.505404151976108551e-02
1.426878850907087326e-02
1.491066161543130875e-02
1.493588648736476898e-02
1.500028371810913086e-02
1.495108287781476974e-02
1.506248675286769867e-02
1.537924353033304214e-02
1.479664444923400879e-02
1.551595050841569901e-02
1.497348863631486893e-02
1.518089137971401215e-02
1.496287807822227478e-02
1.560151576995849609e-02
1.537310983985662460e-02
1.485167723149061203e-02
1.496406458318233490e-02
1.487796381115913391e-02
1.563909091055393219e-02
6.724603474140167236e-03
1.464707311242818832e-02
1.531007885932922363e-02
1.492890436202287674e-02
1.498849783092737198e-02
1.475254260003566742e-02
1.525670569390058517e-02
1.538822054862976074e-02
1.549125555902719498e-02
1.368065271526575089e-02
1.512550748884677887e-02
1.517474744468927383e-02
1.533935032784938812e-02
1.444077771157026291e-02
1.500515919178724289e-02
1.490660943090915680e-02
1.515745744109153748e-02
1.488828938454389572e-02
1.530867815017700195e-02
1.501984894275665283e-02
1.527496613562107086e-02
1.522312965244054794e-02
1.534542534500360489e-02
1.528874598443508148e-02
1.499928813427686691e-02
1.515158172696828842e-02
1.513192988932132721e-02
1.516852714121341705e-02
1.528504211455583572e-02
1.506712939590215683e-02
1.499896310269832611e-02
1.523159537464380264e-02
1.530750188976526260e-02
1.490576658397912979e-02
1.499989069998264313e-02
1.511042192578315735e-02
1.515150070190429688e-02
1.506727840751409531e-02
1.507957372814416885e-02
1.519042160362005234e-02
1.541937980800867081e-02
1.511456165462732315e-02
1.520316395908594131e-02
1.532930135726928711e-02
1.532930415123701096e-02
1.489918306469917297e-02
1.540389005094766617e-02
1.515439525246620178e-02
1.458190474659204483e-02
1.504551246762275696e-02
1.504174433648586273e-02
1.512720063328742981e-02
1.519177202135324478e-02
1.525378506630659103e-02
1.274555642157793045e-02
1.552828494459390640e-02
1.545978151261806488e-02
1.535535696893930435e-02
1.507738791406154633e-02
1.536670606583356857e-02
1.458695530891418457e-02
1.513095851987600327e-02
1.509977970272302628e-02
1.533736381679773331e-02
1.518856082111597061e-02
1.544033642858266830e-02
1.627373322844505310e-02
1.502400077879428864e-02
1.497873943299055099e-02
1.497564371675252914e-02
1.522167120128870010e-02
1.508339866995811462e-02
1.520280819386243820e-02
1.502219121903181076e-02
1.541257183998823166e-02
1.522910967469215393e-02
1.488495152443647385e-02
1.498993393033742905e-02
1.524645090103149414e-02
1.534561254084110260e-02
1.542958710342645645e-02
1.525331661105155945e-02
1.520386897027492523e-02
1.443355623632669449e-02
1.506693754345178604e-02
1.500825956463813782e-02
1.495614368468523026e-02
1.486062444746494293e-02
1.537794712930917740e-02
1.519692875444889069e-02
1.527244783937931061e-02
1.531838253140449524e-02
1.510043349117040634e-02
1.510750688612461090e-02
1.557335909456014633e-02
1.506606861948966980e-02
1.510268449783325195e-02
1.527513191103935242e-02
1.516126189380884171e-02
1.533062662929296494e-02
1.508777774870395660e-02
1.543123926967382431e-02
1.530472375452518463e-02
1.522508542984724045e-02
1.505342777818441391e-02
1.494110468775033951e-02
1.505949255079030991e-02
1.519753411412239075e-02
1.510559115558862686e-02
1.462718937546014786e-02
1.535753253847360611e-02
1.628101430833339691e-02
1.439420972019433975e-02
1.535992231220006943e-02
1.499634142965078354e-02
1.492196880280971527e-02
1.492997352033853531e-02
1.510932482779026031e-02
1.530408859252929688e-02
1.473343372344970703e-02
1.522841770201921463e-02
1.546262111514806747e-02
1.531815901398658752e-02
1.505819801241159439e-02
1.521421689540147781e-02
1.510177459567785263e-02
1.518829073756933212e-02
1.491502206772565842e-02
1.536397729068994522e-02
1.520875375717878342e-02
1.499977707862854004e-02
1.459329482167959213e-02
1.530624367296695709e-02
1.520076766610145569e-02
1.535484194755554199e-02
1.475198660045862198e-02
1.589126698672771454e-02
1.506137754768133163e-02
1.501564588397741318e-02
1.512857992202043533e-02
1.508895400911569595e-02
1.535069383680820465e-02
1.516706869006156921e-02
1.497686747461557388e-02
1.569573394954204559e-02
1.527830678969621658e-02
1.577243395149707794e-02
1.506950054317712784e-02
1.514009758830070496e-02
1.346412301063537598e-02
1.519159879535436630e-02
1.166559755802154541e-02
1.541324239224195480e-02
1.462444756180047989e-02
1.535406429320573807e-02
1.535855885595083237e-02
7.661622948944568634e-03
1.223632041364908218e-02
1.479104440659284592e-02
1.517146546393632889e-02
1.501184701919555664e-02
1.537594478577375412e-02
1.395189203321933746e-02
1.517073251307010651e-02
1.499666366726160049e-02
1.550235506147146225e-02
1.511514559388160706e-02
1.537446770817041397e-02
1.540553662925958633e-02
1.559031102806329727e-02
1.521160267293453217e-02
1.535188592970371246e-02
1.528769172728061676e-02
1.482237223535776138e-02
1.520788110792636871e-02
1.173379458487033844e-02
1.503485813736915588e-02
1.580945961177349091e-02
1.511367503553628922e-02
1.553754135966300964e-02
1.523542031645774841e-02
1.462825015187263489e-02
1.556035596877336502e-02
1.512928213924169540e-02
1.505449041724205017e-02
1.529518049210309982e-02
1.499007549136877060e-02
1.499222591519355774e-02
1.538834813982248306e-02
1.515459083020687103e-02
1.446821913123130798e-02
1.510058436542749405e-02
1.525104325264692307e-02
1.543170306831598282e-02
1.473590731620788574e-02
1.527234073728322983e-02
1.237117685377597809e-02
1.458656787872314453e-02
1.499330159276723862e-02
1.517845038324594498e-02
1.528434548527002335e-02
1.509519293904304504e-02
1.552430912852287292e-02
1.496292650699615479e-02
1.496871933341026306e-02
1.544570364058017731e-02
1.534710917621850967e-02
1.536421757191419601e-02
1.524008437991142273e-02
1.477587223052978516e-02
1.517159864306449890e-02
1.469820737838745117e-02
1.514074578881263733e-02
1.486765500158071518e-02
1.540515758097171783e-02
1.497254893183708191e-02
1.514939870685338974e-02
1.494514103978872299e-02
1.547692995518445969e-02
1.483642961829900742e-02
1.529416162520647049e-02
1.485074404627084732e-02
1.495828386396169662e-02
1.479140203446149826e-02
1.529106497764587402e-02
1.514352858066558838e-02
1.483289618045091629e-02
1.535726431757211685e-02
1.481769047677516937e-02
1.488209608942270279e-02
1.496875006705522537e-02
1.537935063242912292e-02
1.520107127726078033e-02
1.465198118239641190e-02
1.540293358266353607e-02
1.598330028355121613e-02
1.464945916086435318e-02
1.475939434021711349e-02
1.502479519695043564e-02
1.517017465084791183e-02
1.538262981921434402e-02
1.494257245212793350e-02
1.482940092682838440e-02
1.521373353898525238e-02
1.451857108622789383e-02
1.504730526357889175e-02
9.174183942377567291e-03
1.539799012243747711e-02
1.483178138732910156e-02
1.503157336264848709e-02
1.515353564172983170e-02
1.523984409868717194e-02
1.518070138990879059e-02
1.517725642770528793e-02
1.526733394712209702e-02
1.497418247163295746e-02
1.475752517580986023e-02
1.478964183479547501e-02
1.533853728324174881e-02
1.452647801488637924e-02
1.502254605293273926e-02
1.511271204799413681e-02
1.472415681928396225e-02
1.536390464752912521e-02
1.513447798788547516e-02
1.557226572185754776e-02
1.465423498302698135e-02
1.531716622412204742e-02
1.515736337751150131e-02
1.600432023406028748e-02
1.514371857047080994e-02
1.493977382779121399e-02
1.482585072517395020e-02
1.537824235856533051e-02
1.539305225014686584e-02
1.518419105559587479e-02
1.543610729277133942e-02
1.456051785498857498e-02
1.533264201134443283e-02
1.526426151394844055e-02
1.482291147112846375e-02
1.516508962959051132e-02
1.513803843408823013e-02
1.498751714825630188e-02
1.250551268458366394e-02
1.557992305606603622e-02
1.533382292836904526e-02
1.504365168511867523e-02
1.528947055339813232e-02
1.515678409487009048e-02
1.474162098020315170e-02
1.503716316074132919e-02
1.566965132951736450e-02
1.468386594206094742e-02
1.515191514045000076e-02
1.493517402559518814e-02
1.503475103527307510e-02
1.536048576235771179e-02
1.374610420316457748e-02
1.484096609055995941e-02
1.519100088626146317e-02
1.512589771300554276e-02
1.547953113913536072e-02
1.509578246623277664e-02
1.514136791229248047e-02
1.550501491874456406e-02
1.502763573080301285e-02
1.514876447618007660e-02
1.534248236566781998e-02
1.523612160235643387e-02
1.486642565578222275e-02
1.487106736749410629e-02
1.461865101009607315e-02
1.517988834530115128e-02
1.476163230836391449e-02
1.489190384745597839e-02
1.534155569970607758e-02
1.520642638206481934e-02
1.501357182860374451e-02
1.535890623927116394e-02
1.509314775466918945e-02
1.507575158029794693e-02
7.052356377243995667e-03
1.487359497696161270e-02
1.477903127670288086e-02
1.518770772963762283e-02
1.561346370726823807e-02
1.454120595008134842e-02
1.525846961885690689e-02
1.498278975486755371e-02
1.500527840107679367e-02
1.332562882453203201e-02
1.559095457196235657e-02
1.508779451251029968e-02
1.526347361505031586e-02
1.520066894590854645e-02
1.519663352519273758e-02
1.520367618650197983e-02
1.537634059786796570e-02
1.531798765063285828e-02
1.483305916190147400e-02
1.491683349013328552e-02
1.536114607006311417e-02
1.543429214507341385e-02
1.513750012964010239e-02
1.552957855165004730e-02
1.564167626202106476e-02
1.483587548136711121e-02
1.489199977368116379e-02
1.526638865470886230e-02
1.545647997409105301e-02
1.502022426575422287e-02
1.507445890456438065e-02
1.493479870259761810e-02
1.508804596960544586e-02
1.941523328423500061e-02
1.463230606168508530e-02
1.503748819231987000e-02
1.485246047377586365e-02
1.502137538045644760e-02
1.543527841567993164e-02
1.542146503925323486e-02
1.533002220094203949e-02
1.524011883884668350e-02
1.513561327010393143e-02
1.503170747309923172e-02
1.498731877654790878e-02
1.567289046943187714e-02
1.481386460363864899e-02
1.500077918171882629e-02
1.543852034956216812e-02
1.531610172241926193e-02
1.292784884572029114e-02
1.516969595104455948e-02
1.517506036907434464e-02
1.499491371214389801e-02
1.535261888056993484e-02
1.514240447431802750e-02
1.514786388725042343e-02
1.511519029736518860e-02
1.485286932438611984e-02
1.492375694215297699e-02
1.510056573897600174e-02
1.492068264633417130e-02
1.481322012841701508e-02
1.523602381348609924e-02
1.527052838355302811e-02
1.519640162587165833e-02
1.501990295946598053e-02
1.535517536103725433e-02
1.504765078425407410e-02
1.508594211190938950e-02
1.477127149701118469e-02
1.516588963568210602e-02
1.478929165750741959e-02
1.546793337911367416e-02
1.497859135270118713e-02
1.545781455934047699e-02
1.491622999310493469e-02
1.521110814064741135e-02
1.491614338010549545e-02
1.492873113602399826e-02
1.519730966538190842e-02
1.517119910567998886e-02
1.509067695587873459e-02
1.517807319760322571e-02
1.032229047268629074e-02
1.514866948127746582e-02
1.520126778632402420e-02
1.462286151945590973e-02
1.500224508345127106e-02
1.473650243133306503e-02
1.540804002434015274e-02
1.504049263894557953e-02
1.543442904949188232e-02
1.494964398443698883e-02
1.362748537212610245e-02
1.518861018121242523e-02
1.522278785705566406e-02
1.486523542553186417e-02
1.526228431612253189e-02
1.521165296435356140e-02
1.545218750834465027e-02
1.505341473966836929e-02
1.546854060143232346e-02
1.503058150410652161e-02
1.528734806925058365e-02
1.569343730807304382e-02
1.498148404061794281e-02
1.496571395546197891e-02
1.498152222484350204e-02
1.536714378744363785e-02
1.546245254576206207e-02
1.502216421067714691e-02
1.505262870341539383e-02
1.499429065734148026e-02
1.510416809469461441e-02
1.505555864423513412e-02
1.527335122227668762e-02
1.475626137107610703e-02
1.514570508152246475e-02
1.509451773017644882e-02
1.534050703048706055e-02
1.479050144553184509e-02
1.464159134775400162e-02
1.522028166800737381e-02
1.497124042361974716e-02
1.488258037716150284e-02
1.505092438310384750e-02
1.548739150166511536e-02
1.516359765082597733e-02
1.508492510765790939e-02
1.521350070834159851e-02
1.526873745024204254e-02
1.524814683943986893e-02
1.481942459940910339e-02
1.531294547021389008e-02
1.497274544090032578e-02
1.507733389735221863e-02
1.497527025640010834e-02
1.510585471987724304e-02
1.512671448290348053e-02
1.508532091975212097e-02
1.494468469172716141e-02
1.508109364658594131e-02
1.536007132381200790e-02
1.519691105931997299e-02
1.504583284258842468e-02
1.524508278816938400e-02
1.514599006623029709e-02
1.516748033463954926e-02
1.415752153843641281e-02
1.523642335087060928e-02
1.504207029938697815e-02
1.550662238150835037e-02
1.510115340352058411e-02
1.551084127277135849e-02
1.491422671824693680e-02
1.529010199010372162e-02
1.859471015632152557e-02
1.543001458048820496e-02
1.472671702504158020e-02
1.536515075713396072e-02
1.513118948787450790e-02
1.566956005990505219e-02
1.471097860485315323e-02
1.499363407492637634e-02
1.532368641346693039e-02
1.516320463269948959e-02
1.507920026779174805e-02
1.537640113383531570e-02
1.541379373520612717e-02
1.585607416927814484e-02
1.520363893359899521e-02
1.546333823353052139e-02
1.522013545036315918e-02
1.515493355691432953e-02
1.532521285116672516e-02
1.521230675280094147e-02
1.536788605153560638e-02
1.505439355969429016e-02
1.511926017701625824e-02
1.551336050033569336e-02
1.522473338991403580e-02
1.508918777108192444e-02
1.521452981978654861e-02
1.547502819448709488e-02
1.522456482052803040e-02
1.521432120352983475e-02
1.506802439689636230e-02
1.493870094418525696e-02
1.490843016654253006e-02
1.537356898188591003e-02
1.534353848546743393e-02
1.526905223727226257e-02
1.520705316215753555e-02
1.469928026199340820e-02
1.510825846344232559e-02
1.517328992486000061e-02
1.536870282143354416e-02
1.566514559090137482e-02
1.500889658927917480e-02
1.507927384227514267e-02
1.552659366279840469e-02
1.503791287541389465e-02
1.592616923153400421e-02
1.544316112995147705e-02
1.520040351897478104e-02
1.537195406854152679e-02
1.517948508262634277e-02
1.531437877565622330e-02
1.556742750108242035e-02
6.833903957158327103e-03
1.500164810568094254e-02
1.442350819706916809e-02
1.538129523396492004e-02
1.511840801686048508e-02
1.466974336653947830e-02
1.513151451945304871e-02
1.501494366675615311e-02
1.490483805537223816e-02
1.509214099496603012e-02
1.504551153630018234e-02
1.484229322522878647e-02
1.472620293498039246e-02
1.554184872657060623e-02
1.498888712376356125e-02
1.504233200103044510e-02
1.514274999499320984e-02
1.489162445068359375e-02
1.525870244950056076e-02
1.450655236840248108e-02
1.530832331627607346e-02
1.525585353374481201e-02
1.509040314704179764e-02
1.478047668933868408e-02
1.514703873544931412e-02
1.516638323664665222e-02
1.278717815876007080e-02
1.485100388526916504e-02
9.183614514768123627e-03
1.315248012542724609e-02
1.557443663477897644e-02
1.496418751776218414e-02
1.501856371760368347e-02
1.519758068025112152e-02
1.505270041525363922e-02
1.485235989093780518e-02
1.510089263319969177e-02
1.512138918042182922e-02
1.495643798261880875e-02
1.518928911536931992e-02
1.500555593520402908e-02
1.565563865005970001e-02
1.457448210567235947e-02
1.541119907051324844e-02
1.515254098922014236e-02
1.493299566209316254e-02
1.550667081028223038e-02
1.511535886675119400e-02
1.513610407710075378e-02
1.539777778089046478e-02
1.477815862745046616e-02
1.516556181013584137e-02
1.518089696764945984e-02
1.524880807846784592e-02
1.510192733258008957e-02
1.501390617340803146e-02
1.499540824443101883e-02
1.491113565862178802e-02
1.515609864145517349e-02
1.516666356474161148e-02
1.552344765514135361e-02
1.505028363317251205e-02
1.514266803860664368e-02
1.558208465576171875e-02
1.478619221597909927e-02
1.512858923524618149e-02
1.244915090501308441e-02
1.517593022435903549e-02
1.516866125166416168e-02
1.531768124550580978e-02
1.651501096785068512e-02
1.495847199112176895e-02
1.510953810065984726e-02
1.508306339383125305e-02
1.520472485572099686e-02
1.362995430827140808e-02
1.505049224942922592e-02
1.528550311923027039e-02
1.505877915769815445e-02
1.501576229929924011e-02
1.490866020321846008e-02
1.513088308274745941e-02
1.537746470421552658e-02
1.489759609103202820e-02
1.502039935439825058e-02
1.485644374042749405e-02
1.487137004733085632e-02
1.527701690793037415e-02
1.508032158017158508e-02
1.504630967974662781e-02
1.536523457616567612e-02
1.537215709686279297e-02
1.496739313006401062e-02
1.504159253090620041e-02
1.513895671814680099e-02
1.532830949872732162e-02
1.544480398297309875e-02
1.517230272293090820e-02
1.473571639508008957e-02
1.550024189054965973e-02
1.521556731313467026e-02
1.540439482778310776e-02
1.501449942588806152e-02
1.481773518025875092e-02
1.502704340964555740e-02
1.529011409729719162e-02
1.513947267085313797e-02
1.527295075356960297e-02
1.487065758556127548e-02
1.492094993591308594e-02
1.496959570795297623e-02
1.531272009015083313e-02
1.497431658208370209e-02
1.449539698660373688e-02
1.535627152770757675e-02
1.499633863568305969e-02
1.509546022862195969e-02
1.508564036339521408e-02
1.498713716864585876e-02
1.521523669362068176e-02
1.490429881960153580e-02
1.531058270484209061e-02
1.431686617434024811e-02
1.504037622362375259e-02
1.486025378108024597e-02
1.517240982502698898e-02
1.505976635962724686e-02
1.538560073822736740e-02
1.527004595845937729e-02
1.497573219239711761e-02
1.494472566992044449e-02
1.523831486701965332e-02
1.529626920819282532e-02
1.492547150701284409e-02
1.527549698948860168e-02
1.514256931841373444e-02
1.520072016865015030e-02
1.516539417207241058e-02
1.542160753160715103e-02
1.516730710864067078e-02
1.505145709961652756e-02
1.512590609490871429e-02
1.518594380468130112e-02
1.498866919428110123e-02
1.514453906565904617e-02
1.558057311922311783e-02
1.516813319176435471e-02
1.584650389850139618e-02
1.482970360666513443e-02
1.503485068678855896e-02
1.497533079236745834e-02
1.491161622107028961e-02
1.500442344695329666e-02
1.546430680900812149e-02
1.482740044593811035e-02
1.039914507418870926e-02
1.481824554502964020e-02
1.531808916479349136e-02
1.489217672497034073e-02
1.494689937680959702e-02
1.510526333004236221e-02
1.498403586447238922e-02
1.550785917788743973e-02
1.508113183081150055e-02
1.496060099452733994e-02
1.525066886097192764e-02
1.508946809917688370e-02
1.536174770444631577e-02
1.516895834356546402e-02
1.529495418071746826e-02
1.473751571029424667e-02
1.499411091208457947e-02
1.500099897384643555e-02
1.508988067507743835e-02
1.486895326524972916e-02
9.476628154516220093e-03
1.478492096066474915e-02
1.507455203682184219e-02
1.530735101550817490e-02
1.528613269329071045e-02
1.481025293469429016e-02
1.488034706562757492e-02
1.482442580163478851e-02
1.541896257549524307e-02
1.520215068012475967e-02
1.541959866881370544e-02
1.701943017542362213e-02
1.513999141752719879e-02
1.516913529485464096e-02
1.527991797775030136e-02
1.537926495075225830e-02
1.490002218633890152e-02
1.495051942765712738e-02
1.597283966839313507e-02
1.481137517839670181e-02
1.507642306387424469e-02
1.549465674906969070e-02
1.532827038317918777e-02
1.536596938967704773e-02
1.533777359873056412e-02
1.533848326653242111e-02
1.530845370143651962e-02
1.506200060248374939e-02
1.524620037525892258e-02
1.502016186714172363e-02
1.526431087404489517e-02
1.536723133176565170e-02
1.546623650938272476e-02
1.416485849767923355e-02
1.522951945662498474e-02
1.442635897547006607e-02
1.497356221079826355e-02
1.551252976059913635e-02
1.479052007198333740e-02
1.487078610807657242e-02
1.507285609841346741e-02
1.478719431906938553e-02
1.488551218062639236e-02
1.538801845163106918e-02
1.607918180525302887e-02
1.540163531899452209e-02
1.519955415278673172e-02
1.526180561631917953e-02
1.521448511630296707e-02
1.498484052717685699e-02
1.540739927440881729e-02
1.502175349742174149e-02
1.519413664937019348e-02
1.516554038971662521e-02
1.566365361213684082e-02
1.546900067478418350e-02
1.130633708089590073e-02
1.488151308149099350e-02
1.453303452581167221e-02
1.511572208255529404e-02
1.565593667328357697e-02
1.470634620636701584e-02
1.511116232722997665e-02
1.542972121387720108e-02
1.513981539756059647e-02
1.471213344484567642e-02
1.486586686223745346e-02
1.533025223761796951e-02
1.498523633927106857e-02
1.487618684768676758e-02
1.498720701783895493e-02
1.484288927167654037e-02
1.540385838598012924e-02
1.525803562253713608e-02
1.514452137053012848e-02
1.544173434376716614e-02
1.513226982206106186e-02
1.475132629275321960e-02
1.477041840553283691e-02
1.502145268023014069e-02
1.493416726589202881e-02
1.502892374992370605e-02
1.500646118074655533e-02
1.544714625924825668e-02
1.498364843428134918e-02
1.486656442284584045e-02
1.516683492809534073e-02
1.495803240686655045e-02
1.509343460202217102e-02
7.446157746016979218e-03
1.499798055738210678e-02
1.536979433149099350e-02
1.547963544726371765e-02
1.522770803421735764e-02
1.515865698456764221e-02
1.510508451610803604e-02
1.514031924307346344e-02
1.548266969621181488e-02
1.571313850581645966e-02
1.558046136051416397e-02
1.463995967060327530e-02
1.524557266384363174e-02
1.533623877912759781e-02
1.569113135337829590e-02
1.508545968681573868e-02
1.585626415908336639e-02
1.599258184432983398e-02
1.536926068365573883e-02
1.528924703598022461e-02
1.494977250695228577e-02
1.388914324343204498e-02
1.473153755068778992e-02
1.542242709547281265e-02
1.550252456218004227e-02
1.491413079202175140e-02
1.522499602288007736e-02
1.422621216624975204e-02
1.515132468193769455e-02
1.513626892119646072e-02
1.513851247727870941e-02
1.509188115596771240e-02
1.525322254747152328e-02
1.560070551931858063e-02
1.550100371241569519e-02
1.503944396972656250e-02
1.502109225839376450e-02
1.481014490127563477e-02
1.464433129876852036e-02
1.514101307839155197e-02
1.541508082300424576e-02
1.473275665193796158e-02
1.541856862604618073e-02
1.509432122111320496e-02
1.535447593778371811e-02
1.549713686108589172e-02
1.497417688369750977e-02
1.435654517263174057e-02
1.546005997806787491e-02
1.495450641959905624e-02
1.281344052404165268e-02
1.561572216451168060e-02
1.514563802629709244e-02
1.436105929315090179e-02
1.530663575977087021e-02
1.539125759154558182e-02
1.555181946605443954e-02
1.507375016808509827e-02
1.511752884835004807e-02
1.465376652777194977e-02
1.514504943042993546e-02
1.529390737414360046e-02
1.504878140985965729e-02
1.524197217077016830e-02
1.536317449063062668e-02
1.516394037753343582e-02
1.520080305635929108e-02
1.500163879245519638e-02
1.564543507993221283e-02
1.540265418589115143e-02
1.434439979493618011e-02
1.497790589928627014e-02
1.547149661928415298e-02
1.511534117162227631e-02
1.535692904144525528e-02
1.515209116041660309e-02
1.520059071481227875e-02
1.523955445736646652e-02
1.527867931872606277e-02
1.532015576958656311e-02
1.528693642467260361e-02
1.545196771621704102e-02
1.513421535491943359e-02
1.546110585331916809e-02
1.511234883219003677e-02
1.509943325072526932e-02
1.552564464509487152e-02
1.474597118794918060e-02
1.507459953427314758e-02
1.519830804318189621e-02
1.481015048921108246e-02
1.495483424514532089e-02
1.522547286003828049e-02
1.540587469935417175e-02
1.547447498887777328e-02
1.460640784353017807e-02
1.496974565088748932e-02
1.500599086284637451e-02
1.493552885949611664e-02
1.529013738036155701e-02
1.511222962290048599e-02
1.530070509761571884e-02
1.519344095140695572e-02
1.508541963994503021e-02
1.510261930525302887e-02
1.512437406927347183e-02
1.539992354810237885e-02
1.490379963070154190e-02
1.538664102554321289e-02
1.537112798541784286e-02
1.493708137422800064e-02
1.519881468266248703e-02
1.518099941313266754e-02
1.489041745662689209e-02
1.517968531697988510e-02
1.532043423503637314e-02
1.486477535218000412e-02
1.516649220138788223e-02
1.503433287143707275e-02
1.557097956538200378e-02
1.555856410413980484e-02
1.481984462589025497e-02
1.515452936291694641e-02
1.505040284246206284e-02
1.514391973614692688e-02
1.521586813032627106e-02
1.496343407779932022e-02
1.488805375993251801e-02
1.304123643785715103e-02
1.503878738731145859e-02
1.491042692214250565e-02
1.508642826229333878e-02
1.540288049727678299e-02
1.525119505822658539e-02
1.564585976302623749e-02
1.538808271288871765e-02
1.505467016249895096e-02
1.508095022290945053e-02
1.515370327979326248e-02
1.497926749289035797e-02
1.412221137434244156e-02
1.553819421678781509e-02
1.517645362764596939e-02
1.513402536511421204e-02
1.513289287686347961e-02
1.476867124438285828e-02
7.966042496263980865e-03
1.534774340689182281e-02
1.465123333036899567e-02
1.509263552725315094e-02
1.490544434636831284e-02
1.461660489439964294e-02
1.487750746309757233e-02
1.503697875887155533e-02
1.506954710930585861e-02
1.537998579442501068e-02
1.508060097694396973e-02
1.504259742796421051e-02
1.452241744846105576e-02
1.518444996327161789e-02
1.462294254451990128e-02
1.317808590829372406e-02
1.479628682136535645e-02
1.521644089370965958e-02
1.547597721219062805e-02
1.568935997784137726e-02
1.475095190107822418e-02
1.559790596365928650e-02
1.564056240022182465e-02
1.450014952570199966e-02
1.537406165152788162e-02
1.502900198101997375e-02
1.500887051224708557e-02
1.514935772866010666e-02
9.692277759313583374e-03
1.519390847533941269e-02
1.492243167012929916e-02
1.524133607745170593e-02
1.486802939325571060e-02
1.573728956282138824e-02
1.518676523119211197e-02
1.537728868424892426e-02
1.505807321518659592e-02
1.555390749126672745e-02
1.549925468862056732e-02
1.540753524750471115e-02
1.504038926213979721e-02
1.537607517093420029e-02
1.312066521495580673e-02
1.515685953199863434e-02
1.525493804365396500e-02
1.483670994639396667e-02
1.518759131431579590e-02
1.520449854433536530e-02
1.508461311459541321e-02
1.531585771590471268e-02
1.524999458342790604e-02
1.558283902704715729e-02
1.490778289735317230e-02
1.506976876407861710e-02
1.314410846680402756e-02
1.502591650933027267e-02
1.498617324978113174e-02
1.538818515837192535e-02
1.497212145477533340e-02
1.525888405740261078e-02
1.519285049289464951e-02
1.473237201571464539e-02
1.497991476207971573e-02
1.486193295568227768e-02
1.469707768410444260e-02
1.501107774674892426e-02
1.523543614894151688e-02
1.510838232934474945e-02
1.486047171056270599e-02
1.527204457670450211e-02
1.501417253166437149e-02
1.524937525391578674e-02
1.526337582617998123e-02
1.498444005846977234e-02
1.515857502818107605e-02
1.454800367355346680e-02
1.511141937226057053e-02
1.511577982455492020e-02
1.520918402820825577e-02
1.468050386756658554e-02
1.511594001203775406e-02
1.516459975391626358e-02
1.500806771218776703e-02
1.503971498459577560e-02
1.516011264175176620e-02
1.500980462878942490e-02
1.539850514382123947e-02
1.503797993063926697e-02
1.502781733870506287e-02
1.509381923824548721e-02
1.501764263957738876e-02
1.428812742233276367e-02
1.331275980919599533e-02
1.498030778020620346e-02
1.467695552855730057e-02
1.456879079341888428e-02
1.520477887243032455e-02
1.494842674583196640e-02
1.410086732357740402e-02
1.570314355194568634e-02
1.541372854262590408e-02
1.380099449306726456e-02
1.516841445118188858e-02
1.512218080461025238e-02
1.525486167520284653e-02
1.516720931977033615e-02
1.469682529568672180e-02
1.517510414123535156e-02
1.442383881658315659e-02
1.512191258370876312e-02
1.471859589219093323e-02
1.512856129556894302e-02
1.523158513009548187e-02
1.551499404013156891e-02
1.545984484255313873e-02
1.556387823075056076e-02
1.459051761776208878e-02
1.528662350028753281e-02
1.527974288910627365e-02
1.231157500296831131e-02
1.505562383681535721e-02
1.521782577037811279e-02
1.514611858874559402e-02
1.145292911678552628e-02
1.484863832592964172e-02
1.478753052651882172e-02
1.527307275682687759e-02
1.487554050981998444e-02
1.537249051034450531e-02
1.519098598510026932e-02
1.495809573680162430e-02
1.496017631143331528e-02
1.511810068041086197e-02
1.511737145483493805e-02
1.504524145275354385e-02
1.486209966242313385e-02
1.529764570295810699e-02
1.567579060792922974e-02
1.502674538642168045e-02
1.176848728209733963e-02
7.657870650291442871e-03
1.517826039344072342e-02
1.497991383075714111e-02
1.511760149151086807e-02
1.522174477577209473e-02
1.529437582939863205e-02
1.550554577261209488e-02
1.466919574886560440e-02
1.503142714500427246e-02
1.470573898404836655e-02
1.497306488454341888e-02
1.507070753723382950e-02
1.492450200021266937e-02
1.539759896695613861e-02
1.495420280843973160e-02
1.529259607195854187e-02
1.543025113642215729e-02
1.509132422506809235e-02
1.464510802179574966e-02
1.509254891425371170e-02
1.524352468550205231e-02
1.526691019535064697e-02
1.511387806385755539e-02
1.499720476567745209e-02
1.494490820914506912e-02
1.519162952899932861e-02
1.510573923587799072e-02
1.531553547829389572e-02
1.549546048045158386e-02
1.436742860823869705e-02
1.509149931371212006e-02
1.504524704068899155e-02
1.531981863081455231e-02
1.548107340931892395e-02
1.485358458012342453e-02
1.539391372352838516e-02
1.530122384428977966e-02
1.531252544373273849e-02
1.401626132428646088e-02
1.506191398948431015e-02
1.469888444989919662e-02
1.528077758848667145e-02
1.505412254482507706e-02
1.517065521329641342e-02
1.525290217250585556e-02
1.480893697589635849e-02
1.482514105737209320e-02
1.572343334555625916e-02
1.509499922394752502e-02
1.104748621582984924e-02
1.523084659129381180e-02
1.528310682624578476e-02
1.494267303496599197e-02
1.482729520648717880e-02
1.552646793425083160e-02
1.501163002103567123e-02
1.559521257877349854e-02
1.488063018769025803e-02
1.540392637252807617e-02
1.519469544291496277e-02
1.537188049405813217e-02
1.544906571507453918e-02
1.479104999452829361e-02
1.388033945113420486e-02
1.519225910305976868e-02
1.489386521279811859e-02
1.538690552115440369e-02
1.476173754781484604e-02
1.514098607003688812e-02
1.502671279013156891e-02
1.563725061714649200e-02
1.499658916145563126e-02
1.515851635485887527e-02
1.500825956463813782e-02
1.537021715193986893e-02
1.507214270532131195e-02
1.520215626806020737e-02
1.512933056801557541e-02
1.586222834885120392e-02
1.529614999890327454e-02
1.546849869191646576e-02
1.499947905540466309e-02
1.489605288952589035e-02
1.531936600804328918e-02
1.558437664061784744e-02
1.511837448924779892e-02
1.552337314933538437e-02
1.472121477127075195e-02
1.512982044368982315e-02
1.501010358333587646e-02
1.496769860386848450e-02
1.497416850179433823e-02
1.528633199632167816e-02
1.483098510652780533e-02
1.549117919057607651e-02
1.519650220870971680e-02
1.494181156158447266e-02
1.506653986871242523e-02
1.520141027867794037e-02
1.504366379231214523e-02
1.540312077850103378e-02
1.522931735962629318e-02
1.483558025211095810e-02
1.542609930038452148e-02
1.528582256287336349e-02
1.503078266978263855e-02
1.517904456704854965e-02
1.527462899684906006e-02
1.502697542309761047e-02
1.556676626205444336e-02
1.383553538471460342e-02
1.474498212337493896e-02
1.524846162647008896e-02
1.480801403522491455e-02
1.440730970352888107e-02
1.865194365382194519e-02
1.467533502727746964e-02
1.532566454261541367e-02
1.483066007494926453e-02
1.523728761821985245e-02
1.540840603411197662e-02
1.466363109648227692e-02
1.517932210117578506e-02
1.515648700296878815e-02
1.523198187351226807e-02
1.540417037904262543e-02
1.497991103678941727e-02
1.545547507703304291e-02
1.515466626733541489e-02
1.560075022280216217e-02
1.125939190387725830e-02
1.514316443353891373e-02
1.577264256775379181e-02
1.516063790768384933e-02
1.557085756212472916e-02
1.527529116719961166e-02
1.511632278561592102e-02
1.552800741046667099e-02
1.537142787128686905e-02
1.533485110849142075e-02
1.470815856009721756e-02
1.525701675564050674e-02
1.538155321031808853e-02
1.545535959303379059e-02
1.467484235763549805e-02
1.512725278735160828e-02
1.530442852526903152e-02
1.560986414551734924e-02
1.497355103492736816e-02
1.528638601303100586e-02
1.533453073352575302e-02
1.458884682506322861e-02
1.548184175044298172e-02
1.535302121192216873e-02
1.531133428215980530e-02
1.506946608424186707e-02
1.516800560057163239e-02
1.520946621894836426e-02
1.491720322519540787e-02
1.538011990487575531e-02
1.543971523642539978e-02
1.522204000502824783e-02
1.525789871811866760e-02
1.465392950922250748e-02
1.533225551247596741e-02
1.332761999219655991e-02
1.135219726711511612e-02
1.499710325151681900e-02
1.522245723754167557e-02
1.546793058514595032e-02
1.565384306013584137e-02
1.548051554709672928e-02
1.498891506344079971e-02
1.507410965859889984e-02
1.513985358178615570e-02
1.482823397964239120e-02
1.517381612211465836e-02
1.865778863430023193e-02
1.526283100247383118e-02
1.501310523599386215e-02
1.505051646381616592e-02
1.486271899193525314e-02
1.592255197465419769e-02
1.541490480303764343e-02
1.513488870114088058e-02
1.497764047235250473e-02
1.519472245126962662e-02
1.531191542744636536e-02
1.493304129689931870e-02
1.482436340302228928e-02
1.507019717246294022e-02
1.531666610389947891e-02
1.499803084880113602e-02
1.506515685468912125e-02
1.556892786175012589e-02
1.493067108094692230e-02
1.502212602645158768e-02
1.523827388882637024e-02
1.550824847072362900e-02
1.518023665994405746e-02
1.455272641032934189e-02
1.476295851171016693e-02
1.572259142994880676e-02
1.521032396703958511e-02
1.520571392029523849e-02
1.529338955879211426e-02
1.515226718038320541e-02
1.536622922867536545e-02
1.519801933318376541e-02
1.525287702679634094e-02
1.540195289999246597e-02
1.545912865549325943e-02
1.501901820302009583e-02
1.486093644052743912e-02
1.523069757968187332e-02
1.469023432582616806e-02
1.204672176390886307e-02
1.509159896522760391e-02
1.534792501479387283e-02
1.525151170790195465e-02
1.517145615071058273e-02
1.548134163022041321e-02
1.346421241760253906e-02
1.554801501333713531e-02
1.493775565177202225e-02
1.537166163325309753e-02
1.531321927905082703e-02
1.526381447911262512e-02
1.562305726110935211e-02
1.481566485017538071e-02
1.512713823467493057e-02
1.501980796456336975e-02
1.498081348836421967e-02
1.566170528531074524e-02
1.507429126650094986e-02
1.543713547289371490e-02
1.520463172346353531e-02
1.554061844944953918e-02
1.421159226447343826e-02
1.516762655228376389e-02
1.516244933009147644e-02
1.480572577565908432e-02
1.501350756734609604e-02
1.517215650528669357e-02
1.502834632992744446e-02
1.502557750791311264e-02
1.499850954860448837e-02
1.520693209022283554e-02
1.540902256965637207e-02
1.562122069299221039e-02
1.511506456881761551e-02
1.499007735401391983e-02
1.538936235010623932e-02
1.513342186808586121e-02
1.538236159831285477e-02
1.517828181385993958e-02
1.512788143008947372e-02
1.508386712521314621e-02
1.497443113476037979e-02
1.509358361363410950e-02
1.519314106553792953e-02
1.478567160665988922e-02
1.501369755715131760e-02
1.500031072646379471e-02
1.512912474572658539e-02
1.479586679488420486e-02
1.518967095762491226e-02
1.386923529207706451e-02
1.503253355622291565e-02
1.537319645285606384e-02
1.523009873926639557e-02
1.531936135143041611e-02
1.522242464125156403e-02
1.495799142867326736e-02
1.528129633516073227e-02
1.487036887556314468e-02
1.533491536974906921e-02
1.560121215879917145e-02
1.534568704664707184e-02
1.539411488920450211e-02
1.507399044930934906e-02
1.541526708751916885e-02
1.517997588962316513e-02
1.327527966350317001e-02
1.525869313627481461e-02
1.467027887701988220e-02
1.391531899571418762e-02
1.521478500217199326e-02
1.516904216259717941e-02
1.504301186650991440e-02
1.487978734076023102e-02
1.564893312752246857e-02
1.439498458057641983e-02
1.499358937144279480e-02
1.489564683288335800e-02
1.481399592012166977e-02
1.520679239183664322e-02
1.512205880135297775e-02
1.493039727210998535e-02
1.516105886548757553e-02
1.549600437283515930e-02
1.528854761272668839e-02
1.540335174649953842e-02
1.514262519776821136e-02
1.477216836065053940e-02
1.541782356798648834e-02
1.534677669405937195e-02
1.532758679240942001e-02
1.530645135790109634e-02
1.527827139943838120e-02
1.516611780971288681e-02
1.514223497360944748e-02
1.536015514284372330e-02
1.515911798924207687e-02
1.530194934457540512e-02
1.533661503344774246e-02
1.505347993224859238e-02
1.548585016280412674e-02
1.535561960190534592e-02
1.558137498795986176e-02
1.487994100898504257e-02
1.489873789250850677e-02
1.495537720620632172e-02
1.489946525543928146e-02
1.508211530745029449e-02
1.560472324490547180e-02
1.531571708619594574e-02
1.513956487178802490e-02
1.539270952343940735e-02
1.551394816488027573e-02
1.550018787384033203e-02
1.507875043898820877e-02
1.516319904476404190e-02
1.527784392237663269e-02
1.499785576015710831e-02
1.542473770678043365e-02
1.489838119596242905e-02
1.499941665679216385e-02
1.526440028101205826e-02
1.519117597490549088e-02
1.503300014883279800e-02
1.534819509834051132e-02
1.533994637429714203e-02
1.498265843838453293e-02
1.553476136177778244e-02
1.499357819557189941e-02
1.488934829831123352e-02
1.425423659384250641e-02
1.487301662564277649e-02
1.554180588573217392e-02
1.510264538228511810e-02
1.546781323850154877e-02
1.496605668216943741e-02
1.522198971360921860e-02
1.524466834962368011e-02
1.541920099407434464e-02
1.539659500122070312e-02
1.546590588986873627e-02
1.478737313300371170e-02
1.536417007446289062e-02
1.554549578577280045e-02
1.481285691261291504e-02
1.509539783000946045e-02
1.561066601425409317e-02
1.499585434794425964e-02
1.520036254078149796e-02
1.488889846950769424e-02
1.487301848828792572e-02
1.492600515484809875e-02
1.519069913774728775e-02
1.501673739403486252e-02
1.504569128155708313e-02
1.543802022933959961e-02
1.509565114974975586e-02
1.523415371775627136e-02
1.525404769927263260e-02
1.639785245060920715e-02
1.518217660486698151e-02
1.510241720825433731e-02
1.507439650595188141e-02
1.444758567959070206e-02
1.505937054753303528e-02
1.558285579085350037e-02
1.534825284034013748e-02
1.593943685293197632e-02
1.516938768327236176e-02
1.550036668777465820e-02
1.549225766211748123e-02
1.564950868487358093e-02
1.432031113654375076e-02
1.517253555357456207e-02
1.505291368812322617e-02
1.460666302591562271e-02
1.525149028748273849e-02
1.400431711226701736e-02
1.514163613319396973e-02
1.488786935806274414e-02
1.505542360246181488e-02
1.508266944438219070e-02
1.521725114434957504e-02
1.483290549367666245e-02
1.514988020062446594e-02
1.524630282074213028e-02
1.516646426171064377e-02
1.519788801670074463e-02
1.507696229964494705e-02
1.548525411635637283e-02
1.496629323810338974e-02
1.656501740217208862e-02
1.520174089819192886e-02
1.501171384006738663e-02
1.541147194802761078e-02
1.509432867169380188e-02
1.519781071692705154e-02
1.386027410626411438e-02
1.517172250896692276e-02
1.535758376121520996e-02
1.613745838403701782e-02
1.556045375764369965e-02
1.523414906114339828e-02
1.497704908251762390e-02
1.544432435184717178e-02
1.427738461643457413e-02
1.540239155292510986e-02
1.522265281528234482e-02
1.535462401807308197e-02
1.542106550186872482e-02
1.440187916159629822e-02
1.335750240832567215e-02
1.514979358762502670e-02
1.494215149432420731e-02
1.523261889815330505e-02
1.522656995803117752e-02
1.510590966790914536e-02
1.527072861790657043e-02
1.482790615409612656e-02
1.505767647176980972e-02
1.502005849033594131e-02
1.503810565918684006e-02
1.547632738947868347e-02
1.462952233850955963e-02
1.523011270910501480e-02
1.574007049202919006e-02
1.477053761482238770e-02
1.541985478252172470e-02
1.540323253720998764e-02
1.515762507915496826e-02
1.516649127006530762e-02
1.514929253607988358e-02
1.496526598930358887e-02
1.329868752509355545e-02
1.492983661592006683e-02
1.542716659605503082e-02
1.545513514429330826e-02
